PuzzleId,FEN,Moves,Rating,RatingDeviation,Popularity,NbPlays,Themes,GameUrl,OpeningTags
00QyM,8/3k4/1pp3p1/4Pp1p/2PK1P1P/pP6/P7/8 b - - 1 35,d7e6 b3b4 e6e7 b4b5 c6b5 c4b5,2179,76,93,487,crushing endgame long pawnEndgame quietMove zugzwang,https://lichess.org/DcRRuwOx/black#70,
00WoW,8/4kppR/r1p1p2p/p3P2P/4P1P1/1pP1KP2/6B1/8 w - - 0 29,e3d2 a5a4 g2f1 a4a3 f1a6 a3a2,2198,76,91,1233,advancedPawn advantage endgame long master quietMove sacrifice,https://lichess.org/cuQl3aZ8#57,
00aZ3,8/6k1/1n6/1K2p1p1/P5P1/1B3r2/1PP5/8 b - - 1 36,b6d5 b3d5 f3f4 a4a5 e5e4 a5a6 e4e3 a6a7,2104,78,88,727,advancedPawn crushing endgame hangingPiece quietMove veryLong,https://lichess.org/0yMvFk5C/black#72,
00iQC,1k1r1b1r/4q3/QBpp4/4p3/4P2p/5p2/P5PP/4R1K1 b - - 0 28,d8d7 e1b1 d7b7 b6a7 b8c8 a6c6 e7c7 c6e8,2130,78,92,1119,crushing discoveredAttack exposedKing middlegame queensideAttack quietMove veryLong,https://lichess.org/Yg1J59NW/black#56,
01JJc,4k3/4P3/2p1KP2/2N5/7r/8/p7/8 b - - 4 42,h4h6 c5e4 c6c5 e4d6,2126,89,57,93,endgame mate mateIn2 quietMove short,https://lichess.org/beTqPTep/black#84,
01OkZ,8/p7/8/2p3P1/3k1N1P/6K1/8/3b4 b - - 4 42,a7a5 h4h5 d4e5 h5h6 d1c2 g3g4 c2f5 g4h5 e5f4 g5g6,2153,114,81,40,crushing defensiveMove endgame master masterVsMaster quietMove sacrifice veryLong,https://lichess.org/7YyhD0TT/black#84,
01hYA,8/r1P4p/3K2p1/3p1p2/pP5P/Rbk1P1P1/8/8 b - - 0 51,a7a8 b4b5 c3b4 b5b6,2187,76,85,81,crushing endgame master quietMove short,https://lichess.org/LLQAp4HH/black#102,
02lqK,6rr/pp2kp2/2pp4/4nK2/2P1PN2/4B3/PP3P1p/3R3R w - - 3 30,e3d4 f7f6 f4g6 g8g6 d4e5 g6g5,2176,75,89,574,crushing long middlegame quietMove,https://lichess.org/ylghV5mG#59,
03Csy,6rk/1R2Q3/2p4p/5Pp1/3qp1P1/4n2K/2P5/8 b - - 5 36,g8g7 e7f8 h8h7 b7b8 e3f5 f8f5,2174,97,66,32,crushing endgame long quietMove,https://lichess.org/mczFO2YR/black#72,
03WsY,8/8/6p1/p2p4/2k4P/8/PP1K4/8 w - - 0 46,b2b3 c4b4 d2c2 b4a3 c2b1 d5d4 b1a1 d4d3 a1b1 d3d2 b1c2 a3a2,2151,80,92,5397,advancedPawn crushing defensiveMove endgame pawnEndgame quietMove veryLong,https://lichess.org/WLTGwAxJ#91,
03r91,r3q1k1/3b1p2/3p2pQ/2pPr3/1pP1P1P1/4B2P/P5B1/5R1K b - - 0 32,e5e4 e3g5 e8e5 g5f6 e5f6 f1f6,2134,74,94,3420,crushing long middlegame quietMove,https://lichess.org/9boVHO0k/black#64,
04BSu,8/3r1r1k/8/PP4pp/4R3/4P3/3p2PP/1R4K1 w - - 0 35,e4d4 d7d4 e3d4 f7c7 b1d1 c7c1 g1f2 c1d1,2135,76,82,64,clearance crushing endgame pin quietMove rookEndgame veryLong,https://lichess.org/0qSDoE0E#69,
04gVt,r7/1pp3k1/3pB1pb/p2P3P/P1PQpr1q/6NP/1P3P2/4K2R b K - 1 27,g7h7 h5g6 h7g6 h1g1 h6g5 g3f5 h4f2 d4f2,2151,103,50,28,crushing middlegame quietMove veryLong,https://lichess.org/kb0q7Aqm/black#54,
04waF,r4r1k/ppbq1p2/2p1p1bp/2Pp4/3P2pP/2NBP3/PP3P2/R2QK1R1 w Q - 0 17,d1g4 f8g8 e1c1 g6d3 g4h5 d3h7,2115,105,53,30,advantage defensiveMove long middlegame quietMove,https://lichess.org/mCnGQR9i#33,Slav_Defense Slav_Defense_Other_variations
05GTp,b7/3Q1kpp/4p3/2Pp4/1n2p3/4P1P1/7P/3q1NK1 b - - 3 29,f7g6 d7e6 g6h5 e6f5 h5h6 g3g4 d1g4 f5g4,2182,77,86,81,crushing endgame exposedKing quietMove veryLong,https://lichess.org/2ZJCD4LM/black#58,
05N9h,4N3/8/5Rpk/4P3/3n1P2/r5pP/8/5K2 w - - 7 60,e8d6 a3a2 d6f5 d4f5,2117,85,71,62,crushing endgame master quietMove short,https://lichess.org/d6igYjp8#119,
05VmO,4r1k1/p6p/6p1/1bp2p2/5N2/P5P1/4qP1P/Q2R2K1 b - - 7 31,e2e4 f4d5 e4e5 d5f6 g8f7 f6e8,2196,78,90,928,advantage endgame fork long quietMove,https://lichess.org/mtcE7FEL/black#62,
067Ep,8/2k2B2/p2p3n/1ppPp2P/4KP2/8/PP6/8 b - - 0 47,e5f4 f7e6 f4f3 e4f3,2104,75,92,3565,crushing endgame quietMove short,https://lichess.org/EfACzniO/black#94,
06SZI,rnbk1b1N/pppp3p/5qp1/8/8/3P4/PPP1BPPP/RNBKR3 w - - 1 10,e2f3 h7h6 h8g6 f6g6,2109,162,29,7,crushing opening quietMove short trappedPiece,https://lichess.org/RJ6iNIkt#19,Russian_Game Russian_Game_Damiano_Variation
07Fd3,8/1Pk5/8/2Np1p2/3P3K/4PP2/3r4/8 b - - 0 57,d2e2 h4g5 e2e3 f3f4 c7b8 g5f5,2141,109,81,20,crushing endgame long quietMove,https://lichess.org/0N5meHYQ/black#114,
07W2i,q4rk1/1b1Q1ppp/1b6/4B3/P7/1P4P1/4PP1P/2R2RK1 w - - 1 24,d7b5 b7h1 c1c6 a8c6 b5c6 h1c6,2101,76,91,1485,advantage long middlegame quietMove,https://lichess.org/Q2oiFLyo#47,
080U6,7R/p4k2/1p3B2/3p1nP1/3P1K1P/P4P2/7r/5b2 b - - 6 53,h2h4 f4f5 h4h8 f6h8 f1g2 f3f4 g2e4 f5e5,2117,78,88,1289,crushing endgame hangingPiece quietMove veryLong,https://lichess.org/Oq2BTuPB/black#106,
080p5,8/3k4/2R5/pP2b2p/P2p4/2p2P2/6K1/8 w - - 0 51,g2f2 h5h4 f3f4 e5f4,2189,96,86,526,crushing endgame master quietMove short,https://lichess.org/jp7hjfOl#101,
08Gdb,4r1k1/p4qBp/2Q2Pp1/4p3/P1P5/1P4P1/3r3P/4R1K1 b - - 0 37,d2b2 e1d1 b2b3 d1d7 b3b1 g1g2,2128,76,93,1563,crushing defensiveMove endgame long quietMove,https://lichess.org/uiNH1Q8G/black#74,
08O6I,3r2k1/pp3r1p/n1pBRppQ/8/8/1Pq4P/2P2PP1/3R1K2 b - - 3 25,c3c2 d1e1 c2d3 f1g1 d3d6 e6d6,2105,75,90,875,advantage defensiveMove long middlegame quietMove,https://lichess.org/214OPU55/black#50,
08r1F,8/p2nkp2/2Qp1p2/2b1pr2/2P5/3P3P/3B1P1R/q2BK3 b - - 3 24,a1d4 d1a4 f5f2 c6d7,2157,82,64,44,advantage middlegame quietMove short,https://lichess.org/QWCXgTm1/black#48,
08sZ4,1r1k1b1r/Q1p3pp/3qBp2/2pPp3/1P2n3/N7/P5PP/2KR3R b - - 2 23,d6b6 a7a4 b6d6 a3c4 b8b4 a4a8 d8e7 c4d6,2170,77,83,121,crushing middlegame quietMove veryLong,https://lichess.org/e9wMIqEE/black#46,
08zkF,r6k/pp1n1p1b/2p4B/2b1r1NP/8/2P5/PP1K4/R4BR1 b - - 1 28,c5g1 g5f7 h8g8 f1c4 e5d5 c4d5,2129,78,91,870,advantage fork long middlegame quietMove,https://lichess.org/tV7wKOWd/black#56,
094yd,r1b2rk1/p1p2p1p/1qn3p1/1p6/8/1P2P1B1/P2NB1PP/Q4R1K b - - 2 17,a7a6 d2e4 f7f5 e4f6 f8f6 a1f6,2147,81,80,126,advantage kingsideAttack long middlegame quietMove,https://lichess.org/pBtZQaIR/black#34,Grunfeld_Defense Grunfeld_Defense_Three_Knights_Variation
098Td,8/8/4k1p1/5p1p/3K1P2/7P/6P1/8 b - - 1 48,e6f6 h3h4 f6e6 d4c5 e6d7 c5d5,2176,82,89,52,crushing defensiveMove endgame long pawnEndgame quietMove zugzwang,https://lichess.org/z4Wk4zli/black#96,
09lrW,2Q5/1p3kp1/p4n1p/3q4/4p3/1P2N1P1/r4P1P/5RK1 b - - 5 36,d5b3 f1c1 a2d2 c1c7,2157,103,85,43,crushing endgame quietMove short,https://lichess.org/iEDQ43qi/black#72,
09vLZ,5rk1/R1R2p2/2p1r2p/2P5/p3q1p1/5NQ1/5PKP/8 w - - 2 32,h2h3 e6g6 h3g4 g6g4,2140,77,92,501,advantage middlegame pin quietMove short,https://lichess.org/yMbLm7Am#63,
0A1Mh,8/1p5p/p5p1/1PPk1p2/P2rpP2/1R5P/5PK1/8 b - - 0 30,d4a4 c5c6 b7b6 b3c3 a6b5 c6c7,2172,76,93,6564,advancedPawn advantage endgame long quietMove rookEndgame,https://lichess.org/WtLex0EP/black#60,
0AGk6,6k1/5r2/8/2p3p1/3b2P1/3P1p2/5P1B/4RK2 w - - 1 34,h2e5 f7h7 f1g1 h7e7,2108,74,92,1810,crushing endgame quietMove short,https://lichess.org/MpxvPSZ9#67,
0AUTR,8/7p/3k2p1/pp1P3P/3K1P2/8/P7/8 b - - 0 35,a5a4 h5g6 h7g6 a2a3 b5b4 a3b4,2119,81,91,2921,crushing endgame long pawnEndgame quietMove zugzwang,https://lichess.org/Uk1PM0CP/black#70,
0AVDV,8/1p2kp2/p1p5/2Pb4/1P3NK1/P5P1/8/8 b - - 0 33,e7f6 f4d5 c6d5 g4f4 f6e6 g3g4 d5d4 f4e4,2142,75,85,107,crushing endgame quietMove veryLong,https://lichess.org/r3sqsuB6/black#66,
0AlyW,8/5pk1/3Q2p1/p3pq2/2P5/1P6/PK1R1P2/5r2 w - - 1 43,d6b6 f5b1 b2a3 b1c1 d2b2 f1e1 b6a5 e1e2 a5c3 c1c3,2131,81,91,1514,crushing endgame fork pin quietMove veryLong,https://lichess.org/a234zrAB#85,
0BbSg,8/8/pp2pp1p/3k2p1/PP3P2/3KP2P/6P1/8 b - - 1 37,f6f5 f4g5 h6g5 g2g3 d5d6 h3h4 e6e5 h4g5,2154,99,49,30,crushing endgame pawnEndgame quietMove veryLong,https://lichess.org/LdzOipyX/black#74,
0C7ni,6k1/pb4pp/1p6/2p1pp2/2P1n2q/4BB1P/PP3PP1/3Q2K1 b - - 0 22,h7h6 d1d7 f5f4 f3g4 h4f6 d7b7,2147,108,-39,28,advantage endgame long quietMove,https://lichess.org/K3bhDb7x/black#44,
0CKnj,8/6p1/1k5p/1P3p2/1K4P1/5P2/5P2/8 b - - 0 44,f5g4 f3g4 g7g6 f2f4 h6h5 f4f5,2103,75,87,476,crushing endgame long pawnEndgame quietMove,https://lichess.org/LJvWlfX4/black#88,
0Cr31,6rk/5rb1/Q6p/1p2pP1P/4P2P/3P3K/1R3R2/3q1B2 w - - 3 40,a6b5 g7f6 h3h2 f7g7 b5b6 f6h4,2156,115,67,17,clearance crushing long middlegame quietMove,https://lichess.org/jG4IOi6s#79,
0CxjC,8/p1r3pk/2P4p/2R5/7P/P4p1P/5r2/2R4K w - - 0 36,c5d5 c7e7 d5d3 e7e2 d3f3 f2f3,2129,79,80,111,crushing endgame long quietMove rookEndgame,https://lichess.org/0c9UXvWl#71,
0D6mK,5rk1/2p2ppp/3p1q2/1r1Pp3/1b2P1b1/5N2/1R1N1PPP/3Q1RK1 b - - 1 23,b5b8 d1b1 c7c5 d5c6,2136,76,89,1481,advantage enPassant middlegame quietMove short,https://lichess.org/xRjpzPqc/black#46,
0D8s9,1k1r2r1/2p2p1p/5qp1/Qp1p4/2bP2P1/7P/4P1B1/1R2R1K1 b - - 1 26,d8d7 b1a1 f6c6 a5a7,2135,79,77,55,advantage middlegame quietMove short,https://lichess.org/JtKaYkyB/black#52,
0DqzX,8/5pk1/6p1/7p/p1p5/P1Pq2PP/1P1Q1P1K/8 w - - 2 36,d2e3 d3e3 f2e3 g6g5 h2g2 g5g4,2180,111,81,24,crushing endgame long master queenEndgame quietMove,https://lichess.org/PDBhOEUw#71,
0DuQ7,8/1p4R1/pkp5/5Np1/P4p2/1P1R4/5PPK/1r2r3 w - - 3 41,g2g3 g5g4 g7g4 f4f3 g4b4 b6a5,2164,130,59,15,advantage defensiveMove endgame long quietMove,https://lichess.org/HS0u39u8#81,
0DvwQ,8/pp6/8/7P/5N2/6P1/2k2PK1/r7 b - - 0 34,a1a6 g3g4 b7b5 g4g5,2109,77,84,122,crushing defensiveMove endgame quietMove short,https://lichess.org/96A2HqzU/black#68,
0E1rZ,5k2/5p2/6p1/4P3/1p3PP1/2pK3P/8/8 b - - 0 48,f8e7 h3h4 e7e6 h4h5 g6h5 g4h5,2106,77,91,93,crushing endgame long pawnEndgame quietMove,https://lichess.org/HJ9zPqdy/black#96,
0EK8V,5k2/6p1/2P4p/3r4/1P6/3B3P/4K1P1/8 b - - 0 44,f8e8 b4b5 e8d8 b5b6 d5c5 c6c7 c5c7 b6c7,2103,78,78,54,advancedPawn crushing endgame exposedKing quietMove veryLong,https://lichess.org/MyuFmacw/black#88,
0EYPV,8/2k3p1/b3p3/1P2Pp1p/1K1n1P1P/P1N3P1/2P5/8 b - - 2 34,d4c2 b4b3 c2d4 b3c4 d4b5 c3b5 c7c6 a3a4 g7g6 c4b4,2106,91,75,29,crushing defensiveMove endgame exposedKing quietMove veryLong,https://lichess.org/fDNJMFmU/black#68,
0EjQX,2r2rk1/5p1p/p3bQpP/8/P4R2/3Bq3/6P1/2q2R1K b - - 0 28,c1f1 d3f1 e3c3 f4d4 c3d4 f6d4,2127,76,94,1768,advantage hangingPiece long middlegame quietMove,https://lichess.org/PBuFJXta/black#56,
0EyEU,2r3k1/3q2bp/2P2p1n/4p1p1/1p2b3/5N2/P3BPPP/RNR3K1 w - - 0 25,c6d7 c8c1 e2f1 h6f7 b1d2 c1a1,2156,77,94,942,advantage hangingPiece long middlegame quietMove,https://lichess.org/c5Eh26Ae#49,
0F5t2,8/1p6/p7/4kpP1/P2p4/1P1K2P1/8/8 b - - 1 47,b7b5 a4b5 a6b5 b3b4 e5d5 g5g6,2102,76,87,225,crushing endgame long pawnEndgame quietMove zugzwang,https://lichess.org/RQu2H2oJ/black#94,
0F9pF,8/8/2K1k3/4bp1p/3p3P/1P3P2/8/4B3 w - - 0 41,b3b4 e5f4 c6c5 d4d3,2144,125,65,38,bishopEndgame crushing endgame master quietMove short,https://lichess.org/FPaKgQtq#81,
0FXOH,8/8/1p4kp/pP1p2p1/P2P1p2/5P1P/5P2/5K2 w - - 1 43,f1e2 g6h5 e2f1 h5h4 f1g2 h6h5 g2h2 g5g4 f3g4 h5g4 h3g4 h4g4 h2g2 f4f3,2179,79,84,128,crushing endgame pawnEndgame quietMove veryLong zugzwang,https://lichess.org/ap1rPriA#85,
0FeA3,8/1p5p/3p1kpP/3P4/2P5/pP6/P4K2/8 w - - 1 43,b3b4 f6e5 f2e3 g6g5 e3f3 e5d4 c4c5 d4d5 c5d6 d5d6,2118,75,86,93,crushing endgame pawnEndgame quietMove veryLong,https://lichess.org/3WO272F4#85,
0GHFr,r4k1r/2R5/p7/1pP1pN1p/4Pp1P/P7/1q3K2/R3Q3 w - - 2 43,f2f3 h8g8 c7g7 g8g7,2115,81,91,502,crushing middlegame quietMove short,https://lichess.org/69YTsPoD#85,
0GRlw,5bk1/1Q3p1p/p5p1/2p1p3/P2qP3/1P3P1P/2P1BKP1/8 w - - 5 29,f2g3 f8h6 b7c8 g8g7,2194,77,87,58,crushing defensiveMove endgame master quietMove short,https://lichess.org/RXDwG4iW#57,
0Gpzz,8/4k1pp/5p2/4p3/r1n3b1/6P1/1P2RPBP/2K1R3 w - - 4 31,f2f3 g4f5 e2e4 a4a1 c1c2 a1e1,2150,78,63,52,crushing endgame long pin quietMove,https://lichess.org/jdo7tvB7#61,
0Hft6,8/3B4/1p6/2p4p/P4Pk1/1n2K3/8/8 b - - 2 53,g4g3 f4f5 c5c4 f5f6 c4c3 d7f5,2105,75,93,334,advantage clearance defensiveMove endgame long quietMove,https://lichess.org/pbFkTAjc/black#106,
0HsUY,8/R7/P4k2/5p2/4r1p1/3K2P1/8/8 b - - 3 51,f6g5 a7a8 e4e7 a6a7,2192,73,92,7536,advancedPawn crushing endgame quietMove rookEndgame short,https://lichess.org/s8eotChA/black#102,
0I8in,8/8/p5pp/1p1k4/1P4PP/P2K4/8/8 w - - 0 45,h4h5 g6g5 d3e3 d5e5,2145,74,85,113,crushing defensiveMove endgame pawnEndgame quietMove short zugzwang,https://lichess.org/cIaN7sQJ#89,
0IALp,8/8/8/4p3/1p2P1Kp/3k1P1P/8/3Bb3 w - - 5 55,g4f5 e1g3 d1b3 d3c3,2109,75,94,1782,bishopEndgame crushing endgame quietMove short,https://lichess.org/RdFm6ugC#109,
0IiCw,8/R1P5/4k3/1P3pp1/7p/5K2/2r5/8 b - - 0 49,e6d7 b5b6 h4h3 a7a8 h3h2 a8d8,2157,77,86,297,crushing endgame long quietMove rookEndgame,https://lichess.org/7eaySJqo/black#98,
0J9hN,5k1r/ppp3p1/2r1b3/3N4/5R2/8/PnP3PP/4R1K1 b - - 2 22,e6f7 e1f1 c6f6 d5f6,2138,77,90,1321,advantage middlegame pin quietMove short,https://lichess.org/ciz6VCw6/black#44,
0JWDP,1r4k1/5p1p/Q3R1pP/2b1p1q1/4P1P1/3P4/2P3B1/5RK1 w - - 1 38,g1h2 g5h4 g2h3 c5f2 f1f2 h4f2,2178,145,83,17,crushing long middlegame quietMove,https://lichess.org/lyuBHlp3#75,
0Js2u,6R1/8/p5r1/1p2K1pk/2pP4/2P5/1P6/8 w - - 6 59,g8g6 h5g6 d4d5 g5g4 d5d6 g6f7,2171,81,83,273,crushing defensiveMove endgame long quietMove,https://lichess.org/FflV4MfP#117,
0K44B,r3kr2/ppp1q1pp/2np1n2/8/4P3/4Q3/PPP2PPP/RNB2RK1 b q - 1 11,e7e4 e3e4 f6e4 f1e1 d6d5 f2f3 c6d4 b1a3 d4f3 g2f3,2115,77,91,1212,advantage middlegame pin quietMove veryLong,https://lichess.org/REweCS9M/black#22,Center_Game Center_Game_Paulsen_Attack_Variation
0K4vt,2Q5/4b3/r3r1pk/5p2/p3p3/8/1P3PPK/8 b - - 1 44,a6c6 c8h8 h6g5 g2g3 g5g4 h2g2 f5f4 h8h3 g4g5 h3h4 g5f5 h4f4,2198,79,95,8676,endgame mate mateIn5 quietMove veryLong,https://lichess.org/DQgwW8Hz/black#88,
0KG7o,r5k1/1pb2ppp/4p2q/2Pp4/1P4NP/2P2QP1/r7/4R1RK b - - 4 34,h6d2 e1f1 a8f8 f1f2 d2f2 g4f2,2132,77,80,82,crushing long middlegame quietMove trappedPiece,https://lichess.org/5JbhDvvs/black#68,
0KJeI,8/8/1p6/1kp5/8/6PP/2q5/5QK1 b - - 1 42,c2c4 h3h4 c4f1 g1f1 b5c4 h4h5 c4d4 h5h6,2152,78,95,1554,crushing endgame queenEndgame quietMove veryLong,https://lichess.org/3wcutz8U/black#84,
0KJf4,8/pp4pp/8/6P1/pPk1KP2/8/1P5P/8 b - - 0 31,c4b4 f4f5 b4c5 e4e5 c5c6 e5e6 a4a3 b2a3,2104,77,38,50,crushing endgame pawnEndgame quietMove veryLong,https://lichess.org/4Jr0MWS7/black#62,
0KK3Z,6k1/5p1p/4p1p1/1p2b3/1qr5/4B1PP/1P2QP2/3R2K1 b - - 6 31,b4b3 e3h6 c4d4 e2e5 d4d1 g1h2,2177,77,81,50,crushing defensiveMove discoveredAttack endgame long quietMove sacrifice,https://lichess.org/XIvTpe1U/black#62,
0KXkR,8/p3R1pk/1r5p/8/P3p3/1P1p4/3P2KP/8 w - - 3 39,e7a7 e4e3 d2e3 b6d6 a7f7 d3d2,2143,75,91,1691,advancedPawn crushing endgame long quietMove rookEndgame,https://lichess.org/U0NwaNVE#77,
0KdTL,r2qr2k/pp1n2pB/2pBbp1p/2Pn4/8/5N2/PPQ2PPP/R4RK1 w - - 2 19,f3h4 f6f5 h7g6 d8h4 g6e8 a8e8,2109,75,93,4457,advantage discoveredAttack long middlegame quietMove,https://lichess.org/BVV9A2qs#37,Queens_Gambit_Accepted Queens_Gambit_Accepted_Old_Variation
0KhoZ,8/8/6p1/5k1p/3p1P2/3K2P1/7P/8 b - - 0 38,g6g5 f4g5 f5g5 h2h3 g5f5 d3d4 f5e6 d4e4,2162,76,93,4562,crushing defensiveMove endgame pawnEndgame quietMove veryLong,https://lichess.org/8JTm4MNq/black#76,
0KpiN,r2qk3/p1pppp1p/8/1p1b4/7Q/P1PP3P/4BK2/R7 b q - 2 21,d5e6 a1g1 d7d6 g1g8 e8d7 g8d8,2109,83,90,3802,advantage endgame long quietMove skewer,https://lichess.org/ZAFcJefd/black#42,
0L5Lt,8/8/2p5/1p6/8/4k1K1/PPP5/8 w - - 4 48,b2b3 b5b4 g3g4 e3d2 g4f5 d2c2,2166,77,90,187,crushing endgame long pawnEndgame quietMove,https://lichess.org/zGPMW925#95,
0LEnl,r3r1k1/pp3ppp/4bn2/P1Bn1q2/2BPp2P/1QP1P1P1/3N1P2/1R3RK1 w - - 3 26,b3b7 f5h3 f1e1 f6g4 d2f1 d5f4 b7e4 e6c4 e4f4 c4f1,2154,91,86,40,advantage discoveredAttack middlegame quietMove veryLong,https://lichess.org/7Zcr4U4B#51,
0LIl2,8/1p1n4/3P1kpp/2p1p3/2P1P3/p1N3PP/2K5/8 b - - 5 43,f6g5 c3d5 a3a2 c2b2 a2a1r b2a1,2199,113,39,11,advantage endgame knightEndgame long quietMove,https://lichess.org/usrfXojL/black#86,
0LJdV,8/8/6K1/5p1p/4r3/R3Pk2/8/8 w - - 1 67,g6f5 h5h4 a3a6 e4e3,2110,78,91,1100,crushing endgame master quietMove rookEndgame short,https://lichess.org/nxkMhT0O#133,
0LZRD,8/8/2b2k1p/1p3p2/pP2P2P/P6K/6P1/1B6 b - - 0 43,c6e4 b1e4 f5e4 g2g4 f6e5 h3g3,2152,76,85,273,bishopEndgame crushing defensiveMove endgame long quietMove zugzwang,https://lichess.org/bxoWMmOy/black#86,
0LdFk,8/5kb1/8/5P1p/r2pK3/P2R4/5B2/8 w - - 1 42,f2d4 h5h4 e4f4 g7d4,2196,76,90,1030,crushing endgame master quietMove short,https://lichess.org/fbh3ajlD#83,
0LpE9,8/4k2p/6p1/5p2/1pKP2P1/7P/PP6/8 w - - 0 34,c4b4 f5g4 h3g4 h7h5 g4h5 g6h5 a2a4 h5h4 a4a5 h4h3,2162,75,89,93,crushing endgame pawnEndgame quietMove veryLong,https://lichess.org/uopLihpX#67,
0MMx6,8/8/k4p1p/P1K3P1/7P/8/8/8 b - - 0 54,h6g5 h4h5 g5g4 c5d4 g4g3 d4e3 g3g2 e3f2,2106,79,83,134,crushing endgame pawnEndgame quietMove veryLong,https://lichess.org/dzZuXFBW/black#108,
0Mqtv,r4rk1/8/2pp4/p3n1b1/2P1QBqp/1P3PP1/P5K1/4R2R b - - 0 25,e5f3 e4g6 g8h8 e1e7 g4g3 f4g3,2159,75,92,8317,advantage clearance long master middlegame pin quietMove,https://lichess.org/oUC6M1QG/black#50,
0Mwki,8/p1R2ppp/2p2r2/r7/3P4/P1Pk3P/R4KP1/8 w - - 3 30,f2e1 a5f5 a2d2 d3c3,2190,76,97,401,crushing endgame quietMove rookEndgame short,https://lichess.org/Wa9pVP8a#59,
0ND55,r2k3r/pp1bbppp/2n1pn2/4p1B1/2B5/2N2N2/PP1R1PPP/R5K1 b - - 5 12,a7a6 a1d1 d8e8 g5f6 g7f6 d2d7,2173,81,91,1016,advantage long middlegame quietMove,https://lichess.org/vLlHRtQg/black#24,Sicilian_Defense Sicilian_Defense_Smith-Morra_Gambit_Accepted
0O4uQ,2r2rk1/1p4pp/p1n1p3/2PpNn2/1P6/P2Q2Pq/1B3P1P/R1R3K1 w - - 1 20,c1e1 c6e5 e1e5 f5h4 d3h7 g8h7,2161,76,95,508,crushing long middlegame quietMove,https://lichess.org/JrusJUVh#39,
0OFCJ,8/5pp1/2k3p1/6P1/3K2P1/2P5/8/8 b - - 2 52,f7f5 g4f5 g6f5 g5g6 c6d6 c3c4 d6e6 c4c5 f5f4 d4e4 f4f3 e4f3,2197,78,90,1306,crushing endgame master pawnEndgame quietMove veryLong zugzwang,https://lichess.org/WUvlNRKc/black#104,
0ONrA,8/Q1p3kp/1n4p1/2q1b3/4B3/1P4P1/Pp1r3P/1K2R2R w - - 1 25,a7b7 b6d5 b7d5 d2d5 e4d5 c5d5,2182,80,91,866,crushing long master middlegame quietMove,https://lichess.org/jmtGhhC5#49,
0OWkK,8/5pk1/5qpp/p1Q1R3/5P2/2p3PP/2P4K/r7 b - - 3 37,f6a6 e5e8 g7h7 c5d4 a1h1 h2h1 a6c6 d4e4,2112,119,81,26,crushing endgame quietMove veryLong,https://lichess.org/so3slXoZ/black#74,
0PDdc,6k1/1p2rp2/p2q1npQ/3p1B2/1PnP4/P1N2P2/5PK1/3R4 b - - 3 28,f6h7 d1h1 f7f6 f5g6,2194,81,86,332,crushing interference master middlegame quietMove short,https://lichess.org/ymnIS7Pz/black#56,
0Pdly,8/8/3p1p2/3Pp1p1/1pk1P1P1/5P2/PK6/8 b - - 3 49,c4d3 b2b3 d3e2 b3b4 e2f3 a2a4 f3e4 a4a5 e4d5 b4b5,2165,78,94,71,crushing defensiveMove endgame pawnEndgame quietMove sacrifice veryLong,https://lichess.org/Lfa6iik5/black#98,
0Pei9,8/p3R1kp/1p4p1/8/6P1/P4q1P/1Pn2P2/4R1K1 b - - 4 39,g7h6 e1e5 f3h3 g4g5 h6h5 e7h7,2147,78,85,61,advantage deflection endgame long quietMove,https://lichess.org/bnWqjFhl/black#78,
0PhWh,6k1/1bB4p/p2p2p1/2pPbp2/P1P1r3/1P5P/2Q3P1/6K1 w - - 8 42,a4a5 e5g3 c2d2 e4e1 d2e1 g3e1,2129,79,85,88,crushing endgame long master quietMove,https://lichess.org/WsOZTt6I#83,
0PnJb,5r2/6k1/6p1/1N3p2/PP1PpK1p/4P2P/1nr2PP1/R4R2 w - - 1 29,f4g5 f8h8 g2g4 h4g3,2116,75,84,143,advantage enPassant endgame quietMove short,https://lichess.org/Pl3vo1GW#57,
0PoZ9,3b1k2/1p3ppp/8/8/1P1N1P2/P5Pn/r6P/2B1R2K w - - 5 32,d4e2 d8b6 e2c3 h3f2 h1g2 a2c2 c3e2 f2d3 g2f1 d3e1,2191,112,69,22,advantage endgame quietMove veryLong,https://lichess.org/KuT8J4n4#63,
0QKyw,rnbk4/1p1p2Q1/8/p1p3N1/2P2P2/8/P2q1PPP/5RK1 b - - 0 20,d2f4 g7h6 a8a6 g5e6 a6e6 h6f4,2183,128,73,14,crushing discoveredAttack long middlegame quietMove,https://lichess.org/MqiaRnnu/black#40,
0QmV6,8/p1p1r1p1/k1q4p/1R6/1bP3Q1/3P2PP/P6K/8 w - - 1 35,b5b4 e7e1 g4e4 e1e4,2113,77,93,2489,crushing endgame quietMove short,https://lichess.org/Mvt9Vurc#69,
0SHZY,r3r3/p5k1/bpqP1p2/2p2Pp1/6P1/4B3/P2Q1P2/3RR1K1 w - - 2 30,e3g5 a6b7 f2f3 c6f3,2191,79,73,187,crushing middlegame quietMove short,https://lichess.org/XZFLBDqV#59,
0SQpz,r2q1r1k/1p3ppp/p3p1n1/1P1p4/8/2P3PQ/2P2PK1/R1B1R3 b - - 0 20,a6b5 a1a8 d8a8 e1h1 h7h6 c1h6,2150,83,86,55,advantage long middlegame quietMove,https://lichess.org/Uyj2ZkQN/black#40,
0Sugo,2kr4/1pp3p1/1pp1pq2/8/3PP1Qr/8/PPP2PP1/R1B2RK1 w - - 1 17,g4g5 d8h8 f2f3 h4h1 g1f2 h1f1,2137,108,16,25,advantage kingsideAttack long middlegame quietMove,https://lichess.org/IbAiupit#33,Russian_Game Russian_Game_Three_Knights_Game
0Tywk,8/6p1/p1k2p1p/P1p2P2/2K1P1PP/8/8/8 b - - 0 43,c6d6 h4h5 d6c6 e4e5 f6e5 g4g5,2116,80,100,85,crushing endgame long pawnEndgame quietMove zugzwang,https://lichess.org/9bIIEoDM/black#86,
0U0kV,8/8/p3k3/1pppP1p1/P2P2P1/1P2K3/8/8 w - - 0 34,a4a5 c5d4 e3d4 b5b4 d4c5 e6e5,2163,78,98,70,crushing endgame long pawnEndgame quietMove zugzwang,https://lichess.org/uIaLdFe8#67,
0U15d,2k5/8/pK2p2p/6p1/P1P2p2/6P1/5P1P/8 w - - 0 35,b6a6 e6e5 a6b6 e5e4,2119,75,92,1858,crushing defensiveMove endgame pawnEndgame quietMove short,https://lichess.org/P3s3pg3l#69,
0U1kr,2k1r3/p1p5/1pp3n1/2N1P1p1/1PPPP2r/6Kp/P4R1P/5R2 w - - 0 24,f2f6 g6f4 g3f3 b6c5,2151,77,89,549,advantage endgame quietMove short,https://lichess.org/wygFWhny#47,
0UDEB,2r5/8/3PN3/p3kP2/PpP5/1Pn4P/2B1p3/4K3 w - - 0 53,d6d7 c8g8 e1f2 g8g1,2118,77,91,1556,crushing defensiveMove endgame master quietMove short,https://lichess.org/YK43iv36#105,
0UkRl,8/8/8/1p1N2kp/3pK3/P3b3/2P4P/8 b - - 2 44,g5g4 d5e3 d4e3 e4e3 g4h3 c2c4 b5c4 a3a4 c4c3 a4a5 c3c2 e3d2 c2c1q d2c1,2100,97,100,33,crushing endgame quietMove veryLong,https://lichess.org/wAYhYeZc/black#88,
0Uu8Z,2b5/3q2kp/3P1p2/2Q3p1/6P1/3R1P2/1r3PKP/8 b - - 0 40,h7h5 d3e3 h5g4 e3e7 d7e7 d6e7,2168,78,93,3531,advancedPawn crushing endgame fork long master quietMove,https://lichess.org/QGIxgz7q/black#80,
0V6qD,8/7p/1p1k1ppP/8/2P1p3/1P2P1P1/5PK1/8 w - - 3 42,f2f3 d6c5 f3e4 c5b4 g2f3 b4b3 e4e5 f6e5 f3g4 b3c4 g4g5 b6b5 g5f6 b5b4,2194,128,16,14,crushing defensiveMove endgame pawnEndgame quietMove veryLong,https://lichess.org/XmdF4XM1#83,
0V8Ql,8/8/4ppkp/3p2p1/3P2K1/4P1PP/r4P1R/8 w - - 4 43,h3h4 h6h5 g4f3 g5g4 f3g2 a2a1 h2h1 a1h1 g2h1 g6f5,2123,143,90,11,crushing defensiveMove endgame quietMove rookEndgame veryLong,https://lichess.org/9JNwrfSz#85,
0VC5w,8/8/7p/pp1k3P/2P2P2/4K3/P7/8 b - - 0 38,b5c4 a2a4 c4c3 e3d3 c3c2 d3c2,2114,88,82,36,crushing endgame long pawnEndgame quietMove,https://lichess.org/qmBA4wB4/black#76,
0VGDf,8/8/1p2q1kp/4P3/4Q3/1P4Pn/P4P2/5K2 b - - 6 41,e6f5 e4f5 g6f5 f2f4 h3g5 f4g5,2104,90,67,28,crushing endgame long quietMove,https://lichess.org/DSeqA1tM/black#82,
0VZmm,8/p2p1kpQ/5p2/1pp4P/3p2q1/1P1P4/P3rPP1/R4K2 b - - 2 26,e2d2 a1e1 d2d1 h7g6 g4g6 h5g6 f7g6 e1d1,2170,76,72,211,crushing endgame quietMove veryLong,https://lichess.org/XtpNrjWw/black#52,
0VpnC,4r1k1/pp3ppp/1q6/4N3/2Q5/4pP1P/Pr4P1/4R2K b - - 1 28,h7h6 c4f7 g8h7 f7e8 b2b1 e5d3 b1e1 d3e1,2182,94,70,22,advantage endgame fork quietMove veryLong,https://lichess.org/j2z9Ysfp/black#56,
0VyES,7k/7p/R5b1/6K1/6rp/2N5/PPP2R2/6r1 w - - 0 36,g5h6 g6e8 f2f8 g4g8 f8g8 h8g8,2188,162,74,14,crushing endgame long quietMove,https://lichess.org/c5b6BVjw#71,
0W80t,r3rbk1/1b3p2/p5pp/1p5q/4p2N/PQP3P1/1P3PP1/1B1RR1K1 b - - 0 24,a8d8 b1a2 b7d5 d1d5 h5d5 b3d5 d8d5 a2d5,2172,75,93,1374,advantage middlegame quietMove veryLong,https://lichess.org/vzYZXUO2/black#48,
0WraV,rn1qkb1r/pp2pp1p/2p2p2/5b2/8/1P6/PBPPQPPP/R3KBNR b KQkq - 1 7,f5c2 d2d3 c2b3 a2b3,2148,80,91,979,advantage master masterVsMaster opening quietMove short,https://lichess.org/yGUTl6nr/black#14,Caro-Kann_Defense Caro-Kann_Defense_Euwe_Attack
0WvT6,8/8/4k1p1/5pP1/5K1P/8/8/8 w - - 1 45,h4h5 g6h5 g5g6 h5h4 g6g7 e6f7 g7g8r f7g8,2100,132,36,13,crushing endgame pawnEndgame quietMove veryLong,https://lichess.org/3ov8jy4b#89,
0WzBe,1r1q1rk1/2p2p1p/bp1b2p1/pN6/P3Q3/2B1P1P1/1PP2P1P/2KR3R w - - 1 19,c3e5 d8e7 b5d6 c7d6 d1d6 f8e8 f2f4 a6b7 e4d4 b7h1,2108,139,44,24,advantage middlegame quietMove skewer veryLong,https://lichess.org/eFtv3tiQ#37,Queens_Pawn_Game Queens_Pawn_Game_Other_variations
0XXer,8/8/8/p1pPkp2/1pP5/1P2K3/P1B4n/8 b - - 7 53,h2f1 e3f2 f1h2 c2d1 h2g4 d1g4,2198,78,91,623,crushing defensiveMove endgame long quietMove,https://lichess.org/9atpSz5H/black#106,
0Xbot,3r4/8/N1p2p2/P4k2/1P2p3/4P1r1/3K4/1R1R4 w - - 2 45,d2e2 g3g2 e2f1 d8g8 d1e1 g2g1 f1e2 g8g2 e2d1 g1e1 d1e1 g2g1 e1d2 g1b1,2198,75,67,96,advantage attraction endgame quietMove skewer veryLong,https://lichess.org/kEIcLHrl#89,
0Xmf2,8/5p2/1p5p/2p1k1p1/P1P5/2KB1PPP/b7/8 b - - 4 37,f7f6 h3h4 h6h5 d3c2 e5e6 f3f4 g5h4 g3h4,2178,129,59,27,bishopEndgame crushing endgame master quietMove veryLong,https://lichess.org/ydTJ7DoE/black#74,
0Xu1F,6k1/2qp2p1/7p/p2p3Q/p7/Pr4PP/1P3P1K/1R6 b - - 1 30,c7b8 b1e1 b3b2 e1e8 b8e8 h5e8,2192,77,92,2841,advantage endgame fork long quietMove,https://lichess.org/8jqmNACi/black#60,
0Xz5z,3k4/p3R3/4Kp2/4p3/P7/7P/3r4/8 w - - 0 44,e6f6 d2d6 f6f7 d6d7 e7d7 d8d7 h3h4 e5e4 h4h5 e4e3 h5h6 e3e2 h6h7 e2e1q h7h8q e1e6,2199,78,89,453,advancedPawn crushing endgame master pin promotion quietMove rookEndgame veryLong,https://lichess.org/nEEVV79L#87,
0Xzq5,2q1rk2/8/2p4Q/2Pp1p2/3Pp3/4P2P/3r1PP1/5RK1 b - - 2 29,f8e7 f1a1 c8b8 a1a7,2184,102,75,41,crushing endgame quietMove short,https://lichess.org/ehQ9kAa2/black#58,
0YIMR,8/8/7p/pp1p2p1/3p1kP1/P4P1P/1PP2K2/8 w - - 0 47,b2b3 d4d3 c2d3 d5d4 f2g2 f4e3,2118,94,84,25,crushing endgame long pawnEndgame quietMove zugzwang,https://lichess.org/YPDl1sZQ#93,
0YIma,8/1p6/2p2N2/1p2P1p1/1P6/P1P2Pkp/6p1/6K1 w - - 0 45,f6h5 g3f3 h5f6 g5g4 f6g4 f3g4,2122,78,87,90,crushing endgame knightEndgame long quietMove,https://lichess.org/ZJjRS0KN#89,
0YKLh,8/8/6p1/4K1Pp/5Pk1/8/8/8 w - - 2 61,e5e4 h5h4 e4e5 h4h3 f4f5 h3h2,2113,76,96,889,advancedPawn crushing endgame long pawnEndgame quietMove,https://lichess.org/tpLAJdUz#121,
0YSV2,8/8/8/2pN4/P1Pb2p1/6k1/4K3/8 w - - 5 45,e2f1 g3f3 a4a5 g4g3 d5f4 f3f4 f1g2 d4e5 a5a6 e5b8,2142,76,97,701,crushing defensiveMove endgame quietMove veryLong,https://lichess.org/BvKecFFu#89,
0YUIp,1r4k1/1P3ppp/3qp3/3p4/4b3/2Q2NPP/1R3P2/6K1 b - - 2 31,e4f3 c3c8 d6f8 b2c2 b8b7 c8b7,2131,98,79,23,advantage endgame long quietMove,https://lichess.org/5sd5GqgC/black#62,
0ZDxa,1r4k1/5pp1/1r6/1P2P3/2QPp1pq/4R2P/5P2/R5K1 w - - 0 33,h3g4 b6h6 g1g2 h4h2 g2f1 h2h1 f1e2 h1a1,2104,78,83,75,crushing endgame quietMove skewer veryLong,https://lichess.org/ncuv5gMk#65,
0ZId2,r5k1/pp3pp1/5nn1/3q4/3P4/BP4K1/P2Q1N2/R3R3 w - - 3 26,a1c1 f6h5 g3h2 g6h4 e1e4 h4f3 h2g2 f3d2,2140,77,100,78,advantage exposedKing fork middlegame quietMove veryLong,https://lichess.org/FmJ6IHHi#51,
0ZaZc,8/1p1k4/4q3/7Q/8/6PK/5P2/8 w - - 10 73,h5g4 b7b5 f2f4 e6g4 h3g4 b5b4 g4f3 b4b3,2197,77,94,2440,crushing endgame queenEndgame quietMove veryLong,https://lichess.org/I6SMWPk7#145,
0Zdg7,1r4k1/3b3p/p1q3pP/2p2nN1/5p2/2PP4/3QBPP1/1K4R1 w - - 1 36,b1c1 c6a4 d2b2 b8b2,2150,111,67,13,advantage master middlegame quietMove short,https://lichess.org/yJcYFMcW#71,
0aR1s,8/5R2/6p1/1PPB2k1/1b5p/7P/P5PK/r7 w - - 1 47,f7c7 b4e1 g2g3 e1g3 h2g2 g3c7,2179,78,89,881,crushing endgame fork long quietMove,https://lichess.org/DDvW78Lp#93,
0aYYm,8/8/8/5p1k/2pK3P/P7/8/8 b - - 3 48,h5h4 a3a4 c4c3 d4c3,2129,160,90,28,endgame equality pawnEndgame quietMove short,https://lichess.org/iCRCBzgE/black#96,
0ap6z,5rk1/1pp2qp1/p2p2R1/3P1r2/4R3/6Q1/PPP2PP1/6K1 b - - 0 35,f5f2 e4g4 f2f1 g1h2 f7g6 g4g6,2115,78,90,1057,advantage endgame long quietMove,https://lichess.org/yjeFWePQ/black#70,
0bXN5,8/8/8/7p/8/6pk/4K3/6B1 w - - 2 55,e2f1 h5h4 g1d4 h3h2 d4e5 h2h1,2102,77,91,3203,bishopEndgame crushing defensiveMove endgame long quietMove zugzwang,https://lichess.org/wHwd0Sun#109,
0blod,r5k1/1pp2pb1/2q1r1pR/p2p4/Pn1P2P1/5NP1/1P1Q1PK1/1B1R4 b - - 0 29,g7h6 d2h6 e6e2 d1h1 c6f6 h6h7,2177,85,91,1586,advantage long master middlegame quietMove,https://lichess.org/fBEtnwU4/black#58,
0bsIF,3rr1k1/ppq2pbp/5pp1/8/3B4/P1P1R3/1PQ2PPP/3R2K1 w - - 7 24,d4a7 b7b6 e3e8 d8e8 a7b6 c7b6,2160,74,95,2447,advantage long middlegame quietMove trappedPiece,https://lichess.org/BIPg5Lz8#47,
0c86N,4b3/2k2p2/8/2PKP3/p7/1B6/8/8 w - - 0 53,b3a2 e8d7 d5d4 d7e6,2123,99,80,28,bishopEndgame crushing endgame master quietMove short,https://lichess.org/lzdky6Nu#105,
0cDoN,1R6/3K1p2/4pBk1/3pPpP1/r2P1n2/3P4/8/8 b - - 8 72,a4d4 b8h8 f4e2 h8h6,2128,92,84,52,endgame mate mateIn2 quietMove short,https://lichess.org/VeszKNkZ/black#144,
0cW9f,8/2k5/p3p2p/P1K1P1p1/4P1P1/7P/8/3N1b2 b - - 1 48,f1h3 d1e3 c7d7 c5b6 h6h5 g4h5,2106,75,95,622,crushing endgame long quietMove zugzwang,https://lichess.org/OfyteEPY/black#96,
0csKB,2r2r1k/pQ6/6pp/6q1/3PN3/5R2/PP3PP1/nBbK4 b - - 9 33,g5d8 f3f8 d8f8 e4f6 f8f6 b7c8,2185,80,91,1685,crushing deflection long middlegame quietMove,https://lichess.org/yDYhkXCx/black#66,
0dA0o,1r6/8/4p3/3p3p/P7/1P1kP2R/5P1K/8 b - - 2 53,b8b3 e3e4 d3c2 h3b3 c2b3 a4a5 d5d4 a5a6 d4d3 a6a7 d3d2 a7a8q d2d1q a8b7,2138,214,37,6,advancedPawn crushing discoveredAttack endgame promotion quietMove rookEndgame veryLong,https://lichess.org/rKxV2cdZ/black#106,
0dzRT,r3r1k1/pp3pb1/1q3n1p/2pp1Qp1/3P4/2P2P2/PP4PP/1BB1RRK1 w - - 0 23,d4c5 b6c5 g1h1 e8e1 f1e1 c5f2 e1g1 a8e8 f5c2 e8e2,2141,76,65,126,crushing middlegame quietMove veryLong,https://lichess.org/yARcNfQa#45,
0e3R9,8/2p2pk1/1p1p4/6p1/P1P3P1/1P2P1K1/8/8 b - - 2 37,g7f6 b3b4 f6e7 a4a5 b6a5 b4a5,2152,75,100,412,advantage endgame long master pawnEndgame quietMove,https://lichess.org/27RgtU3d/black#74,
0e94w,8/8/4k3/1K2qp2/1Q6/1P6/8/8 w - - 9 80,b4c5 f5f4 c5e5 e6e5,2188,86,87,122,crushing endgame queenEndgame quietMove short,https://lichess.org/IdVqvkGQ#159,
0eLmS,8/8/P6r/1K3kp1/8/R7/8/8 b - - 2 52,h6a6 a3a6 g5g4 b5c4 g4g3 c4d3 g3g2 a6a1 f5f4 d3e2,2128,77,93,990,crushing defensiveMove endgame hangingPiece quietMove rookEndgame veryLong,https://lichess.org/8BPOPdRg/black#104,
0eXnA,8/8/1p6/2p1kp2/1P1p4/P1P1K1Pp/7P/8 w - - 0 38,c3d4 c5d4 e3d2 b6b5 d2d3 e5d5,2194,76,84,102,crushing defensiveMove endgame long pawnEndgame quietMove,https://lichess.org/rvfnIbxw#75,
0eulR,5rk1/p3Qpp1/N6p/8/8/1P5P/P1p2PP1/2Rr2K1 w - - 2 29,e7e1 f8d8 g1h2 d1e1,2164,76,73,443,advantage endgame pin quietMove short,https://lichess.org/Omf5IMG4#57,
0f6JF,8/3R1R2/2r5/p4p1p/Pp3k1p/1P4n1/6PK/8 w - - 6 62,d7d3 c6c1 d3d4 f4g5 f7g7 g5f6 g7g3 h4g3,2171,75,91,521,advantage defensiveMove endgame master quietMove veryLong,https://lichess.org/mk97zkYk#123,
0fF85,5r1k/ppp3pp/3pB2q/3Pp3/2P2nQ1/6RP/P6K/8 b - - 3 32,f8f6 e6f7 f4e6 d5e6,2116,79,80,52,advantage endgame quietMove short,https://lichess.org/rqvcgTns/black#64,
0fVpO,3r2k1/pp3ppp/4p1b1/4PP2/7Q/2N3RP/PP1r1qP1/2R4K b - - 0 23,g6f5 c3d5 d2d5 g3g7 g8g7 h4f2,2119,112,74,35,advantage discoveredAttack long middlegame quietMove sacrifice,https://lichess.org/iFqsg72x/black#46,
0gZUD,r3n3/4q2k/2n3pP/1p1Qpb2/1p6/1P2B3/P1P5/1K3R1R b - - 1 30,e7b7 f1f5 g6f5 h1g1 e8f6 d5e6,2152,89,84,29,crushing long middlegame quietMove sacrifice,https://lichess.org/yVbkb73W/black#60,
0glK9,5r2/1pp2k1R/p2p1q2/1P1Pp1p1/P3P3/4Q3/5PK1/8 b - - 5 33,f7e8 h7c7 a6b5 a4a5 f8f7 c7c8,2121,180,43,7,crushing endgame long quietMove,https://lichess.org/cMHGNLnC/black#66,
0h0oD,r4rk1/p3qppp/2n5/3p4/1P2pPb1/2P1Q3/P1B2P2/RNB2RK1 w - - 2 18,b4b5 g4f3 c2d1 d5d4 e3f3 e4f3,2130,77,86,91,advantage long middlegame quietMove,https://lichess.org/gYTzIGJQ#35,Queens_Pawn_Game Queens_Pawn_Game_Stonewall_Attack
0h9eU,1k4rr/ppp2p2/8/3p3p/3P1qnn/2P2N2/PPQ2PBN/4R1RK w - - 11 22,e1f1 h4f3 h2f3 h5h4 g2h3 f4f3,2148,83,91,246,crushing kingsideAttack long middlegame quietMove,https://lichess.org/dcTreQ1a#43,
0hCK2,r1b1k2r/ppN1ppbp/6p1/4P3/5Bn1/8/PqP1QPPP/R3KB1R b KQkq - 0 11,e8f8 a1d1 g7h6 f4h6,2158,75,85,108,advantage opening quietMove short,https://lichess.org/BAMb7ApE/black#22,Pirc_Defense Pirc_Defense_Other_variations
0hGfv,4r3/P1p5/8/2K2k2/3N2p1/1P6/2P5/8 b - - 1 54,f5e5 d4c6 e5f4 c6b8 e8e5 c5b4 g4g3 a7a8q,2105,73,94,9400,advancedPawn crushing endgame promotion quietMove veryLong,https://lichess.org/qGhSKCkI/black#108,
0hMLI,2R2n2/6k1/4p3/6p1/4K3/8/1P6/8 w - - 2 53,c8f8 g7f8 e4f3 e6e5 f3g4 e5e4,2145,139,100,10,crushing defensiveMove endgame hangingPiece long master quietMove,https://lichess.org/HXLwjGJF#105,
0hVJm,8/4pp1p/3p2p1/3P4/B3P3/2p1kPKP/5RP1/r7 w - - 8 44,a4c2 h7h5 h3h4 g6g5,2103,87,83,30,crushing endgame quietMove short,https://lichess.org/FzPsCidS#87,
0i1Lh,8/5pk1/8/1K6/8/P7/8/8 b - - 0 52,f7f5 a3a4 f5f4 b5c4 g7f6 a4a5 f6e5 a5a6 f4f3 c4d3 f3f2 d3e2 f2f1q e2f1,2185,83,91,460,crushing endgame pawnEndgame quietMove veryLong,https://lichess.org/KyFl0PCY/black#104,
0iC4r,6k1/4b1p1/1p3pn1/pPp1p3/P1P1P1np/5NPq/1B1Q1P1P/5NK1 w - - 2 33,d2d7 g6f4 g3f4 h3f3,2123,76,92,1327,crushing middlegame quietMove short,https://lichess.org/tVJMq9Bu#65,
0iFRz,8/6pk/1p3p1p/p2QpP2/6qP/8/PP1K4/8 b - - 1 39,g4d4 d5d4 e5d4 h4h5 h7g8 d2d3 g8f8 d3d4 f8e7 d4d5,2132,77,87,83,crushing defensiveMove endgame queenEndgame quietMove veryLong,https://lichess.org/cgKcSqy9/black#78,
0iTee,1r5k/1pp4p/p2p2qp/4p3/6N1/2PP1QbP/PP4P1/R6K b - - 3 25,h8g7 f3g3 h6h5 g4e3 g6g3 e3f5 g7g6 f5g3,2196,131,68,14,crushing endgame fork hangingPiece master pin quietMove sacrifice veryLong,https://lichess.org/8q8HwTKb/black#50,
0iaJa,3B2k1/1p1P2pp/p4p2/8/8/7P/1r3nPK/8 b - - 1 39,f2e4 d8a5 b2b5 d7d8q,2111,76,91,1703,advancedPawn clearance crushing endgame promotion quietMove short,https://lichess.org/dXK2uJkd/black#78,
0jghW,1r3rk1/1p2qpp1/3b1n1p/1P5P/p1P3P1/P4Q2/6B1/1RB2R1K w - - 1 38,f3e3 f6e4 g2e4 e7h4,2110,82,73,39,clearance crushing middlegame quietMove sacrifice short,https://lichess.org/CO8vipcc#75,
0kV7I,4r1k1/R4pp1/1pr4p/5q2/1P1p4/PQ1R4/2P2PPP/5K2 w - - 6 31,d3f3 c6e6 g2g4 f5g4 f3g3 g4e2 f1g2 e6f6,2107,150,71,9,crushing endgame master quietMove veryLong,https://lichess.org/l3b5tvaU#61,
0kW1x,5rk1/5p2/2p4p/5QpP/4P3/2qB4/r1P2PP1/3R2K1 b - - 1 25,a2a5 e4e5 f8d8 f5h7 g8f8 h7h6,2104,78,91,659,crushing endgame long quietMove,https://lichess.org/FVS5Pz8s/black#50,
0kbAI,r5k1/6p1/p1n4p/1pp1pr2/8/P2P1Nq1/1PPB4/R2Q1R1K w - - 2 28,d1e2 a8f8 e2g2 f5f3 g2g3 f3g3,2176,147,-43,20,advantage long middlegame quietMove,https://lichess.org/tDkaaSIZ#55,
0kgz4,r2q1rk1/p4p1p/1p4pQ/1Pp5/7N/2nn3B/3R3P/5RK1 b - - 1 22,d8d5 h4f5 d5e5 d2d3,2173,78,92,188,equality middlegame quietMove short,https://lichess.org/PNv6Aody/black#44,
0kje5,8/p6p/p1p5/k1N1P3/P4R2/2P5/KP2r3/3r4 b - - 8 40,d1d2 f4b4 d2b2 b4b2 e2b2 a2b2,2113,76,91,1162,crushing endgame long quietMove,https://lichess.org/fqvjnVZ0/black#80,
0kzBj,r3r1k1/1b4p1/p2q1pNp/5P2/2Bpp3/1P5P/P1P2QP1/R5K1 b - - 1 27,b7d5 f2d4 a8d8 a1d1 g8h7 c4d5,2174,75,84,150,advantage long middlegame quietMove,https://lichess.org/7zexQKwW/black#54,
0lDHc,r3r1k1/2p2ppp/2pp1n2/p7/P1N1P3/5Nq1/1P2Bb2/R1BQ1R1K w - - 0 19,a1a3 f6g4 c1f4 g3f4,2128,75,96,176,crushing master middlegame quietMove short,https://lichess.org/MBJpRWCC#37,
0lJPA,5r2/bpp1k1q1/p3p2p/P3p1p1/1P6/5NPP/3Q2K1/3R4 b - - 1 31,e5e4 d2d7 e7f6 f3e5 g7d7 e5d7,2155,75,93,6346,advantage endgame long quietMove,https://lichess.org/OvWQUYy4/black#62,
0lSpe,r2nk2r/bpp1npp1/3p2b1/1P2p1Pp/2B1P2q/2PPB2P/5PK1/RN1Q1R2 b kq - 2 16,b7b6 b1d2 d8e6 c4e6 f7e6 d2f3 g6e4 a1a4 e4f3 d1f3 h4a4 f3a8 e8d7 a8h8,2169,115,16,31,advantage opening quietMove skewer veryLong,https://lichess.org/vwA9I8m9/black#32,Kings_Pawn_Game Kings_Pawn_Game_Busch-Gass_Gambit
0lZ3j,r7/5p1p/4p1p1/3k4/p2P4/3K2PP/1R2PP2/8 b - - 2 34,a4a3 b2b6 f7f5 f2f3 a3a2 e2e4 f5e4 f3e4,2168,76,91,2137,endgame mate mateIn4 quietMove rookEndgame veryLong,https://lichess.org/7ZYYGGNs/black#68,
0ljxk,2kr4/ppp2ppR/8/2N5/5nP1/2P5/PP1r1PP1/4RK2 w - - 3 20,h7g7 d8h8 g7h7 h8h7,2124,108,71,24,crushing endgame quietMove short,https://lichess.org/v7rYk8Af#39,
0mAlX,5r2/2kn2q1/4Qp1r/1pp1p2p/p3P2P/P2P1R2/BPP3P1/5RK1 w - - 5 30,a2d5 f6f5 f3g3 g7h7 f1f5 h6e6,2131,75,93,8201,crushing long middlegame quietMove trappedPiece,https://lichess.org/2T9dlO75#59,
0mF2R,r2k1b1r/p1p2ppp/Bp1p4/1Q1P2q1/8/3P2P1/PP3P1P/5RK1 b - - 0 16,f8e7 b5c6 a8b8 f1c1 g5c1 c6c1,2147,77,92,6267,advantage long middlegame quietMove,https://lichess.org/GcCQ763e/black#32,Italian_Game Italian_Game_Blackburne-Kostic_Gambit
0mWxO,8/8/3pN3/2kPp2p/4P2P/4K3/8/3b4 b - - 14 78,c5c4 e6d8 c4c5 d8b7 c5b6 b7d6,2137,85,75,43,crushing deflection endgame long quietMove,https://lichess.org/4QFc4ZYq/black#156,
0nNDm,8/p7/2p1k3/1p2P1pp/2p1K3/P5P1/1PP4P/8 w - - 0 33,b2b3 c4b3 c2b3 c6c5 b3b4 c5c4,2159,76,96,655,advantage defensiveMove endgame long pawnEndgame quietMove,https://lichess.org/KO1bMNoY#65,
0nu2k,1r2q1k1/p1p1b1r1/4R3/5pN1/5Q1P/2P5/1P3PP1/6K1 b - - 0 34,b8b2 f4c4 g8f8 e6h6 b2b1 g1h2,2114,81,89,325,advantage long middlegame quietMove,https://lichess.org/k1C9Nfa0/black#68,
0oBJ1,r6k/p4Q1p/2p3p1/6q1/P7/2P3rP/6P1/R4R1K b - - 0 23,g3g2 a1e1 g2g1 f1g1 g5d5 f7d5,2121,78,77,78,crushing endgame long quietMove,https://lichess.org/CLHQuhFG/black#46,
0oEaz,8/5pk1/r5p1/1R5p/5P2/6PK/6P1/8 w - - 20 39,b5g5 f7f5 h3h2 a6a1 g3g4 h5g4,2134,76,92,482,crushing endgame long quietMove rookEndgame,https://lichess.org/4tviwxJe#77,
0oq2u,5rk1/5ppp/4b3/1NPpnp2/1q6/B7/4QPPP/4R1K1 b - - 1 23,b4a4 e2e5 a4b5 a3b2 b5b2 e5b2,2183,77,82,137,crushing long middlegame quietMove,https://lichess.org/pC1sYLKv/black#46,
0pCRg,8/8/4p2k/p1p4p/3pPP1K/PP6/2P5/8 b - - 0 40,h6g6 a3a4 g6h6 f4f5,2140,75,96,739,crushing endgame pawnEndgame quietMove short zugzwang,https://lichess.org/dIjDfMSx/black#80,
0pJxd,8/6pk/3R3p/4Q3/1p2P3/PP6/KP3rq1/8 w - - 0 34,a3a4 f2f1 d6d7 g2g1 d7g7 g1g7,2133,74,91,3604,crushing endgame long quietMove,https://lichess.org/wIM4iZZ7#67,
0paUO,8/5p2/1p3p2/p2k3p/PP3K1P/2P2P2/8/8 w - - 1 33,f4f5 b6b5 a4b5 a5a4 c3c4 d5d6,2151,78,87,67,crushing defensiveMove endgame long pawnEndgame quietMove,https://lichess.org/vyv9lrUu#65,
0pn3G,5rk1/3q1r1p/3pn2P/2pNp1p1/P3P3/3PQpP1/5P1K/RR6 b - - 0 33,f7f6 d5f6 f8f6 b1b8 g8f7 a1b1 f6h6 h2g1 e6d4 b8b7,2130,84,74,70156,clearance crushing middlegame pin quietMove veryLong,https://lichess.org/rFKjMB01/black#66,
0q3GJ,8/3r4/1P1P1pk1/8/4p1q1/PQ4P1/5P1p/3R2K1 w - - 0 44,g1h2 d7h7 h2g1 h7h8 d6d7 g4h3 b3g8 h8g8 d7d8q g8d8,2133,118,35,17,advantage endgame quietMove veryLong,https://lichess.org/JqnWvFbR#87,
0q8KX,8/6p1/7p/P7/Pk3K1P/8/8/8 b - - 6 40,b4a5 h4h5 a5a4 f4f5 a4b5 f5g6 b5c6 g6g7 c6d7 g7h6 d7e7 h6g7,2175,78,95,3195,crushing defensiveMove endgame pawnEndgame quietMove veryLong,https://lichess.org/FfQKA3eF/black#80,
0qE6v,6k1/p4ppp/3q1n2/8/1NpbP1P1/P2r1P2/4Q1KP/R6R w - - 6 33,g4g5 f6h5 b4d3 c4d3,2143,77,84,78,advantage middlegame quietMove sacrifice short,https://lichess.org/8mMC8Agy#65,
0qKdF,8/5p2/4kp2/1ppp4/1P2PP2/2PK1P2/8/8 b - - 0 44,c5c4 d3d4 d5e4 f3e4 e6d6 f4f5 d6c6 e4e5 f6e5 d4e5,2171,75,87,78,crushing defensiveMove endgame pawnEndgame quietMove veryLong zugzwang,https://lichess.org/uqDrmn8K/black#88,
0rKKn,8/4k1p1/4P2p/p2K1P2/8/8/6P1/8 w - - 1 52,g2g4 a5a4 d5c4 g7g6 f5g6 e7e6,2127,78,91,3726,crushing deflection endgame long pawnEndgame quietMove,https://lichess.org/m5MxtQzu#103,
0rMT6,8/3p4/2pPk3/2P2p1K/1B2n2P/8/8/8 b - - 0 59,e6e5 h5g6 f5f4 h4h5 f4f3 b4e1,2183,156,85,10,crushing defensiveMove endgame long master quietMove,https://lichess.org/6Osux83Q/black#118,
0rd6L,r7/2q3k1/1p2pNp1/1b2P1Q1/p7/2P3R1/1K4PP/3r4 b - - 8 41,c7f7 g3h3 g7f8 h3h8 f8e7 h8a8,2198,91,90,30,crushing long middlegame quietMove skewer,https://lichess.org/nhwgvxpX/black#82,
0sFop,3bk3/N7/2P5/2K5/P3p1p1/3b1pP1/5B1P/8 w - - 0 53,c5d6 d8g5 c6c7 d3a6,2111,75,84,73,crushing defensiveMove endgame master quietMove short,https://lichess.org/fq2RWpDp#105,
0sOPJ,r4r2/1pk4p/p1pNb1p1/2P1pp2/8/4P1P1/PP1R1P1P/2K4R b - - 0 19,e6a2 b2b3 a2b3 d2b2 b7b5 b2b3,2117,77,91,1635,advantage clearance endgame long quietMove,https://lichess.org/qvRbuR7h/black#38,
0svo0,6k1/5p1p/q5p1/2pPQp2/2P5/8/r4PPP/5RK1 b - - 0 28,a6a4 f1b1 a4b4 b1b4,2132,80,84,157,crushing endgame quietMove short,https://lichess.org/vnKL8dAf/black#56,
0u51s,rn1q1rk1/pbp2p1p/1p2p1pQ/4N3/2BP4/2b1R3/P1P2PPP/1R4K1 b - - 1 15,c3d4 e3h3 d4f2 g1h1 d8h4 h3h4,2120,75,94,1987,crushing defensiveMove long middlegame quietMove,https://lichess.org/uJsbgzge/black#30,English_Defense English_Defense_Other_variations
0u6Gk,8/6k1/1R4P1/p6P/8/5PK1/rp6/8 w - - 2 58,h5h6 g7h6 f3f4 a5a4 g3h4 a4a3 f4f5 a2a1 b6b7 a1h1 h4g4 h1g1,2139,88,80,39,crushing endgame quietMove rookEndgame veryLong,https://lichess.org/R9wTeBF1#115,
0uBjf,8/8/p1p5/P2p4/3P1k2/5P2/5K2/8 b - - 6 56,f4g5 f2g3 g5f5 f3f4 f5e4 g3g4 c6c5 d4c5 d5d4 c5c6,2151,78,87,323,crushing endgame master masterVsMaster pawnEndgame quietMove veryLong,https://lichess.org/BqIWTgaX/black#112,
0ua8u,r3r1k1/pp3pp1/1q2pn1p/1NppN3/1n1P1P2/4R2P/PPPQ1PP1/R5K1 w - - 2 16,d4c5 b6b5 e3b3 a7a5 c2c3 f6e4,2146,79,79,52,advantage hangingPiece long middlegame quietMove,https://lichess.org/xQyXxxxI#31,Queens_Pawn_Game Queens_Pawn_Game_Accelerated_London_System
0uwRS,8/8/6p1/1p3p1p/2pk1P1P/P4P2/1P2K3/8 b - - 1 41,c4c3 b2b3 c3c2 e2d2 c2c1q d2c1,2134,74,83,237,crushing endgame long pawnEndgame quietMove zugzwang,https://lichess.org/lLXGQRwe/black#82,
0vL8H,8/7p/pp1kp1p1/5p2/2P2P2/1P2K1P1/P6P/8 b - - 1 35,d6c5 a2a3 a6a5 e3d3 c5d6 d3d4,2132,75,77,86,crushing defensiveMove endgame long pawnEndgame quietMove,https://lichess.org/w0vWdfnw/black#70,
0vohd,r2q1r1k/pppbb1pB/4p1Q1/2P1P3/1P6/P3nN2/6PP/RN3R1K b - - 2 19,e3f1 g6h5 e7g5 f3g5 d8g5 h5g5,2190,79,61,65,advantage long middlegame quietMove,https://lichess.org/JRMoABgg/black#38,
0vuAk,2q3rr/1p1n2b1/p2pQpkp/P1pPp1p1/2P1P1P1/2N1B1KP/1P3P2/R6R w - - 13 35,e6d6 g8e8 c3a4 g7f8 a4b6 f8d6 b6c8 e8c8,2105,75,91,3500,advantage middlegame quietMove trappedPiece veryLong,https://lichess.org/49bgMBrq#69,
0vwuP,3r2k1/5ppp/8/2Q3q1/1P1p4/B4n1P/P4PP1/3R2K1 w - - 0 28,g1h1 g5f4 g2f3 f4f3 h1g1 f3d1,2120,75,93,4630,crushing endgame fork long quietMove sacrifice,https://lichess.org/3rwUxZCO#55,
0wXHE,8/8/p7/5p2/5Q2/2P2P2/3K3k/7q b - - 6 44,h2g1 f4g3 h1g2 g3g2 g1g2 c3c4 f5f4 c4c5,2190,79,86,162,crushing defensiveMove endgame queenEndgame quietMove veryLong,https://lichess.org/Sjfu91K8/black#88,
0wasR,r3r1k1/pppb1pp1/3bp1np/8/3PN3/2P1B1Pq/PPB2P1P/R2Q1RK1 w - - 1 16,d1d3 g6h4 e4f6 g7f6 d3h7 g8f8 h7h6 f8e7 h6h4 h3h4,2109,77,74,293,advantage middlegame quietMove veryLong,https://lichess.org/54ksNAiZ#31,Queens_Pawn_Game Queens_Pawn_Game_Other_variations
0woVy,8/8/5B2/1p3p1p/1k3K2/5P2/p6P/8 w - - 0 54,f4f5 b4a3 f5g6 b5b4 f3f4 b4b3,2105,79,89,632,bishopEndgame crushing endgame long quietMove,https://lichess.org/TyAvv3Bi#107,
0wz5q,8/p7/6p1/1p3k1p/5P2/1P2KP1P/P7/8 w - - 0 46,a2a3 h5h4 e3f2 f5f4,2139,75,94,1039,crushing endgame master pawnEndgame quietMove short zugzwang,https://lichess.org/HUSEZUvv#91,
0xc4M,5r2/8/1P1k4/R7/P3p1P1/3p3P/5K2/8 w - - 2 47,f2e1 e4e3 b6b7 e3e2 e1d2 f8e8 b7b8q e8b8 a5b5 b8f8 b5b3 f8f3,2177,131,78,20,advancedPawn crushing endgame quietMove rookEndgame veryLong,https://lichess.org/MLOVPbVa#93,
0xepE,r2q1rk1/ppp1bppp/1n1p4/8/1nPPQ3/2N2N2/P4PPP/R1B2RK1 b - - 1 12,b6c4 d4d5 c4e5 e4b4 e5f3 g2f3,2194,78,91,1496,advantage discoveredAttack long opening quietMove,https://lichess.org/Us4IeL7O/black#24,Alekhine_Defense Alekhine_Defense_Exchange_Variation
0xziq,6k1/pb2r1pn/1p6/2bp4/P1q3N1/4B1PB/1PQ2P1P/5RK1 w - - 3 33,c2g6 d5d4 e3d2 c4d5 f2f3 d4d3,2181,76,76,131,advantage clearance discoveredAttack long master middlegame quietMove,https://lichess.org/k6YRs0Kj#65,
0yGQr,8/4k1p1/p3p2p/P1ppKn1P/8/1P3P2/2P2B2/8 b - - 4 45,c5c4 b3b4 e7d7 b4b5 f5d6 b5a6,2106,79,84,45,crushing endgame long quietMove,https://lichess.org/xgKv9TcD/black#90,
0yUHp,r4r1k/p4p1p/3p1Pp1/1bpP4/1q2P3/5RN1/1B4PP/2Q3K1 b - - 7 26,b4c4 c1h6 f8g8 f3f4 c4e2 g3e2,2157,108,80,15,crushing long middlegame quietMove,https://lichess.org/wEPJCDOY/black#52,
103C5,1kr4r/p1p3p1/P2npp2/Rq5p/1P1P4/2Q1P1P1/5PP1/2R3K1 b - - 2 27,b5e2 c3c6 h5h4 c1c5 h8h5 c5h5,2177,127,37,15,clearance crushing long middlegame quietMove,https://lichess.org/L7fBfAYu/black#54,
10Y56,8/4k2p/ppp3p1/2P1Kp2/PP3P2/6PP/8/8 b - - 0 36,b6b5 a4a5 h7h6 g3g4 f5g4 h3g4,2147,74,86,144,crushing endgame long pawnEndgame quietMove zugzwang,https://lichess.org/QX170CFG/black#72,
10pxa,3q2k1/p4p1p/6pr/1pR5/8/5Q1P/PP3P2/6K1 b - - 0 30,d8d7 f3c3 g6g5 c5c8 d7c8 c3c8,2169,92,86,41,advantage endgame long quietMove,https://lichess.org/euxPXz6V/black#60,
10yKL,8/8/2p5/1pR2ppp/1Bp5/3bkPK1/6PP/8 w - - 2 38,c5c6 f5f4 g3h3 d3f5 g2g4 h5g4 f3g4 f5d3 h3g2 d3e4 g2f1 e4c6,2159,127,100,51,crushing endgame fork quietMove veryLong,https://lichess.org/fxlrREKJ#75,
1107g,2k5/pbp5/1p2p1P1/2p1P3/6K1/P1N5/1PPr1Pr1/2R2R2 w - - 1 30,g4h5 d2d8 h5h6 d8g8,2196,79,87,49,advantage endgame quietMove short,https://lichess.org/5krOHmDH#59,
11PAJ,8/5p2/p4k2/4p2p/2P1P2P/4K3/6P1/8 b - - 0 37,f6e6 g2g4 h5g4 h4h5 a6a5 h5h6,2157,79,86,297,crushing endgame long pawnEndgame quietMove,https://lichess.org/SFkCW4Yb/black#74,
11hgP,8/p1R1P3/7k/6pp/1P2K3/P2r3P/1r6/8 b - - 1 35,d3d2 c7c3 d2e2 c3e3 e2e3 e4e3,2196,95,85,19,crushing defensiveMove endgame long quietMove rookEndgame,https://lichess.org/jBJS6Ert/black#70,
11mW4,8/1p1b2k1/p2p2p1/2pPp3/P1q3P1/2N2P2/1P5R/2K4R b - - 1 29,d7a4 g4g5 c4f4 c1b1 f4h2 h1h2,2127,77,89,131,crushing endgame long quietMove,https://lichess.org/kfMWFbru/black#58,
11s3b,r3k2r/2pb1pp1/p3pn1p/3pN3/1q1P3R/2N1PQP1/1PP2PP1/1K1R4 w kq - 0 18,h4f4 a8b8 b1c1 b4b2 c1d2 b8b3,2121,81,90,882,advantage fork long middlegame pin quietMove,https://lichess.org/1X8WsaiA#35,Indian_Defense Indian_Defense_Other_variations
122yT,5q1k/p5p1/3p3p/1Pp5/7P/P4Q2/4KP2/8 b - - 0 36,f8f3 e2f3 h8g8 a3a4 g8f7 a4a5,2146,79,87,483,crushing defensiveMove endgame long quietMove,https://lichess.org/6UcwMl9u/black#72,
12agC,5r1k/ppb3p1/2nN3p/2PQp3/4P1q1/P1P3B1/6PP/3R2K1 w - - 5 29,d6b7 c6d4 d1e1 d4e2 e1e2 g4e2,2169,75,98,204,advantage kingsideAttack long middlegame quietMove,https://lichess.org/K7YhYn2c#57,
12bWO,8/1p3pp1/2k1p3/p3P1p1/2PK2P1/8/PP4P1/8 w - - 0 37,a2a3 a5a4 d4c3 c6c5 b2b4 a4b3,2123,78,78,99,crushing enPassant endgame long pawnEndgame quietMove,https://lichess.org/5eu2K9fE#73,
12h2P,rn3rk1/1b3p1p/1p3Bp1/p3N3/2B5/1P6/Pq1n1PPP/4QRK1 b - - 2 20,d2f1 e5g4 b2f6 g4f6,2184,76,90,612,crushing kingsideAttack master middlegame quietMove short,https://lichess.org/xfMf9kK5/black#40,
12uqp,4r1k1/1pp3pp/p3Pr2/3P1p2/5Qbq/2NB4/PPP5/4RRK1 w - - 3 20,e6e7 f6g6 e1e6 g4f3 e6g6 h4f4,2141,76,92,1725,advantage discoveredAttack exposedKing interference long middlegame quietMove,https://lichess.org/NoIub1kV#39,
1307y,8/8/2k5/P2p4/4pp2/1NK5/8/8 w - - 1 52,c3b4 f4f3 b3d2 f3f2 d2f1 d5d4 b4c4 e4e3 c4d3 c6b5 f1g3 b5a5,2157,94,80,25,advancedPawn crushing endgame knightEndgame quietMove veryLong,https://lichess.org/k1iVlvop#103,
139Wd,8/pp5p/6p1/3Q4/5p2/2P2k2/4qB2/6K1 b - - 9 56,e2e4 c3c4 g6g5 g1f1 e4d5 c4d5,2193,170,100,48,crushing endgame long master masterVsMaster quietMove,https://lichess.org/k7gq0ygU/black#112,
13Bxb,8/5bp1/1Q3pkp/2p5/3b2PP/3P1P2/1p1K4/8 w - - 1 41,h4h5 g6g5 d2c2 f7a2 b6b2 d4b2,2126,77,92,2701,crushing endgame long quietMove,https://lichess.org/FT4uuMrR#81,
13aFS,8/8/3p1kP1/2p1pP2/8/3P2K1/5P2/8 w - - 1 50,g3h4 e5e4 d3e4 c5c4 f2f4 c4c3 e4e5 d6e5 f4e5 f6g7 h4h5 c3c2,2108,75,78,79,advancedPawn crushing endgame pawnEndgame quietMove veryLong,https://lichess.org/6ZLMqu9z#99,
14K3O,rk1q3r/ppp4p/3bBn2/6p1/3P4/1PN2P1K/P1P2P1P/R2QR3 w - - 0 20,c3e4 f6h5 h3g2 h5f4 g2f1 f4e6 e4d6 d8d6,2159,143,80,8,crushing exposedKing fork middlegame quietMove veryLong,https://lichess.org/tzUFOfrB#39,
14OTT,r2r2k1/3nRp1p/pb4p1/1p1P4/4P3/1P2NPn1/PB1P2K1/R7 b - - 5 26,b6c7 e3g4 g8f8 b2a3,2117,84,63,44,advantage defensiveMove middlegame quietMove short,https://lichess.org/xyJCL3XU/black#52,
14dAd,8/ppk5/4p3/2p1Pp2/8/5KP1/PPP5/8 b - - 1 28,c7c6 c2c4 b7b5 b2b3 c6b6 f3f4 b5c4 b3c4,2194,75,97,338,crushing endgame pawnEndgame quietMove veryLong,https://lichess.org/6DDSOcWo/black#56,
15LKf,8/1p6/2b5/6k1/5pP1/P2B1P2/5K2/8 w - - 9 58,d3e4 c6e4 f3e4 g5g4 a3a4 b7b6 e4e5 g4f5,2130,76,94,1258,bishopEndgame crushing endgame master quietMove veryLong zugzwang,https://lichess.org/37JN81CE#115,
15PgT,2b4r/p1q2pk1/1p6/3Q2p1/2Bp4/3P4/PP3PPb/RN3R1K w - - 2 19,d5g5 g7f8 g5f6 h8h7 f6f7 h7f7,2189,104,67,28,crushing long middlegame quietMove,https://lichess.org/UTfu6DYN#37,Italian_Game Italian_Game_Schilling-Kostic_Gambit
15TGR,2kr4/pppq1p2/2n2p1p/2Pp2r1/P2Pp3/2P1P3/4BPPP/1R1Q1RK1 w - - 2 17,e2b5 d7h3 g2g3 g5h5 d1h5 h3h5,2162,79,67,107,advantage long middlegame pin quietMove,https://lichess.org/6mma4USz#33,Queens_Gambit_Declined Queens_Gambit_Declined_Ragozin_Defense
15bFP,8/8/1k5B/2p5/p2pK1P1/P7/8/6b1 b - - 1 66,g1h2 g4g5 c5c4 g5g6,2189,78,90,621,bishopEndgame crushing endgame quietMove short,https://lichess.org/uWW3XmlQ/black#132,
15gOK,2rbr1k1/1pB2pp1/1P4p1/1N1p4/3Nn3/4P2q/2Q2P2/1R3RK1 w - - 0 26,c2e2 d8c7 b6c7 e8e5 f2f4 e5h5,2198,81,84,74,crushing defensiveMove long middlegame quietMove,https://lichess.org/41QCZ3pN#51,
16j8f,1Q6/5pkp/4b1p1/1ppr4/7P/P1P2PP1/1P2RPBK/3q4 w - - 4 29,b8b5 c5c4 b5c4 d5e5 e2e5 e6c4,2103,75,86,143,advantage discoveredAttack endgame long quietMove,https://lichess.org/tUsdcIRQ#57,
17OMA,8/p7/1p1k4/4p3/PP2K3/2P5/8/8 b - - 0 40,a7a5 b4b5 d6e6 c3c4 e6d6 e4f5 e5e4 f5e4,2185,76,90,332,crushing endgame master pawnEndgame quietMove veryLong zugzwang,https://lichess.org/mkXZ25qn/black#80,
17g52,r7/8/p4PR1/3k2P1/5K2/P1p5/8/8 w - - 0 49,f4e3 a8c8 g6h6 c3c2,2168,77,80,69,advancedPawn crushing endgame quietMove rookEndgame short,https://lichess.org/yNSAkLqQ#97,
18CXb,8/1p4r1/p3k3/R3p3/8/3Pp3/PPP3P1/6K1 w - - 0 32,a5c5 g7f7 d3d4 e5d4,2127,77,89,106,crushing endgame master quietMove rookEndgame short,https://lichess.org/qtT0VncS#63,
18VSY,8/1pp3pp/4k3/1P6/2P1K1P1/7P/8/8 w - - 1 36,c4c5 g7g5 e4d4 b7b6 c5b6 c7b6,2138,138,100,13,crushing endgame long pawnEndgame quietMove zugzwang,https://lichess.org/CltpetX1#71,
18z2e,8/3p4/8/8/1p1k3P/8/8/3K4 b - - 0 45,d4c3 h4h5 b4b3 d1c1 b3b2 c1b1 d7d6 h5h6,2141,78,91,1223,crushing endgame pawnEndgame quietMove veryLong,https://lichess.org/H1UsBFu2/black#90,
198Ll,8/5ppk/7p/3P4/1P3Qb1/2P3Pq/P3rP1P/R3B1K1 w - - 3 28,a2a4 f7f5 d5d6 e2e4 f4g4 h3g4 d6d7 g4g5,2150,126,82,45,advantage endgame quietMove veryLong,https://lichess.org/DZzHRacE#55,
19TfW,3r4/8/3pR2p/p1p2p1k/1bN4P/6P1/5P1K/8 b - - 3 46,d6d5 c4e5 b4c3 e5f7,2125,82,79,80,advantage endgame quietMove short,https://lichess.org/zdN9fMUf/black#92,
19U5w,8/2r2kpp/1K6/2p1p3/2Ppp3/6P1/P3R2P/8 b - - 1 34,f7e6 b6c7 e4e3 a2a4 e5e4 a4a5 d4d3 e2e3,2102,77,92,986,crushing endgame hangingPiece quietMove rookEndgame veryLong,https://lichess.org/qX25PQpn/black#68,
19mFG,2b5/8/8/3KB3/5Pkp/1P6/8/8 w - - 0 47,d5d4 c8f5 d4e3 g4g3 e5f6 h4h3,2166,81,90,896,bishopEndgame crushing endgame long quietMove,https://lichess.org/VW2MruoS#93,
1A2KU,2r3nr/2PR4/5pkp/4p3/1P2Ppp1/8/6PP/5R1K b - - 0 33,h8h7 d7h7 g6h7 f1c1 g8e7 b4b5,2124,75,87,428,crushing defensiveMove endgame long quietMove,https://lichess.org/3ex6MMWd/black#66,
1A8Eb,4b3/2k5/8/2P1N1Pp/pK1nP2P/5P2/8/8 w - - 3 43,g5g6 d4c6 e5c6 c7c6 g6g7 e8f7 b4a4 c6c5,2150,75,93,2508,crushing endgame quietMove veryLong,https://lichess.org/k5DQpq97#85,
1ACnI,r2b4/5pk1/2npq3/1pp1p1p1/p3PPN1/2PP2P1/1PBQ1PKR/8 b - - 0 31,e6g4 f4f5 a4a3 b2a3,2190,78,91,636,crushing middlegame quietMove short,https://lichess.org/B4FgCon5/black#62,
1AGWO,8/2p5/7p/3p2k1/5bPN/5K2/2P2P2/8 w - - 7 36,h4g6 f4d6 g6h8 g5f6,2107,96,86,18,crushing defensiveMove endgame quietMove short,https://lichess.org/ajsfVDgs#71,
1AHTh,2kr1b1r/Qpp2ppp/8/3P1n2/2B1n3/P3Bq1P/1PP2P2/R4RK1 b - - 0 16,f8d6 c4b5 c7c6 d5c6,2138,79,76,68,crushing middlegame quietMove short,https://lichess.org/LufEqmEY/black#32,Scandinavian_Defense Scandinavian_Defense_Mieses-Kotroc_Variation
1AJ7y,1n6/2k1bppb/p3p2p/1pP1P3/KP2NP2/4BBP1/7P/8 w - - 0 32,a4a5 e7d8 c5c6 c7c6 e3b6 d8b6,2155,76,93,7619,discoveredAttack endgame long mate mateIn3 quietMove,https://lichess.org/eOfe3kd2#63,
1AlRz,8/1p5p/2p1k2P/5p2/1PPPpK2/8/5P2/8 b - - 0 38,b7b6 f4g5 b6b5 c4c5 f5f4 g5f4,2159,118,92,28,crushing endgame long pawnEndgame quietMove zugzwang,https://lichess.org/i0tNeZxW/black#76,
1AshR,8/6p1/7p/1K4kB/2P3P1/4b3/8/8 w - - 3 49,c4c5 g7g6 c5c6 e3f4 b5c4 g6h5 g4h5 g5h5,2112,79,92,963,bishopEndgame crushing endgame quietMove trappedPiece veryLong,https://lichess.org/cThSM4pm#97,
1B4oo,5r2/6R1/2b2p2/1pPp1B2/p1nPp2k/P1B1Pp2/5P1K/8 b - - 1 44,c4a3 c3a5 a3c4 a5c7,2125,100,83,28,advantage defensiveMove endgame quietMove short,https://lichess.org/aNknEnEM/black#88,
1B7z4,r4r2/bb1n1Bk1/p1p1p3/1pP5/1P1P2R1/P5P1/6PP/5RK1 b - - 2 24,g7h6 f1f4 f8f7 f4f7,2129,133,30,24,crushing middlegame quietMove short,https://lichess.org/2GRiWbro/black#48,
1Bdoi,r1b3k1/pp2n1q1/3p3p/3Pp3/PP2P2N/3B1QpP/6P1/R5K1 b - - 0 22,g7g5 a1f1 c8h3 f3f7 g8h8 f7e7 g5e7 h4g6 h8g7 g6e7,2144,78,92,7120,advantage attraction exposedKing fork middlegame quietMove sacrifice veryLong,https://lichess.org/XXeHadJn/black#44,
1BqWo,8/p5p1/4k3/1p2p3/1P1p2PP/P2K1P2/8/8 b - - 1 37,e6d5 h4h5 d5e6 d3e4,2173,77,88,860,crushing endgame master pawnEndgame quietMove short,https://lichess.org/P0TKCaK8/black#74,
1C4FC,6k1/4pn1p/P2p2p1/3P4/5r2/8/6K1/R7 b - - 0 37,f7h6 a6a7 f4f8 a1b1 g8f7 b1b8 f8b8 a7b8q,2136,88,80,57,advancedPawn advantage endgame promotion quietMove veryLong,https://lichess.org/taK2OOru/black#74,
1CZEH,5n2/5k2/2n3p1/4p1PQ/3p4/5PKN/P1q5/7R w - - 0 31,h5g4 c6e7 h3f2 e7f5,2140,93,86,32,crushing endgame quietMove short,https://lichess.org/pCzvdnVk#61,
1Cdy5,7r/pp1P4/8/2PK4/1P2pk2/P7/5P2/8 b - - 0 44,f4f3 b4b5 f3f2 d5e4 h8d8 c5c6,2145,77,84,166,crushing endgame long quietMove rookEndgame,https://lichess.org/jSmLcZ3s/black#88,
1Cnk3,8/2p5/3b4/1N6/2p2p1P/5P2/1k1K4/8 b - - 7 49,b2b3 b5d6 c7d6 d2c1 b3c3 h4h5 c3d4 h5h6,2151,79,87,210,crushing endgame quietMove veryLong,https://lichess.org/WzUobDcs/black#98,
1E2f3,6k1/p1B1n1p1/7p/1p6/3P4/P1R1P1Q1/5P1P/3qnK2 w - - 2 35,e3e4 e7g6 c3c1 d1c1,2179,106,85,33,crushing endgame quietMove short,https://lichess.org/uDRwsIVo#69,
1EHjD,8/5Kp1/8/R4P1p/8/8/pb5P/1k6 w - - 2 56,f7g6 h5h4 g6h5 b2f6,2114,78,90,562,crushing defensiveMove endgame master quietMove short,https://lichess.org/MAvckXuY#111,
1EOq6,6k1/ppR2Rp1/6rp/r4N2/7P/3bPK2/6P1/8 w - - 3 30,f5g7 a5a1 e3e4 a1f1 f3e3 f1f7,2181,82,95,62,crushing endgame long quietMove,https://lichess.org/UvKoSi0d#59,
1EdPp,8/1p3k2/2p3P1/2Pp3P/p1nN3K/8/8/8 b - - 0 50,f7f6 d4f5 d5d4 g6g7,2127,74,93,11237,advancedPawn crushing endgame knightEndgame quietMove short,https://lichess.org/LJkidv0p/black#100,
1EnIm,3r2k1/1p1P1ppp/p5n1/5N2/P1r5/8/1P3RPP/3R1K2 b - - 0 30,c4c7 f2e2 g8f8 e2e8 d8e8 d7d8q,2136,77,94,404,advancedPawn advantage endgame long promotion quietMove,https://lichess.org/T0LcuZko/black#60,
1FZzI,8/p4pp1/7k/1p1Q4/3P4/2P3P1/Pq3PKP/8 w - - 1 39,d5b3 b2b3 a2b3 a7a5 d4d5 h6g6,2142,75,82,93,advantage defensiveMove endgame long queenEndgame quietMove,https://lichess.org/NXdeb6Dv#77,
1GRgF,1r6/1P6/1R5p/7P/4p3/4p1k1/4K3/8 b - - 1 55,g3f4 b6b5 f4g4 e2e3,2195,80,82,107,crushing endgame master quietMove rookEndgame short zugzwang,https://lichess.org/MHlgmdtD/black#110,
1GSwe,8/5pkp/6p1/1R2P3/5KPP/r7/8/8 w - - 1 35,f4g5 a3f3 h4h5 h7h6 g5h4 g6g5,2109,76,96,3420,endgame long mate mateIn3 quietMove rookEndgame,https://lichess.org/WnzshCSp#69,
1GTMh,r1b1R3/5kp1/p1p2r1p/1p1p2n1/3P2Pq/PBN1Q2P/1P3PK1/R7 b - - 3 26,f6f3 e3e7 f7g6 b3c2 c8f5 c2f5 f3f5 g4f5 g6h7 a1h1 a8e8 e7e8,2131,78,84,122,crushing middlegame quietMove veryLong,https://lichess.org/ScnKb2Sr/black#52,
1H0J2,3r1rk1/ppp2ppp/3bq3/4p3/1n2P1P1/1P2B2P/P1PQ1P1N/1K1R3R b - - 0 17,d6c5 d2d8 e6a6 a2a4 f8d8 d1d8 c5f8 e3c5,2193,80,90,690,crushing middlegame pin quietMove veryLong,https://lichess.org/lHzJyolz/black#34,Four_Knights_Game Four_Knights_Game_Italian_Variation
1H1M8,r6k/8/p4NR1/n7/1pp5/4B3/Pb4PP/6K1 b - - 1 31,c4c3 e3h6 c3c2 h6g7,2116,79,90,946,endgame mate mateIn2 quietMove short,https://lichess.org/a7r6oeNL/black#62,
1HS00,8/8/3k3p/p4P2/2p5/1nP2K2/2BP4/8 w - - 1 42,d2d4 a5a4 f3g4 a4a3 c2b1 b3d4,2105,99,69,35,crushing endgame long quietMove,https://lichess.org/wQhmobKq#83,
1HXv7,4r3/5p2/8/P7/1PP5/2KPpk1P/4R3/8 w - - 1 44,e2e3 f3e3 b4b5 f7f5 b5b6 f5f4 b6b7 f4f3 a5a6 f3f2 a6a7 f2f1q,2124,76,93,1323,advancedPawn crushing endgame hangingPiece promotion quietMove rookEndgame veryLong,https://lichess.org/fiXHOrF6#87,
1I54b,r4k1r/ppp1n2p/2n1b1p1/4P1Q1/3qpB2/2N5/PPP2PPP/R4RK1 b - - 1 13,d4c4 g5f6 f8g8 f4h6 e7f5 b2b3,2138,78,90,82,advantage clearance fork long middlegame quietMove,https://lichess.org/4hi0W7o2/black#26,Elephant_Gambit Elephant_Gambit_Other_variations
1IKcE,3r1r1k/6pp/2pb1q2/2B5/8/P4pP1/1PQ2P1P/1R2R1K1 w - - 3 27,c5e3 f6e6 g1h1 e6h3 e1g1 f8f5 c2f5 h3f5,2152,74,90,1313,advantage middlegame quietMove veryLong,https://lichess.org/IL9CMJgl#53,
1JJcp,8/6pp/p3prk1/1q1p4/1P6/6Q1/1P3PPP/2R4K b - - 11 34,g6h6 h2h4 d5d4 c1c5 f6f5 c5b5,2114,79,86,157,crushing endgame long quietMove,https://lichess.org/hA9bR0O8/black#68,
1JU2f,6k1/B7/2P5/5p2/5bp1/7p/PP6/7K b - - 1 42,g4g3 a7b6 g8f7 c6c7 g3g2 h1g1 f4c7 b6c7,2195,79,91,4533,advancedPawn bishopEndgame crushing endgame quietMove veryLong,https://lichess.org/lc8LwmY4/black#84,
1JrAc,3r1r1k/4n1p1/p1ppQ2p/4ppq1/P3P3/2PPN2P/5PP1/R4RK1 w - - 2 21,e3c4 e7g6 f2f4 g6f4,2131,85,80,34,crushing middlegame quietMove short,https://lichess.org/HPK9iK3u#41,
1KXMb,8/5p2/p7/2K2p2/P4k1P/7P/8/8 w - - 0 36,c5b6 f4e5 h4h5 f5f4 h5h6 e5f6,2139,74,93,5352,crushing defensiveMove endgame long pawnEndgame quietMove,https://lichess.org/OC8fbdFS#71,
1Kc0G,8/p7/4k2p/4P2P/2p2KP1/P7/8/8 w - - 0 46,f4e3 e6e5 a3a4 a7a5 e3d2 e5f4 d2c3 f4g4 c3c4 g4h5,2163,75,95,731,crushing endgame pawnEndgame quietMove veryLong,https://lichess.org/Q9XYTeYg#91,
1KwpJ,8/pR3Qpk/2p1p2p/8/3q1n2/7P/5PP1/6K1 w - - 3 38,b7d7 d4a1 g1h2 f4e2 f7g7 a1g7 d7g7 h7g7,2144,75,96,1030,crushing endgame quietMove veryLong,https://lichess.org/71eV0ORu#75,
1KzL6,r3brk1/p1q1p1b1/5p2/1pp1pP2/4P1QP/2PP1R2/PP2B1P1/R5K1 b - - 2 23,g8f7 f3g3 f8g8 h4h5,2197,78,90,158,crushing defensiveMove middlegame quietMove short,https://lichess.org/Fw6Suieq/black#46,
1LHL8,3r4/pp1q1p1k/5Q1p/8/5B2/7P/5PP1/6K1 b - - 2 40,h7g8 f4e5 d7d1 g1h2 g8f8 f6h8 f8e7 e5f6,2132,120,56,14,advantage endgame quietMove veryLong,https://lichess.org/JMTl7mLk/black#80,
1LW5T,4q3/p5k1/1p2p1pQ/3p1r2/3Pp1N1/4P1P1/PPr2PK1/5R2 b - - 7 33,g7g8 f1h1 g8f7 h6h7 f7f8 h7h8 f8e7 h1h7 e7d8 h8g7 f5f7 g7f7 e8f7 h7f7,2159,78,81,57,advantage endgame exposedKing kingsideAttack quietMove veryLong,https://lichess.org/DsgoaJsu/black#66,
1LZBW,5kr1/1p1Q2p1/6p1/p4p2/7R/2P2K2/1q4PP/8 b - - 6 36,b2b6 h4c4 b6c6 c4c6,2120,75,73,85,crushing endgame master quietMove short,https://lichess.org/9Ak30S15/black#72,
1Lm7B,R7/1r3p2/1B2p1p1/Pk2P2p/1b3P2/3p1K2/5P1P/8 w - - 0 34,f3e3 b7d7 a8d8 d7d8 b6d8 b5c4,2191,102,87,23,crushing defensiveMove endgame long quietMove,https://lichess.org/7e5dnpaL#67,
1Ln1o,5rk1/1r3pp1/2b1p3/2RpQ2p/8/4BP1P/5NPK/5q2 b - - 1 39,f1a6 e3d4 f7f6 e5e6 g8h8 c5c6,2183,106,64,25,advantage long middlegame quietMove,https://lichess.org/O0HVwO91/black#78,
1LrJ9,8/1p2B2b/7P/1P1k1pK1/4p3/P7/8/8 w - - 0 42,g5f6 f5f4 e7d8 e4e3 d8b6 d5e4,2154,103,63,20,bishopEndgame crushing defensiveMove endgame long master quietMove,https://lichess.org/SU9eQJme#83,
1M4Vb,rn1q1r2/pp3pp1/3b2k1/2p2bN1/3p4/5Q2/PPP2PPP/R1B1R1K1 b - - 5 14,b8c6 h2h4 d8d7 h4h5 g6h6 g5e6 h6h7 f3f5,2186,83,88,85,advantage discoveredAttack exposedKing interference middlegame quietMove veryLong,https://lichess.org/l2YH9zPr/black#28,Caro-Kann_Defense Caro-Kann_Defense_Breyer_Variation
1MKay,8/2Pk3p/3B4/p2rPp1P/1p1p2r1/1P3K2/P7/3R4 b - - 0 46,g4h4 d1g1 h4g4 e5e6 d7d6 c7c8q g4g1 c8d7,2197,130,83,14,advancedPawn crushing deflection endgame exposedKing promotion quietMove veryLong,https://lichess.org/mp1ksPGP/black#92,
1NDPe,8/6P1/2k5/4B1N1/1b1P4/1b2K3/p7/8 w - - 0 57,g5h7 b3d5 g7g8q d5g8,2154,76,80,121,crushing endgame quietMove short,https://lichess.org/vUDEF0iW#113,
1Nq5e,4r1k1/1pp3p1/p2p4/8/8/q6P/5QPK/5R2 b - - 1 32,e8e5 f2f7 g8h7 f1f4 a3e3 f4h4,2107,76,91,2402,clearance crushing endgame long quietMove,https://lichess.org/RxGakaf6/black#64,
1Ns00,1r2k1r1/p3p3/3pP1Np/2p3pP/1PP1n3/4P3/6P1/1R3RK1 b - - 0 24,c5b4 f1f7 b8b7 b1f1 e8d8 f7f8 g8f8 f1f8 d8c7 g6e7,2135,76,83,73,clearance crushing endgame interference quietMove veryLong,https://lichess.org/BWn3gD4S/black#48,
1OdEw,2kr2nr/2p3p1/R2p1pb1/1Q5p/3P2PB/P1P2q1P/5P2/1R4K1 b - - 1 23,g6b1 d4d5 f3d1 g1h2 d1d5 b5d5,2151,75,92,1939,crushing defensiveMove long middlegame quietMove,https://lichess.org/ah9YQHC6/black#46,
1OenY,R7/4k1pp/5p2/P7/8/6nP/1r1p2P1/R5K1 w - - 0 33,a5a6 b2c2 g1h2 c2c1 a1c1 d2c1q,2101,94,82,33,advancedPawn crushing endgame long promotion quietMove,https://lichess.org/EVKDeZ00#65,
1PFuQ,8/8/4Nppk/1R3n2/2p4p/P1P2B1P/1P3rPK/1b6 w - - 2 39,b5c5 f5g3 c5c4 g6g5,2121,78,89,597,advantage defensiveMove endgame quietMove short,https://lichess.org/zk15GpHh#77,
1PGbw,8/5Qpk/3p3p/1pqP4/8/2r4P/5PPK/3R4 b - - 1 32,c3c2 f7f5 h7g8 d1e1 c5c8 f5g6,2152,79,76,46,crushing endgame long quietMove,https://lichess.org/rtMo3v1f/black#64,
1QMkB,8/8/n1k5/1p3p1p/1PpPpP2/4P2P/N2K4/8 w - - 0 45,d2c3 a6c7 c3d2 c7d5,2108,76,86,68,crushing endgame knightEndgame master quietMove short,https://lichess.org/x5ZaGkDC#89,
1QNQG,3r2k1/1pq2pb1/p1p1p1p1/2Pr2P1/PP1P1P2/7Q/1B1R4/5RK1 b - - 5 27,g7d4 b2d4 d5d4 d2h2 g8f8 h3h8 f8e7 h8f6 e7d7 f6d4,2193,75,96,1494,crushing interference kingsideAttack middlegame quietMove veryLong,https://lichess.org/FRc8oVgB/black#54,
1QTVw,5rk1/3n1pp1/2pb1n2/q2p1PB1/1p1P4/3B3P/1PPQ4/rNKR2R1 w - - 3 21,g5h6 a1b1 c1b1 f8a8 g1g7 g8h8,2177,75,92,264,crushing long middlegame quietMove sacrifice,https://lichess.org/tql5l8cj#41,
1QYaw,8/2b4p/7k/7P/6K1/5N2/8/8 b - - 0 57,c7d8 f3d4 h6g7 d4e6 g7f6 e6d8,2159,76,91,719,crushing endgame exposedKing fork long quietMove,https://lichess.org/Oft9tTTg/black#114,
1QZMg,8/p1r2p1k/b1P4p/5p2/8/8/P3RPPP/3B2K1 w - - 0 31,e2c2 c7e7 f2f3 e7e1,2162,100,0,18,advantage endgame master quietMove short,https://lichess.org/BOSjeA6j#61,
1RETO,8/4pk2/2p3pp/p3K3/P1P2P2/7P/8/8 b - - 0 34,f7f8 e5e6 f8e8 c4c5 e8f8 e6d7 g6g5 f4g5,2109,75,86,441,crushing endgame pawnEndgame quietMove veryLong zugzwang,https://lichess.org/s9sxINGE/black#68,
1RRxY,8/R4k2/5p2/5Np1/4P3/p7/r5P1/b5K1 b - - 1 46,f7g6 g2g4 a1d4 f5d4,2131,77,83,100,crushing endgame quietMove short,https://lichess.org/Yzpb79lh/black#92,
1Rm6F,8/5p2/4pB2/3pPkq1/3P3R/8/6PK/8 b - - 4 40,g5g6 g2g3 g6g8 h4f4 f5g6 f4g4,2108,74,93,4042,crushing endgame long master quietMove,https://lichess.org/eqwog7n8/black#80,
1Sxkj,4Rr1k/ppR2Ppp/3q4/8/3p4/7P/P5P1/7K b - - 1 33,d4d3 c7c8 g7g6 e8f8 h8g7 f8d8 d6d8 c8d8,2189,94,82,52,crushing endgame pin queenRookEndgame quietMove veryLong,https://lichess.org/oZcIgFjO/black#66,
1TPLP,8/5N2/8/P2K4/8/6kp/3B4/6b1 w - - 0 54,d2c3 g1e3 d5e4 e3f4 f7e5 h3h2,2122,75,97,62,advancedPawn advantage endgame long master quietMove,https://lichess.org/3d9FPwd0#107,
1TYPr,8/8/1k1Bp1bp/pp1pPp2/1P1P1P2/4K2P/8/8 w - - 0 55,b4a5 b6a5 e3d3 b5b4 d6f8 h6h5,2120,86,81,26,bishopEndgame crushing defensiveMove endgame long quietMove,https://lichess.org/kx5WOH5E#109,
1TpRh,5k2/pp1Rb3/4P1p1/1r3p1p/r5P1/7P/P7/B4R1K b - - 0 32,h5g4 f1c1 a4c4 c1c4,2173,77,92,3378,crushing endgame quietMove short,https://lichess.org/9515yQQl/black#64,
1U1vw,2r5/p3kpQ1/1p2p3/3nP3/3P4/6P1/1q3PP1/2r1NRKR b - - 0 30,b2d4 h1h7 c8f8 g7g5 e7e8 g5c1,2116,76,91,1013,crushing fork long middlegame quietMove,https://lichess.org/10cs9vl1/black#60,
1UPr7,8/p3r1p1/1p4kp/8/3R4/1P3KPP/5P2/8 w - - 4 32,d4e4 e7e4 f3e4 a7a5 e4d4 b6b5,2161,75,83,168,crushing defensiveMove endgame long quietMove rookEndgame,https://lichess.org/k3LNqK7o#63,
1V0dm,8/7p/pk2rbp1/1pR5/5P2/P1pK2P1/7P/3R4 w - - 6 35,c5d5 b6c6 f4f5 e6e8 d3c2 e8e2,2126,78,92,2445,crushing endgame long quietMove,https://lichess.org/hkBImgmT#69,
1V8KO,2k4r/bp5p/4r3/pP1N2p1/P2p3q/3P4/2P3PP/R2Q1RK1 w - - 0 23,b5b6 a7b8 d5c7 e6b6 g2g3 h4h3 c7d5 b6h6 d1e2 b8g3,2198,83,72,96,advantage middlegame quietMove veryLong,https://lichess.org/gCsajyi2#45,
1VR89,5r1k/3R2p1/1p5p/1Pq1r3/8/6PP/Q4P2/3R2K1 w - - 7 35,d1d5 e5e1 g1g2 c5c1 d5d1 e1d1 d7d1 c1d1,2180,75,94,9022,crushing endgame quietMove veryLong,https://lichess.org/5Pwo3AXx#69,
1VRgg,k2rr3/1Rp2p2/B4n1b/5P2/3qN2p/5Q2/P1P3PP/5R1K b - - 0 29,d4e4 f3a3 h6f8 a3a5 e4b7 a6b7,2110,77,81,278,advantage doubleCheck long middlegame quietMove,https://lichess.org/WVW6m3QT/black#58,
1VRv5,3r1rk1/pb1n1pbp/1pq5/2p1p3/4P3/1PP2NQP/PB4B1/R2R2K1 b - - 0 24,c6e4 f3h4 e4c2 g2b7,2182,75,84,262,advantage discoveredAttack master middlegame quietMove short skewer,https://lichess.org/hySxTOld/black#48,
1VcZg,8/8/7p/p3kp2/P1P5/4K2P/8/8 b - - 1 51,h6h5 h3h4 f5f4 e3f3 e5f5 c4c5 f5e5 c5c6,2180,76,91,183,crushing defensiveMove endgame pawnEndgame quietMove veryLong zugzwang,https://lichess.org/k8K5FxJU/black#102,
1VlxC,4r1k1/4P2p/p5p1/8/3R4/BKP5/P4r1P/8 b - - 2 35,f2h2 d4f4 g8g7 f4f8 e8e7 a3e7,2138,77,94,2219,advantage endgame long quietMove,https://lichess.org/JTy7HT7y/black#70,
1VpNL,8/8/2k5/p3p2p/2K2p1P/1P3P2/6P1/8 b - - 0 45,c6b6 c4d5 b6b5 d5e5 b5b4 e5f4 b4b3 g2g4 a5a4 g4g5 a4a3 g5g6 a3a2 g6g7 a2a1q g7g8q,2127,76,91,875,advancedPawn crushing endgame pawnEndgame promotion quietMove veryLong,https://lichess.org/grFpoEQ4/black#90,
1WBOn,2k5/p1p1q2p/2p3p1/3b3r/3B2n1/1P2P3/P1PPR1PP/RN2Q1K1 w - - 7 21,h2h3 e7d6 e2f2 d6h2 g1f1 g4f2,2187,80,91,2657,advantage long middlegame quietMove,https://lichess.org/TdHIBJCb#41,
1WLRp,8/8/pp4pp/2k5/2P1KP1P/P7/8/8 b - - 0 42,c5c4 h4h5 g6h5 f4f5 h5h4 f5f6 h4h3 e4f3,2187,75,83,375,crushing defensiveMove endgame master masterVsMaster pawnEndgame quietMove veryLong,https://lichess.org/qcauIugV/black#84,
1WP3d,8/8/4p1pp/4k3/6PP/4PK2/8/8 b - - 0 44,e5f6 f3e4 g6g5 h4h5 e6e5 e4d5,2125,79,92,2953,crushing endgame long pawnEndgame quietMove,https://lichess.org/BZo36oJs/black#88,
1WVEI,1r2k3/R4R2/4p1p1/3p1n2/5P2/4P2r/3K4/8 b - - 3 36,h3e3 f7h7 b8b2 d2c1,2147,75,92,285,crushing endgame master masterVsMaster quietMove short,https://lichess.org/Ok0nkxHo/black#72,
1WZUN,8/1b3rkp/p1p1R1p1/3p4/BP1Pn1PK/5N2/P5P1/8 w - - 6 35,f3e5 f7f1 e6e7 g7f8 e7f7 f1f7 e5f7 f8f7,2152,79,89,1430,crushing defensiveMove endgame quietMove veryLong,https://lichess.org/bdrhKbOr#69,
1Wd9c,r1b1k1n1/pp1p1p2/2p3p1/2Q1p3/4P3/3P4/PP1NqP2/2KR4 b q - 1 16,g8e7 d1h1 d7d5 c5d6 e2h5 h1h5,2150,77,88,576,advantage long middlegame quietMove,https://lichess.org/HgorMe85/black#32,French_Defense French_Defense_Kings_Indian_Attack
1WiWn,r4rk1/6pp/pp1p3q/8/1PP1bNp1/P3P1P1/1Q3P1P/2RR2K1 b - - 1 26,f8f4 e3f4 e4f3 h2h4 g4h3 g1h2 f3d1 c1d1,2163,83,77,80,advantage middlegame quietMove veryLong,https://lichess.org/jz1ucJ1U/black#52,
1Wiy5,8/8/3PK1k1/4p2p/4r3/8/5R2/8 b - - 0 61,h5h4 f2d2 e4a4 d6d7,2147,83,72,39,advancedPawn crushing endgame master quietMove rookEndgame short,https://lichess.org/dBQWsDW5/black#122,
1Wmyt,1r4k1/3qrppp/8/8/1p3Q2/1Pnp2P1/3BpPBP/R5K1 b - - 3 39,c3d1 f4b8 d7e8 a1a8 e2e1q d2e1,2159,78,87,224,crushing hangingPiece long middlegame quietMove,https://lichess.org/gUVuQwHC/black#78,
1Wpn5,6k1/p7/1p3p2/2p2qp1/1P1p3p/B3rP1P/P2Q2P1/R5K1 w - - 1 27,a3c1 f5e5 c1b2 e3e2 d2d3 e2b2,2137,77,90,1672,crushing endgame long quietMove skewer,https://lichess.org/pIBV3nKA#53,
1Wyhv,8/p7/5k2/5P1P/r5K1/6R1/6P1/8 w - - 1 49,g4f3 a4a3 f3g4 a3g3 g4g3 a7a5 h5h6 a5a4,2174,76,92,2251,crushing defensiveMove endgame exposedKing quietMove rookEndgame veryLong,https://lichess.org/TcUVzE6r#97,
1X2s0,8/6Pk/2R2P2/3pK3/1p1Pn3/6r1/8/8 b - - 0 65,g3g6 f6f7 g6g5 e5e6 h7g7 c6c8 g5g6 e6e7,2199,96,79,20,advancedPawn crushing defensiveMove endgame quietMove veryLong,https://lichess.org/B4RX1ZMS/black#130,
1X4Jo,8/1kp3R1/4P3/1p6/pr6/4PK2/8/8 b - - 1 41,a4a3 e6e7 a3a2 g7g1 b4b1 e7e8q a2a1q e8e4,2125,101,73,37,advancedPawn crushing endgame promotion quietMove rookEndgame veryLong,https://lichess.org/WmTxIVDA/black#82,
1XRuq,8/1kp5/8/pK1P4/8/P7/8/8 b - - 2 55,b7c8 b5a5 c8d7 a5b5 d7d6 a3a4 d6d5 a4a5,2149,76,88,681,crushing defensiveMove endgame pawnEndgame quietMove veryLong,https://lichess.org/v1cYIoSx/black#110,
1Y4ta,7R/1r5p/4k1pK/5p2/8/6P1/7P/8 w - - 8 46,h8h7 b7h7 h6h7 g6g5 h7g6 f5f4 g3f4 g5f4,2168,78,87,324,crushing endgame quietMove rookEndgame veryLong,https://lichess.org/iDU7iiNC#91,
1YX72,r3k1r1/3nqp2/3b2p1/2pPpR1Q/1pP1P3/pP1N2PP/P5B1/R5K1 w q - 0 28,h5h7 e7f8 f5f7 f8f7,2185,116,66,29,advantage middlegame quietMove short,https://lichess.org/9zOYaJcZ#55,
1Z3Qz,5rk1/p4ppp/3Q4/2p3q1/4R3/8/1rP2PPP/R5K1 b - - 0 22,b2c2 a1e1 g7g6 e4e8,2146,90,72,45,advantage endgame quietMove short,https://lichess.org/2n7dQES7/black#44,
1ZCPm,8/7p/1p4p1/1k4K1/4P3/7P/8/8 b - - 0 42,b5c5 e4e5 c5d5 g5f6 b6b5 e5e6,2105,78,85,53,crushing endgame long pawnEndgame quietMove,https://lichess.org/n9BtQjGQ/black#84,
1ZW9X,3q1rk1/1p3p2/p2p2pQ/n1r4n/8/7P/B1b3PB/2R2RK1 b - - 1 24,c2d3 c1c5 d6c5 h2e5 d8d4 e5d4,2141,77,89,735,advantage long middlegame quietMove,https://lichess.org/klbDpg5h/black#48,
1Zss8,8/2p2kp1/1p1p4/p2PpPp1/P1P5/2P1P2P/6K1/8 w - - 1 33,g2g3 e5e4 h3h4 f7f6,2191,104,39,35,crushing endgame pawnEndgame quietMove short,https://lichess.org/DmLqnPod#65,
1ZzUJ,6k1/1p3pp1/p1p1r2p/Q1Pp2q1/3Pn3/P3PB1b/1R3PP1/5RK1 w - - 4 28,b2b7 h3g2 f3g2 e6g6 a5d8 g5d8,2199,86,74,39,crushing long middlegame quietMove sacrifice,https://lichess.org/mmh4Hgu9#55,
1aBCR,5r2/8/8/2P5/6pk/7p/2R2P1K/8 b - - 5 55,f8f5 c5c6 f5f8 c6c7 f8c8 c2c5 g4g3 f2g3,2173,76,99,182,advancedPawn crushing endgame quietMove rookEndgame veryLong,https://lichess.org/nxsRdgXY/black#110,
1aDt0,8/8/P1k1p1p1/6p1/K4pP1/1R3P1P/8/r7 w - - 4 49,b3a3 a1a3 a4a3 e6e5 a3b2 e5e4,2199,85,91,768,crushing endgame long quietMove rookEndgame,https://lichess.org/KgssgcS8#97,
1aHgp,8/6p1/1p6/p1p3k1/P2pP3/1P1P1K2/2P5/8 b - - 3 34,g5h4 e4e5 h4g5 f3e4 g5g6 e4d5,2165,77,89,137,crushing endgame long pawnEndgame quietMove,https://lichess.org/6YRBmCmU/black#68,
1aSqa,2r3k1/1pNn1qpp/1n1P4/4p3/8/1P4P1/r3NPKP/2RQ1R2 w - - 1 22,f1e1 c8f8 e1f1 f7f3,2130,76,78,167,advantage middlegame quietMove short,https://lichess.org/58jW3DDv#43,
1aX3b,5r2/6pk/8/1PR1p3/P1N1Pq1p/3r1PnP/1P1p1QP1/3R2K1 w - - 4 38,d1d2 f8d8 f2e1 d3d2 c4d2 d8d2,2195,114,68,17,crushing long middlegame quietMove,https://lichess.org/wjd3wYts#75,
1bEiu,8/2p1k3/2P3R1/6P1/8/2rpK3/8/8 b - - 1 59,e7d8 g6e6 c3c5 g5g6 c5d5 e3f4 d5d4 f4f5,2192,119,91,48,crushing defensiveMove endgame quietMove rookEndgame veryLong,https://lichess.org/ic53Ly9c/black#118,
1bHBv,r2q2r1/8/2Q3k1/7p/3P2b1/2P5/P7/4RRK1 b - - 1 32,g6h7 f1f7 g8g7 e1e7 d8e7 f7e7 g7e7 c6a8,2150,77,82,78,advantage middlegame quietMove veryLong,https://lichess.org/AdhTMqKL/black#64,
1c9KW,r2q2k1/pp2rp2/6nQ/3pP1N1/3P1p2/P1P4P/5P1P/R5K1 b - - 0 22,d8d7 g5h7 f7f5 h7f6,2164,117,10,12,crushing middlegame quietMove short,https://lichess.org/QpXt7Qjk/black#44,
1cBCm,8/2k3pp/P1p1pb2/1p6/1PK5/3N3P/5PP1/8 w - - 0 32,c4c5 e6e5 d3e5 f6e5,2136,75,95,426,crushing endgame quietMove short,https://lichess.org/JCUbjXOj#63,
1cGgW,8/2p5/3p4/1P4p1/8/3k2P1/7P/6K1 w - - 0 39,g1f2 g5g4 h2h3 g4h3,2152,77,92,167,crushing endgame pawnEndgame quietMove short,https://lichess.org/YuAWXd17#77,
1cHlk,8/8/1B6/5k1p/8/1P4p1/P1K5/8 w - - 0 46,a2a4 h5h4 b6c7 f5g4 a4a5 h4h3 a5a6 h3h2 a6a7 h2h1q,2119,89,51,37,advancedPawn bishopEndgame crushing endgame promotion quietMove veryLong,https://lichess.org/wgTpI68k#91,
1cVnt,r2qr2k/p1p3pp/2P5/3n4/1Q1N2b1/4B3/PPP2PPP/RN3K1R w - - 3 17,b4b3 d5e3 f2e3 d8f6 f1g1 e8f8 h2h3 f6f2,2181,82,91,386,crushing middlegame quietMove veryLong,https://lichess.org/qBJXQSSc#33,Italian_Game Italian_Game_Rousseau_Gambit
1cYG4,4rk1r/6p1/p1p1qpQp/4B3/3P4/P7/2P3PP/5RK1 b - - 2 25,e8e7 f1b1 f6e5 b1b8 e7e8 g6e6,2100,422,18,19,advantage endgame long pin quietMove sacrifice,https://lichess.org/mqQYQoEb/black#50,
1ciKb,2r4k/5ppp/pp6/8/1P6/P3Pb1P/1qBQ4/2R3K1 b - - 1 32,f3e4 c1d1 c8e8 c2e4 b2d2 d1d2,2173,78,91,981,advantage endgame long quietMove,https://lichess.org/feGtC9TK/black#64,
1dBEu,2kr3r/ppp2p2/3b1p2/7p/6q1/3B1N1b/PPP2PPP/RN2RQK1 w - - 6 16,g1h1 h8g8 d3f5 g4f5,2107,87,87,33,crushing middlegame quietMove short,https://lichess.org/aDnpghfC#31,Englund_Gambit_Complex Englund_Gambit_Complex_Hartlaub-Charlick_Gambit
1dqr5,8/5p1p/1p6/p4pP1/P1KP1k2/7P/1P6/8 w - - 0 34,c4d5 f4e3 d5e5 f5f4 d4d5 f4f3 d5d6 f3f2 d6d7 f2f1q,2178,75,81,187,advancedPawn crushing endgame pawnEndgame promotion quietMove veryLong,https://lichess.org/iVMIcxTV#67,
1ds6i,8/8/1R6/p3kp2/2Pn2p1/P5K1/8/8 w - - 1 48,b6b5 d4b5 c4b5 a5a4 b5b6 e5d6 b6b7 d6c7 b7b8q c7b8,2130,74,92,2771,crushing endgame quietMove veryLong,https://lichess.org/hP5G1MDY#95,
1dxRZ,2r3k1/pp4pp/5n2/1P6/4p3/P2r1PP1/3K2BP/R2R4 w - - 0 28,d2e2 c8c2 e2f1 f6d5 d1d3 e4d3,2195,134,38,17,crushing endgame long quietMove,https://lichess.org/yAERBy4V#55,
1e8fx,8/8/3k3p/2p1p3/2P3PK/1P5R/6P1/7r b - - 2 44,h1h3 g2h3 e5e4 h4g3 d6e5 h3h4 e4e3 g3f3,2159,77,96,191,crushing endgame quietMove veryLong,https://lichess.org/umvCNc38/black#88,
1e9zX,2k4r/6p1/1p1p4/pPpP1qp1/P1P1pr2/4R1RP/2P1QPK1/8 w - - 2 31,g3g4 h8f8 g4f4 g5f4,2149,132,50,11,crushing endgame quietMove short,https://lichess.org/VuEZ2zzE#61,
1eBaZ,5rk1/p4ppp/1p6/8/1Q6/P4PPN/2q2K1P/7R w - - 2 23,f2f1 f8d8 h3f2 d8d2 b4d2 c2d2,2136,100,69,26,crushing endgame long quietMove,https://lichess.org/jrpXR0TA#45,
1euuq,1r1r4/6k1/pq1p1nP1/2p1p3/4P1p1/2Q2P2/PP2N3/1KR4R b - - 0 27,g4f3 e2g3 b6b2 c3b2 b8b2 b1b2,2168,80,87,888,advantage long master middlegame quietMove,https://lichess.org/OG72T5cb/black#54,
1f7w0,8/6p1/5p2/4p2p/2k1P3/5P2/5KPP/8 w - - 0 41,f2g3 g7g5 g3f2 c4d3 h2h3 d3d2,2169,123,73,15,crushing defensiveMove endgame long pawnEndgame quietMove,https://lichess.org/HujgoeRg#81,
1gKXb,3r4/5k2/p2p2R1/1p3P2/3PPB2/P1p2K2/1n6/8 w - - 0 48,g6d6 d8d6 f4d6 b2d3 f3e2 c3c2 d6f4 d3f4,2198,76,93,4309,advancedPawn crushing endgame quietMove veryLong,https://lichess.org/t4PKm62n#95,
1gd0S,8/4k3/p7/P1p2pP1/2Pp4/6r1/5PKP/8 w - - 0 42,g2g3 d4d3 g3f3 f5f4 f3f4 d3d2,2189,80,92,4002,advancedPawn crushing endgame long pawnEndgame quietMove,https://lichess.org/0QC7IwPn#83,
1gyQ2,8/pp6/5pp1/3k3p/5K2/6P1/PP3PP1/8 w - - 0 32,f2f3 d5d4 g3g4 h5h4 g4g5 f6f5,2183,84,87,336,crushing defensiveMove endgame long pawnEndgame quietMove,https://lichess.org/bJGFxfr0#63,
1gyRz,1R6/1p3p1k/p3bPpp/1p6/7P/8/Pr4P1/5R1K b - - 1 30,b2a2 f1d1 a2a1 d1a1,2119,78,91,2579,advantage endgame quietMove short,https://lichess.org/FAjJcsZX/black#60,
1h5zf,8/p2kpRR1/8/P1p1r3/1nP5/1PK5/8/8 w - - 0 60,g7h7 e5e2 f7e7 e2e7,2136,75,90,362,crushing endgame master quietMove short,https://lichess.org/ud4RPaYF#119,
1hCYY,2r5/p6p/2p2k2/3r3R/3p1P2/1P2pK1P/P7/5R2 w - - 7 33,h5d5 c6d5 f1d1 c8e8 f3e2 e8e4,2199,81,83,59,advantage endgame long quietMove rookEndgame,https://lichess.org/9aWI9s35#65,
1hdbk,8/8/7r/5p1P/2p2P2/1kPp3R/3K4/8 w - - 2 50,h3h4 h6a6 h4h1 a6a2,2189,79,83,76,crushing endgame quietMove rookEndgame short,https://lichess.org/eRRFsk3E#99,
1iEla,8/8/2p5/4k3/2Pp4/5KP1/8/8 w - - 1 53,g3g4 c6c5 f3g3 e5e4,2118,76,93,2574,crushing defensiveMove endgame pawnEndgame quietMove short zugzwang,https://lichess.org/aeT6kcA8#105,
1iKF6,5qk1/2p2Np1/Q5Bp/n1br4/1p6/4N1P1/P1P4P/7K b - - 1 31,d5d2 a6e6 f8a8 g6e4 a8e4 e6e4,2139,78,86,373,crushing defensiveMove long middlegame quietMove,https://lichess.org/a35eVjlE/black#62,
1j7TV,2br4/1p5p/p1pq2pk/Q4p2/3Nn2P/4PBP1/P4P2/1R4K1 b - - 3 30,c6c5 b1d1 b7b6 d4f5 c8f5 d1d6 b6a5 d6d8,2186,147,80,9,crushing discoveredAttack master middlegame quietMove veryLong,https://lichess.org/nwQstfsW/black#60,
1k4nx,4r2k/pp4p1/2p3Pp/3p1P2/3P1r1P/P7/1P6/1K3RR1 b - - 2 34,e8e4 f1f4 e4f4 g1e1 f4e4 e1e4,2123,75,93,3731,clearance crushing endgame long master quietMove rookEndgame,https://lichess.org/gHZjf05q/black#68,
1kL6m,6k1/2p4p/5QpP/3qp3/1Kp5/P7/1P6/8 b - - 1 39,d5d6 f6d6 c7d6 a3a4 g8f7 a4a5,2199,78,93,3178,crushing defensiveMove endgame long queenEndgame quietMove,https://lichess.org/8cRAkDzG/black#78,
1kMS9,R7/1r3pk1/3p4/2pP3P/p1P3P1/1p6/1n2K3/1B6 b - - 1 42,b2c4 g4g5 b7e7 e2f2 f7f5 b1f5 e7e5 h5h6,2109,75,91,617,crushing defensiveMove endgame quietMove veryLong,https://lichess.org/7DqIErLq/black#84,
1kShx,3r4/ppp2pk1/6pp/3b4/8/1P2RN2/P1P2PPP/6K1 w - - 2 22,e3e7 d5e6 g1f1 d8c8 e7e6 f7e6,2183,75,90,725,advantage endgame long quietMove,https://lichess.org/DXOS1PeL#43,
1kUl5,8/1p6/p4k2/2p2P1p/4K2P/8/PP6/8 b - - 0 41,a6a5 a2a4 c5c4 e4f4 b7b6 f4e4,2144,74,84,324,crushing defensiveMove endgame long pawnEndgame quietMove,https://lichess.org/wiPHpzzx/black#82,
1kcWR,8/7p/5p2/p1k2P1K/P1p1Pb2/2P5/8/1N6 w - - 4 45,h5g4 f4c1 e4e5 f6e5 f5f6 c5d6,2119,102,56,19,crushing defensiveMove endgame long quietMove,https://lichess.org/M8YOEOHO#89,
1kqAu,5b2/2RR2pk/1Q2p2p/1p2N3/1P2PB2/P1r4P/2r2PPK/5q2 w - - 11 34,f4g3 c2c1 d7g7 f8g7 c7g7 h7g7 b6b7 c3c7 b7c7 c1c7,2164,75,83,87,crushing middlegame quietMove veryLong,https://lichess.org/ugVVqIwq#67,
1l76l,1q6/1P4R1/7p/8/7k/6RP/6PK/8 w - - 3 50,h2h1 h6h5 g7g4 h5g4 g3g4 h4h5 g4b4 h5g5 b4b2 g5h4,2111,166,100,14,endgame equality queenRookEndgame quietMove veryLong,https://lichess.org/nkyzjC96#99,
1lP46,8/8/8/6k1/r5p1/PR4K1/8/8 b - - 3 57,a4f4 b3b5 f4f5 a3a4 g5g6 b5f5 g6f5 a4a5,2164,75,93,6302,crushing defensiveMove endgame quietMove rookEndgame veryLong,https://lichess.org/vZAcrSQN/black#114,
1lhOn,8/7p/2k3p1/2p1P3/2K5/7P/6P1/8 b - - 0 43,h7h5 h3h4 c6b6 c4d5 c5c4 d5c4,2122,75,97,348,crushing endgame long pawnEndgame quietMove,https://lichess.org/WPCwRVdV/black#86,
1lwGM,8/6p1/8/7p/6pr/R3k3/P5K1/8 b - - 5 51,e3d2 a3g3 h4h3 a2a4 h5h4 g3h3,2136,75,93,825,crushing endgame long master quietMove rookEndgame,https://lichess.org/89f8WIYq/black#102,
1m302,8/7p/pp3kp1/2pp4/P2P1PP1/1P1K3P/8/8 w - - 2 32,h3h4 a6a5 d4c5 b6c5,2112,153,47,11,crushing endgame pawnEndgame quietMove short,https://lichess.org/uTBkb2of#63,
1mMII,2rr2k1/pb3ppp/3Np3/2p1P3/3n1P2/P5P1/1PR3BP/R5K1 w - - 2 26,g2b7 d4c2 a1c1 c2d4 b7c8 d4e2 g1f2 e2c1,2178,77,91,3364,advantage fork hangingPiece master middlegame quietMove veryLong,https://lichess.org/DvgWmVy5#51,
1mbMz,4br2/1R6/p3pk1p/3p1pp1/2pP4/2P1P2P/P3BPP1/6K1 w - - 1 36,b7h7 e8f7 h7h6 f6g7,2140,76,91,3394,crushing defensiveMove endgame quietMove short,https://lichess.org/hHMfXSQs#71,
1mjBM,r4rk1/pp5p/1q2p1p1/nb1pPpNP/1b1P2P1/2N1P3/PPBQ4/2KR3R b - - 6 18,a5c4 d2h2 b4c3 h5g6,2117,99,85,29,crushing middlegame quietMove sacrifice short,https://lichess.org/WdumNPlE/black#36,French_Defense French_Defense_Advance_Variation
1n9Ub,8/pp6/7p/4k1p1/4p1P1/4K2P/PP3P2/8 w - - 1 33,b2b4 a7a6 e3d2 e5f4 d2e2 b7b6 e2d2 f4f3,2169,131,88,19,crushing endgame pawnEndgame quietMove veryLong zugzwang,https://lichess.org/bWdrYLBO#65,
1nO6V,4r1k1/3b1p1p/r5p1/1p1p1P2/p1pP3Q/P1P1B3/1Pq4P/4RRK1 b - - 0 28,d7f5 e3h6 f5e4 f1f2,2164,82,91,1168,advantage middlegame quietMove short,https://lichess.org/lNTzzIFG/black#56,
1nlUv,5k2/p7/7p/P1p2P2/1p5r/7P/6PK/R7 b - - 1 41,c5c4 g2g4 c4c3 a1c1 f8e7 h2g3,2101,127,62,26,crushing endgame long quietMove rookEndgame,https://lichess.org/uSwZkbrw/black#82,
1o58y,r1b2rk1/6pp/2p1p3/p2pPP2/1p2p1B1/qP2P3/P1PQ2PP/1K3R1R b - - 0 19,a5a4 f5e6 f8e8 d2f2 a8a7 f2f7 a7f7 e6f7,2166,75,82,182,advancedPawn crushing kingsideAttack middlegame quietMove sacrifice veryLong,https://lichess.org/6GYExOIA/black#38,Horwitz_Defense Horwitz_Defense_Other_variations
1o83V,8/RPk5/P7/8/4p3/3b4/3K4/4r3 b - - 6 70,e1f1 a7a8 f1b1 a8c8 c7d7 a6a7,2110,82,87,61,advancedPawn crushing endgame exposedKing long master quietMove,https://lichess.org/nuPnmlji/black#140,
1ouGo,8/p2R1p1k/6pp/5q2/3Q4/2P4P/1P3rPK/8 b - - 1 32,f2b2 d7d8 g6g5 d4h8 h7g6 d8d6,2188,110,82,31,crushing endgame long quietMove,https://lichess.org/7pqKmqgL/black#64,
1pP0n,r2r2k1/2p2pbp/p1n3p1/1pq1Pp2/Q1P2P2/1P3N2/PB4PP/R4R1K w - - 0 19,b2a3 c5b6 c4b5 a6b5 a4a8 d8a8,2175,75,94,1028,crushing long middlegame quietMove trappedPiece,https://lichess.org/fX5pYAu9#37,Alekhine_Defense Alekhine_Defense_Other_variations
1pSmV,3qr2k/5Q1p/p5P1/2r1b3/3p2P1/3R3P/6B1/5R1K b - - 0 33,h7g6 f7g6 e5g7 g2e4 e8e4 g6e4,2143,100,80,36,advantage long middlegame quietMove,https://lichess.org/X6PxYtX6/black#66,
1ppfH,8/8/6pp/p1k2p2/4p3/1K2P1PP/1P3P2/8 w - - 2 37,b3a4 c5c4 h3h4 h6h5 b2b3 c4c3,2198,78,80,152,crushing defensiveMove endgame long pawnEndgame quietMove zugzwang,https://lichess.org/eWP88I8P#73,
1pzpv,2n5/5kp1/4p2p/3pP2P/p1pP1NP1/PpP5/1P3K2/8 w - - 3 33,f2g3 c8a7 g3f3 a7b5,2180,75,93,5141,crushing endgame knightEndgame master quietMove short,https://lichess.org/npI88vUo#65,
1q1IX,3R4/2p1n1p1/p5r1/2b3q1/4PpP1/2k2P2/Q4PK1/8 b - - 3 41,g5h4 d8d2 g6g4 g2f1 g4g1 f1g1 c5f2 d2f2,2130,130,81,25,crushing endgame quietMove veryLong,https://lichess.org/d0YSLapu/black#82,
1q3rY,r4rk1/p3b1pp/1p6/3R4/4p1n1/4P1P1/PP4BP/R1B3K1 b - - 2 21,e7g5 d5g5 a8d8 c1d2 d8d2 g5g4,2177,87,86,53,crushing hangingPiece long middlegame quietMove,https://lichess.org/dfBuuoaG/black#42,
1q5jc,8/8/6n1/p4KP1/k3N3/8/8/8 b - - 1 65,a4b5 f5g6 b5b4 e4d2 a5a4 d2b1,2194,87,84,116,crushing defensiveMove endgame hangingPiece knightEndgame long quietMove,https://lichess.org/3bTWgvQO/black#130,
1qEwt,rn5R/1pk5/2p5/p1P5/P2PK3/8/6P1/8 b - - 0 31,a8a6 g2g4 b7b6 g4g5,2122,79,56,51,crushing defensiveMove endgame master quietMove short,https://lichess.org/cZZH7P4E/black#62,
1sDL2,4rbk1/2q2p1b/2p2Q1B/1p2p3/p1n1P3/2P3NP/PPBR1PP1/6K1 b - - 0 26,f8h6 f6h6 c4d2 g3h5 f7f6 h5f6,2119,74,94,9295,crushing kingsideAttack long middlegame quietMove sacrifice,https://lichess.org/fTX0WWZs/black#52,
1sDPv,8/8/p7/1b3k1p/1P6/3NK1p1/1P1B4/8 w - - 0 53,d3e1 h5h4 e1g2 h4h3 e3f3 h3h2,2188,81,90,2988,advancedPawn crushing endgame long quietMove,https://lichess.org/y0t7PwAB#105,
1slQR,3r2k1/5pp1/2p3np/p7/Pp2n3/1B2B1Pb/1PP1NP1P/4R1K1 w - - 0 25,e3b6 g6e5 e2d4 d8d4 b6d4 e5f3 g1h1 f3e1,2191,84,82,46,crushing fork middlegame quietMove sacrifice veryLong,https://lichess.org/7IChYOT0#49,
1t2jy,8/1Bk5/2P3p1/1r5p/3PK2P/2P5/8/8 b - - 2 52,b5f5 d4d5 f5f1 c3c4,2111,135,73,15,crushing defensiveMove endgame master quietMove short,https://lichess.org/EOP9zt6d/black#104,
1t7Cs,8/8/7p/p3k1p1/Pp1p3P/3K1PP1/1P6/8 w - - 0 38,b2b3 g5h4 g3h4 h6h5 d3c4 e5f4,2198,88,65,38,crushing endgame long pawnEndgame quietMove,https://lichess.org/dg0fHsN7#75,
1t8vh,3q1r2/1p6/3p1pk1/2pP2p1/p1P1P1Np/Pr5P/1PQ2RP1/7K b - - 4 41,d8b6 e4e5 f6f5 g4f6 f8f6 e5f6,2107,85,74,35,crushing discoveredAttack endgame long quietMove,https://lichess.org/rs1ShXY1/black#82,
1tFuh,4b3/5pp1/8/1p1P1P2/4P3/k4K2/8/1B6 b - - 0 39,a3b2 e4e5 b2b1 e5e6 f7e6 f5e6 b1c2 d5d6,2155,75,93,4562,bishopEndgame crushing endgame quietMove sacrifice veryLong,https://lichess.org/ciUydyr3/black#78,
1tQBO,7r/2p2p1p/7k/6p1/1b2B3/r3BP2/2P2P1P/2KRR3 w - - 0 27,e1g1 b4c3 d1d6 c7d6,2133,79,91,2219,advantage middlegame quietMove short,https://lichess.org/o5oOs51F#53,
1tRqI,4k3/8/4P3/4K1B1/1p6/pPn5/P7/8 w - - 1 49,e5d6 c3a2 g5f6 a2c3 d6c5 a3a2 c5b4 a2a1q,2108,75,92,4600,advancedPawn crushing endgame promotion quietMove veryLong,https://lichess.org/4XfBlKZG#97,
1tXye,8/8/1pp5/8/pPP1kPp1/2K3Pp/7P/8 w - - 0 58,b4b5 c6c5 c3b2 e4d4 b2a3 d4c4,2128,74,85,270,crushing endgame long pawnEndgame quietMove,https://lichess.org/MG8m1ApU#115,
1u4mr,2r5/4kp2/1q2b3/3pP3/3N4/2P3Q1/5P2/4R1K1 w - - 1 38,e1e3 b6b1 g1g2 c8h8 g3g5 e7d7,2104,79,81,209,crushing defensiveMove endgame long master quietMove,https://lichess.org/DkyLrYqs#75,
1uCCI,8/5p2/2k1bp1p/p4P2/1pBP2P1/1PpK3P/2P5/8 b - - 0 48,e6d5 c4d5 c6d5 h3h4 d5d6 d3c4,2175,76,94,5187,bishopEndgame crushing endgame long quietMove,https://lichess.org/Q3WQUGYC/black#96,
1uJaH,6k1/p3Rpp1/3P1n1p/8/2rQ4/6BP/P1q2PP1/6K1 w - - 1 32,d4a7 c2b1 g1h2 c4c1 g3f4 c1h1,2139,143,100,8,advantage clearance endgame long quietMove,https://lichess.org/Tjo61zbo#63,
1uOAT,8/1p6/1Np1bk2/P1P2p1p/3K1ppP/5P2/6P1/8 b - h3 0 40,g4g3 b6a4 e6d5 a4c3,2160,132,44,8,advantage endgame quietMove short,https://lichess.org/Gf1EFk8C/black#80,
1uZcc,6k1/ppp2p2/3p4/1Bb1n1q1/7p/2P2QN1/PP4K1/R5N1 w - - 2 26,f3e4 g5g3 g2h1 e5g4 e4g2 g4f2,2190,77,93,7557,crushing long middlegame quietMove,https://lichess.org/1NPqZwIa#51,
1uhy9,1kr2r2/p1p5/1pQp4/3P3p/R4P2/2P3P1/4RK1P/2q5 b - - 6 29,h5h4 e2a2 a7a5 a4a5 f8f4 g3f4,2131,109,68,40,crushing endgame long quietMove,https://lichess.org/9ynuI5R6/black#58,
1vFFZ,8/8/6Kp/4p2P/P2k1bP1/5P2/8/8 b - - 4 57,d4e3 a4a5 e3f3 a5a6 f4e3 g4g5 h6g5 h5h6 g5g4 h6h7 g4g3 h7h8q,2115,76,86,448,advancedPawn bishopEndgame crushing endgame promotion quietMove sacrifice veryLong,https://lichess.org/Prrunbiy/black#114,
1vGQk,1r4k1/1p5R/3pRbp1/p1qP2N1/2P2r2/PQ6/1P6/1K6 b - - 0 32,f6g5 b3h3 c5g1 b1a2 g5f6 e6f6,2134,76,92,4623,crushing defensiveMove long middlegame quietMove,https://lichess.org/TdfYuH0Q/black#64,
1vUiW,3r1rk1/3q1p1p/2pP1Qp1/1p6/p6R/1PP5/P5PP/3R3K b - - 1 27,a4b3 h4h7 g8h7 d1d4 d7f5 d4h4 f5h5 h4h5,2153,76,91,434,crushing endgame quietMove sacrifice veryLong,https://lichess.org/BixXEo7K/black#54,
1wBKz,2kn3R/pb5B/1p2R3/3pP3/3P4/2q5/5PK1/8 b - - 1 29,c3d4 h7f5 d4f4 e6c6 c8b8 h8d8,2130,75,94,5867,crushing deflection doubleCheck endgame exposedKing long pin quietMove,https://lichess.org/XPsKPIKw/black#58,
1wBzj,R7/P7/3K1p2/5k1p/6pP/6P1/8/2r5 b - - 14 57,c1d1 d6e7 d1c1 a8d8 c1c7 d8d7,2161,74,91,414,crushing defensiveMove endgame long quietMove rookEndgame,https://lichess.org/kor3XaAi/black#114,
1wKl0,6k1/3r1pqp/3P2p1/2p5/1p6/5P2/1P2QP2/3R2K1 b - - 1 39,g8f8 d1e1 g7f6 e2e8 f8g7 e8d7,2139,74,93,1781,crushing endgame fork long quietMove,https://lichess.org/T3Txm3i9/black#78,
1wVSU,8/8/2k1p3/1pbpPp1p/5P1P/P2N1K2/1P6/8 b - - 5 36,d5d4 d3c5 c6c5 b2b3 d4d3 f3e3,2180,75,93,1997,crushing endgame long quietMove,https://lichess.org/nI8sktWk/black#72,
1xHXu,8/3r3p/3Pp1p1/1k1pK3/R1p3PP/2P5/8/8 w - - 1 49,e5e6 d7d6 e6d6 b5a4 d6d5 a4b3 d5d4 h7h6 g4g5 h6h5,2119,81,87,60,crushing defensiveMove endgame quietMove rookEndgame veryLong zugzwang,https://lichess.org/evNgTThm#97,
1xIk6,8/5p2/6p1/2K4p/2P3kP/3R2r1/8/8 w - - 0 50,d3g3 g4g3 c5b6 f7f5 c4c5 f5f4 c5c6 f4f3 c6c7 f3f2 c7c8q f2f1q,2113,209,-100,7,advancedPawn crushing endgame promotion quietMove veryLong,https://lichess.org/eLMbsEka#99,
1xWXt,8/8/P1R5/6p1/2ppK1P1/7P/2k5/3r4 b - - 6 47,d4d3 c6c4 c2d2 c4a4 d1e1 e4d4,2118,89,86,38,crushing endgame long quietMove rookEndgame,https://lichess.org/1jqCo1mq/black#94,
1xZD8,3r2k1/5ppp/pPp1p3/8/3P4/8/5PPP/2R3K1 b - - 1 28,d8d4 b6b7 d4b4 c1d1 f7f5 d1d8,2126,75,99,176,advancedPawn advantage endgame long quietMove rookEndgame,https://lichess.org/3JE2B7eP/black#56,
1y0FY,N2r2k1/pp3p1p/3P1np1/4b3/2P1p2n/BP4Pb/P3Bq1P/2RQN1RK w - - 0 23,c1c2 e5d4 d1d4 f2d4,2119,75,82,93,advantage master middlegame quietMove short,https://lichess.org/R3ZbAhwG#45,
1yaVI,8/7p/4p1p1/5p2/2kP1K2/4P2P/6P1/8 b - - 5 47,c4d3 h3h4 d3d2 e3e4,2179,91,71,28,crushing endgame master pawnEndgame quietMove short zugzwang,https://lichess.org/75nxDph9/black#94,
1z9pl,2r5/p3b2p/1p3pr1/1P2pk2/2PpRp2/PQ1P3q/7B/3B1R1K w - - 0 34,f1f2 c8g8 f2f4 e5f4 e4f4 f5g5,2103,165,-17,19,crushing long middlegame quietMove,https://lichess.org/tIXEU9oi#67,
1zWin,8/8/3k1p2/pp1P2p1/4P3/P2K2P1/8/8 b - - 0 43,d6c5 g3g4 c5d6 d3d4,2153,76,93,1316,crushing defensiveMove endgame pawnEndgame quietMove short zugzwang,https://lichess.org/mUvaVWWo/black#86,
1zb5Q,8/8/p4k2/1p2p1pp/4K3/1P3PP1/P6P/8 b - - 0 35,f6e6 b3b4 g5g4 a2a3 g4f3 e4f3 e6d5 f3e3,2101,154,79,20,crushing defensiveMove endgame pawnEndgame quietMove veryLong zugzwang,https://lichess.org/EAau3L1g/black#70,
20WMy,8/8/3p2k1/p1pP2pp/P1P1K3/5P2/7P/8 w - - 1 38,f3f4 g5g4 f4f5 g6g5 f5f6 g5f6,2180,76,93,10176,crushing defensiveMove endgame long pawnEndgame quietMove zugzwang,https://lichess.org/xFlhxjP6#75,
20lrk,8/p6p/8/1p6/5KPk/1P6/P7/8 b - - 4 37,h7h6 b3b4 h4h3 g4g5 h6g5 f4g5 h3g3 g5f5,2197,76,85,152,crushing defensiveMove endgame pawnEndgame quietMove veryLong zugzwang,https://lichess.org/qRNGDzQj/black#74,
20ov0,8/8/r1p5/3p3K/5k2/P1R2P2/2P5/8 w - - 1 38,h5g6 c6c5 g6f7 c5c4 f7e7 a6a4 e7d6 d5d4 d6c5 d4c3,2199,76,82,117,crushing discoveredAttack endgame quietMove rookEndgame trappedPiece veryLong,https://lichess.org/xiWzr7Ow#75,
20u2k,8/1p6/4k3/1PP3pp/4K3/5P2/8/8 w - - 0 43,c5c6 b7c6 b5c6 h5h4 e4e3 e6d6,2132,75,99,349,crushing endgame long pawnEndgame quietMove,https://lichess.org/Q9NgNzWQ#85,
21Xfk,7k/6bp/8/8/4B1Q1/5PPP/1q5K/8 w - - 1 46,h2h1 b2c1 h1g2 g7d4 g4c8 c1c8,2195,76,73,63,crushing endgame long quietMove,https://lichess.org/sNmdvEBV#91,
21gjf,8/8/pp6/4k1pp/PPPp1p2/3K1P1P/6P1/8 w - - 0 35,b4b5 a6a5 c4c5 b6c5 h3h4 g5h4,2134,78,91,2016,crushing endgame long pawnEndgame quietMove zugzwang,https://lichess.org/vVKp8078#69,
21kYS,8/p3R2p/1p1r1k2/8/P4n2/5P2/3p2PP/3R3K w - - 2 50,e7a7 d6e6 h2h4 e6e1 h1h2 e1d1,2194,75,91,1404,crushing endgame long quietMove,https://lichess.org/4yCXzHjV#99,
22RZz,8/5k2/4pp2/8/1P1PP3/p4P2/b2N1KP1/8 w - - 0 46,f2e1 a2c4 d2c4 a3a2,2117,74,86,505,advancedPawn crushing endgame quietMove sacrifice short,https://lichess.org/wzfJCCoB#91,
22UlE,8/6p1/p4kP1/1p3p1P/5K2/8/PP6/8 b - - 0 45,b5b4 a2a4 b4a3 b2a3 a6a5 a3a4,2137,76,91,430,crushing defensiveMove endgame long pawnEndgame quietMove zugzwang,https://lichess.org/3G1lXtkc/black#90,
22Vs1,8/1kpr2nR/p7/4P3/1P3pK1/P4P2/7P/8 b - - 0 35,d7e7 h2h4 e7e5 h7g7,2162,129,67,12,advantage endgame quietMove short,https://lichess.org/q9DaKOPZ/black#70,
22XJi,r1b2rk1/1pqp1p1p/p3p1pQ/8/3P4/3B4/P1P3PP/R4R1K b - - 2 18,b7b5 d3g6 h7g6 f1f3 d7d6 f3h3 f7f5 h6h8,2163,102,85,40,crushing middlegame quietMove sacrifice veryLong,https://lichess.org/9fPtljw8/black#36,Sicilian_Defense Sicilian_Defense_Pin_Variation
22cVo,8/5N1K/6P1/5n1p/5k2/8/8/8 w - - 3 71,f7h6 f5e7 g6g7 h5h4 h6g8 e7f5 g8f6 f5g7,2185,80,90,690,crushing endgame knightEndgame quietMove veryLong,https://lichess.org/glDvbDbv#141,
22kSk,8/1pp3r1/p4kP1/4p3/PPP1Kp1p/5P1P/5P2/6R1 w - - 3 42,g1g4 g7d7 g4f4 e5f4,2109,80,83,123,crushing endgame quietMove rookEndgame short,https://lichess.org/66X9gJcC#83,
231c6,8/2p5/4k3/pR2r3/P7/1K6/8/8 w - - 3 57,b5e5 e6e5 b3c4 e5d6 c4b5 c7c5 b5c4 d6c6,2150,87,90,1407,crushing defensiveMove endgame quietMove veryLong,https://lichess.org/S10TPcXp#113,
23AzI,8/k6p/6p1/4K3/6P1/8/8/8 b - - 0 50,a7b6 g4g5 b6c5 e5f6 c5d6 f6g7,2153,76,91,138,crushing endgame long pawnEndgame quietMove,https://lichess.org/jx8vVl3s/black#100,
23X4E,R4bk1/5p1p/3p2p1/2nP4/P4N2/1qB3P1/1P3P1P/5BK1 b - - 4 32,c5a4 c3f6 a4c5 f6e7 c5d7 a8d8 b3b2 d8d7,2165,132,74,17,crushing middlegame pin quietMove veryLong,https://lichess.org/Vtw2r9WD/black#64,
23X94,8/2k5/1p5p/p1p2p1P/2P2P2/KP6/P7/8 b - - 8 46,c7c6 a3a4 c6c7 a4b5 c7b7 a2a3 b7c7 b5a6,2157,87,79,37,crushing endgame pawnEndgame quietMove veryLong zugzwang,https://lichess.org/VSHi94BO/black#92,
23eHe,2r3k1/2p1Rpp1/1rBp2bp/p2P3q/2PQ4/3n2BP/P4PP1/4R1K1 w - - 5 30,e1e3 b6b1 g1h2 h5d1 e3e1 d3e1 d4d1 b1d1,2140,75,93,5029,crushing middlegame quietMove veryLong,https://lichess.org/KZDcLaQ7#59,
23loB,q3rbk1/7R/3pbPp1/1p4P1/1PrpP3/8/1BP3Q1/1K1R4 b - - 0 33,c4b4 d1h1 a8a2 b1c1 a2b2 c1d1 e6g4 g2g4 b2a1 d1e2,2143,132,26,25,crushing middlegame quietMove sacrifice veryLong,https://lichess.org/vDn3KpKE/black#66,
23zgM,2r2rk1/1p3ppp/p7/4P3/2b2Q2/6R1/qP3PPP/5RK1 b - - 3 23,c4f1 f4h6 g7g6 g3h3 f8d8 h6h7 g8f8 h7h8 f8e7 h8f6 e7d7 f6d6 d7e8 h3h8,2183,77,93,2647,endgame mate mateIn5 pin quietMove veryLong,https://lichess.org/OYHkSJi3/black#46,
24260,8/7p/4k3/pp2p1P1/4K3/2PP4/P7/8 w - - 0 35,a2a3 a5a4 d3d4 e5d4 e4d4 e6d6,2177,115,84,13,crushing defensiveMove endgame long pawnEndgame quietMove zugzwang,https://lichess.org/VzPsBwkk#69,
24KkL,3r4/5pk1/5p2/Q6p/3q4/1P1B3P/PKP3P1/8 w - - 14 38,b2a3 d8d7 b3b4 d7a7 a5a7 d4a7,2154,75,83,79,crushing endgame long pin quietMove,https://lichess.org/MpbU4AHX#75,
24PAz,r4rk1/1p2R3/p3P1p1/P1p3Np/2q2BnP/2Pb4/6P1/4QRK1 b - - 0 24,d3f1 f4e5 f8f6 e5f6,2159,76,90,1041,crushing master middlegame quietMove short,https://lichess.org/pEEzvmH4/black#48,
24WPm,8/1p5p/p4p2/2p1k1p1/2Pp2P1/P2PPK1P/1P6/8 b - - 0 30,b7b5 c4b5 a6b5 b2b3 b5b4 a3a4,2155,78,91,705,crushing defensiveMove endgame long pawnEndgame quietMove,https://lichess.org/9CNGXa3q/black#60,
24dUJ,7k/p1p3p1/6P1/3p2p1/3r2P1/5r2/P1P1K3/R2N4 b - - 1 27,f3g3 a1b1 d4e4 e2f2 e4e8 f2g3,2164,107,100,22,advantage defensiveMove endgame long quietMove,https://lichess.org/5gRMKaOA/black#54,
24fgE,2kr4/3bbR1R/p1n3B1/1pq1p3/5p2/1QP1nN2/PP1N2P1/2K5 w - - 4 25,d2e4 c5b6 f7e7 c6e7 h7e7 b6g6,2123,147,36,23,advantage long middlegame quietMove,https://lichess.org/CSYU5a4B#49,
24wSV,6k1/ppr2ppp/2r5/3QP2P/3P4/q1P5/6P1/2R2RK1 b - - 0 26,h7h6 e5e6 f7e6 d5d8 g8h7 f1f8 a3f8 d8f8,2134,98,52,41,advantage endgame quietMove veryLong,https://lichess.org/R2Xk8d0i/black#52,
24wmf,5rk1/pbqr1ppp/2pbp3/8/2P1BP2/4BQ2/PP4PP/R4R1K w - - 1 16,e3a7 c6c5 e4b7 c7b7 f3b7 d7b7 a1d1 d6e7 a7c5 e7c5,2187,77,81,210,advantage middlegame quietMove trappedPiece veryLong,https://lichess.org/uLUz2Q2c#31,French_Defense French_Defense_Tarrasch_Variation
24yPF,8/8/6R1/p6p/4p3/P3P1pk/1P6/1K6 w - - 2 60,b1c1 h5h4 b2b4 a5b4 a3a4 h3g2 a4a5 h4h3 a5a6 h3h2,2168,112,50,13,advancedPawn crushing endgame quietMove rookEndgame veryLong,https://lichess.org/3ZkLB2Vq#119,
2564o,8/5pk1/p5p1/4P3/8/2P3P1/6K1/8 w - - 1 45,c3c4 a6a5 g2f3 a5a4 c4c5 g7f8,2141,76,93,2367,crushing defensiveMove endgame long pawnEndgame quietMove,https://lichess.org/w6iUIKEn#89,
25CBt,8/8/8/2p5/2P3p1/1Pk5/P3R2r/4K3 b - - 0 55,h2e2 e1e2 c3b4 a2a4 b4b3 a4a5,2133,76,96,170,crushing defensiveMove endgame long quietMove,https://lichess.org/0FB4fXYE/black#110,
25IQH,q2r2k1/5p1p/p3pQp1/1p1b4/1R6/6P1/5P1P/4R1K1 b - - 1 30,d5h1 f2f3 h1f3 b4f4 a8a7 g1f1 a7d7 f4f3,2169,138,87,31,advantage defensiveMove endgame quietMove veryLong,https://lichess.org/pBNfBDDA/black#60,
25eR3,8/4p3/4k3/2P4p/1P6/2K5/8/8 w - - 0 46,b4b5 h5h4 b5b6 e6d7 c3d4 h4h3,2189,76,93,1597,crushing endgame long pawnEndgame quietMove,https://lichess.org/XEuLsvMI#91,
265l9,2rqrk2/p4ppB/1pb2b2/3p4/3P4/6N1/PPQ2PPP/R3R1K1 w - - 1 19,e1e8 c6e8 c2d2 g7g6 d2h6 f6g7,2142,78,84,203,advantage long master middlegame quietMove,https://lichess.org/v4D7APyk#37,French_Defense French_Defense_Knight_Variation
26A0J,k6r/6bp/3r2p1/1R1P1p2/P1q2P2/1R6/6PP/3Q3K b - - 2 29,h8d8 b5a5 d6a6 b3b5 d8d6 b5c5,2159,109,70,24,advantage clearance long middlegame quietMove,https://lichess.org/PlSZxmYj/black#58,
26b6b,2r5/1p4pk/5p1p/1p1P1P2/3BP2P/P2K4/8/8 b - - 0 37,c8c1 d5d6 c1c6 d4c5 c6c5 d6d7,2177,79,86,58,advancedPawn advantage endgame long quietMove sacrifice,https://lichess.org/HvtHdyvy/black#74,
27dzD,4r3/1pq2pk1/p1b3p1/P1Pp1pQp/7P/2P3R1/5PP1/2R3K1 w - - 2 30,c1d1 f5f4 g3f3 e8e4 d1d4 f7f6,2166,106,100,16,advantage endgame long quietMove,https://lichess.org/kLQYuttK#59,
27wS8,1k6/1pp2p2/1b6/pP2P1p1/P3QB2/6r1/4KPP1/4R2q b - - 2 40,h1g2 e4g2 g3g2 f4g3 b6f2 g3f2,2150,78,92,880,crushing endgame long master quietMove,https://lichess.org/z4SVqyBt/black#80,
28ZKL,rnb2rk1/pppp2pp/8/3Pp1N1/1b6/3B3q/PPPP1P1P/R1BQK2R b KQ - 6 10,h3g2 d3h7 g8h8 d1h5 g2g5 h5g5,2164,80,91,1801,crushing kingsideAttack long opening quietMove,https://lichess.org/3y1hPIaD/black#20,Van_Geet_Opening Van_Geet_Opening_Other_variations
28jY0,8/p6p/2p1k1p1/5p2/1Pp1PPP1/P3K3/6P1/8 b - - 2 38,c4c3 g4f5 g6f5 e4e5 c3c2 e3d2 c2c1r d2c1,2147,75,93,1074,crushing endgame pawnEndgame quietMove veryLong,https://lichess.org/3cUxNg0r/black#76,
28mKI,8/5pp1/4p3/p3P3/P3P1P1/k6P/8/2K5 b - - 1 45,a3a4 h3h4 a4b3 h4h5 b3c3 g4g5,2112,74,98,687,crushing defensiveMove endgame long pawnEndgame quietMove,https://lichess.org/6v06ib7n/black#90,
29GRB,r3r2k/4q2P/b3pp2/p2p3Q/Pp1P4/1B2B3/1PP5/2K3Rn b - - 3 29,a8c8 e3h6 a6d3 h5g4 e7h7 g4h4 e8f8 h6g7,2118,133,88,22,advantage middlegame quietMove veryLong,https://lichess.org/0ZPsHpvz/black#58,
29USQ,3r1r1k/2Q5/p2p3p/2b1ppq1/P1P5/2P1N2P/1P1R1PP1/3R2K1 w - - 2 29,e3d5 f8g8 d5e3 f5f4 e3g4 h6h5,2192,84,79,32,advantage long middlegame quietMove,https://lichess.org/hoKZYFsN#57,
29fUD,8/5pp1/5k2/p3np2/3R3P/2p3P1/P5K1/8 w - - 0 34,d4d8 c3c2 d8c8 e5d3 c8c2 d3e1 g2f1 e1c2,2114,76,92,236,advancedPawn crushing endgame fork quietMove veryLong,https://lichess.org/pJbcSXn0#67,
29xRQ,r1r3k1/p1R1Rpbp/1p2b1p1/3pN1B1/3P4/8/PP3PPP/6K1 w - - 6 20,g2g3 c8c7 e7c7 f7f6 c7c6 a8e8 g5f6 g7f6,2183,82,90,1103,crushing fork middlegame quietMove veryLong,https://lichess.org/UimnRTdp#39,
2AHBM,1k5r/1pp2p1p/pq1r4/3Q4/8/5P2/PPP3PP/2KR2R1 w - - 0 23,d5f7 b6e3 c1b1 h8d8 a2a3 d6d1 g1d1 d8d1,2118,82,86,279,crushing endgame queensideAttack quietMove veryLong,https://lichess.org/PhbspCyA#45,
2AHC5,8/pp6/4Pkp1/7p/2P5/5K1P/PP6/8 b - - 4 40,f6e6 f3f4 e6f6 h3h4 g6g5 h4g5,2130,77,92,997,crushing endgame long pawnEndgame quietMove,https://lichess.org/Cp3eMy0G/black#80,
2AHOa,8/8/pp1k4/2p5/4K3/PP3P2/8/8 b - - 2 48,d6c6 e4e5 b6b5 f3f4 a6a5 f4f5 c6d7 e5d5 a5a4 b3a4 b5a4 d5c5,2110,88,78,35,crushing endgame pawnEndgame quietMove veryLong,https://lichess.org/0Um72JDC/black#96,
2Am9E,4Q2k/p7/1p4pp/2p2rq1/8/P2P4/1P5P/5R1K b - - 7 36,h8h7 f1e1 h7g7 e1e7 g5e7 e8e7,2174,74,94,6635,advantage endgame long quietMove,https://lichess.org/Oc9eUAlx/black#72,
2AnID,r5rk/pp1Q4/2p1p3/q1P1P2P/2P2pp1/2nP2K1/P4PP1/R4BNR w - - 0 32,g3h4 a5c5 d3d4 c5f8 f1d3 f8h6 d7h7 h6h7 d3h7 h8h7 a1c1 c3e4,2182,87,77,63,advantage middlegame quietMove veryLong,https://lichess.org/cwk2uIWk#63,
2B0dk,6k1/p4R2/1bp3P1/3p3P/7K/2p5/P7/8 w - - 2 44,f7f1 b6e3 h5h6 e3h6,2161,76,80,151,crushing endgame quietMove short,https://lichess.org/FjoHUwNU#87,
2B582,rnb3k1/pppp1Npp/5q2/4p3/8/2P5/P1PP1bPP/R1BQ1K1R w - - 1 10,d1f3 f2h4 f3f6 h4f6 f7e5 f6e5,2125,79,77,43,advantage long middlegame quietMove trappedPiece,https://lichess.org/GjSI9ewL#19,Russian_Game Russian_Game_Italian_Variation
2B5QT,6k1/6p1/2Bp2bp/1P1Pp3/4n3/1Q5P/5qPK/5N2 w - - 1 29,f1g3 e4d2 b3d1 e5e4 c6d7 d2f3,2151,159,83,16,advantage endgame long pin quietMove,https://lichess.org/VDqE2jOO#57,
2BKcl,8/2k3p1/3p1p1p/p2p1P2/P2K1P1P/6P1/8/8 w - - 1 37,d4d5 h6h5 d5e6 c7c6 e6f7 d6d5 f7g7 d5d4 g7f6 d4d3 f6g6 d3d2 f5f6 d2d1q,2169,78,79,65,advancedPawn crushing endgame pawnEndgame promotion quietMove sacrifice veryLong,https://lichess.org/jba7Zxbb#73,
2BjZF,8/8/p5K1/P1k4p/5P1P/2P3P1/8/3b4 b - - 0 40,c5b5 f4f5 d1c2 g6g5,2111,81,91,5032,bishopEndgame crushing endgame quietMove short,https://lichess.org/5F2bRMPV/black#80,
2C4Vz,8/8/1p1kNp1p/1P3Ppn/3KP3/8/7P/8 b - - 2 34,h5f4 e6f4 g5f4 h2h3 f4f3 d4e3 f3f2 e3f2,2175,81,90,1097,crushing endgame knightEndgame quietMove veryLong zugzwang,https://lichess.org/bo0attly/black#68,
2CDL5,8/b4p2/P1p3k1/4Pp1p/1PP2P2/8/6K1/8 b - - 2 36,h5h4 c4c5 g6g7 b4b5 c6b5 c5c6,2118,75,93,6947,bishopEndgame crushing endgame long quietMove,https://lichess.org/kFkBEd5b/black#72,
2CEKt,8/Pk6/6pp/1pBPKp2/5P2/6P1/6r1/8 b - - 0 51,g2g3 d5d6 g3d3 c5d4 d3a3 d6d7 b7c7 e5e6,2119,76,93,2592,advancedPawn crushing endgame quietMove veryLong,https://lichess.org/DpcoLYw7/black#102,
2CXY4,q4r1k/1p4p1/4R2p/p1P1Q3/Pb6/1P4P1/5P1P/6K1 b - - 6 31,a8b8 e6h6 h8g8 e5d5 f8f7 h6d6 b8c8 d6d8 c8d8 d5d8,2156,78,91,510,advantage endgame fork master pin quietMove veryLong,https://lichess.org/qvC15Rik/black#62,
2D0I5,8/8/6pp/pp2k3/6PP/1P2K3/P7/8 w - - 0 42,a2a4 b5b4 e3d3 e5f4 g4g5 h6g5 h4g5 f4g5,2133,75,70,81,crushing endgame pawnEndgame quietMove veryLong zugzwang,https://lichess.org/IX9fVrIn#83,
2D0MN,2B5/p7/1p3p2/3Pk1pK/4P2p/6r1/8/4R3 b - - 7 45,g3a3 e1d1 h4h3 d5d6 h3h2 d6d7,2140,75,86,120,advancedPawn crushing endgame long quietMove,https://lichess.org/4Tt3EouM/black#90,
2D4kJ,2r1k3/pp2p2Q/5b2/3P1p2/1P3P1R/P3q1PP/6BK/8 w - - 0 34,h7f5 c8c1 h4h8 f6h8,2106,76,92,2600,advantage endgame master quietMove short,https://lichess.org/BjpFqDGL#67,
2Dchk,r1bqr1k1/2p2pp1/p4b1p/1p1P3Q/1P2P3/2NB1R1P/P1P3P1/R5K1 b - - 4 21,f6c3 h5f7 g8h8 e4e5 c8e6 d5e6 e8e6 f7e6,2109,76,76,69,crushing kingsideAttack middlegame quietMove veryLong,https://lichess.org/yc1lTOAN/black#42,
2DmPm,2kr1b1r/pp3p1p/2p2n2/3pqP2/8/2NQ1P2/PP1P2Bp/R1B2R1K w - - 2 18,c3e2 d8e8 f3f4 e5e2 d3e2 e8e2,2152,78,75,113,advantage long opening quietMove,https://lichess.org/6BRiMczV#35,English_Opening English_Opening_Anglo-Indian_Defense
2E2sv,8/p7/4k2p/3p1pp1/P1pP4/2P3P1/4K1PP/8 w - - 1 35,h2h4 g5h4 g3h4 f5f4 e2f3 e6f5 g2g4 f4g3,2189,81,80,46,crushing enPassant endgame pawnEndgame quietMove veryLong,https://lichess.org/CIySd7sC#69,
2EA9r,6k1/1p3pb1/1n1Np1pp/8/p2PP3/Pq1B1Q1P/6PK/8 b - - 1 36,g8h7 e4e5 f7f5 e5f6,2162,79,97,411,advantage enPassant endgame quietMove short,https://lichess.org/Uyx4c1ms/black#72,
2ENwb,3rr3/1pp1kp2/1p3p2/4pK2/2P1P3/1P6/P7/3RR2B w - - 2 33,h1f3 d8d1 e1d1 e8g8 d1d7 e7d7,2142,78,91,343,crushing endgame long quietMove,https://lichess.org/hAL7l0BU#65,
2EOTt,6k1/4Q3/2p2p2/5Kp1/1p1qP1P1/7P/P7/8 w - - 4 49,e7f6 d4f6 f5f6 c6c5 f6e5 c5c4 e5d4 c4c3,2145,79,91,98,crushing endgame queenEndgame quietMove veryLong,https://lichess.org/oMdmva31#97,
2EepN,5r2/6kp/p1Np1np1/2bPp1B1/2P5/7r/P6P/1K3R1R b - - 3 31,h3c3 c6d8 g7g8 g5f6,2170,76,98,385,advantage master middlegame quietMove short,https://lichess.org/oIBgJrnR/black#62,
2EkT3,r1b4k/pp2pQbp/3q1np1/8/3P4/1P6/PB4PP/3RR1K1 b - - 2 27,c8d7 e1e7 a8g8 d4d5 d7e8 f7e6,2138,101,86,57,advantage long middlegame quietMove,https://lichess.org/rIAnpNTR/black#54,
2F8ay,r1b2r2/ppp1n1k1/2n1p1q1/4P1N1/2P4Q/1R6/P2B1PPP/4K2R b K - 8 21,b7b6 b3g3 e7f5 g5e6 c8e6 g3g6,2140,77,93,5621,crushing discoveredAttack exposedKing long middlegame pin quietMove,https://lichess.org/GwFKrY4j/black#42,
2FOl6,8/8/3b2p1/1k1P4/4KP1P/1P6/8/8 b - - 0 50,b5b4 f4f5 g6f5 e4f5 d6g3 h4h5 b4c5 f5e6,2124,79,91,514,bishopEndgame crushing defensiveMove endgame master quietMove veryLong,https://lichess.org/CEqk2z4w/black#100,
2FXvJ,8/8/pppk4/5Q2/7P/1P4P1/2P2P1K/3q4 w - - 3 43,f5d3 d1d3 c2d3 a6a5 h2g2 b6b5,2156,94,78,51,advantage defensiveMove endgame long queenEndgame quietMove,https://lichess.org/bE02Xieq#85,
2FklK,6k1/5p1p/6p1/R7/PK4P1/7n/8/8 w - - 0 47,a5g5 h3g5 b4b5 g5e6 a4a5 e6c7,2122,81,86,51,crushing endgame hangingPiece long quietMove,https://lichess.org/GFKKWDKY#93,
2GDcZ,8/8/1p5p/p7/6PK/8/PP1k4/8 b - - 0 52,d2c2 b2b3 c2b2 h4h5 b2a2 h5h6 a2b3 g4g5 b6b5 g5g6 b5b4 g6g7 b3a3 g7g8q,2168,154,82,11,advancedPawn crushing endgame pawnEndgame promotion quietMove veryLong,https://lichess.org/9afjVROz/black#104,
2GJns,r4rk1/1p6/2p4R/5B2/p7/2B4P/b4PP1/6K1 b - - 0 24,a8d8 f5g6 f8f6 c3f6,2190,90,83,66,crushing endgame quietMove short,https://lichess.org/aqNwutbp/black#48,
2GKmz,k1r2bnr/p3p1pp/2p3q1/2RpB3/3P4/PQ3P1P/1P2KP2/7R b - - 7 22,g6e8 h1c1 e7e6 c5c6 c8c6 c1c6,2117,75,90,1073,crushing long middlegame quietMove,https://lichess.org/Hf1JRv2a/black#44,
2GOKo,r5rk/1pp3p1/p2pB1Rp/8/4PP2/4B2R/5PKP/3q4 b - - 7 29,h8h7 f4f5 d1d3 h3h4,2134,111,47,16,advantage middlegame quietMove short,https://lichess.org/ki8W4NRs/black#58,
2GOcE,8/5k2/p5p1/3pp1P1/8/1P3P2/P2K4/8 b - - 0 33,f7e6 b3b4 e6f5 a2a4,2117,78,90,1553,crushing defensiveMove endgame pawnEndgame quietMove short,https://lichess.org/PntNJrRo/black#66,
2GTU0,8/p7/1p4p1/3k1pP1/PPp2P2/4K3/2P5/8 b - - 0 43,a7a5 c2c3 a5b4 c3b4 c4c3 e3d3,2170,74,93,2075,crushing endgame long pawnEndgame quietMove zugzwang,https://lichess.org/QzmoxfBv/black#86,
2GlzK,8/2pk4/1p1p3p/1P2p1pP/2PnK1P1/3P4/B4P2/8 w - - 11 38,e4d5 d4e2 d5e4 e2c3 e4f5 c3a2,2152,79,86,166,crushing endgame fork long quietMove,https://lichess.org/cF1MTDem#75,
2GprR,8/6k1/7p/4p3/1pK5/3P2PP/8/8 b - - 1 40,g7f6 c4b4 e5e4 d3d4 e4e3 b4c3 e3e2 c3d2 e2e1q d2e1,2185,79,89,208,crushing endgame pawnEndgame quietMove veryLong,https://lichess.org/1VLRwm2K/black#80,
2Gsz0,8/8/8/pp6/2k5/P1P1K3/8/8 w - - 0 59,e3d2 c4b3 a3a4 b3a4 d2c2 a4a3 c3c4 b5c4 c2c3 a5a4 c3c4 a3b2,2161,75,94,2309,crushing endgame pawnEndgame quietMove veryLong,https://lichess.org/OBt5SBKD#117,
2HD3Y,5k2/6r1/3p3Q/3P4/2p5/p5bP/2B3P1/7K w - - 0 37,h6e3 a3a2 e3a3 g7e7 a3f3 e7f7 f3g3 a2a1q,2193,117,78,10,advancedPawn crushing defensiveMove endgame promotion quietMove veryLong,https://lichess.org/R0GNNXvn#73,
2HJsK,8/1p2k2p/p1b3p1/2PBK3/1P5P/P7/8/8 b - - 4 37,h7h6 d5c6 b7c6 a3a4 e7f7 e5d6,2118,76,96,991,advantage bishopEndgame endgame long quietMove zugzwang,https://lichess.org/8EwGp2SN/black#74,
2HfJ0,r1b1r1k1/pp3pp1/1q3n1B/2b5/3p4/2NB1P1P/PPP2P2/R1Q2RK1 w - - 0 15,c1g5 c5f8 h6g7 f8g7,2168,77,91,272,advantage middlegame quietMove short,https://lichess.org/kYerhd4e#29,French_Defense French_Defense_Exchange_Variation
2Hmfc,8/1P6/8/7p/5b2/5P2/3pK1k1/3B4 w - - 1 65,e2d3 h5h4 b7b8q f4b8 d3d2 b8f4,2195,75,96,119,bishopEndgame crushing endgame long quietMove,https://lichess.org/D02zxtAr#129,
2Hno2,4r1k1/1pQ3p1/b6p/5N2/P2q4/4pP2/2P3PP/4B1K1 b - - 0 34,d4b2 c2c3 b2f2 e1f2 e3f2 g1f2,2110,82,97,54,crushing endgame long quietMove,https://lichess.org/ofgoPUVK/black#68,
2I0YM,1kr5/1p1b3p/1r5n/1P1Nnp2/8/8/R5PP/1R3BK1 b - - 2 30,b6d6 b1a1 d6a6 b5a6,2189,78,69,46,crushing middlegame quietMove short,https://lichess.org/SXYf0qjV/black#60,
2I2dm,8/2p5/p7/5K2/1Pp5/P1P2k2/8/8 w - - 2 46,f5e5 f3e3 a3a4 e3d3 b4b5 a6a5 e5d5 d3c3,2191,77,88,588,crushing endgame pawnEndgame quietMove veryLong,https://lichess.org/DH2m7Vmp#91,
2JSk2,8/pK6/1p6/7k/8/8/P7/8 b - - 1 55,h5g5 a2a4 a7a5 b7b6 g5f5 b6a5,2160,77,87,337,crushing endgame long pawnEndgame quietMove,https://lichess.org/hBFogIcs/black#110,
2Jl1s,1r6/8/6kp/3Np1b1/1p2P3/1P1P2PK/5r2/1R1R4 w - - 0 47,h3g4 f2h2 d1h1 h6h5,2189,78,86,74,advantage endgame quietMove short,https://lichess.org/f7dWJUdn#93,
2K6FO,6k1/5p2/5p1p/4rPp1/1rppP1P1/1P3K1P/2R5/1R6 b - - 1 49,c4b3 c2c8 g8g7 b1a1 e5c5 c8c5 b3b2 a1b1,2141,76,79,303,crushing endgame quietMove rookEndgame veryLong,https://lichess.org/dzP9skK5/black#98,
2KVA2,8/8/8/1p1k4/2p2K2/6P1/PP6/8 w - - 3 49,f4f5 b5b4 f5f4 d5d4 f4f3 d4d3 g3g4 c4c3 b2c3 b4c3,2160,74,94,9219,crushing endgame pawnEndgame quietMove veryLong,https://lichess.org/FQYXjQOj#97,
2KZTv,8/4pr1k/2q3p1/pp2Q2p/2p2P1P/P1P3P1/1P1R3K/8 b - - 3 42,e7e6 d2d8 f7g7 e5b8,2106,74,94,9493,crushing endgame quietMove short,https://lichess.org/4fAEZdSB/black#84,
2Kfjk,8/2Q2p2/4p1k1/p4p2/5P1p/1PP4P/6PK/4q3 w - - 0 42,c7e5 e1e5 f4e5 f5f4 h2g1 g6f5,2136,76,92,704,crushing endgame long queenEndgame quietMove,https://lichess.org/UZAEpR9Q#83,
2L0rx,3r1nk1/p5bp/2P3p1/1p2p1N1/1n6/6P1/PP1K3P/R1B2R2 w - - 3 26,d2c3 a7a5 f1f8 g7f8,2177,75,79,363,crushing master masterVsMaster middlegame quietMove short,https://lichess.org/6VMfQdxP#51,
2L2jW,7k/8/8/8/p7/1p1K4/1P6/8 b - - 1 45,a4a3 b2a3 h8g7 a3a4 b3b2 d3c2 b2b1q c2b1 g7f6 a4a5 f6e5 a5a6,2105,78,84,337,crushing endgame pawnEndgame quietMove veryLong,https://lichess.org/YkAgbJrY/black#90,
2MVrv,2rq1rk1/5p2/1b4pp/4pN2/6R1/3P4/3Q1PPP/5RK1 b - - 1 29,d8f6 d2h6 f6f5 g4h4 f5h5 h4h5,2161,87,78,29,crushing long middlegame pin quietMove sacrifice,https://lichess.org/14wKtI50/black#58,
2MmVQ,8/8/1p6/p1p1k3/P1P3Kp/7P/6P1/8 w - - 9 49,g4h4 b6b5 a4b5 a5a4 b5b6 e5d6 b6b7 d6c7,2116,79,83,40,crushing endgame pawnEndgame quietMove veryLong,https://lichess.org/yJQB1hLp#97,
2N5pP,2b5/p1P5/1pB5/1P6/P7/7k/5K1p/8 b - - 2 52,c8e6 c6b7 h3h4 f2g2 h2h1b g2h1,2160,77,78,71,bishopEndgame crushing endgame long quietMove,https://lichess.org/A2ZS3Zb7/black#104,
2N9yt,2b2rk1/1p3ppp/3qpn2/1P6/1nP5/2Q3P1/4PP1P/B3KBNR w K - 1 15,f1g2 f8d8 c3c1 b4a2,2114,79,80,56,advantage middlegame quietMove short,https://lichess.org/oVqE85qW#29,Nimzo-Indian_Defense Nimzo-Indian_Defense_Classical_Variation
2NAYC,r4r1k/p1p1npp1/1p2p2p/7n/3PqP2/1QP1B3/P3BPRP/3R3K b - - 2 22,e7f5 e2h5 f5h4 d1g1 h4g2 g1g2,2141,74,86,533,advantage hangingPiece long middlegame quietMove,https://lichess.org/24jQBHGG/black#44,
2NSOs,4n3/p1p1rkp1/1p1r4/7Q/8/3p1P1R/5PKP/8 b - - 5 34,d6g6 h3g3 e7e6 f3f4 e8d6 f4f5 d6f5 h5f5,2130,84,81,47,crushing defensiveMove endgame fork quietMove veryLong,https://lichess.org/WPNHZeW7/black#68,
2Nj2L,2k4r/pp5p/2p1pp2/5br1/3P3Q/1B3qPP/P4P2/2R1R1K1 w - - 1 27,b3e6 f5e6 e1e6 h8g8 c1e1 g5g3 h4g3 g8g3,2135,77,91,1079,crushing kingsideAttack middlegame quietMove veryLong,https://lichess.org/ADtyfbxx#53,
2O5jM,Q7/6pk/p2p2bp/8/8/6BP/Pqr3P1/5R1K b - - 3 30,b2a2 f1f8 a2b1 h1h2 c2g2 a8g2,2141,78,93,4598,advantage defensiveMove endgame long quietMove,https://lichess.org/9hYQo10j/black#60,
2OMIl,r2qk3/bpp2p2/p2p1r1p/4p2Q/2B1P3/P2P4/1PP3P1/R3R2K w q - 2 20,c4f7 f6f7 e1f1 d8e7 f1f3 e8f8 h5h6 f8g8,2129,83,74,57,advantage middlegame quietMove veryLong,https://lichess.org/ulOFM04M#39,
2OVlC,q2r1bk1/p1p2pp1/1p2b2p/4n3/1P6/2P3P1/P1Q1PP1P/RNB2RK1 w - - 0 24,f1d1 e6h3 f2f3 e5f3 e2f3 a8f3 d1e1 d8e8 c1e3 e8e3,2181,79,91,1037,crushing kingsideAttack middlegame quietMove veryLong,https://lichess.org/kUrhVzFX#47,
2OZ07,4rk2/pp2n3/3Q4/6N1/7P/8/P4PPK/q7 b - - 6 33,a1a2 d6f6 f8g8 g5e6 a2e6 f6e6,2154,82,75,55,crushing endgame long quietMove,https://lichess.org/I69dmyay/black#66,
2PKSi,6bk/8/2QN3p/p1P1q3/8/5PP1/6K1/8 w - - 0 52,c6e8 e5e8 d6e8 a5a4 e8f6 a4a3 f6g8 a3a2,2195,76,84,64,advancedPawn crushing endgame quietMove sacrifice veryLong,https://lichess.org/SyzECtZK#103,
2PUd3,2r5/pp2Rk1p/3r2p1/3N1p2/1P1p1P1P/B4K2/P7/8 b - - 1 35,f7f8 b4b5 d6d5 e7c7 f8e8 c7c8,2101,79,83,40,advantage discoveredAttack endgame exposedKing long master quietMove sacrifice,https://lichess.org/yu7ecF17/black#70,
2PZUz,8/kpK2R2/2p5/PP6/2P4r/8/8/8 b - - 0 60,h4c4 b5b6 a7a6 f7f8 c6c5 f8a8 a6b5 c7b7,2121,75,89,174,crushing deflection endgame quietMove rookEndgame veryLong,https://lichess.org/D91NO8UU/black#120,
2Pdtt,2rq1rk1/p4p2/p1p1p3/2PpPn1Q/8/3R4/PP3PPP/5RK1 b - - 3 18,f7f6 h5g6 f5g7 d3h3 f6e5 g6h7,2147,84,88,40,advantage long middlegame quietMove,https://lichess.org/mnE4hLlP/black#36,Modern_Defense Modern_Defense_Other_variations
2PgFm,8/8/2p1p3/p2p2kp/P2PP3/1P3KP1/8/8 b - - 0 41,d5e4 f3e4 g5g4 b3b4 a5b4 a4a5 b4b3 e4d3 b3b2 d3c2 b2b1r c2b1,2162,77,91,3693,crushing endgame pawnEndgame quietMove veryLong,https://lichess.org/HiMi0XtT/black#82,
2Pr3x,8/p7/2k4p/2qr2p1/8/3R3P/PP1Q2K1/8 w - - 3 40,d3d5 c5d5 d2d5 c6d5 g2f3 h6h5 f3e3 d5e5,2151,97,68,23,advantage defensiveMove endgame quietMove veryLong zugzwang,https://lichess.org/0rFKUIn7#79,
2QMAg,5r1k/ppp4p/6p1/7n/8/2P5/PP2rPPK/2BR1R2 b - - 0 19,f8f2 f1f2 e2f2 c1h6 h5f6 d1d8 f6g8 h6e3,2147,93,90,60,advantage endgame quietMove veryLong,https://lichess.org/TpuSn70d/black#38,
2QPEA,1r6/5k2/p3pBp1/3p1pPr/2qPb3/2P3Pp/PP3Q1P/R3R1K1 w - - 8 30,f2f4 b8b2 e1e4 d5e4 f4d6 b2b7 d4d5 c4d5,2186,130,85,16,crushing master middlegame quietMove veryLong,https://lichess.org/Z9e1uCeM#59,
2RUGA,8/2Pb1kp1/6P1/5P1p/3B1K1P/8/8/4b3 b - - 0 49,f7e8 d4g7 e1a5 g7e5 a5d2 f4e4,2197,82,91,735,bishopEndgame crushing defensiveMove endgame long quietMove,https://lichess.org/ghrDTqS9/black#98,
2S1kt,8/1P2Q1pk/p6p/5b2/5p1n/P4P2/3R2PP/1q2K3 w - - 3 37,e1e2 h4g2 e2f2 g2e3 e7e3 f4e3,2171,77,82,70,crushing endgame long quietMove,https://lichess.org/koY4Y2xe#73,
2SBEF,3r2k1/1P3p2/4p3/2N5/P1KP2p1/7p/5n2/5N2 b - - 1 41,f7f5 a4a5 h3h2 f1h2,2176,78,81,52,crushing endgame quietMove short,https://lichess.org/OO2YUZhZ/black#82,
2Sszf,4k2r/R1p1pp1p/6pb/2NP4/1K4b1/5rP1/2P5/6R1 b k - 0 33,e8d8 a7a8 g4c8 g1a1 e7e6 a8c8,2158,76,90,304,advantage long middlegame quietMove,https://lichess.org/XXnw0r5P/black#66,
2TTtm,3r1rk1/p2qbpp1/7p/1pp5/3pP3/1P1Pn1Q1/PBPNR1PP/2R3K1 b - - 7 20,d7d6 e2e3 e7g5 e3e2 d6g3 h2g3,2178,76,92,6039,advantage long middlegame quietMove,https://lichess.org/vTlA12f6/black#40,
2TWcY,r1bq1rk1/1p3pp1/p2bpn1B/3pN3/8/P2B4/1PPQ1PPP/R3R1K1 b - - 0 17,g7h6 d2h6 f8e8 e1e3 d6e5 e3e5 f6e4 d3e4,2181,75,91,1646,crushing middlegame quietMove veryLong,https://lichess.org/wSZlTjo8/black#34,Sicilian_Defense Sicilian_Defense_Najdorf_Variation
2Tg71,8/5kp1/p6p/3pbP1P/P2B2P1/3K4/8/8 b - - 5 49,f7f6 a4a5 e5d4 d3d4 f6g5 d4d5,2118,127,39,17,bishopEndgame crushing endgame long quietMove,https://lichess.org/LRJ8TcRX/black#98,
2U9gS,3q3k/1Q4p1/3P1bB1/pNp5/2P3b1/6P1/P6P/7K w - - 1 36,b7c7 d8a8 h1g1 g4h3 c7b8 a8b8,2158,75,95,729,crushing endgame long quietMove,https://lichess.org/jFjmx5DX#71,
2UPjP,r4bk1/1p3pp1/1qp3n1/p2p2BQ/P1b2PP1/4R3/1P5P/4R2K b - - 1 24,d5d4 e3h3 f7f6 h5h7 g8f7 h3h6 c4d5 h1g1 d4d3 g1f1,2175,126,79,12,clearance crushing fork middlegame pin quietMove veryLong,https://lichess.org/nKyyi51y/black#48,
2V4hP,8/8/3b4/2P2k1p/3Kp2P/4B3/8/8 b - - 0 47,d6c5 d4c5 f5g4 e3f2 e4e3 f2e1,2121,77,90,991,bishopEndgame crushing defensiveMove endgame hangingPiece long quietMove,https://lichess.org/U0sHD6M9/black#94,
2VfNn,3r4/6p1/5pk1/3R3p/4P3/6PP/5PK1/8 b - - 0 32,d8d5 e4d5 g6f5 f2f4 f5e4 d5d6,2184,76,92,159,crushing endgame long quietMove,https://lichess.org/h2TVb8pM/black#64,
2VgVB,5rk1/6p1/3R3p/1b1RP3/2p2r1P/2N5/PqPKQ3/8 w - - 1 29,d6d8 b5e8 d8e8 f8e8,2181,100,82,26,advantage master middlegame quietMove short,https://lichess.org/bKkuU9Oy#57,
2Vzbc,rn1q1rk1/2pbppbP/p7/8/2pPP3/2N1QN2/PP4PP/R4RK1 b - - 0 14,g8h7 e4e5 h7g8 e3e4 e7e6 e4a8 d7c6 a8a7,2187,166,47,83,advantage clearance middlegame quietMove veryLong,https://lichess.org/4M9Z2pOe/black#28,Queens_Gambit_Declined Queens_Gambit_Declined_Marshall_Defense
2We8h,6k1/7p/1n4p1/3pPpP1/p1pP4/PpP3B1/1P5P/4K3 b - - 0 32,b6d7 e5e6 d7b6 g3d6 b6c8 d6c5,2114,159,79,5,clearance crushing defensiveMove endgame long quietMove,https://lichess.org/8herG0x9/black#64,
2WjOO,2r4k/pp2n3/5p1B/3qp3/3p2Q1/8/PP3PPP/3R2K1 b - - 0 26,c8g8 g4h3 g8g6 h6f8 h8g8 f8e7,2143,76,91,1581,crushing discoveredAttack endgame exposedKing long quietMove,https://lichess.org/0QlKdim3/black#52,
2WtLt,8/6pk/2R2p1p/2P1r3/6Q1/7P/5qPK/8 w - - 0 46,c6c8 e5e1 g4f3 f2g1,2183,92,94,46,crushing endgame quietMove short,https://lichess.org/eUH1gyRe#91,
2Wzio,r3kb1r/pp3pp1/2npb3/2p1p3/4P2q/2NP1P2/PPP1N1B1/R1BQ1RK1 w kq - 0 12,d1e1 h4h2 g1f2 f8e7 f1h1 e7h4,2178,79,91,940,crushing long opening quietMove,https://lichess.org/fY0Dp67T#23,Sicilian_Defense Sicilian_Defense_Closed
2X0fe,1r6/5N1p/3N2p1/pp5k/3n1r2/1B5b/P4P2/Q5K1 w - - 4 29,a1d1 d4f3 g1h1 f4h4 d1f3 h3g4 h1g2 g4f3,2141,102,79,25,advantage discoveredAttack middlegame quietMove sacrifice veryLong,https://lichess.org/9LeNSEMV#57,
2X49T,8/8/1p3pp1/p1pk4/5PKP/1P6/P7/8 b - - 1 46,d5e4 a2a4 b6b5 a4b5 f6f5 g4g5 e4d5 g5g6 a5a4 b3a4,2163,80,86,59,crushing endgame pawnEndgame quietMove veryLong zugzwang,https://lichess.org/bU69ohQz/black#92,
2XyIq,8/8/4r1R1/3k3p/5P2/2p5/2K5/8 w - - 0 50,g6e6 d5e6 c2c3 h5h4 c3d4 h4h3 d4e4 h3h2,2198,78,76,234,advancedPawn crushing endgame quietMove veryLong,https://lichess.org/g2QcUCsI#99,
2Y6Xp,8/8/1p6/1KbN4/P5p1/3k4/6P1/8 b - - 4 47,d3e2 d5b6 c5d6 a4a5 d6b8 b6d7,2198,93,52,27,crushing endgame long quietMove,https://lichess.org/yj140R1V/black#94,
2Z4Rk,rnb1k3/ppQp3p/2p4b/4p2P/2P1P3/4qr2/PP2N1P1/R3KB1R w KQq - 0 15,c7c8 e8e7 g2f3 b8a6 c8b7 e3d2,2175,214,87,3,crushing long middlegame quietMove sacrifice,https://lichess.org/msN0MtZ2#29,Modern_Defense Modern_Defense_Other_variations
2ZXQ6,8/8/pK6/1p6/5k1p/1P5P/P7/8 w - - 2 61,b6a6 b5b4 a6a5 f4g3 a5b4 g3h3,2157,75,91,76,crushing endgame long pawnEndgame quietMove,https://lichess.org/hI5VoLJ1#121,
2Zfq2,8/8/p7/1p1k1pp1/8/PP1K1PP1/8/8 w - - 2 53,a3a4 b5a4 b3a4 a6a5 d3c3 d5c5,2144,76,100,84,crushing defensiveMove endgame long pawnEndgame quietMove zugzwang,https://lichess.org/zOxgG3aa#105,
2a79U,8/5p2/5k2/p1p4p/1pP1BKbP/P5P1/1P6/8 w - - 1 37,e4f3 g4f3 f4f3 f6f5 a3a4 b4b3 g3g4 h5g4 f3g3 f7f6 h4h5 f5g5 h5h6 g5h6,2147,76,89,812,bishopEndgame crushing endgame quietMove veryLong zugzwang,https://lichess.org/rZMqj7YA#73,
2aYrU,r3r1k1/pp3Np1/2q5/6Q1/4P3/3p3P/P5P1/5RK1 b - - 0 34,e8f8 g5h5 f8f7 h5f7,2142,79,90,438,crushing endgame quietMove short,https://lichess.org/K6jmWqPq/black#68,
2aaXP,5r1k/1bb1qBp1/p6p/1p2p2Q/4P3/2N5/PPP3PP/1K3R2 w - - 3 24,c3d5 b7d5 e4d5 e5e4 a2a3 e4e3,2118,77,78,101,advantage long middlegame quietMove,https://lichess.org/SckgJJdL#47,
2azzl,r2q3r/1b2knQ1/p1p1pN1B/1p1P4/1Pn5/P1P5/5PPP/R4RK1 b - - 0 23,c6d5 h6g5 d8f8 f6h7 e7d7 h7f8,2111,82,85,274,advantage discoveredAttack long middlegame pin quietMove,https://lichess.org/NAl0bpWg/black#46,
2b7GC,8/4k3/1p4p1/3pNbKp/1P1P1P2/4P3/8/8 b - - 0 44,e7d6 e5g6 f5g6 g5g6 h5h4 f4f5 d6d7 f5f6 h4h3 f6f7 h3h2 f7f8q,2195,75,87,184,advancedPawn crushing endgame promotion quietMove veryLong,https://lichess.org/Ejx9MT0S/black#88,
2bFZR,8/1p6/p1p5/2P1k3/PPK5/8/8/8 w - - 2 56,b4b5 a6a5 b5c6 b7c6,2153,76,83,144,crushing endgame pawnEndgame quietMove short,https://lichess.org/M4VRFX48#111,
2bILW,6Q1/Rr2kpp1/4pb1p/3p4/3P4/2q2N1P/1r3PP1/R5K1 b - - 1 31,b2b1 a1b1 b7a7 b1b8 c3c1 g1h2 c1c7 g2g3,2180,75,85,132,advantage defensiveMove middlegame pin quietMove veryLong,https://lichess.org/qrjkaS4U/black#62,
2bNba,6kr/5p2/p4p2/4pP2/6P1/2n1B1K1/P5P1/5R2 b - - 2 33,c3a2 e3d2 g8g7 f1a1 a2c3 d2c3,2166,74,93,709,crushing endgame long master quietMove trappedPiece,https://lichess.org/AOnqmVWS/black#66,
2byPk,8/4k3/2p5/2PpK3/3P2P1/3bB3/5P2/3Bb3 w - - 1 47,f2f4 e1a5 f4f5 a5c7,2106,74,93,5729,bishopEndgame endgame mate mateIn2 quietMove short,https://lichess.org/MKGJyhJ7#93,
2bzaN,7r/8/4p3/4P1r1/4R3/5k2/5P1p/2R4K w - - 3 42,e4e1 h8g8 c1c3 f3f2 e1f1 f2f1,2190,83,95,135,crushing endgame long quietMove rookEndgame,https://lichess.org/7vPHLxLu#83,
2c0dz,3r4/5R2/6K1/7p/6P1/5P2/5k2/8 b - - 0 40,h5g4 f3g4 f2g3 g4g5 g3g4 g6h6 d8h8 h6g7,2186,81,90,935,crushing discoveredAttack endgame quietMove rookEndgame veryLong,https://lichess.org/k3Dx2pL8/black#80,
2cG80,3q1k1r/2p2p2/3p1n2/bBpP1P1p/2P4B/P6P/6Q1/5RK1 w - - 3 34,g2b2 h8g8 g1h1 d8e7 f1f3 e7e4,2166,186,64,9,crushing long middlegame pin quietMove,https://lichess.org/9Yy2cC9R#67,
2cHCN,1n2k2r/2q2ppp/2b1pn2/1p1pN3/1bpP1B2/1PN1P3/2P1BPPP/3Q1RK1 w k - 6 14,e5f7 c7f7 c3a2 b8a6 a2b4 a6b4,2127,137,80,10,advantage hangingPiece long middlegame quietMove,https://lichess.org/PBgqYOWG#27,Horwitz_Defense Horwitz_Defense_Other_variations
2cUx2,r2q2k1/6p1/p1n2r1p/1p4n1/2pP2Q1/P1P4P/BP5P/R1B2RK1 w - - 0 22,c1d2 f6g6 g1h1 d8d5,2131,98,79,19,advantage middlegame quietMove short,https://lichess.org/a7f46XBt#43,
2dHh1,8/2p3k1/3p4/PPbPp3/4P1p1/3B1pPr/5P2/1R4K1 w - - 1 41,b5b6 h3g3 g1f1 g3h3 f1e1 c7b6,2168,98,68,18,crushing endgame long pin quietMove,https://lichess.org/1Y3hTUNR#81,
2dIAu,8/1R4pk/7p/4B3/8/7P/rpq2PP1/5RK1 b - - 1 38,h7g6 g2g4 g6h7 b7g7,2180,75,89,720,crushing endgame quietMove short,https://lichess.org/w97EPv2a/black#76,
2dQJ7,7r/2R3b1/p1Pp1k2/B3p3/6Br/P3pP2/8/5RK1 w - - 1 38,f1e1 h4h1 g1g2 h8h2 g2g3 g7h6 c7f7 f6f7,2129,75,96,693,advantage exposedKing middlegame quietMove veryLong,https://lichess.org/CJdmK1cW#75,
2dqJ2,8/5p2/4p1k1/1p1p2Pr/pPnP4/P1PK1p2/5R2/6R1 w - - 4 44,f2f3 h5h2 f3f6 g6g7,2118,75,88,350,crushing defensiveMove endgame master quietMove short,https://lichess.org/sR2IJpSx#87,
2dwhA,k4r2/pp5r/8/7Q/1P6/3q2P1/4RP2/5RK1 w - - 1 34,h5g4 f8h8 g4e4 h7h1 e4h1 h8h1,2109,75,84,316,crushing endgame long quietMove,https://lichess.org/fH6FajNW#67,
2eBWb,2r3k1/5p1p/6pP/6P1/4q3/pP6/P7/K4QR1 b - - 3 40,c8c2 f1f6 g8f8 g1f1 e4d5 f6h8 f8e7 f1e1 e7d7 h8e8,2174,177,-5,13,clearance crushing endgame quietMove veryLong,https://lichess.org/O9MAGSza/black#80,
2ekfs,7r/5pk1/8/2bBp3/1p1qP1P1/3P1P2/4Q1K1/7R w - - 0 58,h1h8 d4g1 g2h3 c5f2 e2f2 g1f2,2129,73,95,9861,clearance crushing endgame long quietMove,https://lichess.org/4pDhPaN8#115,
2f9Hu,8/8/2k1pp2/2Pp1p1p/1K1P1P1P/6P1/8/8 w - - 0 53,b4a5 e6e5 d4e5 f6e5 f4e5 c6c5 a5a4 d5d4 e5e6 c5d6 e6e7 d6e7,2116,76,98,102,crushing endgame pawnEndgame quietMove veryLong,https://lichess.org/QndJNUxc#105,
2fQoH,8/8/8/p1k1p3/P1P5/3K4/8/8 w - - 1 49,d3c3 e5e4 c3b3 c5d4 c4c5 d4c5 b3c3 c5d5,2176,83,81,50,crushing defensiveMove endgame pawnEndgame quietMove veryLong zugzwang,https://lichess.org/bCqYVyP5#97,
2fU47,1qb3k1/6p1/3RpP1p/1pNp4/1PrP1P2/8/1Q4PP/6K1 b - - 0 31,g7f6 d6d8 g8f7 b2b1 f6f5 c5e6 c8e6 d8b8,2106,128,82,17,crushing endgame quietMove veryLong,https://lichess.org/Rp7l8mUg/black#62,
2fVyr,r1bq1rk1/2p3pp/p1pb4/5p2/2NPp3/1PNnP3/PB3PPP/2RQ1RK1 w - - 6 15,c1c2 d6h2 g1h2 d8h4 h2g1 f8f6 g2g3 h4h3 f2f4 f6h6,2154,74,93,6966,attraction crushing defensiveMove middlegame quietMove sacrifice veryLong,https://lichess.org/x3BdnOXt#29,Nimzo-Larsen_Attack Nimzo-Larsen_Attack_Modern_Variation
2gElv,6k1/1R4p1/7p/5P2/1P1B2r1/2P5/4n3/7K w - - 1 42,b7g7 g4g7 d4g7 g8g7 b4b5 e2g3 h1g2 g3f5 b5b6 f5d6 c3c4 d6b7 c4c5 b7c5,2166,79,92,782,crushing endgame exposedKing quietMove veryLong,https://lichess.org/vadPM87T#83,
2gfI7,8/p7/1p3k2/7p/P4K2/8/1P4P1/8 b - - 0 45,a7a6 b2b4 b6b5 a4a5 f6e6 f4g5,2163,79,91,1358,crushing endgame long pawnEndgame quietMove zugzwang,https://lichess.org/7Krar2m1/black#90,
2gzRz,6k1/p6p/5Q2/1p1q4/4b2P/6P1/4B3/4K3 b - - 0 40,a7a5 e2g4 e4g6 g4e6 d5e6 f6e6,2197,76,84,86,crushing endgame fork long master quietMove,https://lichess.org/HxJc7zHf/black#80,
2hJMe,2k4r/ppp2p2/2b1p3/2Q1P2p/2P3P1/7P/5R1K/3r4 w - - 0 32,g4h5 h8g8 c5c6 b7c6,2122,73,94,7245,crushing endgame quietMove short,https://lichess.org/0P3DR9G5#63,
2hSYn,8/7p/7B/1k3P2/1p1K2P1/7P/2p1b3/8 b - - 0 48,b5a4 f5f6 b4b3 h6c1 b3b2 c1b2 a4b3 b2c1,2142,78,86,103,bishopEndgame crushing defensiveMove endgame quietMove veryLong,https://lichess.org/RElWw0pP/black#96,
2i17M,b2r1r1k/p5qn/1p6/4Pp2/1QN3pP/2p3P1/PPB4N/R4RK1 w - - 4 32,c2f5 g7b7 h2f3 g4f3,2132,75,90,1642,advantage middlegame quietMove short,https://lichess.org/6nJ9ujCr#63,
2i33b,8/p7/5Ppk/2P3n1/4B3/8/1P1K4/8 w - - 1 48,c5c6 g5e4 d2d3 e4d6 d3d4 g6g5 f6f7 h6g7,2144,81,87,799,crushing endgame hangingPiece quietMove veryLong,https://lichess.org/sd0LzABi#95,
2iNB4,8/1p6/p7/3K2k1/1P5p/P6P/8/8 w - - 0 41,d5d6 g5f4 d6c7 b7b5 c7b6 f4g3,2182,77,81,60,crushing endgame long pawnEndgame quietMove,https://lichess.org/nLyAK4JO#81,
2ibDj,rnbqr1k1/4b1p1/1p3pNp/p2pp3/P2P1BQ1/2PB4/1P3PPP/R4RK1 w - - 0 18,g6e7 e8e7 g4g6 e5f4 g6h7 g8f7 a1e1 f6f5 e1e7 d8e7,2191,208,79,8,equality middlegame quietMove veryLong,https://lichess.org/t2uA1GV0#35,
2ilpa,7k/5p1p/2p1p3/3pPp2/3P1P2/3R3K/2PQ2PP/rq6 b - - 5 34,b1f1 d2b4 a1a8 b4e7 f1f4 e7f6 h8g8 d3g3,2122,76,86,101,advantage endgame master quietMove veryLong,https://lichess.org/YVL8BUdU/black#68,
2issf,r5k1/1b2Rpp1/3p1b1p/1qpP1Q2/1p3P2/1P4P1/P4BBP/6K1 w - - 8 26,g2e4 b7a6 f5h7 g8f8 e4d3 b5d3 h7d3 a6d3,2191,80,77,66,crushing middlegame quietMove veryLong,https://lichess.org/XJmQ12md#51,
2iuVW,1r3rk1/1bq1bppp/p7/3p1NP1/1p1p3P/3P4/PPP1QP2/1K1R1B1R b - - 1 20,b8e8 d1e1 e7d6 e2e8 f8e8 e1e8,2179,75,93,87,advantage kingsideAttack long middlegame quietMove,https://lichess.org/pA0xY4uj/black#40,
2iug6,8/4p3/2pp2p1/p3k1Pp/P1P1P2P/1P2K3/8/8 w - - 0 45,e3d3 c6c5 d3e3 e7e6 e3d3 e5f4,2169,76,90,1213,crushing endgame long pawnEndgame quietMove zugzwang,https://lichess.org/1Vbcxq3M#89,
2jT7l,3Q1b1r/p1B1pp2/2p1kn1p/3p4/3Pb3/8/P3rPPP/R4RK1 w - - 4 19,f1e1 e2e1 a1e1 f8g7 d8h8 g7h8,2103,74,93,9798,advantage long middlegame quietMove trappedPiece,https://lichess.org/9z2YeHrg#37,Caro-Kann_Defense Caro-Kann_Defense_Exchange_Variation
2jVtk,6r1/8/p7/4k1P1/1p3RK1/P2p4/1P3P2/8 w - - 0 47,f4f3 g8d8 f3e3 e5d4 e3e1 d3d2,2141,75,83,94,advancedPawn crushing defensiveMove endgame long quietMove rookEndgame,https://lichess.org/R3YdxEHX#93,
2jvfY,8/8/3p2K1/3Pk3/4P1BP/6r1/8/8 b - - 0 56,g3e3 g4f5 e3e2 h4h5 e2g2 g6f7,2167,76,87,194,crushing defensiveMove endgame long master quietMove,https://lichess.org/ZhD7QvH0/black#112,
2k7I6,2r5/8/1p4k1/p3P1p1/P2P2P1/1N3K2/1P6/8 b - - 1 40,c8c2 d4d5 c2b2 b3d4,2154,96,65,33,advantage defensiveMove endgame quietMove short,https://lichess.org/c04d91rt/black#80,
2l9uX,6rk/3Q1ppp/1pp5/3pP3/1q1Pn3/7N/r4PPP/2R1R1K1 b - - 4 30,b4d4 e1e4 a2a1 e4e1 a1c1 e1c1,2109,75,73,264,advantage long middlegame quietMove,https://lichess.org/wWU49uOv/black#60,
2lTux,7r/2N2p1k/1P4p1/p3Qp1p/2p2P2/P3P2P/2P2KP1/7q b - - 0 28,h1b1 c7e8 h8e8 e5e8 b1b6 e8f7,2168,77,82,218,crushing endgame long quietMove,https://lichess.org/Y4l0m8ae/black#56,
2lbzJ,r5k1/5pp1/7p/2p1N3/rpP1P3/1K6/8/4R2R w - - 0 28,h1f1 a4a2 e5d3 a8a3,2164,81,84,133,clearance endgame mate mateIn2 quietMove short,https://lichess.org/2U4Iixi2#55,
2ldk4,6r1/3r1p1k/1bpB1p1p/p7/4P1P1/P4P1P/1PP4K/3R1R2 w - - 3 24,c2c4 g8d8 c4c5 b6c5 d6c5 d7d1,2131,75,81,142,advantage endgame long quietMove,https://lichess.org/FfBN2s9P#47,
2mGmG,8/6p1/4p3/8/3N1p2/8/4K1k1/8 w - - 0 51,d4e6 f4f3 e2e3 g7g5 e6g5 f3f2 g5e4 f2f1q,2174,80,90,1233,advancedPawn crushing endgame knightEndgame master promotion quietMove veryLong,https://lichess.org/dtvEFbOJ#101,
2mM3J,rn1q1rk1/4bppp/8/1b1p4/2PP4/5PB1/B1Q1N1PP/R4RK1 b - - 0 21,b5c4 a2b1 g7g6 a1a8,2118,74,95,12150,crushing discoveredAttack middlegame quietMove short,https://lichess.org/qS2DVNWO/black#42,
2mogm,r1b5/1p3prk/p3pp1p/5P1Q/2p1q3/2P1BR2/P1P4P/R6K b - - 6 22,h7g8 a1d1 c8d7 d1d7,2144,80,83,51,advantage middlegame quietMove short,https://lichess.org/cifmOuFH/black#44,
2mpx2,3q2k1/p3Bp1p/1pr3p1/7n/1Q6/2P2P1P/P4P2/4R1K1 b - - 2 25,d8c8 e1d1 c6c3 d1d8 c8d8 e7d8,2160,80,90,1022,advantage endgame fork long quietMove,https://lichess.org/TVuujPPB/black#50,
2mrRV,5r2/1pq5/p2pb1k1/2p3p1/2P1P3/1P2B3/PQ4K1/7R b - - 4 30,d6d5 b2e2 c7e5 e2h5 g6f6 h5h6 f6e7 e3c5 e7d7 h6f8,2148,151,85,11,crushing deflection endgame fork quietMove veryLong,https://lichess.org/iM4W5FfC/black#60,
2mroG,8/8/5K1p/6p1/8/4k3/6PP/8 b - - 1 52,e3f2 g2g4 f2f3 f6f5 f3g2 f5g6,2174,77,87,93,crushing endgame long pawnEndgame quietMove zugzwang,https://lichess.org/b6XJKZJ6/black#104,
2nv2V,1k6/4Kpp1/7p/8/2P5/7P/8/8 b - - 3 46,g7g5 e7d7 h6h5 c4c5 b8a7 c5c6,2150,75,94,772,crushing endgame long pawnEndgame quietMove,https://lichess.org/zvCgmaWp/black#92,
2o6Go,4r3/5k2/p2p3p/2pP1Pp1/2Pb2P1/1P1p3P/P2B2K1/7R w - - 0 45,h1e1 e8e1 d2e1 d4e3 g2f1 d3d2,2155,92,73,25,advancedPawn advantage endgame long master quietMove,https://lichess.org/i5q1FmXK#89,
2oVAS,8/5pp1/p1p4p/2K5/4P1kP/3P4/PP6/8 b - - 1 40,g4h4 d3d4 g7g5 d4d5 c6d5 e4d5 g5g4 d5d6 h4h3 d6d7,2134,75,92,7555,advancedPawn crushing endgame pawnEndgame quietMove veryLong,https://lichess.org/CY4PzdHm/black#80,
2ok8E,7R/8/3kp2P/3p4/3Kp3/4P3/8/r7 b - - 0 45,a1h1 h6h7 d6c7 h8a8 h1h7 a8a7,2110,75,97,2617,advancedPawn crushing endgame long quietMove rookEndgame,https://lichess.org/x0YoxBMk/black#90,
2pIQZ,4r1k1/1pp2p2/p1p4p/8/3BnP2/5Q1P/1Pq3P1/3R2K1 b - - 1 25,g8h7 f3g4 e4f6 d4f6 e8g8 g4f3,2153,76,96,266,advantage endgame long quietMove,https://lichess.org/8Gz0bQGm/black#50,
2pUKZ,r4rk1/pp4p1/3q4/3ppbPQ/3P1P2/4PN2/PPn2KP1/R6R b - - 3 19,e5f4 f3e5 d6e5 d4e5,2163,76,85,357,crushing master middlegame quietMove short,https://lichess.org/aTK0nCkb/black#38,Indian_Defense Indian_Defense_Other_variations
2plbK,6k1/5ppp/p7/2rP4/q7/Pp3P2/1Q1R2PP/1K6 w - - 0 30,d5d6 a4c4 d2d1 c4c2 b2c2 b3c2,2155,89,91,4980,advancedPawn crushing endgame exposedKing fork long quietMove,https://lichess.org/dEoZJIYb#59,
2pu6P,r5k1/P5p1/1p3p1p/5N2/1pP3P1/1P5P/4rP2/R5K1 b - - 0 30,e2b2 f5d4 g8f7 a1a6 f7e8 d4b5 e8d7 a6b6,2183,170,60,9,crushing endgame master quietMove veryLong,https://lichess.org/BwNeG8PR/black#60,
2q1X4,3r1rk1/ppp2p1p/2n2Qp1/4p3/4B3/b1qPB3/5PPP/R4RK1 b - - 1 20,f8e8 a1a3 c3a3 e3h6 a3f8 h6f8,2177,89,100,57,advantage long middlegame quietMove sacrifice,https://lichess.org/akPzXfUN/black#40,
2qHhe,8/N1n5/2P5/1PK5/5kp1/8/8/8 b - - 0 60,c7b5 a7b5 g4g3 b5d4 g3g2 d4e2 f4f3 e2g1,2177,95,80,43,crushing endgame hangingPiece knightEndgame quietMove veryLong,https://lichess.org/1vG9szhF/black#120,
2qJDF,6k1/1n4p1/4P2p/5P2/1P1K1P2/P7/8/8 b - - 0 49,g8f8 a3a4 h6h5 a4a5,2162,76,88,165,crushing defensiveMove endgame knightEndgame quietMove short,https://lichess.org/ikDF4qHM/black#98,
2qOWw,3r3k/6p1/2p4p/2B5/P2Pp3/2P1PbPQ/q4P1P/1R4K1 w - - 4 32,b1b7 f3e2 h3f1 e2f1,2187,77,90,986,crushing endgame quietMove short,https://lichess.org/lFzLJH5a#63,
2qqtu,8/1pp5/p3K3/8/2P5/1P6/Pk6/8 w - - 10 45,e6d7 c7c5 b3b4 c5b4,2128,77,87,684,crushing endgame pawnEndgame quietMove short,https://lichess.org/OG78lI2S#89,
2rGCl,8/4k3/6R1/2p2pKp/2P4P/1P6/6r1/8 w - - 0 53,g5h5 g2g6 h5g6 f5f4 h4h5 e7f8 h5h6 f8g8 h6h7 g8h8 g6f5 f4f3 f5e4 f3f2,2156,132,74,41,advancedPawn crushing endgame quietMove rookEndgame veryLong,https://lichess.org/RyX7IXQt#105,
2rqKh,7R/8/p5k1/1r4pR/6P1/1P5P/2P2r2/1K3b2 b - - 8 40,b5e5 h8h7 e5e1 b1b2 g6f6 h5h6 f6e5 h7e7 e5d5 e7e1,2193,98,72,24,crushing endgame quietMove skewer veryLong,https://lichess.org/aZHWoxiS/black#80,
2s5Xg,2krq2r/1Rp3p1/B3p3/2Pp2p1/2nP2p1/2P1P3/P3QP2/5RK1 w - - 1 22,f1b1 e8h5 b7b8 c8d7 b8d8 h8d8,2164,75,85,178,crushing long middlegame quietMove,https://lichess.org/hdN6SDt9#43,
2ssTo,8/5p1p/6p1/p7/2K3P1/1P5P/6k1/6N1 b - - 2 46,g2g1 g4g5 g1g2 c4b5 g2h3 b5a5 h3g4 b3b4 g4g5 b4b5,2107,141,50,17,crushing defensiveMove endgame pawnEndgame quietMove veryLong,https://lichess.org/N5vg3y4g/black#92,
2svgD,5r2/3Q1Nbk/6pp/p2Bpn2/7P/5RP1/5PK1/3q4 b - - 6 34,e5e4 f3f5 d1g4 d5e6 g4f5 e6f5,2160,78,83,59,crushing long master middlegame quietMove,https://lichess.org/XRj4qkUr/black#68,
2t4bY,r6N/ppp3pp/2k5/2bp4/8/1B5b/PP1P1P1P/RNB3K1 w - - 4 20,h8f7 a8e8 b3a4 b7b5 a4b5 c6b5,2160,79,95,216,crushing long middlegame quietMove,https://lichess.org/BCVc2Dgo#39,
2tWey,5r1k/2R5/6B1/p4P2/4P3/4r3/PPP4p/7K w - - 2 38,e4e5 f8d8 c7h7 h8g8 f5f6 d8d1,2118,75,92,764,crushing endgame long quietMove,https://lichess.org/EMZLzaew#75,
2tgkX,5rk1/pp3p1p/1q2pPp1/4P3/3r2PQ/4b2P/P5B1/4RR1K b - - 0 25,d4f4 f1f4 e3f4 g4g5 b6b4 e1f1,2170,84,70,27,advantage long middlegame quietMove,https://lichess.org/IlEoErXw/black#50,
2tknG,8/8/p7/1p1K4/8/1P2k3/2P5/8 b - - 1 66,e3d2 c2c4 b5c4 b3c4 a6a5 c4c5 a5a4 d5c4,2192,100,90,20,crushing defensiveMove endgame pawnEndgame quietMove veryLong,https://lichess.org/a6RQEreI/black#132,
2ttFU,rnb2r1k/pp1n2pB/2p3Q1/3pP3/1b6/2N3P1/PP1B2qP/R2K2NR b - - 2 16,g2h1 g6h5 d7f6 e5f6 c8g4 h5g4,2170,76,90,380,advantage long middlegame quietMove,https://lichess.org/RVotsYT8/black#32,Caro-Kann_Defense Caro-Kann_Defense_Maroczy_Variation
2uDVs,6k1/7p/4p1p1/4P1P1/8/Pp2K2n/1P5P/8 b - - 0 34,h3g5 a3a4 g5f7 e3d4 f7d8 d4c5 g8f7 c5b6 f7e7 b6c7 d8f7 a4a5 f7e5 a5a6,2190,109,100,27,crushing endgame knightEndgame quietMove veryLong,https://lichess.org/nllI42XC/black#68,
2uVQo,6k1/1pR4p/2b3p1/2B1p3/1P6/r3P3/5PPP/5K2 w - - 0 31,g2g3 c6f3 c7c8 g8g7 c5f8 g7f7 c8c1 f7f8,2187,76,91,474,advantage endgame quietMove veryLong,https://lichess.org/IkDeMlFD#61,
2uq5K,r2qr1k1/ppp3Bp/3p1ppQ/3P1b2/2R5/3P3P/P4PP1/5RK1 b - - 3 20,f5d3 c4h4 g6g5 g7f6 d8f6 h6f6,2185,76,83,101,advantage long middlegame quietMove,https://lichess.org/E8gqPHrX/black#40,
2vHWo,2r5/8/1p2k1pq/p1p3rp/4P3/5P1Q/P4K1P/3R4 b - - 1 45,g5f5 e4f5 g6f5 h3g3 e6e7 g3e5 h6e6 e5g7,2112,80,73,51,advantage endgame exposedKing quietMove veryLong,https://lichess.org/UWaq8LdE/black#90,
2vQn5,r7/p4pk1/3p1qp1/2pP4/4PnQr/P7/4NPP1/1R1BR1K1 w - - 3 31,g4g3 a8h8 g1f1 f4e2 f1e2 h4e4,2108,82,91,1320,attraction crushing discoveredAttack kingsideAttack long middlegame quietMove,https://lichess.org/yQtMnf3G#61,
2vUp9,6rk/2pq2rp/1p4n1/p2PQ3/P1P1P3/1B4P1/5P2/1R1R2K1 w - - 1 33,e5d4 d7h3 e4e5 g6h4 d4h4 h3h4,2198,87,50,51,crushing long middlegame pin quietMove,https://lichess.org/1nmOcLj5#65,
2vWeo,8/8/1p4P1/p4P2/P1P5/1Pb1k3/3p1RK1/8 w - - 0 53,f2d2 e3d2 g2f3 d2d3 f3g4 c3f6 g4h5 d3e4 h5h6 e4f5 g6g7 f6g7,2145,192,92,12,endgame equality hangingPiece quietMove veryLong,https://lichess.org/xZVMp7fw#105,
2vmXe,8/8/p7/P2b4/7P/1k1pKp2/5P2/4B3 b - - 4 51,b3c2 h4h5 d5g8 e3f3,2174,99,76,22,bishopEndgame crushing endgame quietMove short,https://lichess.org/1f0yPW30/black#102,
2vplm,3r4/8/5k2/5p2/1pB2P2/1Rb1PK2/7r/6R1 w - - 4 36,f3g3 d8h8 g3f3 c3e1 g1g2 h8h3 f3e2 h2g2,2185,75,85,144,crushing deflection endgame quietMove veryLong,https://lichess.org/R6iKkDm9#71,
2vwgf,8/8/8/pp6/2k5/P1P1K3/8/8 w - - 3 43,e3d2 c4b3 a3a4 b3a4 d2c2 a4a3 c3c4 b5c4 c2c3 a5a4 c3c4 a3b2,2172,75,93,5365,crushing endgame master pawnEndgame quietMove veryLong,https://lichess.org/y4lfG0oX#85,
2w35s,5rk1/r4pnp/pq2bR1Q/1p1Bp3/4P3/2P5/PP4PP/3R3K b - - 4 20,a7d7 d1d3 g8h8 d3h3 e6h3 f6b6,2132,77,98,140,advantage long middlegame quietMove,https://lichess.org/LLlNwNYc/black#40,
2w7VP,8/1p5p/3kp3/5p2/PP3K1P/6P1/8/8 b - - 2 40,h7h6 a4a5 d6d5 b4b5 e6e5 f4f5,2151,77,88,84,crushing endgame long pawnEndgame quietMove,https://lichess.org/ifxWE7Zm/black#80,
2weaR,8/4b3/1p6/p2K3k/P1P3p1/1P6/6B1/8 w - - 0 54,d5c6 e7c5 b3b4 a5b4 a4a5 b6a5 c6c5 b4b3,2127,76,95,466,bishopEndgame crushing endgame quietMove veryLong,https://lichess.org/uB3nWggn#107,
2woCS,8/1p4p1/6k1/1p6/1P5p/P4P1P/6K1/8 w - - 3 41,g2f2 g6f5 f2e3 g7g5 e3d4 f5f4,2123,79,91,1097,crushing endgame long pawnEndgame quietMove,https://lichess.org/iftOSYTF#81,
2x9rM,8/5p2/6p1/4k2p/4P3/5KPP/8/8 w - - 1 39,g3g4 h5g4 h3g4 g6g5 f3e3 f7f6 e3f3 e5d4,2147,75,73,160,crushing endgame pawnEndgame quietMove veryLong zugzwang,https://lichess.org/2vCdapj2#77,
2xQ8i,8/4b3/4Np2/p3pP2/P2pP3/1PpK4/1kP5/8 b - - 9 57,b2c1 e6c7 c1b2 c7d5 e7d8 b3b4 a5b4 d5b4,2132,80,87,156,crushing endgame quietMove veryLong,https://lichess.org/a2qMVC9E/black#114,
2xfb4,7k/p1p3pp/1p6/7n/4P1q1/2P1QrB1/P1P2P2/R4RK1 w - - 5 24,a1d1 h7h6 e3f3 g4f3,2101,77,86,185,advantage master middlegame pin quietMove short,https://lichess.org/gtVjyA0l#47,
2y0P0,3r4/4p1kp/2p3p1/1p4P1/p2Pq3/P1PNB3/1P1K1PbP/1R2R3 b - - 14 34,d8d5 e3f4 e4f5 e1e7,2110,78,90,782,crushing discoveredAttack middlegame quietMove short skewer,https://lichess.org/wBIchqa4/black#68,
2yN0Q,3Q4/5r1k/p5qp/1p3p2/8/1P1p4/2bB2PP/4R2K b - - 0 44,f5f4 d2c3 g6g8 e1e8 d3d2 d8d2 g8e8 d2c2 h7g8 c2g6 g8f8 c3b4 f7e7 g6f6,2152,131,100,35,advantage endgame pin quietMove veryLong,https://lichess.org/fgGsT4gU/black#88,
2yovd,8/6pp/5p2/1p4k1/4P3/1P5P/P4P2/6K1 w - - 1 33,f2f3 b5b4 g1f2 g5f4,2151,110,85,16,crushing endgame pawnEndgame quietMove short,https://lichess.org/GHhL8C4y#65,
2ysYA,8/5K2/8/5pb1/6kp/8/8/5R2 w - - 0 51,f7g6 g5f4 g6f6 h4h3,2166,95,82,40,crushing endgame quietMove short,https://lichess.org/DczveM4D#101,
2zFqM,8/p7/8/1pk4p/5P2/3K3P/1P6/8 b - - 0 42,c5d5 b2b4 h5h4 d3e3,2179,74,86,205,crushing defensiveMove endgame pawnEndgame quietMove short,https://lichess.org/6XFNVfMu/black#84,
2zjkj,8/7Q/3p4/7K/P4kn1/8/7P/8 w - - 3 55,h7d7 g4f6 h5g6 f6d7 a4a5 d6d5 a5a6 d5d4 a6a7 d7b6,2122,78,91,974,crushing defensiveMove endgame fork quietMove veryLong,https://lichess.org/x2J5XtED#109,
306BG,8/4p2p/K5p1/1p3p2/5k1P/2P5/PP3P2/8 b - - 0 30,f4f3 a2a4 b5a4 c3c4 f5f4 c4c5 f3f2 c5c6,2194,79,92,3849,crushing endgame pawnEndgame quietMove sacrifice veryLong,https://lichess.org/fwVypTru/black#60,
309um,B7/5pk1/3q4/1p5Q/2nr4/6P1/5P2/4R1K1 b - - 0 29,b5b4 e1e8 d6h6 e8g8 g7g8 h5h6,2113,156,88,5,crushing deflection endgame long master quietMove,https://lichess.org/HD2lor26/black#58,
30D2K,8/4kpp1/4p2p/1p1pP2P/3P1P2/P3K3/6P1/8 b - - 3 31,e7d7 g2g4 g7g6 g4g5,2176,80,91,2634,crushing endgame pawnEndgame quietMove short,https://lichess.org/RDjIWD9v/black#62,
30KN0,8/7p/8/pp6/5kPP/P6K/1P6/8 w - - 0 37,g4g5 a5a4 h3g2 f4g4 g5g6 h7g6,2161,77,87,52,crushing endgame long pawnEndgame quietMove zugzwang,https://lichess.org/OQlAzfqc#73,
30fHO,3r3k/p3Q1p1/7p/P4p2/8/5B1P/1rq2PP1/5RK1 b - - 1 29,d8d2 e7e8 h8h7 f3h5 f5f4 h5f7,2199,75,94,546,advantage defensiveMove endgame long master quietMove,https://lichess.org/bmbQmBhf/black#58,
30h1E,1k4r1/1pp2p2/p7/P1B2p2/1P6/6rp/R5P1/1R5K w - - 0 34,b1g1 g8h8 g2h3 g3h3 h1g2 h3h2 g2f3 h2a2,2184,82,83,36,advantage endgame quietMove skewer veryLong,https://lichess.org/Nv7aK98X#67,
30mR1,2k3r1/pp3p1p/2p1b3/8/3q2n1/P2P4/1PQ2PPP/2R1KB1R w K - 0 18,h2h3 g8e8 h3g4 e6b3 c2e2 e8e2,2162,197,65,22,advantage discoveredAttack long middlegame quietMove sacrifice,https://lichess.org/ktvzbhHQ#35,English_Opening English_Opening_Kings_English_Variation
310EV,1r2nr1k/p4ppp/2qb4/2p2Q2/8/Pb3P1P/1B2BNP1/3R1RK1 b - - 4 26,b3d1 e2d3 d6h2 g1h2,2137,77,91,869,advantage middlegame quietMove short,https://lichess.org/MjE4rErQ/black#52,
31OUC,3rr1k1/b2n1pPp/p1Q1p3/8/1Pp5/B1P3qP/P4PB1/R4RK1 w - - 0 19,c6a6 d7e5 g1h1 a7f2 f1f2 g3f2,2159,78,91,369,crushing long middlegame pin quietMove,https://lichess.org/xehAcHHc#37,Caro-Kann_Defense Caro-Kann_Defense_Breyer_Variation
31SyU,8/p7/1p1Pk3/7K/4nBP1/8/8/8 b - - 2 55,e4d6 f4d6 e6d6 g4g5 d6e7 h5h6 e7f8 h6h7,2133,78,91,734,crushing defensiveMove endgame master masterVsMaster quietMove veryLong,https://lichess.org/VF1xKYRC/black#110,
31du5,8/1p3k1p/p7/1PP3p1/P3rp2/8/6PP/1R4K1 b - - 0 32,e4a4 c5c6 b7b6 b1c1 a6b5 c6c7,2172,82,84,38,advancedPawn crushing endgame long quietMove rookEndgame,https://lichess.org/qIYz2IJr/black#64,
31ja7,2kr4/pp1rn1pp/2p5/2q5/5QnB/8/PP3PPP/3RR1K1 b - - 0 27,g4f6 h4g3 d7d6 d1d6 d8d6 f4d6 c5d6 g3d6,2160,80,92,2109,advantage middlegame quietMove veryLong,https://lichess.org/Ymrufmw6/black#54,
32GbY,8/8/4n3/5k2/5NpP/4K1P1/8/8 b - - 4 63,e6f4 g3f4 g4g3 h4h5 g3g2 e3f2 g2g1r f2g1,2119,77,91,445,crushing endgame quietMove veryLong,https://lichess.org/pOxE6iT6/black#126,
32LeP,8/5r2/4R1Kp/7P/7P/8/4pk2/8 b - - 5 53,e2e1q e6e1 f7f4 e1e5 f2g3 g6h6,2127,75,79,82,advantage endgame long quietMove,https://lichess.org/jnYw75CR/black#106,
32NQt,4q3/1p4k1/pN2Pnp1/PbppQ3/5P2/6PP/1P6/6K1 b - - 1 33,b5c6 g3g4 g7g8 e5f6,2127,75,95,197,advantage endgame master quietMove short,https://lichess.org/XgkIhrmT/black#66,
32Rio,k3r3/Pp4pp/4p3/PN1pP3/2n5/8/6PP/2R3K1 b - - 1 32,e8e7 c1f1 e7e8 b5c7 a8a7 c7e8,2137,75,86,186,crushing endgame fork long quietMove,https://lichess.org/tGNAcYII/black#64,
32x5k,3k4/1p4p1/1R2p3/p2pPr2/P2P2R1/2P5/1PQ3PK/4q3 w - - 7 32,g4g3 f5f1 h2h3 f1f4,2162,167,100,12,endgame equality quietMove short,https://lichess.org/j2eBnKpx#63,
330rr,8/5p2/8/1pK3p1/3p4/P1k3P1/2P2P2/8 b - - 3 43,f7f6 g3g4 c3b2 c5d4,2167,76,91,2182,crushing endgame pawnEndgame quietMove short,https://lichess.org/YBV1zTQ1/black#86,
334gp,1r4k1/5pp1/3p1q1p/NPr1p3/PQ1pP1b1/3P2P1/5P1P/R1R3K1 w - - 0 28,c1c5 f6f3 b4b1 g4h3 b1f1 h3f1,2107,76,92,6412,crushing long middlegame quietMove,https://lichess.org/FT3jVXJA#55,
33ZLK,5rk1/2p1bpp1/2q4p/p3p3/1p1rb1P1/3BR2P/PPP1QP2/R1B3K1 b - - 1 23,e4h1 f2f3 h1f3 e2f3 c6f3 e3f3,2124,77,81,126,advantage long middlegame quietMove,https://lichess.org/IhhK68qy/black#46,
33c3Y,rn1qr1k1/8/2pB1p2/pp4N1/2pP1Qb1/8/P5PP/5RK1 b - - 1 22,f6g5 f4f7 g8h8 f1f6 e8e1 g1f2,2177,76,96,84,advantage clearance long middlegame quietMove,https://lichess.org/liGINM7r/black#44,
33vXH,1r1q2k1/4r1pp/2R5/pp6/5bb1/5N2/PP1N1PPP/3R1QK1 b - - 3 22,f4d2 d1d2 d8e8 c6c1 g4f3 g2f3,2114,197,100,13,equality long middlegame quietMove,https://lichess.org/hJLzyf7B/black#44,
345QG,6k1/1B3ppp/8/p1P2b2/PP1p4/6P1/5K1P/n7 b - - 0 30,a5b4 a4a5 g7g6 a5a6 g8g7 a6a7 b4b3 a7a8q b3b2 b7e4,2109,76,90,2044,advancedPawn advantage endgame promotion quietMove veryLong,https://lichess.org/6ZlqoxWJ/black#60,
346qq,3k4/1p3n2/6N1/3P4/3n1P2/p1N4P/6P1/5K2 w - - 0 42,g6e5 f7e5 f4e5 b7b5 f1e1 b5b4,2117,75,89,94,advantage endgame knightEndgame long quietMove,https://lichess.org/iKwT8szo#83,
346wU,2r5/1pk2pQ1/3R3p/2P4P/8/2P5/q1K3P1/8 w - - 2 34,c2d3 c8e8 g7g4 a2b1,2112,131,19,12,advantage endgame quietMove short,https://lichess.org/UQVvwNo5#67,
34Aq0,8/8/8/1B2nk1p/4p1p1/1PP1P3/5K2/8 w - - 0 43,c3c4 h5h4 f2g2 g4g3 g2h3 e5d3,2171,155,86,17,crushing defensiveMove endgame long quietMove,https://lichess.org/SdaaY5p4#85,
34HaJ,3k3r/3n2pp/1qR1Qbb1/8/3p4/4B3/PP4PP/5R1K b - - 0 24,b6b5 f1c1 b5c6 e6c6,2153,76,94,1694,crushing middlegame quietMove short,https://lichess.org/pqXo2JpP/black#48,
34csA,8/8/R7/1K1k4/8/p4r1P/8/8 w - - 2 46,h3h4 f3b3 b5a4 b3b1 a4a3 b1a1 a3b4 a1a6,2184,77,90,822,crushing endgame master quietMove rookEndgame skewer veryLong,https://lichess.org/FMI9OVp8#91,
34tZA,8/8/3p4/npkN1P2/4K3/8/8/8 b - - 0 48,b5b4 f5f6 b4b3 f6f7 b3b2 d5c3 c5c4 c3b1,2120,81,91,1146,advancedPawn crushing defensiveMove endgame knightEndgame quietMove veryLong,https://lichess.org/zvv7B43O/black#96,
35AJL,2krr3/Qpp2ppp/p2b1n2/8/6b1/8/PPPP1PPP/R1B1KB1R w KQ - 5 14,f1e2 e8e2 e1f1 d8e8 a7a8 c8d7 a8e8 e2e8,2161,91,66,246,advantage middlegame quietMove veryLong,https://lichess.org/vVQLfpW6#27,Sodium_Attack Sodium_Attack_Other_variations
35H7n,8/3b1pp1/4k2p/2P5/1PK5/P5P1/7P/8 b - - 2 40,g7g5 b4b5 d7c8 a3a4,2105,78,86,193,advantage bishopEndgame defensiveMove endgame quietMove short,https://lichess.org/EXAZBZ9N/black#80,
35Hvo,R7/4Bp1k/4p1p1/4PnP1/p4P2/3K4/5r2/8 b - - 9 69,f2f4 e7f6 f5g7 a8f8 a4a3 f8f7 h7g8 f7g7,2168,78,84,55,crushing endgame master quietMove veryLong,https://lichess.org/fyBjrlJI/black#138,
35dJU,2rk3r/2q4p/4Q3/3Pp1b1/8/1pP5/1P3RPP/1NKR4 w - - 3 27,b1d2 c8a8 e6f6 g5f6,2166,118,79,16,crushing middlegame pin quietMove short,https://lichess.org/Au7vzXLU#53,
35fzq,r1b3k1/p5bp/6p1/1pq4n/2prPPP1/2Q1B2P/PP4B1/R3K2R b KQ - 0 21,h5g3 e4e5 d4e4 g2e4 g3e4 e3c5 e4c3 b2c3,2184,86,85,52,advantage middlegame quietMove veryLong,https://lichess.org/Snc1eGjQ/black#42,
35nHL,4r1k1/R1p2q1p/6p1/2Q1P3/P1r5/2P5/5P1P/1R4K1 w - - 6 35,c5e3 c4g4 g1h1 f7d5 f2f3 d5a2 f3g4 a2b1 h1g2 e8d8 a7c7 b1c2,2193,123,33,28,advantage endgame quietMove veryLong,https://lichess.org/7QmItuVr#69,
35tkV,2r5/2PR3p/6p1/8/8/7P/4p1P1/4k1K1 b - - 2 37,h7h5 h3h4 g6g5 h4g5,2120,75,78,112,crushing endgame quietMove rookEndgame short zugzwang,https://lichess.org/SB6X3Xwm/black#74,
36BwE,r1bqk2r/p1p2ppp/1pn1p3/3nP3/3P4/P1PB4/2Q2PPP/R1B1K1NR w KQkq - 1 11,d3h7 g7g6 h7g6 f7g6 c2g6 e8d7,2182,75,87,333,advantage defensiveMove long opening quietMove trappedPiece,https://lichess.org/R9H75Jpd#21,Queens_Gambit_Declined Queens_Gambit_Declined_Queens_Knight_Variation
36GGs,3rrnk1/bpp2p1p/p1p1bBp1/1q2P3/4P3/P4NNP/1PQ2PP1/2RR2K1 b - - 4 20,d8d1 c1d1 b5c5 c2d2 c5f2 d2f2 a7f2 g1f2,2151,76,88,793,advantage middlegame quietMove veryLong,https://lichess.org/yYkrbBuU/black#40,
36omd,8/R2k4/5p2/3K1p1p/5P2/2p1B3/8/7r b - - 1 49,d7c8 d5c6 h1b1 e3b6 b1b6 c6b6,2119,77,92,1881,crushing endgame long quietMove,https://lichess.org/Bo4v59Zh/black#98,
36ovZ,3q1b1r/4p1k1/p1r1Rp2/1p1p1Q1p/2pP1BpP/2P5/P1P2PP1/1R4K1 b - - 1 24,d8c8 b1e1 c6e6 e1e6,2171,79,80,37,advantage master middlegame quietMove short,https://lichess.org/tII01HXY/black#48,
37N2H,8/pp6/2p3pp/2Pp2k1/3Pp1P1/4KPP1/PP6/8 w - - 0 32,a2a4 e4f3 e3f3 a7a5 b2b3 h6h5 g4h5 g6h5,2139,293,50,7,crushing endgame pawnEndgame quietMove veryLong zugzwang,https://lichess.org/leUSDF3r#63,
37kbP,8/6p1/1p5p/p1p3PP/P1k2P2/5K2/8/8 w - - 0 49,g5h6 g7h6 f3e4 c4b3 f4f5 c5c4 f5f6 c4c3 f6f7 c3c2 f7f8q c2c1q,2183,77,91,570,advancedPawn advantage endgame pawnEndgame promotion quietMove veryLong,https://lichess.org/Anq51zLZ#97,
38qo2,8/5p2/p1n2p2/2k4p/2pN1P2/P1K1P2P/6P1/8 b - - 5 36,c6d4 e3d4 c5d5 g2g4 h5g4 h3g4 a6a5 a3a4 f6f5 g4g5,2176,125,78,16,crushing defensiveMove endgame quietMove veryLong zugzwang,https://lichess.org/ASfpYVzL/black#72,
397yU,2r4k/6p1/6Pp/3B1b1P/1p1P4/4Pp2/1P6/1K4R1 w - - 0 44,e3e4 f5h3 g1c1 c8c1 b1c1 f3f2,2112,82,78,41,advancedPawn advantage endgame long quietMove,https://lichess.org/j2jkmLdw#87,
39L9C,6k1/R4pp1/2p1p3/4P2p/2B1PB2/4PK2/Pr1r2PP/8 w - - 1 26,g2g4 h5h4 g4g5 d2g2 f4g3 h4g3,2166,100,41,40,advantage endgame long quietMove,https://lichess.org/N4WQFcuf#51,
39gZY,8/6pp/2p5/3k4/1KP3P1/7P/8/8 b - - 0 40,d5d4 h3h4 g7g6 g4g5 d4e4 b4c5 e4d3 c5c6,2139,75,86,141,crushing endgame pawnEndgame quietMove veryLong zugzwang,https://lichess.org/6Hub3D97/black#80,
39vER,5k2/4np2/1p2p1p1/1P1pP1P1/2qN1PK1/2r5/3Q4/R7 b - - 7 38,c3d3 a1a8 f8g7 d2h2 d3g3 g4g3,2117,76,91,1940,crushing endgame long quietMove,https://lichess.org/UtgLAgVw/black#76,
3APfy,5k2/5pp1/2bq3p/1p2r3/2p2QP1/2P3PP/1P2B2K/4R3 w - - 0 37,e2f3 c6f3 e1e5 d6d1 f4f3 d1f3,2135,75,98,141,crushing endgame long quietMove sacrifice,https://lichess.org/xADg99jp#73,
3APhF,2r3k1/6r1/R3pqpQ/1p6/8/1P6/1P1R1PPP/6K1 w - - 1 26,d2e2 g6g5 e2c2 f6h6,2160,76,94,469,advantage discoveredAttack endgame quietMove short,https://lichess.org/PH4HlwqJ#51,
3AbNN,3r3k/3P1R2/p1p1rP1p/1p1p3P/n2P4/8/5PP1/1R4K1 b - - 0 36,e6d6 b1e1 d6d7 f7d7 d8d7 e1e8 h8h7 e8e7,2180,88,93,6665,crushing endgame exposedKing master quietMove veryLong,https://lichess.org/cBmXAu11/black#72,
3B5m7,8/8/1pK3p1/5p2/1P2p1k1/P3P2P/5P2/8 b - - 0 39,g4h3 a3a4 h3g2 a4a5 b6a5 b4a5 g2f2 a5a6,2131,75,95,820,crushing endgame pawnEndgame quietMove veryLong,https://lichess.org/MAnc7wkh/black#78,
3BLrj,N5q1/pp1k4/2pp3P/4p3/3nPb2/3P1P1R/PPP5/R6K w - - 0 25,a1g1 g8e6 g1g7 d7c8 h3h5 f4h6 g7h7 h6f8 h7c7 c8b8 h5h7 b8a8,2198,145,73,15,crushing defensiveMove endgame quietMove trappedPiece veryLong,https://lichess.org/ib2X57U4#49,
3BTgW,rnb2rk1/pp2qppp/8/2bBN3/8/5Q2/PPPP1PPP/R1B1K2R w KQ - 1 10,f3e4 f8e8 e1g1 e7e5 e4e5 e8e5,2157,88,79,30,advantage long opening quietMove,https://lichess.org/j8uxoL3b#19,Russian_Game Russian_Game_Three_Knights_Game
3BebV,3r2k1/6p1/1R3b1p/Qp2p3/4p3/P3P1BP/1P3PPK/1q6 w - - 13 38,b6b5 d8d1 b5b8 g8h7 g3e5 f6h4 b8h8 h7h8,2101,74,94,2548,crushing defensiveMove endgame quietMove veryLong,https://lichess.org/ytyFuIaQ#75,
3BvO0,1r3rk1/Q2n1ppp/3b4/2pN4/P3q3/6P1/1PPP1P1P/R1B2RK1 w - - 1 16,d5c3 e4c6 d2d4 b8a8 d4d5 c6c8 a7a8 c8a8,2125,73,94,9450,advantage middlegame quietMove trappedPiece veryLong,https://lichess.org/sik03vwe#31,Sicilian_Defense Sicilian_Defense_French_Variation
3C5eE,6k1/4qp1p/6p1/1Q2P3/5P2/p1P4P/6P1/7K w - - 0 37,c3c4 e7a7 b5b1 a3a2,2156,76,93,5458,advancedPawn crushing endgame queenEndgame quietMove short,https://lichess.org/XjXOcWDy#73,
3CCwA,3k2nr/1b1p1ppp/pN1P4/2p1Pq2/8/4Q1P1/P6P/5BKR b - - 2 28,b7h1 e3c5 h1c6 b6d5 f5b1 d5b4,2155,161,26,18,advantage long middlegame quietMove,https://lichess.org/kRaKMLdp/black#56,
3CGud,3r2k1/p5p1/4Qb2/5R2/q1P4P/6P1/7K/8 b - - 1 41,g8f8 f5h5 a4c2 h2h3,2172,78,85,52,crushing defensiveMove endgame quietMove short,https://lichess.org/hQqDJ1Ki/black#82,
3CNe4,2R5/7k/4p1B1/3bP2p/8/1P4RK/1r3r2/8 b - - 0 54,h7h6 g6c2 d5g2 g3g2 f2g2 h3g2,2112,239,67,12,crushing endgame long quietMove,https://lichess.org/sl510CSO/black#108,
3CdEs,2k1rr2/pppq3p/3pRp1p/5P2/3Q4/8/P4PPP/4R1K1 b - - 8 21,b7b6 d4e4 d7e6 f5e6,2115,86,86,27,crushing endgame quietMove short,https://lichess.org/HjlyzfLV/black#42,
3CgIS,2r3k1/ppp2pq1/1b6/3p4/1P1n3Q/P3R3/5PPP/R5K1 b - - 3 23,c7c6 a1e1 d4e6 e3g3,2155,87,89,46,advantage middlegame pin quietMove short,https://lichess.org/oOHVojUO/black#46,
3CiDS,r4kr1/p1p3bR/bp2p1Q1/3p4/5PP1/3PPN2/Pq6/4RK2 b - - 0 26,b2c2 f3e5 a6d3 e5d3,2154,76,83,168,advantage middlegame quietMove short,https://lichess.org/G9JhBChe/black#52,
3Cwot,8/8/6p1/4K1Pp/5Pk1/8/8/8 w - - 2 59,e5e4 h5h4 e4e3 h4h3 e3f2 g4f4,2144,75,85,196,crushing endgame long pawnEndgame quietMove,https://lichess.org/Mghs5nky#117,
3D4eo,1R6/6pk/p1p4r/2Pp1p2/1P1P1PbP/3Q2Pq/P4B2/6K1 w - - 7 52,d3e3 h6h4 g3h4 g4f3 e3f3 h3f3,2133,79,90,364,advantage endgame long quietMove sacrifice,https://lichess.org/HBddcQO3#103,
3D5kB,8/5k2/2P2pp1/4p2p/7R/2PK4/6rP/8 b - - 0 40,f7e6 h4c4 g2g4 c4c5 e6d6 c6c7,2132,76,86,106,advancedPawn advantage endgame long quietMove rookEndgame,https://lichess.org/qZdnbMDZ/black#80,
3DBtx,8/8/4kP2/2p3P1/8/7P/7K/8 w - - 1 46,h3h4 c5c4 h4h5 e6f7 h5h6 f7g6 f6f7 g6f7 h2g3 c4c3,2187,95,87,20,crushing endgame pawnEndgame quietMove veryLong,https://lichess.org/FciQHOpM#91,
3EGTK,8/5pp1/pp1bk1p1/6P1/P3KP1P/1P6/5B2/8 b - - 3 51,d6c5 f2c5 b6c5 a4a5 e6d6 f4f5 g6f5 e4f5,2128,76,87,188,advantage bishopEndgame endgame quietMove veryLong zugzwang,https://lichess.org/oQo8EiBj/black#102,
3EWGK,8/1p4k1/p1n1Kp1p/2pB3P/4P3/2P3P1/8/8 w - - 2 44,d5c6 b7c6 e6d6 a6a5 d6c5 g7f7 c5c4 f7e6,2115,75,95,544,crushing defensiveMove endgame quietMove veryLong,https://lichess.org/j4WEz3wC#87,
3Evwz,8/6pp/p7/8/kPK5/6P1/7P/8 b - - 3 41,g7g5 g3g4 a4a3 b4b5 a6b5 c4b5,2111,76,97,956,crushing endgame long pawnEndgame quietMove zugzwang,https://lichess.org/91TcZBhw/black#82,
3FLIc,r1b2rk1/pp3pp1/4pB1p/q1pp4/5P2/4P3/P1PNB1PP/Q4RK1 b - - 0 14,g7f6 a1f6 a5d2 f1f3 d2e1 e2f1,2139,76,94,2944,crushing long middlegame quietMove sacrifice,https://lichess.org/vwmmgzNy/black#28,Queens_Pawn_Game Queens_Pawn_Game_Accelerated_London_System
3FUA3,8/r7/8/3RP3/k2P4/1pPK4/7P/8 w - - 1 39,d5c5 a7b7 c5c6 b3b2 d3c4 a4a5,2114,159,41,10,advancedPawn crushing defensiveMove endgame long quietMove rookEndgame,https://lichess.org/OrBNQn3z#77,
3FbzX,r2qnrk1/pb1nbpp1/1p2p3/3pN1PQ/3P1P2/4PR2/PP1N3P/R1B3K1 b - - 3 15,d7e5 f3h3 f7f5 d4e5,2103,81,85,77,crushing intermezzo middlegame quietMove short,https://lichess.org/M7TPk6S9/black#30,Queens_Pawn_Game Queens_Pawn_Game_Mason_Attack
3GB0z,8/2n5/p3p2p/1pN2p2/1P1P1Pk1/P5P1/6K1/8 b - - 13 50,h6h5 c5d7 h5h4 d7f6,2155,77,88,99,endgame knightEndgame mate mateIn2 quietMove short,https://lichess.org/NIseXbyP/black#100,
3GJLJ,8/1p3p2/p2p4/3P1pp1/P1Pk1p2/1P3P1P/3K4/8 b - - 6 36,f7f6 a4a5 g5g4 h3h4,2156,76,93,9547,crushing defensiveMove endgame pawnEndgame quietMove short zugzwang,https://lichess.org/OJoaOj3K/black#72,
3Gqsg,8/8/6k1/4R1p1/8/5nPK/r7/3R4 w - - 0 45,e5e6 g6f5 e6f6 f5f6 d1f1 a2a3 h3g4 f6g6,2120,95,48,67,advantage defensiveMove endgame quietMove veryLong,https://lichess.org/6HsAbBxo#89,
3Gv8p,8/8/7p/p4Bk1/1p4b1/1P4P1/P1P3K1/8 w - - 0 38,f5g4 g5g4 g2f2 g4h3 f2f3 h6h5 f3f2 h3h2,2194,83,91,928,crushing endgame quietMove veryLong zugzwang,https://lichess.org/NQBLCUPe#75,
3HD2X,8/8/8/1Kp5/1p6/3k4/PP6/8 b - - 3 52,d3c2 b2b3 c2b2 b5c5,2151,78,92,943,crushing endgame pawnEndgame quietMove short,https://lichess.org/UgfthuLc/black#104,
3HLYI,8/pp3R2/3pr2p/2k3pP/1NP5/2K5/P1P2PP1/5r2 b - - 7 35,a7a5 b4d5 e6e3 d5e3,2109,106,65,32,crushing endgame quietMove short,https://lichess.org/TFti4qJa/black#70,
3HSBP,r4q2/p3p2k/2ppp3/4P3/7Q/2b3B1/PnP3PP/R5K1 b - - 1 23,h7g8 a1f1 f8g7 f1f4 c3e5 f4g4,2196,80,93,1043,crushing long middlegame pin quietMove,https://lichess.org/eFKVYLkN/black#46,
3IJm3,8/p2rnkp1/1p2Np1p/2pP4/4KPP1/P2R3P/8/8 b - - 2 37,e7d5 f4f5 d5c3 d3c3,2154,84,88,27,advantage endgame quietMove short,https://lichess.org/zrvXgmw9/black#74,
3ISyF,q5k1/4pp1p/p5p1/1r1nb3/8/4B2P/Q4PP1/2R2RK1 w - - 0 26,c1c4 d5e3 f2e3 b5b2 c4c8 a8c8 a2f7 g8h8 f7e7 e5g7 f1d1 b2b8,2101,80,77,49,advantage defensiveMove middlegame quietMove veryLong,https://lichess.org/YDxesgTJ#51,
3IlUO,6b1/8/4k2P/5pK1/5PP1/8/8/8 b - - 0 58,e6f7 g5f5 g8h7 f5e5 f7g6 g4g5 h7g8 e5d6 g6f5 d6e7,2120,120,79,19,bishopEndgame crushing defensiveMove endgame quietMove veryLong,https://lichess.org/X9NutAr2/black#116,
3J5gq,rn4kr/pq3p1p/4pQp1/3pP3/B1p5/2Pb1N2/PP3PPP/3RK2R w K - 0 20,a4e8 b8a6 e8f7 b7f7,2170,79,90,832,crushing master middlegame quietMove short,https://lichess.org/KuNE4Ote#39,
3JFTy,8/p6p/2p5/4kp2/P1P4P/1P2K3/8/8 b - - 0 38,h7h5 b3b4 f5f4 e3f3 e5d4 b4b5,2139,78,89,189,crushing defensiveMove endgame long pawnEndgame quietMove,https://lichess.org/gGmhDbMn/black#76,
3Jgio,8/6pk/3pp2p/1Q3p2/2Pbn3/1P3qP1/2Q2P1P/R4RK1 w - - 0 34,a1e1 e4g5 b5f5 e6f5 c2f5 f3f5,2173,77,80,109,crushing long middlegame quietMove,https://lichess.org/oYanLi0n#67,
3JkZ9,5rk1/Q4ppp/p3p1n1/q2pP3/r7/P1P5/5PPP/RN2R1K1 b - - 0 21,g6e5 e1e5 a5b5 b1d2 b5b2 a1d1,2180,78,90,779,advantage clearance defensiveMove hangingPiece long middlegame quietMove,https://lichess.org/PViRxOE0/black#42,
3JpcB,5rk1/3p1ppp/5q2/3Q1N2/3RP3/rp6/5PPP/1K1R4 w - - 0 30,d5d7 f6a6 d7d6 a3a1 b1b2 a6a2,2133,76,82,68,advantage exposedKing long middlegame quietMove,https://lichess.org/cMtgvwrY#59,
3KKcX,7k/1r2q1p1/2Q4p/1p6/2p1N3/1n3P2/6PP/3R2K1 b - - 1 37,e7c7 c6e8 h8h7 d1d8 c7d8 e8d8,2124,76,82,94,crushing endgame long quietMove,https://lichess.org/NxO3EAC6/black#74,
3KWG6,8/8/4k3/3pBpp1/3P3P/n2K2P1/8/8 b - - 0 49,g5g4 h4h5 e6f7 d3e3,2148,110,81,23,crushing defensiveMove endgame quietMove short,https://lichess.org/1gpDZY9s/black#98,
3KzRL,5k2/5p2/p7/3pP3/P1rNbP2/4P1pP/1P1RK3/8 w - - 2 42,b2b3 c4c1 d2d1 c1d1 e2d1 g3g2 d4e2 e4f3 d1e1 f3e2,2172,92,81,50,advancedPawn crushing endgame master quietMove veryLong,https://lichess.org/YVE9dApW#83,
3L65r,2r3k1/4b2p/r2pN3/p2P2p1/4Pp2/P2q1P2/3B2PP/3Q1RK1 b - - 0 24,c8c2 d1a1 e7f8 a1f6,2130,73,94,7428,crushing middlegame quietMove short,https://lichess.org/2qKHjjjD/black#48,
3LUS6,1r2q3/2r5/2p3pk/2Rp1p1p/1Q1P1P1P/2R1P1P1/5K2/8 w - - 6 46,b4a3 c7b7 c5c6 b7b2 c3c2 b8b3,2144,117,84,14,advantage clearance endgame long quietMove,https://lichess.org/mLMj1uzr#91,
3La0T,8/8/4k3/ppp1P1pp/3pK3/PP4PP/2P5/8 b - - 0 37,b5b4 a3a4 g5g4 h3h4,2120,80,88,122080,crushing defensiveMove endgame pawnEndgame quietMove short zugzwang,https://lichess.org/ul1c7XiZ/black#74,
3Lpg7,6k1/B7/2K2p2/3p4/1P6/5n2/P5p1/8 b - - 0 38,g2g1q a7g1 d5d4 b4b5 d4d3 g1e3,2147,75,85,529,crushing defensiveMove endgame long quietMove,https://lichess.org/bIu9zsuc/black#76,
3LpzZ,1k5r/p4ppp/1p3r2/1P5q/2P5/3P1pPP/2Q2P1K/R3R3 w - - 0 25,d3d4 f6h6 h3h4 h5g4 e1e8 h8e8,2158,100,83,36,crushing endgame long quietMove,https://lichess.org/9ZiQRvz7#49,
3MAbr,8/8/1p6/p1p4p/6PP/PP1k4/5K2/8 b - - 0 40,h5g4 h4h5 a5a4 h5h6 a4b3 h6h7,2195,80,84,91,advancedPawn crushing endgame long pawnEndgame quietMove,https://lichess.org/UVdXpAx9/black#80,
3MOPs,8/5p1p/3p4/1p3PP1/5P2/1k6/1P1K4/8 b - - 0 34,b3b2 f5f6 b2a2 f4f5 b5b4 g5g6 h7g6 f5g6,2172,82,90,305,crushing endgame pawnEndgame quietMove veryLong,https://lichess.org/l9cpV5DA/black#68,
3MnDK,8/3N1k2/5p2/8/1P3P2/7p/1KP4n/8 w - - 1 38,b4b5 h2f3 b5b6 f3d4 b6b7 d4c6,2178,77,96,576,crushing defensiveMove endgame knightEndgame long quietMove,https://lichess.org/cI7YZc6k#75,
3MuMZ,4r1k1/3r3p/R5p1/8/3P4/R3p3/1P2N1PP/3b2K1 w - - 1 30,g1f1 d7f7 f1e1 d1e2 a6a8 e2b5 a8e8 b5e8,2163,76,90,958,advantage endgame quietMove veryLong,https://lichess.org/qhl1iDbC#59,
3MuxG,r4bnr/p2k2p1/1p2b1B1/3pP3/6p1/1Rq1B3/P1P1Q1PP/5RK1 b - - 1 19,c3c6 g6d3 d7c7 d3b5,2172,78,89,1518,advantage master middlegame quietMove short,https://lichess.org/0yiQkHKu/black#38,Three_Knights_Opening Three_Knights_Opening_Winawer_Defense
3N9Fv,8/2R4k/p4p2/1p3K2/r2bNP2/2p5/P7/8 b - - 2 48,h7h6 e4g5 f6g5 f4g5 h6h5 c7h7,2186,82,77,205,endgame exposedKing long mate mateIn3 quietMove sacrifice,https://lichess.org/h6gryhmr/black#96,
3NfZB,8/8/5kpp/8/4KPR1/6Pr/8/8 w - - 2 42,e4f3 f6f5 g4h4 h3h4 g3h4 h6h5 f3e3 f5g4 e3e4 g4h4 e4f3 h4h3 f4f5 g6f5,2194,102,29,23,crushing endgame quietMove rookEndgame veryLong zugzwang,https://lichess.org/EeMKSntS#83,
3OLW1,8/6p1/8/p7/1pk3P1/7P/P2K1P2/8 w - - 0 42,d2c2 g7g5 f2f4 g5f4,2107,77,88,77,crushing endgame pawnEndgame quietMove short,https://lichess.org/84dFfCx1#83,
3OgNa,4r2k/5ppp/p4b2/1p3P1Q/3p4/3B2qP/PPP3P1/R6K w - - 0 25,h5f7 e8e1 d3f1 h7h6 f7g6 g3g6,2171,80,86,251,crushing endgame long quietMove,https://lichess.org/i40pt2VM#49,
3P2Pr,8/pp6/6K1/5p2/P7/3Nk3/8/8 w - - 2 37,d3e1 f5f4 e1g2 e3e4 g2h4 f4f3 g6g5 f3f2 h4f5 e4f3,2194,124,69,11,advancedPawn crushing defensiveMove endgame knightEndgame quietMove veryLong,https://lichess.org/e9XeeDAP#73,
3P3lE,8/8/8/3K1p2/3P4/7R/R4rp1/5k2 w - - 6 63,a2f2 f1f2 h3h2 f5f4 d5e4 f4f3,2171,87,88,33,advantage endgame long quietMove rookEndgame,https://lichess.org/UHG6oYk2#125,
3P4v8,8/5b2/8/4p1P1/8/2p1B1K1/7P/3k4 w - - 6 54,h2h4 f7h5 g5g6 h5g6,2120,75,93,5688,bishopEndgame crushing endgame quietMove short zugzwang,https://lichess.org/y0oyAs8e#107,
3P6Zj,8/1KP2p2/6kp/pp1N2p1/6P1/7P/2r3P1/8 b - - 0 39,a5a4 d5e7 g6g7 e7c6 a4a3 c7c8q,2106,75,80,55,advancedPawn crushing endgame long promotion quietMove,https://lichess.org/ea1GRWS6/black#78,
3P86o,2r1q1kr/pp1nb1p1/2n1p1Qp/2ppP1N1/3P2P1/2P1B3/PP1N3P/R4RK1 w - - 6 19,f1f7 e7f8 f7f8 d7f8 g6e8 c8e8,2139,76,89,392,advantage long middlegame quietMove,https://lichess.org/cNS9gl6z#37,
3PhEb,8/5p2/4p1p1/3kP2p/5K2/5PP1/6P1/8 w - - 0 49,g3g4 h5h4 f4g5 d5e5 g5h4 e5f4,2183,77,94,1635,crushing endgame long pawnEndgame quietMove,https://lichess.org/IFwtRJfh#97,
3Q4G2,8/2p5/1p6/1k3K2/8/6PP/8/8 b - - 0 51,b5c6 h3h4 b6b5 h4h5 b5b4 f5e4 b4b3 e4d3 b3b2 d3c2 b2b1q c2b1,2163,80,77,64,crushing endgame pawnEndgame quietMove veryLong,https://lichess.org/0XFOYGov/black#102,
3QHmH,8/8/p1p1kpp1/1p5p/1PPP1P1P/2K5/P7/8 b - - 0 41,e6f5 d4d5 c6d5 c4c5 f5e6 c3d4,2149,75,87,372,crushing endgame long pawnEndgame quietMove zugzwang,https://lichess.org/jEzi4pm7/black#82,
3Qf2s,2r3k1/5ppp/4p1q1/1R2P3/8/4PQP1/5PP1/2rR2K1 w - - 1 31,b5a5 g6b1 g1h2 c1d1,2128,75,91,3949,crushing endgame master quietMove short,https://lichess.org/Hu8EWvll#61,
3Qlcm,r3r1k1/pbqp1p1p/2p2bp1/2N1p3/4P3/2N5/PPP2PPP/R2QR1K1 w - - 2 14,c5d7 f6e7 d7e5 c7e5,2110,79,80,43,advantage middlegame quietMove short,https://lichess.org/Wdp5uL1R#27,Sicilian_Defense Sicilian_Defense_Nyezhmetdinov-Rossolimo_Attack
3QvY6,8/p1r5/8/6p1/1PpRpk2/P1K5/4PP2/8 w - - 0 39,d4c4 c7c4 c3c4 g5g4 c4d4 e4e3,2167,76,89,93,crushing endgame long quietMove rookEndgame,https://lichess.org/hhAgvfpu#77,
3RjmV,8/8/3k2p1/p3pp1p/3pPP1P/PP4P1/3K1Nb1/8 w - - 0 40,e4f5 e5e4 f5g6 e4e3 d2e2 e3f2,2114,76,97,222,advancedPawn crushing endgame exposedKing fork long quietMove,https://lichess.org/ke72txRe#79,
3SCAN,7k/6p1/3p2np/pQ2p3/1P2P2q/P4P1r/2PB1P2/1R1R2K1 w - - 2 29,b5e8 h8h7 g1f1 h3f3 d2e3 g6f4 f1e1 f3e3,2170,76,92,1922,crushing kingsideAttack middlegame pin quietMove veryLong,https://lichess.org/EkFXxtGo#57,
3SinN,8/p5p1/1b2K3/1P3P2/P4kPp/7P/8/8 b - - 8 51,f4g3 g4g5 g3h3 f5f6 g7f6 g5g6,2183,77,84,62,bishopEndgame crushing endgame long master quietMove sacrifice,https://lichess.org/tyKQgzVe/black#102,
3Smzt,2r3k1/7p/4P1pP/3R2R1/2pP4/p1P1P3/1r6/2K5 w - - 2 35,d5a5 c8b8 e3e4 a3a2,2102,76,94,3780,advancedPawn crushing endgame master quietMove rookEndgame short,https://lichess.org/HKcIpj8H#69,
3TP4T,8/7p/8/3k2p1/1P2pp2/P5P1/3K3P/8 w - - 0 37,a3a4 f4g3 h2g3 h7h5 a4a5 h5h4,2198,95,69,34,crushing endgame long pawnEndgame quietMove,https://lichess.org/5ZFG2pg2#73,
3Tegd,8/1p6/4k3/1PPn3p/2K2pp1/B7/5P1P/8 w - - 0 35,a3c1 h5h4 c1f4 d5f4,2122,80,83,225,crushing endgame master quietMove short superGM,https://lichess.org/5I5Lk4Jb#69,
3TkLY,8/6p1/8/1pNkpp1p/1Pb2P1P/2K1P1P1/8/8 w - - 0 35,c5d3 c4d3 c3d3 e5f4 g3f4 g7g6 d3c3 d5e4 c3d2 e4f3,2144,94,83,28,crushing endgame quietMove veryLong zugzwang,https://lichess.org/ouZQ9D4E#69,
3Ty2s,8/2k5/1p2p1p1/pK2Pp1p/P4P2/6PP/1P6/8 b - - 0 30,c7b7 h3h4 b7c7 b5a6,2144,78,89,747,crushing endgame pawnEndgame quietMove short zugzwang,https://lichess.org/IvUyqIiA/black#60,
3VLGV,3r4/5k2/5p2/8/1p2r3/2Pp3P/1P1R2P1/3K3R w - - 0 35,h1e1 d8a8 d2d3 a8a1,2177,79,76,80,advantage endgame quietMove rookEndgame short,https://lichess.org/pLvwHU01#69,
3VRpp,8/1p4pk/2p4p/2K2R1P/p2PrNn1/2P5/PP6/8 b - - 9 32,g4e3 f5f8 e4f4 f8f4,2199,79,91,1260,crushing endgame quietMove short,https://lichess.org/dICFfVtD/black#64,
3VYI5,1R6/6p1/p3pkp1/3p4/3P1P2/6r1/5KP1/8 b - - 7 45,g3g4 g2g3 g6g5 f2f3 g5f4 f3g4,2117,75,93,2455,advantage endgame long quietMove rookEndgame trappedPiece,https://lichess.org/Z9rgxqMQ/black#90,
3VdKj,5r1k/p2nR2p/b2NQpp1/2P5/3P4/6B1/P5PP/2q3K1 w - - 5 30,g3e1 d7e5 h2h3 c1e1 g1h2 e5f3 g2f3 e1f2,2161,76,86,92,advantage interference middlegame pin quietMove veryLong,https://lichess.org/qTscD3uF#59,
3VeVb,8/8/2p4p/5k2/P2K4/8/8/8 b - - 0 52,h6h5 a4a5 h5h4 d4e3,2106,76,95,1323,crushing defensiveMove endgame pawnEndgame quietMove short,https://lichess.org/XG4vw6c8/black#104,
3Ven5,8/8/3kP2p/b5p1/2P3P1/3K3P/p7/B7 w - - 1 50,d3d4 d6e6 d4d3 a5c7 d3c2 c7e5,2128,149,100,24,bishopEndgame crushing endgame long quietMove,https://lichess.org/evFlXS9R#99,
3W71O,1r2r2k/6p1/p6p/3B1pq1/P4R2/3pQ3/7P/R6K w - - 2 33,e3d2 e8e2 d2d3 b8b2 d3e2 b2e2,2164,75,87,180,advantage long middlegame quietMove,https://lichess.org/2bS5ieOJ#65,
3Wj9F,6rk/p4pr1/1p3Q1p/8/5P2/3R2Pq/P1P3R1/6K1 b - - 0 34,h8h7 g3g4 h3g4 g2g4,2154,192,79,12,crushing endgame quietMove short trappedPiece,https://lichess.org/XgMIkKkb/black#68,
3WltO,5k2/5P2/2p5/6K1/5RP1/1p6/6r1/8 w - - 0 41,g5f6 c6c5 f4f3 c5c4,2170,91,79,33,crushing defensiveMove endgame quietMove rookEndgame short,https://lichess.org/QdWHpEEm#81,
3XqEn,6r1/2P2Rnk/8/p7/1P4p1/2K5/1P3P2/8 b - - 0 45,h7g6 f7g7 g6g7 b4b5 g8c8 b5b6,2151,76,92,1801,crushing endgame long quietMove sacrifice,https://lichess.org/EVKdZOTM/black#90,
3YIDz,1rb3k1/p1p3pp/P1pb1r2/3p4/1P3pP1/2P2B2/3B1P1P/R3R1K1 b - g3 0 22,c8g4 f3g4 f6g6 f2f3 h7h5 e1e6 g6e6 g4e6,2108,81,88,1327,advantage hangingPiece middlegame quietMove veryLong,https://lichess.org/pO1867Jm/black#44,
3YQWT,8/6pp/8/6KP/4k1P1/R3Pr2/8/8 b - - 4 44,f3e3 a3e3 e4e3 g5f5 e3f3 g4g5 f3g3 h5h6,2150,89,70,44,crushing endgame quietMove rookEndgame veryLong,https://lichess.org/ocFQ9tL9/black#88,
3YZ2J,2r5/pR6/5pkp/6p1/3pP3/1P1P3P/Pqr2PPK/R3Q3 w - - 1 31,e1a5 c2f2 a1g1 c8c2 a5f5 f2f5,2109,76,94,1275,advantage endgame long quietMove,https://lichess.org/Fp5xLX44#61,
3Ya0m,4r1q1/ppp1b2k/2n1N1p1/3p3p/8/3P3P/PPP1Q1PN/5RK1 w - - 2 23,g1h1 e7h4 h2f3 e8e6,2174,85,65,40,advantage discoveredAttack middlegame quietMove short,https://lichess.org/q02U0ghQ#45,
3Ycxb,8/8/p7/1p4R1/7P/1Pb3Pk/r7/3R3K w - - 1 53,h4h5 c3d4 d1d4 a2a1 d4d1 a1d1,2146,83,83,379,endgame exposedKing long mate mateIn3 quietMove sacrifice,https://lichess.org/wAKxaPn2#105,
3ZCNV,1k1r3r/1p3Rpp/4Q3/3p4/8/B2b2P1/PP1K3P/R5q1 b - - 2 22,g1a1 e6b6 d3a6 a3c5 a1b2 b6b2,2197,81,73,41,crushing long middlegame quietMove,https://lichess.org/b3UTdbHe/black#44,
3ZQDo,r2q1r1k/1b4p1/pp2Bb1p/2p5/P2nN3/2PP3N/1P4PP/R1BQ3K b - - 0 18,d8e7 h3f4 d4e6 f4g6 h8h7 g6e7,2103,78,90,1061,advantage fork long middlegame quietMove sacrifice,https://lichess.org/pVDYZQuK/black#36,Sicilian_Defense Sicilian_Defense_Closed
3Za20,8/R2pk1p1/bp1Np2p/4P3/3K2PP/8/P7/4r3 b - - 2 34,a6e2 a7a8 e1d1 d4e3 d1d6 e5d6,2197,95,82,26,crushing defensiveMove endgame long quietMove,https://lichess.org/baT0YujO/black#68,
3ZfWA,8/8/4p1p1/2K5/PnN4p/5P1k/8/8 b - - 1 46,h3g2 c5b4 h4h3 c4e3 g2f3 e3f1 f3g2 f1e3 g2f2 e3g4 f2f3 g4h2,2123,294,100,13,endgame equality hangingPiece knightEndgame quietMove veryLong,https://lichess.org/bN9oZMQ8/black#92,
3a63P,8/8/6p1/p1R5/2p4k/2K5/P1P1b3/8 w - - 3 44,c5c4 e2c4 c3c4 g6g5 c4d3 g5g4 d3e2 h4h3 e2f2 h3h2,2146,75,98,1073,crushing defensiveMove endgame quietMove veryLong,https://lichess.org/tLTb70xD#87,
3a7oV,2r5/5k2/3KP1p1/1p6/p7/2P5/5P2/R7 b - - 0 40,f7e8 a1h1 c8d8 d6e5,2194,83,91,1396,crushing defensiveMove endgame quietMove rookEndgame short,https://lichess.org/zoy9Jhaj/black#80,
3aHuU,8/1r5p/1P2k2P/8/3BK3/4P3/8/8 b - - 0 51,e6d6 d4e5 d6d7 e5c7 b7c7 b6c7,2130,78,94,4620,advancedPawn crushing endgame long quietMove,https://lichess.org/eP6E3i25/black#102,
3aO95,8/p2b1r2/1p3k2/2pK1P2/8/2P2R1B/PP6/8 w - - 1 43,d5d6 d7b5 d6d5 f7d7 d5e4 b5c6 e4f4 c6f3,2154,77,95,951,crushing endgame master quietMove skewer veryLong,https://lichess.org/WvyzP3Rl#85,
3aV2X,8/5pp1/1P2p2k/3pP2p/P2N1P1P/3K4/6P1/r7 b - - 0 32,a1a4 d4c6 a4a3 d3d4 a3b3 d4c5,2136,90,85,57,advantage defensiveMove endgame long quietMove,https://lichess.org/be3IuEGX/black#64,
3abzo,5rk1/p1Q1pN1p/1pp1P1p1/2prRp2/q7/1n1P3P/5PP1/3R2K1 b - - 0 26,d5e5 c7e5 f8f7 e6f7 g8f7 d1e1 a4h4 e5e6,2131,75,93,7294,advancedPawn advantage kingsideAttack master middlegame quietMove veryLong,https://lichess.org/A2uAOAmX/black#52,
3bCfH,8/8/p2pB3/2p1p3/2P1P1K1/2kP4/8/8 w - - 2 44,g4f5 c3d3 e6d5 a6a5 d5c6 d3c4,2139,90,69,24,bishopEndgame crushing endgame long quietMove,https://lichess.org/3wlqha6p#87,
3bDn2,8/8/1p3r2/7p/P3R3/1KP3k1/2P5/8 w - - 4 40,b3b4 f6f4 e4d4 h5h4 b4b5 f4d4,2149,89,76,49,crushing endgame long quietMove rookEndgame,https://lichess.org/lYYXsjvl#79,
3bGKA,8/8/8/8/5PKp/2p3b1/3k2P1/2R5 w - - 4 51,c1f1 g3e1 f4f5 c3c2,2167,77,82,85,advancedPawn crushing endgame quietMove short,https://lichess.org/ISrZA7u2#101,
3bkgY,5k2/R7/6P1/7p/5P2/8/p5K1/r7 b - - 0 43,f8g8 f4f5 a1c1 a7a2 c1c5 a2f2,2179,76,60,123,crushing defensiveMove endgame long quietMove rookEndgame,https://lichess.org/CPm8CMOV/black#86,
3bmJ3,8/8/8/2n1kpp1/7p/p4P1P/P1BK2P1/8 w - - 0 43,d2c3 c5e6 c2d3 e6f4,2195,103,68,21,advantage endgame quietMove short,https://lichess.org/VGE7KsvI#85,
3bp26,8/5p2/6p1/1K1N3p/1pP1k2P/1P4Pb/8/8 b - - 1 46,f7f5 d5f4 h3f1 b5a5 e4f3 c4c5 f3g3 c5c6,2141,148,79,19,crushing endgame quietMove veryLong,https://lichess.org/c9li8TIz/black#92,
3cOGK,r3r1k1/pp3pp1/2pR1q1p/5N2/4p1Q1/4R3/bPP2PPP/6K1 b - - 1 23,f6b2 c2c3 b2c1 d6d1 c1d1 g4d1,2160,84,90,849,advantage long middlegame quietMove,https://lichess.org/3tm2OWVa/black#46,
3cUvo,8/5k2/4rP2/2pp2P1/8/2P1p3/4K3/5R2 b - - 0 46,d5d4 g5g6 f7f8 g6g7 f8f7 f1g1 e6e8 g1h1 d4d3 e2d3 e3e2 h1e1 f7f6 e1e2,2170,132,87,10,advancedPawn crushing endgame exposedKing quietMove rookEndgame veryLong,https://lichess.org/2Yi59e2K/black#92,
3ch4X,2r2rk1/5ppp/p3p3/1p1q4/3P4/1P1RQN1P/Pb3PP1/3R2K1 b - - 5 25,f8d8 e3d2 b2a3 b3b4 a3b4 d2b4,2123,78,90,722,crushing long middlegame quietMove,https://lichess.org/2pukP2Jl/black#50,
3cl2R,r4rk1/3n1ppp/1p2p3/pq4bP/3PP3/1P4R1/1BP3Q1/1K5R b - - 1 27,g5h6 d4d5 e6e5 b2c1 g8h8 c1h6 g7h6 h1g1 b5c5 g3g7 c5g1 g2g1,2168,88,75,36,advantage middlegame quietMove veryLong,https://lichess.org/bFc1D3xG/black#54,
3dAlZ,3q1rk1/6p1/2BpN2p/r1pPb2Q/P1P2p2/8/6PP/7K b - - 1 30,d8g5 e6g5 h6g5 c6d7 a5a7 d7e6,2125,76,91,6108,advantage long middlegame quietMove,https://lichess.org/9EAPQQUl/black#60,
3dqYE,1k1r4/pP3p2/4p2p/N3R1p1/1q1p4/6P1/P4PP1/3R2K1 b - - 2 32,b4a4 d1c1 d4d3 e5c5,2158,92,82,57,advantage endgame quietMove short,https://lichess.org/ERhP7XRS/black#64,
3en1d,1bb1r1k1/6p1/5pNp/Q2p1N2/1p1Pq1P1/4P3/1P5P/2R3K1 w - - 3 36,g6e7 g8h7 a5d5 e4g4 g1f2 c8a6 d5f3 g4f3,2137,153,70,15,advantage defensiveMove kingsideAttack middlegame quietMove veryLong,https://lichess.org/wwb7wHQC#71,
3fIy6,8/1pp4p/p2p4/3Pkpp1/P1P3P1/4K3/1P3P1P/8 w - - 0 30,f2f3 f5g4 f3g4 a6a5 e3d3 e5f4,2165,75,80,183,crushing endgame long pawnEndgame quietMove zugzwang,https://lichess.org/HszjJmgt#59,
3fWWa,8/8/4R3/5p2/3k1r2/5PKp/8/8 b - - 1 51,h3h2 e6e1 h2h1r e1h1 d4e3 h1e1,2168,79,87,91,crushing endgame long quietMove rookEndgame,https://lichess.org/ndJz34j4/black#102,
3fYhP,8/8/3k1p2/3p3p/3K1P2/6P1/7P/8 w - - 0 31,h2h3 f6f5 h3h4 d6c6 d4e5 c6c5 e5f5 d5d4 f5g6 d4d3 f4f5 d3d2 f5f6 d2d1q,2107,77,87,66,advancedPawn crushing endgame pawnEndgame promotion quietMove veryLong zugzwang,https://lichess.org/cH9fcfCt#61,
3ftqx,1R6/3R4/2p5/2k4P/3n4/2rp4/5PP1/6K1 w - - 2 36,b8d8 c3c4 d7d4 c4d4,2114,75,93,9773,crushing endgame master masterVsMaster quietMove short superGM,https://lichess.org/GUeBhMWh#71,
3g4cj,8/8/5p2/2p5/6P1/2k5/7P/3K4 b - - 6 39,c5c4 d1c1 c3d4 h2h4 d4e5 h4h5,2137,78,92,2030,crushing defensiveMove endgame long pawnEndgame quietMove,https://lichess.org/CBe8Lwyv/black#78,
3g9vE,8/8/p5p1/1p1k4/1P3PpP/5K2/8/8 w - - 0 41,f3g4 a6a5 b4a5 b5b4 h4h5 g6h5 g4h5 b4b3 a5a6 d5c6 f4f5 b3b2 a6a7 c6b7 f5f6 b2b1q,2199,77,95,1237,advancedPawn crushing endgame master pawnEndgame promotion quietMove veryLong,https://lichess.org/kln0hLHE#81,
3gDav,r6k/1p2b2p/pq3rpP/3p4/3Pp1Q1/4K3/PP1BB1P1/R6R w - - 0 28,a1c1 f6f5 d2c3 e7g5 g4g5 f5g5,2123,77,92,3223,advantage clearance long middlegame quietMove,https://lichess.org/bplG8EI2#55,
3gn5I,8/8/7p/p2k1p2/P1p4P/2K3P1/5P2/8 b - - 1 47,d5c5 h4h5 c5d5 f2f3,2172,75,86,99,crushing defensiveMove endgame pawnEndgame quietMove short,https://lichess.org/IU4vitN0/black#94,
3hJnQ,5rk1/1p6/4ppp1/8/8/3qP2R/3P1PP1/3QK3 b - - 1 22,f6f5 d1a1 e6e5 a1e5 d3b1 e1e2 b1b5 e5b5,2184,75,93,1205,crushing endgame quietMove veryLong,https://lichess.org/iShORI0O/black#44,
3hd5s,5k2/8/2p1P2p/pp1pK3/P2P4/2P5/7P/8 w - - 2 38,e5d6 f8e8 a4b5 c6b5 d6d5 a5a4 c3c4 a4a3,2151,74,94,1457,crushing endgame pawnEndgame quietMove veryLong,https://lichess.org/FrzT8U25#75,
3hkOo,6k1/pp4bp/1q2rpp1/1N1R4/2Q5/4PP2/PPP3P1/2K5 w - - 1 27,d5d6 b6e3 d6d2 g7h6 c4e6 e3e6,2138,74,84,166,crushing endgame long pin quietMove,https://lichess.org/BsEXMoU5#53,
3hlsn,8/6p1/p1p2n1p/PpPp1p1k/1P1PpP1P/4P1K1/5P1N/8 b - - 5 43,f6g4 h2g4 f5g4 f4f5 g7g5 f5g6,2101,80,90,1440,crushing enPassant endgame knightEndgame long quietMove zugzwang,https://lichess.org/9QMskpkh/black#86,
3hnDV,8/8/8/3K1kpp/5p2/5P1P/6P1/8 b - - 4 51,g5g4 h3h4 g4f3 g2f3,2172,74,87,166,crushing endgame pawnEndgame quietMove short,https://lichess.org/P49wM13G/black#102,
3hvi9,4k3/ppp3K1/8/3p4/2nP3P/2P5/P5P1/8 b - - 5 40,c4d6 h4h5 e8e7 h5h6 d6f5 g7g6,2192,83,84,245,advantage defensiveMove endgame knightEndgame long quietMove,https://lichess.org/wkGj3daO/black#80,
3hxHa,8/6pp/3k1p2/1p6/1P2P2P/2K2P2/8/8 w - - 1 41,c3d4 g7g5 h4h5 h7h6 d4e3 d6e5,2149,77,83,72,crushing endgame long pawnEndgame quietMove zugzwang,https://lichess.org/uYUlF5Kk#81,
3iM29,5r2/PB6/2p4k/2P1p2p/1P1nn3/6p1/NK4R1/8 w - - 1 45,a7a8q f8a8 b7a8 h5h4 a8c6 d4c6,2146,75,93,9022,crushing long master masterVsMaster middlegame quietMove,https://lichess.org/gTyqyizP#89,
3iPXt,3r1rk1/1bq1bpp1/p6p/1p2NQ2/8/8/B4PPP/R3R1K1 b - - 5 23,b7d5 a2b1 g7g6 e5g6,2152,84,87,55,crushing middlegame quietMove short,https://lichess.org/G1erOPjc/black#46,
3iVUU,2k4r/ppp2p2/8/3P4/3PN1rn/4P3/PP5R/R1B4K w - - 1 24,e4c3 h8g8 c1d2 h4f3 c3e2 f3h2,2171,82,86,51,crushing long middlegame quietMove,https://lichess.org/9snu7uJ5#47,
3ihov,8/p5p1/kpP5/3Q4/8/1PK4q/P7/8 w - - 1 42,d5d3 h3d3 c3d3 b6b5 d3e4 a6b6 e4d5 b6c7,2106,78,91,2501,crushing endgame queenEndgame quietMove veryLong,https://lichess.org/Z3RLwTlk#83,
3iwn9,8/pBPR4/Pb1k2p1/5q1p/8/6PP/5PK1/8 b - - 2 49,d6e6 d7d2 f5f2 d2f2,2133,76,88,235,crushing endgame quietMove short,https://lichess.org/XBfN1LgN/black#98,
3j0GQ,4r1k1/5p2/R5p1/1p1P2qp/1P6/P2Q3P/5PK1/8 w - - 1 44,g2h2 e8e1 d3g3 g5d5,2179,84,82,44,advantage endgame quietMove short,https://lichess.org/SOFuuAq8#87,
3jEli,r2q2r1/2p1p1bk/p5bp/1p1PpR2/4N1Q1/1B6/PPP3PP/R5K1 b - - 0 18,g6f5 g4f5 h7h8 e4g5 h6g5 f5h3 g7h6 h3h6,2139,76,91,1530,mate mateIn4 middlegame quietMove veryLong,https://lichess.org/sW1RvSSN/black#36,Queens_Pawn_Game Queens_Pawn_Game_Veresov_Attack
3jIAR,8/8/3k4/1K4p1/P1p5/2P5/1P6/8 w - - 0 42,a4a5 g5g4 a5a6 d6c7 a6a7 c7b7 b5c4 g4g3 a7a8q b7a8,2158,76,95,434,crushing endgame pawnEndgame quietMove veryLong,https://lichess.org/j3Ey5tMj#83,
3jJB1,8/3B1P2/3b3p/4p1p1/6k1/P7/1K6/8 b - - 1 55,g4f3 a3a4 e5e4 a4a5 e4e3 d7b5 e3e2 b5e2,2176,76,86,93,bishopEndgame crushing endgame quietMove veryLong,https://lichess.org/zUJX3WEx/black#110,
3jZMf,8/1p2k3/p1p1B1p1/P3Pp1p/1P1r1P1q/1Q6/5R2/6K1 w - - 1 38,e6c8 h4g4 g1h2 d4d1 b3e6 e7d8,2188,81,90,864,crushing endgame long master quietMove,https://lichess.org/Q1ypQhRm#75,
3jcN5,2b5/8/p4kp1/p5Pp/P1Bp1P2/3P2K1/1P6/8 b - - 0 40,f6f5 c4d5 h5h4 g3f3,2112,81,79,32,bishopEndgame crushing defensiveMove endgame quietMove short,https://lichess.org/ZLCmgYCb/black#80,
3kuFP,1r3k2/1pq3pp/p1n1Qb2/2PP4/8/2P2N1P/P5P1/4R1K1 b - - 0 29,c6a5 f3e5 f6e5 e1e5 g7g6 e6f6 f8g8 e5e7,2172,133,82,16,clearance crushing middlegame quietMove veryLong,https://lichess.org/OhatEmXI/black#58,
3kyHF,r2r3k/2pN2pp/2P5/p4pq1/P7/1Q3P2/6PP/R6K b - - 1 28,a8a6 d7e5 g5f6 e5f7 f6f7 b3f7,2128,77,92,8756,advantage endgame fork long quietMove,https://lichess.org/MHOrR3mm/black#56,
3l4aF,8/3k4/5P2/3p3p/2pP4/2K5/6PP/8 w - - 1 54,h2h3 h5h4 f6f7 d7e7 f7f8q e7f8,2138,89,65,37,crushing endgame long pawnEndgame quietMove,https://lichess.org/1vo54C0g#107,
3lU7c,8/1p4kp/4qpp1/5p2/Q4P2/6PK/P6P/8 b - - 0 39,e6c6 a4c6 b7c6 a2a4 c6c5 h3g2,2180,88,90,1014,crushing defensiveMove endgame long pawnEndgame quietMove,https://lichess.org/s8WIHfIi/black#78,
3lU9J,q1r4k/6pp/p7/2P5/5Pn1/3Q2Pb/P1R4P/2R3K1 b - - 6 29,c8c5 c1d1 g4h6 d3d8 h6g8 d8a8,2184,124,50,29,advantage long middlegame quietMove,https://lichess.org/KaLJirR7/black#58,
3mkwb,3r3k/1p2q1p1/p1p4p/4P3/2Q3P1/PP1n1N2/1P6/1K5R b - - 2 34,d3e5 c4e4 d8e8 h1e1 e5f3 e4e7 e8e7 e1e7,2175,75,95,4445,advantage endgame quietMove veryLong,https://lichess.org/TOaPpbd2/black#68,
3myi6,r3k2r/p4ppp/1p6/3nPp2/8/8/P2RBPPP/4R1K1 b kq - 1 18,a8d8 e1d1 e8e7 d2d5 d8d5 d1d5,2147,82,80,45,crushing endgame long master quietMove,https://lichess.org/JiceXC8D/black#36,Caro-Kann_Defense Caro-Kann_Defense_Advance_Variation
3n0qn,8/6k1/8/K4p1p/p5p1/R6P/8/8 w - - 0 59,h3h4 f5f4 a3a4 g4g3 a4f4 g3g2,2195,77,74,68,advancedPawn advantage endgame long quietMove rookEndgame sacrifice,https://lichess.org/0x5kyOZO#117,
3nKMi,8/5p2/1k2p1p1/1P1p3p/1K5P/4P1P1/5P2/8 w - - 0 40,f2f4 f7f6 b4a4 e6e5 f4e5 f6e5 a4b4 e5e4,2191,78,86,82,crushing defensiveMove endgame master pawnEndgame quietMove veryLong zugzwang,https://lichess.org/xX9MFKRe#79,
3ncqt,2r2r2/p4pkp/2pp1np1/8/4PP2/2BP1B2/P5PP/R5K1 b - - 4 20,f8e8 g2g4 g7f8 c3f6,2155,77,92,6341,advantage endgame quietMove short,https://lichess.org/QxdvTL10/black#40,
3nh2Z,3r1r2/ppp2pkp/2n3p1/3q4/3P4/1P4P1/P1N2P1P/R2QR1K1 w - - 0 19,d1d2 c6e5 e1e5 d5e5,2188,83,64,43,advantage middlegame quietMove short,https://lichess.org/DXuFNBZ7#37,
3nsKV,8/p5p1/4k1pp/2p1P3/1pP1RPP1/1P3K1P/P2r4/8 w - - 2 28,e4e2 d2e2 f3e2 g6g5 e2e3 g5f4 e3f4 g7g5 f4e4 a7a6 h3h4 g5h4 e4f4 a6a5 f4e4 h4h3,2107,118,100,21,attraction crushing endgame quietMove rookEndgame veryLong zugzwang,https://lichess.org/eMX08oAZ#55,
3oAEt,8/1p6/6p1/2PK3p/1k6/6P1/7P/8 b - - 1 44,b4b5 h2h4 b5b4 c5c6 b7c6 d5c6,2102,76,88,610,crushing endgame long pawnEndgame quietMove zugzwang,https://lichess.org/jYiTAsDk/black#88,
3oki2,5R2/5p1k/5Pp1/3P2Pp/p1p1r1bP/5r2/P4K2/2R1B3 w - - 16 49,f2g2 e4e2 g2g1 g4h3 e1b4 f3g3 g1h1 h3g2,2102,82,75,45,crushing endgame exposedKing quietMove veryLong,https://lichess.org/r4eYqqdl#97,
3pM5w,7k/p5bp/Pp2p1p1/1Pp1p3/4P3/2P3P1/3B1P1P/6K1 b - - 0 27,h8g8 d2g5 g8f7 g5d8,2153,81,90,685,bishopEndgame crushing endgame quietMove short,https://lichess.org/WUS5QaI4/black#54,
3pUs4,1r1q2k1/pb2Qpp1/7p/8/2pr4/1B4P1/P1P2P1P/1R2R1K1 w - - 0 24,b3a4 d8d5 b1b7 d5b7 e7b7 b8b7,2131,77,84,73,crushing long middlegame quietMove,https://lichess.org/xsybzrrA#47,
3pWoQ,r3k3/p3npp1/1p1Qp3/6q1/2p3P1/2P5/PKB5/1R6 b q - 1 28,g5g4 b1h1 f7f6 h1h8 e8f7 h8a8,2106,78,91,707,crushing endgame long quietMove skewer,https://lichess.org/vkFEsvCv/black#56,
3q6Fp,8/p7/4R1pp/3p4/2k5/n7/2p3PP/2K5 w - - 0 42,e6g6 d5d4 g6a6 c4b3 a6a3 b3a3,2101,76,90,62,crushing endgame long quietMove,https://lichess.org/zb55Gmln#83,
3qHi1,8/1R4b1/6kp/2B5/2P2pp1/1P6/2r2PKP/8 w - - 4 30,c5d6 g7d4 d6f4 c2f2 g2g3 h6h5 b7d7 f2f3,2116,166,18,12,crushing endgame fork quietMove veryLong,https://lichess.org/MeZVGQ4L#59,
3qJs5,8/3R4/5pp1/4p1k1/4P2p/5PPP/1r6/6K1 w - - 0 49,g3h4 g5h4 d7g7 g6g5 g1f1 h4g3,2115,97,55,47,crushing endgame long quietMove rookEndgame,https://lichess.org/TP6Lu1pk#97,
3qU2p,5rk1/2p2p1p/1pq1p1pQ/p2nP1B1/3P4/6P1/PP5P/5RK1 b - - 5 23,c6a4 g5f6 a4d4 f1f2,2178,77,91,1297,crushing defensiveMove endgame quietMove short,https://lichess.org/JWnB7Xj4/black#46,
3qlvX,8/8/4p2k/7P/3n1PK1/8/8/3B4 w - - 1 57,d1b3 d4b3 f4f5 e6e5 f5f6 b3d4,2158,77,87,56,crushing defensiveMove endgame hangingPiece long quietMove zugzwang,https://lichess.org/7TyPLt3H#113,
3qziG,8/p7/1pk5/P4p2/5K2/2P2P2/8/8 w - - 0 40,a5b6 a7a5 f4f5 a5a4,2132,76,92,1576,crushing defensiveMove endgame pawnEndgame quietMove short,https://lichess.org/jjpH8igk#79,
3qztO,1k1r3r/ppp1b1p1/2b3p1/4P3/8/2NP2p1/PPP3PN/R1B2RK1 w - - 0 17,h2f3 e7c5 d3d4 d8d4 c1e3 d4h4 f3h4 c5e3,2174,79,99,446,crushing kingsideAttack middlegame quietMove veryLong,https://lichess.org/KlcscIrD#33,Vienna_Gambit_with_Max_Lange_Defense Vienna_Gambit_with_Max_Lange_Defense_Other_variations
3rAnY,5qk1/pp3p2/2p1p1pR/4P1Q1/8/6P1/Pr3r1P/3R3K b - - 1 30,f2f5 g5h4 f5h5 h6h5,2177,78,90,458,crushing endgame quietMove short,https://lichess.org/9ivanrx8/black#60,
3rDvE,4B3/2R2pk1/4p1p1/6P1/P3NK2/r4r2/8/8 w - - 0 48,f4g4 e6e5 c7f7 f3f7 e8f7 g7f7,2171,75,92,1633,crushing endgame long master quietMove,https://lichess.org/3iCH6obj#95,
3s3oK,8/R1pk4/Pp1b4/3p2p1/3P1p2/1P6/1KP2r2/2B5 b - - 0 34,g5g4 a7a8 d6a3 b2a3,2185,75,92,182,advantage endgame master quietMove short,https://lichess.org/cjzfQZVZ/black#68,
3sKmh,4rk1r/1p4pp/1q3p2/1N1Q1P2/Pb6/4P3/6PP/RR4K1 w - - 0 32,b1b2 b6e3 g1f1 b4c5 d5c5 e3c5,2128,76,90,971,crushing long middlegame quietMove,https://lichess.org/h4yFgQSz#63,
3sW1U,8/1p4Q1/1kp3p1/4p3/2qnP1P1/P6P/1P4B1/7K w - - 1 37,g7e5 c4c1 h1h2 d4e2 h3h4 c1g1,2107,130,82,24,crushing endgame long quietMove,https://lichess.org/6bLouijZ#73,
3sfP6,1rb2rk1/1pN3pp/3p4/p1b1p2q/4Pp2/3P1P2/PPP3PP/R2NQR1K w - - 3 20,e1a5 f8f6 a5c5 d6c5,2105,78,90,945,crushing middlegame quietMove short,https://lichess.org/2FpPZQKG#39,
3synA,8/8/5k2/4p1pp/4K3/5PP1/7P/8 b - - 0 39,h5h4 g3g4 f6e6 h2h3 e6f6 e4d5,2117,76,95,874,crushing endgame long pawnEndgame quietMove zugzwang,https://lichess.org/V37Pk7D0/black#78,
3t97X,1r1q1r1k/2p1bn2/p2p2QP/1p1B4/3P1P2/2N1B3/PPP5/2K5 b - - 0 25,e7f6 d5e4 f7g5 f4g5,2183,77,99,102,crushing middlegame quietMove short,https://lichess.org/7HMHnrGo/black#50,
3tAwR,1r4k1/5pp1/2R2n1p/2BPp1q1/8/5P2/1r4PP/Q5RK w - - 3 31,d5d6 f6h5 c5f2 b2f2,2109,73,91,4460,crushing middlegame quietMove short,https://lichess.org/550wAEs7#61,
3tCsg,8/3k2B1/1p5P/1p1Pp3/1K2Ppp1/5n2/8/8 b - - 0 51,f3g5 g7e5 f4f3 e5g3 g5e4 h6h7 e4g3 h7h8q f3f2 h8g7,2113,93,86,21,advancedPawn crushing endgame master promotion quietMove veryLong,https://lichess.org/xmerdqVt/black#102,
3tZU9,r1bk4/pp2q3/2p1p1B1/4Q3/2PP1P2/4P1K1/P2n2P1/R7 b - - 12 27,d8d7 a1h1 d2c4 e5h8 d7c7 h1h7 c8d7 h8a8,2199,79,79,106,crushing middlegame pin quietMove veryLong,https://lichess.org/lIZtx3Ex/black#54,
3tuOe,2k4r/ppp5/3b4/6p1/4pP2/4q3/PPP3Qp/3R1R1K w - - 0 26,g2g5 d6c5 g5f5 c8b8 f5h5 e3g1,2154,75,99,125,crushing endgame long master quietMove,https://lichess.org/m16cVsAd#51,
3umEf,2k1r2r/pp1b2p1/1p6/2p4p/3P1Bn1/2PB1qPP/PPQ2P2/R4RK1 w - - 0 21,a1e1 d7c6 d4d5 c6d5 d3f5 c8d8,2191,76,80,108,crushing defensiveMove long middlegame quietMove,https://lichess.org/MvHrvslI#41,
3v9kH,r3kr2/p1pqb2p/2p2np1/3p4/5Q2/1P2P3/PBPP2PP/RN3RK1 w q - 2 16,f4g5 f6h5 f1f8 e8f8 b2a3 c6c5 a3c5 e7c5,2176,121,78,20,advantage middlegame quietMove veryLong,https://lichess.org/G5TPLvJk#31,Nimzo-Larsen_Attack Nimzo-Larsen_Attack_Modern_Variation
3vCfv,8/3PK3/6p1/5Pk1/4R3/8/3r4/8 b - - 0 64,g6f5 e4e6 d2d7 e7d7 f5f4 d7d6,2126,79,85,51,crushing defensiveMove endgame long quietMove rookEndgame,https://lichess.org/2wQ0AIBL/black#128,
3vVHh,8/4k3/4p3/1pP4p/1P2P1p1/6P1/5K2/8 b - - 2 42,e7d7 e4e5 d7c6 f2e3,2133,74,87,165,crushing defensiveMove endgame pawnEndgame quietMove short,https://lichess.org/ndxdzFIq/black#84,
3vZpa,8/7p/1p6/p2k4/P7/1PK5/6P1/8 w - - 7 48,b3b4 h7h5 b4a5 b6a5,2199,78,91,1135,crushing endgame pawnEndgame quietMove short,https://lichess.org/FHuVAC5W#95,
3w1kb,3r1b2/p4p1k/1q1prPp1/6BP/4PQ2/2Pp3P/PP3RK1/8 b - - 0 34,d3d2 h5g6 h7g8 f4h4 b6f2 g2f2,2197,84,91,3725,advantage long middlegame quietMove,https://lichess.org/wCUqz6Pt/black#68,
3wcN6,8/1n3p1p/2p1p1k1/2PpP3/5P1P/1N3K2/8/8 b - - 2 45,g6f5 h4h5 d5d4 b3d4,2130,82,92,5352,endgame knightEndgame mate mateIn2 quietMove short,https://lichess.org/Nuqzp4tJ/black#90,
3wgGk,r2qr1k1/p3ppbp/p2p2p1/3b1NB1/8/7P/PPP2PP1/R2QR1K1 b - - 3 16,d5e6 f5g7 g8g7 d1d4 g7g8 g5h6 f7f6 e1e6,2179,76,91,612,attraction crushing kingsideAttack master masterVsMaster middlegame quietMove veryLong,https://lichess.org/Cu55z5T0/black#32,Pirc_Defense Pirc_Defense_Classical_Variation
3x0pk,r1b2rk1/pp2bp1p/2q3pQ/2p5/4NB2/2P4P/PnB2PP1/R4RK1 b - - 1 20,c8f5 f4e5 f7f6 e4g5 f8f7 g5f7,2191,75,95,2103,crushing long middlegame quietMove,https://lichess.org/bjAy1Mza/black#40,
3x1Dc,8/4kp2/1r2p1p1/3pP1P1/R5N1/P1P2Pr1/1PK2R2/n7 w - - 1 39,c2b1 g3g1 b1a2 a1b3 a4b4 b3c1,2123,77,94,5193,advantage endgame long quietMove,https://lichess.org/X4kbchu1#77,
3x1nF,r3k1nr/p3npB1/2pQ4/4p3/4P3/1Bq2P1P/P1P2P2/5RK1 b kq - 0 17,h8h3 f1d1 h3h1 g1h1 c3f3 h1g1,2136,76,65,118,crushing long middlegame quietMove,https://lichess.org/sV87aFwV/black#34,Three_Knights_Opening Three_Knights_Opening_Other_variations
3x5kL,2brr1k1/p1q3p1/2p1pbQp/8/2Pp2P1/BB1N1R2/PP3P2/6K1 b - - 1 31,f6g5 b3c2 e6e5 d3e5,2176,100,36,28,crushing middlegame quietMove short,https://lichess.org/p8FFa5Ik/black#62,
3xL7s,4R3/5pk1/p2r2p1/1prp2P1/5P2/P1P2K2/1P6/3R4 b - - 4 36,c5c7 d1h1 f7f6 e8h8,2160,79,87,130,crushing defensiveMove endgame quietMove rookEndgame short,https://lichess.org/77D1e6oA/black#72,
3xpIC,1rr3k1/4q3/3p2pB/3PP1P1/1Pnb4/2p4P/2Q3B1/5R1K b - - 0 34,d4e5 c2g6 e5g7 g2e4 e7e4 g6e4,2121,77,83,63,advantage long middlegame quietMove,https://lichess.org/MS5Jd9ph/black#68,
3yeRn,8/8/1p3k2/2p3p1/2Pp1bPp/3P4/2P2PK1/B7 w - - 1 36,c2c3 f4e5 g2h3 d4c3,2150,78,92,4021,bishopEndgame crushing endgame master quietMove short,https://lichess.org/iqNSlvuy#71,
3yrEZ,r4r1k/4qR1p/3pP1pP/p3p3/1p6/8/PPP3Q1/1K5R b - - 3 30,e7e6 h1f1 e6f7 f1f7,2135,75,93,1185,crushing endgame master quietMove short,https://lichess.org/QGGGF3RH/black#60,
3yvXw,1k1r4/1pp4p/p6q/4Q3/1P3n2/P2B4/2K1R3/2R5 w - - 0 29,e2d2 f4d3 e5c3 d8d6 d2d3 d6c6 c2b2 c6c3,2143,266,25,10,equality fork middlegame pin quietMove veryLong,https://lichess.org/KdgVokle#57,
3z9QC,8/7p/8/2p3p1/Pp3Qk1/1P6/7K/8 b - - 0 56,g5f4 a4a5 c5c4 b3c4 f4f3 a5a6 b4b3 a6a7 b3b2 a7a8q,2159,179,100,17,advancedPawn endgame equality pawnEndgame promotion quietMove veryLong,https://lichess.org/vQRnVgc3/black#112,
3zAEK,8/pp6/8/3p1k2/5Pp1/1PP1P1K1/8/8 b - - 0 40,b7b5 b3b4 a7a6 g3h4 d5d4 c3d4,2137,77,84,100,crushing endgame long pawnEndgame quietMove,https://lichess.org/ZpRwQKxR/black#80,
3zITG,8/7p/6kP/6P1/4KPb1/8/5P2/8 b - - 2 62,g4h5 f2f3 g6f7 f4f5,2151,83,81,60,bishopEndgame crushing defensiveMove endgame quietMove short zugzwang,https://lichess.org/5imG6U2O/black#124,
3zPLz,K7/5p2/8/8/8/7P/6kP/8 w - - 1 52,a8b7 g2h3 b7c6 f7f5 c6d5 f5f4 d5e4 h3g4,2145,78,86,65,crushing defensiveMove endgame pawnEndgame quietMove veryLong zugzwang,https://lichess.org/3BCcEOkz#103,
3zWUt,8/2p5/p1b2p1p/2p5/2P3P1/kP1B1P2/P7/1K6 w - - 1 36,d3e4 c6e4 f3e4 a6a5 b1a1 a5a4 b3a4 a3a4 a1b2 a4b4 a2a3 b4c4,2124,75,86,70,bishopEndgame crushing endgame quietMove veryLong zugzwang,https://lichess.org/BlpueZiK#71,
3zrdA,r2q1rk1/pp6/2p2bpp/4p3/3pP3/1Q3R2/PPPN2PP/R5K1 b - - 1 15,f8f7 a1f1 g8g7 f3f6 d8f6 f1f6,2145,81,73,39,advantage long middlegame quietMove,https://lichess.org/zDNhCYjK/black#30,Sicilian_Defense Sicilian_Defense_McDonnell_Attack
40LwX,3r1r1k/pQ6/1pR2qp1/4bp1p/1P6/P4NP1/4BP1P/6K1 b - - 6 34,d8d6 c6c7 d6d1 e2d1 e5c7 b7c7,2122,87,73,25,advantage long middlegame quietMove,https://lichess.org/QLYa328T/black#68,
40ZjV,4rbk1/1pq3pp/p3b3/8/2p1QP2/2P5/PP4PP/R1B2RK1 w - - 1 23,c1e3 e6f7 e4d4 e8e3 d4e3 f8c5 e3c5 c7c5,2176,76,86,157,advantage discoveredAttack middlegame pin quietMove sacrifice veryLong,https://lichess.org/pLEIqQ67#45,
418UT,8/p2kr1p1/n1p1p3/2PpPrp1/P7/1Nq4P/4QPP1/RR4K1 b - - 4 36,a6c5 b3c5 c3c5 b1b7 d7c8 b7e7 c5e7 a1b1 e7c7 e2a6 c8d8 b1b7 f5f7 b7c7,2178,86,70,46,advantage clearance deflection middlegame quietMove veryLong,https://lichess.org/IJNqotBR/black#72,
41dW9,8/8/3rk1p1/2K1p3/1R2P3/5P2/8/8 w - - 0 48,b4b6 d6b6 c5b6 e6f6 b6c6 f6g5 c6d5 g5f4 d5e6 g6g5 e6d5 f4f3 d5e5 g5g4 e5f5 g4g3,2108,76,95,2199,crushing endgame quietMove rookEndgame veryLong,https://lichess.org/ct6r036O#95,
41iTg,r7/PKR5/6k1/8/8/5p2/8/8 b - - 1 53,f3f2 c7c1 a8f8 a7a8q f2f1q c1f1,2142,76,94,2878,advancedPawn crushing endgame long promotion quietMove rookEndgame,https://lichess.org/vX9dVDik/black#106,
42Fw4,5rk1/p6p/1p2p1p1/2p1q3/4b3/2P1B3/PP1Q2PP/4R1K1 b - - 4 26,f8f5 e3h6 e5d5 e1e4 d5d2 h6d2,2198,79,90,841,advantage discoveredAttack endgame long quietMove,https://lichess.org/hrlW4P7X/black#52,
42GFt,8/7p/2k2p2/p2Pp1p1/P1K5/5PP1/7P/8 b - - 0 35,c6d6 g3g4 f6f5 g4f5 g5g4 f3g4,2170,79,90,948,crushing endgame long master pawnEndgame quietMove,https://lichess.org/Rx6FzPus/black#70,
42O8H,8/8/p3k3/1p4p1/2pK2P1/6Np/PP6/8 w - - 2 46,b2b3 c4b3 a2b3 a6a5 g3f1 a5a4,2125,86,90,799,crushing endgame knightEndgame long quietMove,https://lichess.org/igFyovxB#91,
42Ujc,r1bq1rk1/pp4p1/2p5/4p3/2P1p1p1/1P4K1/P2P2P1/RBBQR3 w - - 0 19,c1b2 d8f6 e1f1 f6f1 d1f1 f8f1,2197,97,75,28,advantage long middlegame quietMove,https://lichess.org/NTcnLdoa#37,Caro-Kann_Defense Caro-Kann_Defense_Other_variations
42kfM,8/8/5pkp/p1p3r1/Pp1pPKP1/1P1P4/2P3R1/8 b - - 7 47,h6h5 g4h5 g6h5 g2g5 f6g5 f4f5 g5g4 e4e5 h5h4 e5e6,2131,82,94,53,attraction crushing discoveredAttack endgame pin quietMove rookEndgame veryLong,https://lichess.org/LFoXNagl/black#94,
42xyj,r4r2/1b2qp1k/pn1p2pp/1ppPp1N1/4P1PP/P2P4/BPP5/3KRQ1R b - - 2 21,h6g5 h4g5 h7g7 h1h7 g7h7 f1h3 h7g8 e1h1 f7f5 h3h8 g8f7 h1h7 f7e8 h7e7,2197,81,77,51,attraction clearance crushing discoveredAttack middlegame quietMove sacrifice skewer veryLong,https://lichess.org/W9RrTJSK/black#42,
42zHr,8/3kpp2/3p4/2pPbP1p/2P1P2P/7K/4N3/8 w - - 1 35,e2g3 e5g3 h3g3 f7f6 g3f3 d7c7 f3e2 c7b6 e2d3 b6a5 d3c3 a5a4,2132,91,91,70,crushing defensiveMove endgame quietMove veryLong,https://lichess.org/zrJpS3T9#69,
43oDs,8/6p1/1p6/p1p1k2p/P1Pp4/1P1P1KP1/7P/8 w - - 0 33,g3g4 h5h4 g4g5 e5f5 g5g6 f5g5,2178,76,92,1507,crushing endgame long pawnEndgame quietMove zugzwang,https://lichess.org/xlBmPQ3v#65,
43wfS,8/8/1K3p1p/6p1/5k2/P4P1P/8/8 b - - 2 54,f4f3 a3a4 h6h5 a4a5 f3f2 a5a6 g5g4 h3g4 h5g4 a6a7 g4g3 a7a8q g3g2 a8a2,2170,78,92,70,advancedPawn crushing endgame pawnEndgame promotion quietMove veryLong,https://lichess.org/Uq3WCDNZ/black#108,
4465I,7R/pp6/2p5/6k1/4Bn2/3PK2p/PP3P2/4r3 w - - 20 51,e3f3 f4h5 h8g8 g5f6,2192,78,90,3801,advantage defensiveMove endgame master quietMove short,https://lichess.org/345c3UC4#101,
44D4v,r2q2k1/1b1r2p1/2n1ppN1/pp2P2Q/2pp1P2/P1P5/1P5P/2K2RR1 b - - 1 23,f6f5 f1f3 d4c3 f3h3,2147,120,63,12,advantage middlegame quietMove short,https://lichess.org/IRpZAXDu/black#46,
44iFu,r4rk1/pbp2pp1/1p1p4/4n1PR/4P3/2N3q1/PPPKB3/R4Q2 b - - 3 20,g7g6 h5h8 g8h8 f1f6 h8g8 a1h1 g3g5 f6g5,2124,77,95,983,advantage attraction clearance kingsideAttack middlegame quietMove sacrifice veryLong,https://lichess.org/ogOMPK0T/black#40,
44qV9,1r3rk1/p4ppp/8/3p1q2/1P2p1b1/P3P1P1/1B1Q1P1P/R1R3K1 w - - 0 23,c1c5 f5f3 d2d4 f7f6 d4d5 g8h8 d5d1 f3d1 a1d1 g4d1,2142,74,90,971,crushing defensiveMove middlegame quietMove veryLong,https://lichess.org/T5dfOVt6#45,
44yHo,2rk2nr/Q2n1q1p/1p1P1p1b/8/3P1B1P/6PR/PPP5/2K1R3 b - - 2 22,h6f4 g3f4 f7d5 h3e3 g8h6 e3e7 d5d6 e7d7 d6d7 a7b6 c8c7 b6f6 d8c8 f6h8,2163,98,88,44,advantage deflection exposedKing fork middlegame quietMove veryLong,https://lichess.org/Hb2F546F/black#44,
45AjR,r2q1k2/p2b1ppQ/7p/2p5/3p3b/3B4/PPP2PPP/4R1K1 b - - 0 20,f7f5 d3c4 h4f2 g1f2 d8h4 f2f1,2114,78,92,1380,advantage defensiveMove long middlegame quietMove,https://lichess.org/JoEFvrdS/black#40,
45JR7,8/pp4kp/5Rp1/3NP1P1/1P1P3r/6b1/8/6K1 b - - 0 37,h4d4 d5c7 g7g8 c7e6,2174,77,86,331,advantage endgame quietMove short,https://lichess.org/DnKHkA7p/black#74,
45kZJ,5rk1/4Rp2/6p1/4P2p/p4K2/2r3P1/P2R3P/8 b - - 5 34,f7f6 d2d7 f6e5 f4g5,2180,78,92,4323,crushing defensiveMove endgame quietMove rookEndgame short,https://lichess.org/HIvNwSOK/black#68,
45vMh,4k2Q/5q2/3pp1p1/2p4p/4P3/1rN4P/1r4n1/1R2R1K1 b - - 1 32,e8e7 b1b2 b3b2 e1a1 f7f2 g1h1,2162,108,82,67,advantage clearance long middlegame quietMove,https://lichess.org/KCokrIEn/black#64,
460qh,4r3/2pk4/R1ppn3/7p/7P/2P2Pp1/PP2QqP1/4R2K w - - 1 31,a6a5 e6g7 e2f2 g3f2 e1f1 e8e1 g2g4 e1f1,2130,79,91,271,advancedPawn advantage endgame pin quietMove veryLong,https://lichess.org/SEfjXjpL#61,
46ARg,3r4/1pp3k1/1p1p3r/3Pn3/2P1p3/1P4P1/P4PKN/R4R2 w - - 1 25,a1e1 d8h8 h2g4 e5g4,2113,88,85,28,advantage endgame quietMove short,https://lichess.org/qDT70OnY#49,
46Gn1,1q3rk1/1n1p2pp/3P1p2/1P5P/5PQ1/1P5n/rBR4K/5R2 b - - 1 28,f8c8 c2g2 h3g5 f4g5,2159,78,77,93,advantage middlegame quietMove short trappedPiece,https://lichess.org/W0INCpn1/black#56,
46J9Q,r5k1/1q3p2/4pQp1/pp3p2/2pP1P2/2P1P3/5RPP/6K1 b - - 1 30,b5b4 f2f3 b7f3 g2f3 b4b3 f6e7,2137,184,100,11,endgame equality long quietMove,https://lichess.org/rckXJX87/black#60,
47HbV,rn2qrk1/ppR5/3pp3/6B1/3P2PQ/3b4/PP3P1P/4R1K1 b - - 0 19,f8f7 g5f6 f7f6 h4f6,2144,75,93,2317,crushing middlegame quietMove short,https://lichess.org/aPso1msU/black#38,Pirc_Defense Pirc_Defense_Classical_Variation
47IvX,8/8/8/2b2Npp/8/5kPK/7P/8 w - - 2 58,f5g7 c5e7 g3g4 h5g4,2147,82,78,131,endgame mate mateIn2 quietMove short,https://lichess.org/UMoxiXJS#115,
47MZu,8/1R6/4p1P1/3pP3/p2P3k/P1r2K2/1p6/8 w - - 0 45,f3e2 c3b3 b7h7 h4g5 g6g7 b3b8 h7h1 g5g6,2128,114,86,18,crushing defensiveMove endgame master quietMove rookEndgame veryLong,https://lichess.org/wNNdJuEq#89,
47O8C,8/8/8/1p6/8/P1pk4/1P6/3K4 w - - 2 49,d1c1 c3c2 b2b3 d3c3 a3a4 b5b4 a4a5 c3b3,2150,79,85,49,advancedPawn crushing endgame pawnEndgame quietMove veryLong zugzwang,https://lichess.org/TgNcdWjU#97,
485DN,1k1r2r1/1b6/1p1pp2p/P2pN1q1/1n1P1R2/5B2/3Q2PP/R5K1 w - - 0 25,d2b4 g5f4 e5c6 b7c6 b4b6 c6b7 a5a6 d8d7 a6b7 d7b7,2177,78,87,215,advantage hangingPiece middlegame quietMove veryLong,https://lichess.org/8eIQ1eLw#49,
48Feg,3r1rk1/5ppp/p7/4b3/Qp6/1B2BP1q/PP3P2/R3R1K1 w - - 0 22,f3f4 d8d6 b3f7 f8f7 a4e8 f7f8 e8e5 d6g6,2170,76,91,520,crushing master middlegame quietMove veryLong,https://lichess.org/O8uy5xo8#43,
48JfI,r5k1/pp1q1ppp/1bpr1n2/8/1P6/P1N1P3/3BQPPP/2RR2K1 w - - 4 19,c3a4 a8d8 a4c3 d6d2 d1d2 d7d2 e2d2 d8d2,2191,78,83,65,crushing middlegame quietMove veryLong,https://lichess.org/87BCvw6w#37,Queens_Gambit_Declined Queens_Gambit_Declined_Marshall_Defense
48M17,8/5R2/P1kp4/2p1p3/2P5/1P1K2P1/7r/R1Br4 w - - 8 37,d3c3 e5e4 f7f3 e4f3 a6a7 h2h8,2162,75,90,578,crushing defensiveMove endgame long quietMove,https://lichess.org/BQE8TDlC#73,
48Oii,NR6/5pkp/p5p1/8/P3n1K1/1P5P/6P1/7r w - - 10 36,a8c7 h1f1 c7e8 g7h6,2164,81,82,35,crushing defensiveMove endgame quietMove short,https://lichess.org/RbLrR7Ik#71,
48bu4,k7/1pB5/1P6/pr4P1/7r/8/5K2/R7 b - - 1 41,h4g4 a1d1 b5f5 f2e3 f5f8 d1d5,2166,85,81,32,crushing defensiveMove endgame long quietMove,https://lichess.org/gacMhujR/black#82,
48diU,5r1k/pR6/6p1/3pPq1p/3P4/2P2pP1/P4P2/5QK1 w - - 0 35,b7a7 f8b8 g1h2 b8b1 f1b1 f5b1,2147,77,92,2649,crushing endgame long quietMove,https://lichess.org/rtLleWRY#69,
490kR,r5k1/pN3ppp/2p5/1n3b2/1K1r4/6P1/PP4BP/R5NR w - - 3 21,b4c5 a8e8 a1e1 e8e1,2134,81,80,57,crushing middlegame quietMove short,https://lichess.org/1Hpx6uf4#41,
4921X,6rk/5r1p/R2p1p2/1p2p3/4Pb2/1NPP3P/1P6/5R1K w - - 0 25,a6d6 f7g7 d6d8 g8d8,2117,77,91,1026,crushing endgame quietMove short,https://lichess.org/VDraJpEB#49,
493b3,8/5p2/1p1k3p/p1p1pp2/2P4P/PP1KPPP1/8/8 b - - 0 45,d6c6 e3e4 f5f4 g3f4 e5f4 e4e5 a5a4 b3a4,2116,75,98,82,crushing endgame pawnEndgame quietMove veryLong,https://lichess.org/2g5M3flg/black#90,
49KXg,8/5b2/2p3k1/1pPp1p1p/1P1P1P1K/4N2P/8/8 b - - 3 44,g6f6 e3f1 f6g6 f1g3 g6h6 g3f5,2119,76,85,214,crushing endgame long quietMove,https://lichess.org/0x1fqHLT/black#88,
49dH1,7r/7P/8/1R6/8/k3K3/1p6/8 w - - 7 71,b5a5 a3b4 a5a7 h8b8 h7h8q b8h8,2135,76,91,1252,crushing endgame long quietMove rookEndgame,https://lichess.org/JKAEy55G#141,
4ACMj,4q2k/1Q1r4/1pp4r/pN1Pp1p1/P3PpPn/5P2/1P3K2/2R4R w - - 0 38,d5c6 d7d2 f2f1 e8d8 b7d7 d2d7 c6d7 d8d7,2111,76,90,769,crushing master middlegame quietMove veryLong,https://lichess.org/kjKE1Qul#75,
4ADbk,8/3k4/3p4/pp1K1p1p/5P1P/2PP4/P7/8 w - - 0 36,c3c4 b5b4 c4c5 a5a4 c5c6 d7c7 d5c4 b4b3 a2b3 a4a3 c4c3 c7c6,2109,74,90,2149,crushing defensiveMove endgame pawnEndgame quietMove veryLong,https://lichess.org/whUym5Vc#71,
4AIwN,4rrk1/6pp/p2b2q1/1p3p2/3P4/N1PbRPP1/PP4QP/R1B3K1 w - - 0 22,e3d3 e8e1 g1f2 f8e8 c1e3 e1a1,2144,76,90,967,clearance crushing long middlegame quietMove,https://lichess.org/5WfKjVzK#43,
4AN3y,8/8/3k4/p2p1ppp/P1pK4/2P2PPP/2P5/8 w - - 2 37,f3f4 g5f4 g3f4 h5h4 d4e3 d6c5 e3d2 d5d4,2196,76,85,81,crushing endgame pawnEndgame quietMove veryLong zugzwang,https://lichess.org/poWf8Lno#73,
4BK8X,k3q3/pp2n2r/4P3/1PQ5/6p1/P4p2/5PP1/2R1R1K1 w - - 6 33,e1d1 e8h8 d1d8 h8d8,2112,75,95,3730,crushing endgame quietMove short,https://lichess.org/CIHtkr8E#65,
4BkuN,1r4k1/1r3pp1/7p/8/5P2/1PQR4/2P3qP/1K1R4 b - - 4 27,g2h2 d3d8 g8h7 c3d3 g7g6 d3c3 b8d8 d1d8,2173,80,82,88,crushing endgame quietMove veryLong,https://lichess.org/s71KWaG9/black#54,
4BnrT,2kr3r/1q1bbp2/3ppn1p/Q7/3N1P1p/2N1R3/PPP3PP/2KR4 b - - 2 19,d6d5 c3a4 d7a4 e3c3 c8b8 a5a4 d8d6 c3b3 d6b6 b3b6 b7b6 d1d3 b8c7 d3b3,2101,152,50,12,clearance crushing exposedKing intermezzo middlegame pin quietMove sacrifice veryLong,https://lichess.org/Snw1TlGx/black#38,Sicilian_Defense Sicilian_Defense_Najdorf_Variation
4Bx5K,3r2k1/p1R4p/6p1/8/3b4/2N5/PPq2rPP/1R3Q1K w - - 0 21,f1e1 d8f8 c7c8 f8c8 e1e6 g8g7,2121,114,53,19,crushing defensiveMove long middlegame quietMove,https://lichess.org/44QloLZj#41,
4Cx7M,8/1P6/2B5/3Rbkpp/5p2/7P/1r6/4K3 b - - 1 51,f4f3 c6b5 f3f2 e1f1 b2b1 f1f2,2144,75,92,3834,crushing endgame long quietMove,https://lichess.org/ZBGZlfkM/black#102,
4DXyX,N7/1k4p1/4p3/5p1p/4pK2/6P1/5P1P/8 w - - 0 42,f4e5 g7g5 h2h4 g5h4 g3h4 b7a8,2121,83,61,42,crushing endgame knightEndgame long quietMove trappedPiece,https://lichess.org/FOCQX2n4#83,
4Da5I,r7/4P1pk/7p/2pp4/1r1P1R2/pP4R1/K7/8 b - - 0 40,h7g8 g3f3 b4b8 d4c5,2115,75,95,2393,advantage endgame quietMove rookEndgame short,https://lichess.org/jAzns0D6/black#80,
4EClj,3B4/8/8/p4p2/1k1bp3/1P5P/4K1P1/8 w - - 3 52,h3h4 d4c3 e2e3 b4b3,2170,115,86,24,bishopEndgame crushing endgame master quietMove short,https://lichess.org/k5ZeJz3o#103,
4EgnJ,5k2/1b1p3p/p4q2/1p5Q/4Pn2/1B1P3P/PPP3P1/7K w - - 1 30,h5h7 f4e2 h7f7 f6f7 b3f7 f8f7,2179,75,91,123,advantage endgame long quietMove,https://lichess.org/jYgT3cCc#59,
4ErBE,8/6B1/3b1p2/pp6/2ppk1PP/P7/1PP2K2/8 b - - 1 32,d6e5 h4h5 d4d3 c2d3 c4d3 f2e1,2116,118,76,14,bishopEndgame crushing defensiveMove endgame long quietMove,https://lichess.org/ehdNSU2G/black#64,
4F4pV,8/8/1PK1N3/4b3/8/7p/6k1/8 w - - 0 55,b6b7 e5b8 c6d7 h3h2,2142,146,88,9,advancedPawn crushing endgame quietMove short,https://lichess.org/NXkzd71H#109,
4FHeG,3r4/5k2/3P2pp/1pp1P3/4K3/p7/3R2PP/8 b - - 1 42,f7e6 d2f2 a3a2 f2a2 d8f8 a2a7,2166,76,94,2708,crushing defensiveMove endgame long quietMove rookEndgame,https://lichess.org/L0muLPSI/black#84,
4FTPr,rr6/4R3/8/n4p2/1p1k1P2/1P5P/2P5/1K5R b - - 1 31,d4c3 h1d1 a5b3 e7c7 b3c5 c7c5,2126,72,92,7217,endgame long mate mateIn3 quietMove,https://lichess.org/dXOms7Tt/black#62,
4FTbK,8/5pk1/1p1P4/2p5/2P1pP2/1r6/4K3/R7 b - - 0 40,g7f6 a1d1 b3b2 e2e3,2118,81,76,46,crushing defensiveMove endgame master quietMove rookEndgame short,https://lichess.org/yINEkjhP/black#80,
4FVbE,2r3k1/5pp1/4pN1p/8/p2Q2b1/B2P4/2q4P/1R5K b - - 1 34,g7f6 d4g4 g8h7 b1g1 c2c6 g1g2 c6g2 g4g2,2118,113,76,22,crushing endgame hangingPiece quietMove veryLong,https://lichess.org/upjpSDEE/black#68,
4FtTO,8/2R3kp/6p1/p2B4/1p1n2P1/rP1P3P/8/7K b - - 4 42,g7h6 h3h4 d4f5 g4f5,2149,82,81,45,crushing endgame quietMove short,https://lichess.org/maEAnGlq/black#84,
4G1ht,8/2k5/1pP2p2/1Pb1pP2/r1B1P2p/p1K3pP/R5P1/8 b - - 5 47,a4b4 a2d2 c5d6 d2d6 b4c4 c3c4,2187,76,91,972,crushing endgame long quietMove,https://lichess.org/51Uyx7Rt/black#94,
4GFiQ,8/p1r5/6pk/3PQ3/P7/7P/4p1PK/4r3 w - - 0 41,e5c7 e1f1 c7e5 e2e1q,2148,76,81,146,advancedPawn clearance crushing endgame promotion queenRookEndgame quietMove short,https://lichess.org/aO1Y5Fcj#81,
4GgLn,r2q1rk1/pp1b2pp/2p2b2/2Pp1p2/3PnB2/7P/PPB2PP1/RN1Q1RK1 b - - 3 14,e4c5 d4c5 f6b2 b1d2 b2a1 d1a1,2158,86,82,34,advantage long opening quietMove,https://lichess.org/PV7fb8p8/black#28,Russian_Game Russian_Game_Classical_Attack
4GnJh,1k1r4/pR5p/6p1/P2p1p2/5P2/3Bq3/6PP/1R5K b - - 0 29,b8c8 d3a6 d8d7 b7b3 c8c7 b3e3,2128,87,67,38,crushing discoveredAttack endgame exposedKing long quietMove,https://lichess.org/FHPmTgv1/black#58,
4GuRf,r1b2rk1/pp3ppp/1q2p3/2nnQ3/8/P2B1N2/1PP2PPP/R1B2RK1 w - - 2 13,d3h7 g8h7 c2c4 d5f6 c1e3 c5d7,2114,78,91,2266,advantage hangingPiece long opening quietMove,https://lichess.org/k0cu9Zni#25,Benoni_Defense Benoni_Defense_Benoni_Gambit_Accepted
4H0uY,1r3rk1/p4ppp/2R5/4p3/4Q1P1/7q/PPP2P2/1K5R b - - 1 21,b8b4 c2c4 h3h1 e4h1,2158,75,92,7071,advantage endgame quietMove short trappedPiece,https://lichess.org/XOs451C5/black#42,
4HPrT,4r1k1/pp3pP1/2b5/5NP1/8/8/PP1pr3/3K1RR1 b - - 1 34,c6b5 g1h1 e2e1 d1d2 e1e2 d2c3 e8e3 f5e3,2134,105,87,26,advantage endgame quietMove veryLong,https://lichess.org/kwwm3WIZ/black#68,
4HY4f,8/p5p1/5p2/2P1kP2/2p3P1/7P/2P5/6K1 w - - 1 36,h3h4 a7a5 c5c6 e5d6 h4h5 a5a4 g4g5 a4a3 g1g2 a3a2,2142,79,90,875,advancedPawn crushing endgame pawnEndgame quietMove veryLong,https://lichess.org/v7xaQHoE#71,
4HZLl,8/5k2/p3p1pp/3p4/P1pP2QP/4P1P1/1q3PK1/8 w - - 2 36,h4h5 g6g5 g4f3 f7e7 e3e4 b2d4,2183,79,87,946,crushing defensiveMove endgame long master masterVsMaster queenEndgame quietMove,https://lichess.org/8igYDxgm#71,
4HaSO,8/6pp/p1p5/3k4/1Pp2P2/P1K3P1/7P/8 w - - 0 37,h2h4 h7h5 f4f5 c6c5 b4c5 d5c5,2175,77,88,88,crushing endgame long pawnEndgame quietMove zugzwang,https://lichess.org/xy86QENK#73,
4HdDN,8/6k1/1R4p1/p3P1P1/3P4/4K2P/rp6/8 w - - 0 45,e5e6 a5a4 e3f4 a4a3 d4d5 a2a1 d5d6 b2b1q b6b1 a1b1,2120,79,85,47,advancedPawn crushing endgame promotion quietMove rookEndgame veryLong,https://lichess.org/ZErfneHR#89,
4HiCc,q7/5pkp/4pQp1/4P3/8/r7/6P1/1R4K1 b - - 3 48,g7h6 b1b4 a8a7 g1h2 a3h3 g2h3 a7a2 h2g1,2187,80,91,2999,advantage defensiveMove endgame quietMove veryLong,https://lichess.org/Ve0DDrGE/black#96,
4HzS7,8/pp6/3p1kpp/3P1p2/1PP2P1P/6K1/8/8 b - - 2 36,g6g5 f4g5 h6g5 h4h5 b7b5 c4c5,2146,76,83,109,crushing endgame long pawnEndgame quietMove,https://lichess.org/otlIFE2H/black#72,
4I84g,3r3k/6p1/3q3p/6p1/6R1/1PQ3RP/2P3PK/3r4 w - - 0 44,h3h4 d8f8 g4g5 h6g5,2109,107,83,20,crushing endgame pin quietMove short,https://lichess.org/UBbTb8fv#87,
4INFp,8/2k4n/2p3KP/8/8/1p1N4/8/8 b - - 1 54,c6c5 g6h7 c5c4 d3f4 c7d6 f4e2,2157,110,86,18,crushing defensiveMove endgame hangingPiece knightEndgame long quietMove,https://lichess.org/WReXCMT3/black#108,
4IsnQ,8/3p4/p2Ppk2/1pP2pp1/1P3r2/R5KP/P7/8 b - - 1 42,f4b4 c5c6 d7c6 a3d3 b4h4 d6d7,2148,74,94,9875,advancedPawn advantage endgame long quietMove rookEndgame,https://lichess.org/6qoJSmnc/black#84,
4ItkF,8/8/5R1p/2B3pk/1P3P1n/5r2/4K3/8 b - - 2 47,f3f4 f6f4 g5f4 b4b5 h4g6 c5d6,2117,75,90,629,crushing endgame long quietMove,https://lichess.org/TD2vCygA/black#94,
4Jqad,8/8/1p5R/1kn3R1/r4p2/2P2n2/2P2P1P/1K6 w - - 3 31,g5g6 f3d2 b1c1 d2c4 g6b6 c4b6,2111,91,74,34,crushing endgame long quietMove,https://lichess.org/CfeWtQXf#61,
4Jx4U,8/8/kp6/2p1pRP1/2P1n3/8/r4BK1/8 b - - 0 41,e4d6 f5f8 a2c2 g5g6,2131,138,33,15,crushing endgame quietMove short,https://lichess.org/sTQNYODK/black#82,
4K28H,5k2/5p2/6p1/8/2p1PpP1/2K2P1P/b1P5/8 b - - 0 36,f8e7 h3h4 e7f6 c3b2 f6e5 b2a2,2110,142,52,39,bishopEndgame crushing endgame long quietMove trappedPiece,https://lichess.org/oD9wlE9y/black#72,
4KFLV,8/p5p1/k4p2/5P2/2pK3P/2P5/8/8 w - - 0 57,d4c4 a6b6 c4d5 a7a5 c3c4 a5a4,2170,75,73,798,crushing defensiveMove endgame long pawnEndgame quietMove zugzwang,https://lichess.org/WFpdweKM#113,
4KTNU,8/8/pp1k1p2/3p2pp/PP1K4/3P1PPP/8/8 w - - 0 43,b4b5 a6b5 a4b5 f6f5 d4c3 d6c5,2164,91,100,29,crushing endgame long pawnEndgame quietMove zugzwang,https://lichess.org/slxJuFnn#85,
4Ke1Y,8/1p3ppp/p1k5/P1P1p3/2K1P2P/5P2/6P1/8 b - - 2 34,f7f6 h4h5 c6d7 c4d5,2185,78,91,111,advantage endgame pawnEndgame quietMove short zugzwang,https://lichess.org/b1rrdNn4/black#68,
4L4Z2,2r1r1k1/pp3ppp/3p4/8/3K2B1/2P5/PP4PP/R1N4n b - - 1 23,c8d8 c1d3 d6d5 g4f3,2192,77,84,126,advantage endgame quietMove short,https://lichess.org/Dn9Cau5x/black#46,
4LBNk,r5k1/1p1r1p2/p3b1pQ/4q2p/4P2P/4B3/5RP1/5RK1 b - - 3 28,e5e4 e3g5 f7f5 g5f6,2135,126,85,20,crushing defensiveMove middlegame quietMove short,https://lichess.org/V3Mx0lqS/black#56,
4LLUJ,7k/6p1/4r3/3R3p/3Pp3/P6P/1P6/1K6 w - - 0 37,d5e5 e6e5 d4e5 g7g5 b1c2 g5g4 h3g4 h5h4,2185,81,82,49,crushing defensiveMove endgame master quietMove rookEndgame veryLong,https://lichess.org/ntAPMcGi#73,
4LZXz,8/8/p1r5/1p3p1p/1PP1k2P/PK4P1/2R5/8 b - - 0 39,b5c4 c2c4 c6c4 b3c4 e4f3 a3a4 f3g3 b4b5 f5f4 b5b6 f4f3 b6b7,2164,76,95,11958,advancedPawn crushing endgame master quietMove rookEndgame veryLong,https://lichess.org/zb2lLA3A/black#78,
4LdWq,8/5K2/4p3/k2pP3/b2P4/6P1/8/8 b - - 0 38,a4b3 g3g4 a5b4 g4g5 b4c4 g5g6 b3c2 g6g7,2144,76,83,156,advancedPawn bishopEndgame crushing endgame quietMove veryLong,https://lichess.org/nB7AtvU2/black#76,
4MIBC,8/8/8/pppp2k1/6P1/P1P3K1/1P6/8 b - - 1 39,d5d4 c3d4 c5c4 d4d5 g5f6 g3f4,2113,87,88,565,crushing defensiveMove endgame long pawnEndgame quietMove,https://lichess.org/hxxjMOJd/black#78,
4MLER,6k1/5p2/6p1/1p5p/1K2P3/4P1P1/7P/8 b - - 0 41,g8g7 e4e5 f7f5 b4b5,2193,100,73,18,crushing endgame pawnEndgame quietMove short,https://lichess.org/X4kYl3mS/black#82,
4N7f0,4n3/pp3k1p/4pBpP/1Q1pP1P1/P2P4/1P6/2q5/5K2 b - - 8 36,c2c6 b5c6 b7c6 f6d8 e8g7 h6g7,2147,137,82,18,advancedPawn crushing endgame long quietMove,https://lichess.org/bkPmvRqz/black#72,
4NCBv,8/8/1p2k2p/2p1p3/P3K2P/1P6/5P2/8 b - - 0 45,e6d6 h4h5 d6e6 f2f3,2185,243,56,6,crushing defensiveMove endgame master pawnEndgame quietMove short zugzwang,https://lichess.org/vkfHJxrt/black#90,
4NE70,8/8/3k1K2/8/6P1/5n2/4p1N1/8 b - - 0 57,f3h4 g2e1 d6d5 f6g5 h4g2 e1g2,2129,74,95,3434,crushing endgame knightEndgame long quietMove trappedPiece,https://lichess.org/dlmmHt6Q/black#114,
4NZyH,r1bq1rk1/b1pp1ppp/p3n3/1p2P3/4N3/1B1Q1N2/PP3PPP/3R1RK1 b - - 1 17,c8b7 e4f6 g7f6 b3c2 f6f5 d3f5,2143,80,91,1492,crushing long middlegame quietMove sacrifice,https://lichess.org/8S4uz4An/black#34,Italian_Game Italian_Game_Classical_Variation
4NgMY,8/8/4k1pp/8/6PP/6K1/8/8 w - - 1 60,h4h5 g6g5 g3f2 e6d5 f2e3 d5e5,2163,82,87,40,crushing defensiveMove endgame long master masterVsMaster pawnEndgame quietMove zugzwang,https://lichess.org/4JABxQ1S#119,
4O8Oa,8/3qp1k1/5bP1/8/3P2Q1/6PK/5R1P/1r6 b - - 2 44,d7d4 g4h5 d4d7 f2f5 d7f5 h5f5,2155,75,94,1489,crushing defensiveMove endgame long quietMove,https://lichess.org/iU7goxnJ/black#88,
4OS0d,3Br1k1/ppp2ppp/2n5/4p3/8/P4P1P/1PP1Pn2/2KR1B1R b - - 0 15,f2d1 d8g5 h7h6 g5d2 d1f2 h1h2,2108,76,90,3148,advantage endgame long quietMove,https://lichess.org/Ek6y6yyi/black#30,Zukertort_Opening Zukertort_Opening_Black_Mustang_Defense
4OZth,r2q1r1k/1ppb2pp/1p1p2n1/3Pp3/1PP1np2/P2B1NPP/5PK1/R1BQ2R1 b - - 1 19,d7f5 d1c2 f4g3 d3e4,2137,182,100,26,equality middlegame quietMove short,https://lichess.org/EsNKhKaE/black#38,
4Q8a9,8/pp3k2/8/4Q3/6PP/1P6/2q2P1K/8 w - - 1 42,e5f5 c2f5 g4f5 a7a5 h2g1 b7b5,2138,76,97,366,crushing defensiveMove endgame long queenEndgame quietMove,https://lichess.org/ylKIT9ky#83,
4Q9D0,8/2k2p2/1p6/PP2p1pp/1BP1P3/1K2b2P/8/8 w - - 1 43,b3c3 g5g4 h3g4 h5h4 c3d3 h4h3 d3e3 h3h2,2127,89,92,120377,advancedPawn advantage bishopEndgame endgame quietMove sacrifice veryLong,https://lichess.org/93Puqc7m#85,
4QNVA,6k1/2R3p1/4pp1p/3p4/1R1PbP1P/4PNK1/r2n2P1/8 w - - 0 38,b4b7 d2f1 g3h3 h6h5 c7g7 g8h8 f4f5 e4f5 g2g4 h5g4,2193,174,33,5,crushing endgame quietMove veryLong,https://lichess.org/JkbsvDrf#75,
4QRic,8/4kp2/3pp3/8/P1KPr3/8/R6P/8 b - - 1 39,e6e5 a4a5 e4d4 c4b5 d4d3 a5a6,2193,91,90,332,crushing defensiveMove endgame long master quietMove rookEndgame,https://lichess.org/5CqlJtNi/black#78,
4QVgH,5k2/7p/8/1p3p2/1K6/1P4P1/2P5/8 w - - 0 39,b4b5 f5f4 g3f4 h7h5 b3b4 h5h4,2199,76,86,161,crushing defensiveMove endgame long pawnEndgame quietMove,https://lichess.org/AVpBuPj6#77,
4RBnO,2R5/1p4pk/2pp2pp/p7/Pn1b3P/4r3/1P4P1/5R1K b - - 0 30,e3e2 f1f8 g6g5 h4h5 e2e1 h1h2 d4e5 g2g3,2132,80,84,61,advantage defensiveMove endgame quietMove veryLong,https://lichess.org/jdvioROP/black#60,
4RSAA,8/2P2p1k/p3p1pp/8/4KP2/3Q2q1/8/8 b - - 1 43,g3g2 e4e5 g2c6 d3d8 c6c3 e5d6,2123,76,93,3358,crushing defensiveMove endgame long queenEndgame quietMove,https://lichess.org/uAVyMx5w/black#86,
4RhBV,8/8/4p1pp/2k2p2/p1P4P/P2K1PP1/8/8 w - - 0 36,d3c3 e6e5 g3g4 f5g4 f3g4 e5e4,2134,80,90,194,crushing defensiveMove endgame long pawnEndgame quietMove,https://lichess.org/LSBWaIyA#71,
4Rkxq,8/8/3k1n2/1Pp2Bp1/2Pp1pP1/3K1P2/8/8 w - - 3 47,f5g6 f6d7 d3e2 d7e5,2128,76,90,84,crushing endgame master quietMove short,https://lichess.org/B8fjXFhf#93,
4RqGS,5K1k/1QR3p1/p4p1p/7q/4P3/P4r2/8/8 b - - 3 46,f3d3 c7c8 h5g6 b7a6,2127,112,19,20,crushing endgame quietMove short,https://lichess.org/AZ0pUYBY/black#92,
4S09B,6k1/Q4ppp/1p6/2b1P3/8/4nB2/PP1r2PP/5K2 w - - 3 29,f1e1 c5b4 a7a8 d2d8 e1e2 d8a8,2158,77,93,2959,crushing discoveredAttack endgame exposedKing long master quietMove,https://lichess.org/bjkFVYBH#57,
4SFZs,8/8/6RP/5pP1/1p3k2/7r/3K4/8 b - - 1 49,b4b3 g6g7 h3h2 d2c1,2136,76,82,81,crushing defensiveMove endgame master masterVsMaster quietMove rookEndgame short,https://lichess.org/4bTRIaWn/black#98,
4SLXw,2k3rr/pp1b1p2/4p3/2pp3p/2PP4/5Nq1/PP2Q1B1/R3R1K1 w - - 0 22,c4d5 h5h4 e2f2 h4h3 f2g3 g8g3,2108,75,90,595,crushing long middlegame quietMove,https://lichess.org/9IHQUvpp#43,
4SN2h,8/3k1p2/8/2Pp1Ppp/1p1P4/1P3PK1/8/8 w - - 0 46,f3f4 g5g4 f5f6 d7e6,2149,77,87,291,crushing endgame master pawnEndgame quietMove short,https://lichess.org/XisekMcp#91,
4SPjm,8/pp5p/3p2p1/1P1Pk3/1PP1p3/4K3/6PP/8 b - - 0 37,h7h5 h2h4 b7b6 g2g3 e5f5 e3d4,2133,75,85,141,crushing endgame long pawnEndgame quietMove zugzwang,https://lichess.org/HDWelYXN/black#74,
4SV01,8/7p/1p1p1k2/p1pPpP2/8/P2P2P1/1P3KP1/8 w - - 1 34,f2e3 f6f5 a3a4 f5g4 e3f2 h7h6 f2e2 g4g3,2164,75,91,4975,crushing endgame pawnEndgame quietMove veryLong zugzwang,https://lichess.org/fsAzdZ32#67,
4SWvH,8/5ppk/2Q1p3/1p1p4/3q2p1/4nP2/2P3PP/6RK w - - 0 29,c6b5 e3d1 g1f1 d1f2 f1f2 d4f2,2199,77,89,75,crushing endgame long quietMove,https://lichess.org/ICQx6E5n#57,
4SnNo,2r3k1/5pp1/3q3p/Q1N5/3p4/2n1P2P/PR3PP1/6K1 w - - 0 27,e3d4 d6d4 c5b3 d4d1 g1h2 c3e2 b2e2 d1e2,2131,78,68,94,advantage endgame quietMove veryLong,https://lichess.org/wwP2KmuY#53,
4TJNZ,8/5k2/8/4PPK1/6PP/r7/8/8 b - - 0 61,a3a5 e5e6 f7e7 h4h5 a5a8 h5h6,2168,81,91,630,crushing endgame long quietMove rookEndgame,https://lichess.org/CTkAHUy8/black#122,
4TJPy,6rk/R5p1/2Q4p/3r4/P2p4/5qP1/5P1P/3R2K1 w - - 4 36,d1d4 g8f8 d4d2 d5d2 c6f3 f8f3,2169,84,91,1145,crushing endgame long quietMove,https://lichess.org/7mfLqSrG#71,
4TNYl,r2br1k1/1p3pp1/p6p/3pqP2/3P2P1/5Q1P/PP2BB2/4RK2 b - - 0 28,e5e4 e2d1 d8f6 e1e4,2136,74,85,230,advantage discoveredAttack middlegame quietMove short,https://lichess.org/bIjHVIi3/black#56,
4UT9J,1r3r1k/2Q2pp1/7p/p4Pq1/6P1/5P2/P2R2K1/3R4 b - - 5 37,b8b5 d2d8 f8d8 d1d8 h8h7 c7c8 g5d8 c8d8,2152,76,87,86,crushing endgame quietMove veryLong,https://lichess.org/gHxhOepn/black#74,
4Uont,r2q1r2/1b2bpkp/p1p5/1p3N2/4N3/1P1P3P/1PP3P1/1R1Q2K1 b - - 0 21,g7g6 e4g3 e7g5 d1h5,2159,128,87,17,crushing middlegame quietMove short,https://lichess.org/U0p7seP5/black#42,
4UvMX,8/8/p7/2B5/2P3k1/4p3/P4bK1/8 w - - 1 60,c5d6 f2h4 d6b4 e3e2,2151,83,90,1213,advancedPawn bishopEndgame crushing endgame master quietMove short,https://lichess.org/b1kkIAzg#119,
4V4RO,3k4/p1n5/N1P1p2p/1P1pP2P/3K4/8/8/8 w - - 7 50,d4c5 c7a6 b5a6 d8c7 c5b5 d5d4 b5c4 c7c6 c4d4 c6b5,2161,76,94,8011,crushing endgame knightEndgame quietMove veryLong zugzwang,https://lichess.org/qUJlQAuT#99,
4VlMJ,1r6/8/1p6/1Kp1kppp/N7/6P1/4PPBP/8 w - - 2 34,a4b6 c5c4 b5c4 b8b6,2156,76,89,868,advantage deflection endgame pin quietMove short,https://lichess.org/5dXjasMH#67,
4W0b3,1k5r/1p4p1/2P5/1P1rp1P1/3p1ppP/R2P4/6K1/R7 b - - 1 29,h8h4 a1c1 b7c6 b5c6 b8c7 a3a7,2166,131,87,17,crushing endgame long quietMove rookEndgame,https://lichess.org/6swjt1MD/black#58,
4W2Fa,8/K7/P7/2kpB3/2p5/1p6/8/8 w - - 0 57,a7b7 d5d4 a6a7 b3b2 b7c7 b2b1q a7a8q b1h7,2100,76,95,11267,advancedPawn bishopEndgame crushing endgame promotion quietMove veryLong,https://lichess.org/LKijOLS7#113,
4WM55,6k1/1p3q1p/p7/8/8/1Q4P1/P4PPK/8 w - - 4 33,f2f4 f7b3 a2b3 a6a5 h2g1 b7b5 g1f2 a5a4 f2e2 a4a3 e2d2 a3a2,2115,73,93,11540,advancedPawn crushing endgame queenEndgame quietMove veryLong,https://lichess.org/azktYHC1#65,
4Wmve,5Q2/kp6/p7/8/1P1q4/8/5PPK/8 w - - 4 46,f8c5 d4c5 b4c5 a7b8 h2g3 a6a5 g3f4 a5a4,2182,148,81,11,crushing defensiveMove endgame queenEndgame quietMove veryLong,https://lichess.org/2QiIrW5r#91,
4XA4M,3r2k1/pp3ppp/8/2b5/8/q3PN2/5PPP/1Q2KB1R w K - 0 21,f1e2 c5b4 e1f1 d8c8 g2g3 c8c1 f1g2 c1b1,2121,100,85,43,advantage fork middlegame quietMove veryLong,https://lichess.org/MjBHCdVR#41,
4XGlT,8/8/4p1p1/3pPbPp/1k1P3P/8/1N1K4/8 w - - 12 58,d2e3 f5c2 e3d2 b4b3 b2a4 b3a4,2128,91,85,34,crushing endgame long quietMove,https://lichess.org/FcJ2Gstj#115,
4XVqo,3R4/1p3pkp/p1p2p2/8/3R4/P7/5PKP/2q5 b - - 5 28,c1a3 d4g4 g7h6 d8g8 h6h5 g4g3,2130,85,86,36,crushing endgame long queenRookEndgame quietMove,https://lichess.org/Sl6bIZTY/black#56,
4XYtY,8/8/3p1p2/p2PpPr1/1p2P1Pk/2P5/PP2B1K1/8 b - - 0 41,g5g4 e2g4 h4g4 c3c4 g4f4 c4c5,2122,76,98,147,crushing endgame long quietMove,https://lichess.org/QeWyR3A9/black#82,
4XiZu,7r/1pk3KP/2p5/8/p7/8/8/7R b - - 1 56,h8a8 h1f1 b7b5 f1f8 a8f8 g7f8,2157,76,94,2111,crushing endgame long quietMove rookEndgame,https://lichess.org/MHKnd22y/black#112,
4XszS,8/8/8/p1k2pp1/2P5/3K2P1/P7/8 w - - 0 46,a2a3 a5a4 d3c3 f5f4,2171,78,88,284,crushing endgame pawnEndgame quietMove short,https://lichess.org/WdNtdZ99#91,
4Xxae,4k3/qp2bpp1/p2p4/P4P2/1P2Q3/2Pn4/R4PrP/5R1K b - - 0 25,d3f2 a2f2 g2f2 f1e1 b7b5 a5b6,2146,101,80,18,advantage enPassant long middlegame quietMove sacrifice,https://lichess.org/XxLukQ1f/black#50,
4Y5kN,8/2pn4/3p2k1/p1p1p3/P1P1P1PK/1P3N2/8/8 b - - 2 53,d7b8 g4g5 b8c6 h4g4,2169,76,91,868,crushing defensiveMove endgame knightEndgame master quietMove short,https://lichess.org/fDLY4KBs/black#106,
4YJvS,8/6k1/7p/3r1R2/6PK/7P/8/8 b - - 10 48,d5f5 g4f5 g7f6 h4g4 f6e5 h3h4 e5f6 g4f4 h6h5 f4e4,2125,76,90,938,crushing defensiveMove endgame quietMove veryLong zugzwang,https://lichess.org/WJbVsSWv/black#96,
4YO6Q,1r2kb1r/p1p3p1/4pnp1/8/4P3/2P2P2/PP4PP/RNB1K2R w KQk - 0 14,e1g1 f8c5 g1h1 f6h5 c1f4 h5f4,2105,76,85,119,advantage long middlegame quietMove,https://lichess.org/IzQ2BDFK#27,Philidor_Defense Philidor_Defense_Other_variations
4Yf2k,2r2r1k/p5p1/1p3q1p/8/5PQb/P1N1B2P/1P4P1/3R2K1 b - - 4 27,f6e7 c3d5 e7f7 g4h4 c8d8 d5c3 d8d1 c3d1,2191,75,90,827,advantage middlegame quietMove veryLong,https://lichess.org/SBb480x6/black#54,
4Yy9t,8/6p1/4p2p/p1p2bP1/2k2P1P/P1P5/2BK4/8 w - - 1 41,g5h6 f5c2 d2c2 g7h6 a3a4 h6h5 c2d2 c4b3,2119,83,91,2187,bishopEndgame crushing endgame intermezzo quietMove veryLong zugzwang,https://lichess.org/0vqvAcZi#81,
4Z30w,8/p6R/1pp1r3/5p2/2P1nP1P/1Pk5/P7/1BK5 w - - 3 29,h7d7 e4f2 d7d1 f2d1,2100,75,91,1571,crushing endgame master quietMove short,https://lichess.org/pEX4uEfT#57,
4a92u,3B4/8/3P1P2/2n4p/1k6/1p6/1K6/8 b - - 0 47,c5e6 d8e7 b4c5 d6d7,2109,99,71,21,advancedPawn crushing discoveredAttack endgame quietMove short,https://lichess.org/wbxPdyfw/black#94,
4aIKM,3k1r2/8/p3Q3/1p2P3/2n5/P5P1/1P1r3P/3bR1K1 w - - 0 33,e6a6 d1f3 e1f1 d2g2,2140,76,91,992,advantage endgame master quietMove short,https://lichess.org/bzioFmaV#65,
4aIU6,8/5p2/6p1/2pk2Pp/1p3P1P/1P1PK3/8/8 b - - 0 46,d5e6 e3e4 f7f6 g5f6 e6f6 e4d5 f6f5 d5c5 f5f4 d3d4 g6g5 h4g5,2115,77,87,78,advantage endgame pawnEndgame quietMove veryLong zugzwang,https://lichess.org/VcSRIxx9/black#92,
4aO9e,8/p5pk/2p3bP/3p4/3Q4/4P1B1/2PK1P2/1r4Nq b - - 3 33,g7h6 d4a7 h7g8 g3e5 b1d1 d2c3,2178,75,91,1168,crushing defensiveMove endgame long quietMove,https://lichess.org/xd7pdhkM/black#66,
4acAq,8/6pp/8/2k1pp2/2P4P/1K4P1/5P2/8 b - - 0 42,h7h6 h4h5 c5d4 b3b4 f5f4 g3f4,2112,76,73,132,crushing endgame long pawnEndgame quietMove zugzwang,https://lichess.org/3mYBladR/black#84,
4af2c,8/2k2pp1/1p1R3p/2n5/2P1r2P/K7/8/3R4 w - - 0 41,a3b4 e4e3 d6b6 c7b6 d1d6 b6c7,2149,76,90,1841,crushing endgame long quietMove,https://lichess.org/NPV6VjiL#81,
4amAk,8/8/2p2p2/5k2/1p5K/1P5P/2P5/8 w - - 0 41,h4h5 f5e4 h5g6 f6f5 h3h4 f5f4 h4h5 f4f3 h5h6 f3f2 h6h7 f2f1q,2147,74,77,201,advancedPawn crushing endgame pawnEndgame promotion quietMove veryLong,https://lichess.org/FbZ8LK5Y#81,
4arfY,1R3R2/1p4pk/4p2p/8/4KP1P/2r5/8/6r1 b - - 6 43,g1b1 h4h5 b1b4 e4e5 c3c5 e5e6,2184,80,89,1178,advantage endgame long quietMove rookEndgame,https://lichess.org/mrTn84df/black#86,
4b2zv,r4rk1/1p2bp2/3ppn1Q/pqp5/1n2P2P/R2P1N2/1P2NPP1/5K1R b - - 0 21,c5c4 h1h3 f6g4 h3g3,2109,121,84,29,crushing middlegame pin quietMove short,https://lichess.org/NqdTD2Kq/black#42,
4b7PG,r2q1r2/ppp2pk1/6n1/5QnR/3pP1P1/P2P4/BPP5/1K1R4 b - - 1 25,g5e6 d1h1 f8h8 h5h8 d8h8 h1h8,2142,78,83,55,crushing long master middlegame quietMove,https://lichess.org/YhHzh6wn/black#50,
4bW4c,8/8/1q4p1/1P2p2p/2Qbk3/4p2P/6P1/2R4K w - - 0 49,c4c6 b6c6 b5c6 d4b6 h1h2 e3e2,2174,76,91,76,advancedPawn advantage clearance endgame long quietMove,https://lichess.org/x9NDJJeP#97,
4bXT8,8/8/R4p2/P1r1k1p1/1pp1P1P1/4KP2/1P6/8 w - - 5 46,a6b6 c4c3 b2c3 b4c3 b6b1 c5a5 b1c1 a5a3 c1c2 a3b3,2166,106,79,24,crushing defensiveMove endgame quietMove rookEndgame veryLong,https://lichess.org/uaxHpS1y#91,
4bYu6,2kr3r/1pp1nppp/p2qb3/3pN3/3P4/1P3N2/P1P1QPPP/R3R1K1 b - - 5 16,f7f6 e5d3 e6f5 e2e7 d6e7 e1e7,2190,79,81,94,crushing discoveredAttack long master middlegame quietMove,https://lichess.org/ZujGUdq4/black#32,Nimzo-Larsen_Attack Nimzo-Larsen_Attack_Modern_Variation
4cFi4,2r3r1/pkp2q2/1pRp1nn1/1P1Pp1Bp/4P2P/2Q2PP1/PP6/1KR5 b - - 9 27,f6e8 c6b6 a7b6 c3c6 b7b8 c1c3 f7d7 c6d7,2189,76,92,808,clearance crushing middlegame quietMove sacrifice veryLong,https://lichess.org/MYymdFhc/black#54,
4cKcD,2k4r/ppn3r1/2pb4/5P2/3pp3/PP5P/2P1NPB1/3R1RK1 w - - 1 24,e2d4 h8g8 g1h1 g7g2,2187,78,89,907,crushing middlegame pin quietMove short,https://lichess.org/s5YHMrVR#47,
4cOwh,2r5/8/p6R/3k1p2/1Ppp4/Pn4P1/2K5/4R3 w - - 2 39,h6a6 c8h8 e1e6 h8h2,2149,105,64,16,advantage endgame quietMove short,https://lichess.org/jo0wkbJT#77,
4cry0,3r2k1/pBR5/5npp/2p5/2P5/1P1p2PP/P4P2/5K2 w - - 0 33,b7d5 f6d5 c4d5 d8e8 c7e7 e8e7,2198,74,93,7291,crushing endgame long quietMove,https://lichess.org/p90YK317#65,
4d1c8,7r/2p2kp1/p2p4/P2Pp3/2P1Pqp1/3B2R1/2Q2P2/6K1 w - - 2 36,c2e2 f4h6 g1f1 h6c1 e2e1 h8h1,2162,76,93,986,clearance crushing endgame long quietMove,https://lichess.org/hNP3LAJn#71,
4dUNY,8/5p2/3kp1pp/pp6/3PKPP1/P7/1P5P/8 w - - 0 36,f4f5 e6f5 g4f5 g6g5 f5f6 d6e6,2175,77,91,1262,crushing endgame long master pawnEndgame quietMove,https://lichess.org/aGSVTbzc#71,
4dcy5,8/6pk/R7/6Kp/p6P/6P1/5P2/r7 b - - 3 35,a4a3 g5h5 a1f1 f2f4 f1f3 h5g4,2198,76,96,1016,crushing endgame long quietMove rookEndgame,https://lichess.org/XgOLIAaH/black#70,
4e47Z,8/8/p1pB3p/1pPk2p1/3b1pP1/3K1P1P/PP6/8 w - - 0 34,d6f8 d4b2 f8h6 b2f6 h3h4 g5h4,2150,79,91,213,advantage bishopEndgame endgame long master quietMove,https://lichess.org/5oxQEsw7#67,
4eI1Y,8/2k5/1R6/2Pp4/p3p3/P1P1Kr2/1P2R3/1r6 w - - 5 49,e3d2 f3d3 d2c2 d3d1 b2b4 a4b3,2183,77,88,255,crushing enPassant endgame long quietMove rookEndgame,https://lichess.org/DeT4B8ye#97,
4eYPg,8/7r/ppkp4/4pNR1/1P2PpK1/2PP4/8/8 w - - 0 37,g5g7 h7g7 f5g7 a6a5 b4a5 b6a5 g7f5 a5a4 f5e7 c6b5,2110,91,73,37,advantage defensiveMove endgame quietMove veryLong,https://lichess.org/NsL6ESO0#73,
4eaYV,4r1k1/pR3pp1/4b3/2pQP1Pp/7P/8/P1P2RK1/q7 w - - 5 31,d5c6 e8d8 g5g6 a1e5 g6f7 g8f8,2157,113,38,50,advantage endgame long quietMove,https://lichess.org/OzePHJxJ#61,
4egUd,2r3k1/1rp4p/p2pN1p1/3Pp3/1P2P1Pq/P7/3Q2P1/2R3K1 b - - 4 30,h4g4 d2h6 c7c5 c1f1 g4e6 d5e6,2118,85,80,35,crushing endgame long quietMove,https://lichess.org/wWIfnx90/black#60,
4epoV,r1q2rk1/pb2ppbp/1p3np1/2p3B1/8/1QP1RNP1/PP3PBP/3R2K1 b - - 0 19,b7d5 d1d5 c5c4 b3d1 f6d5 d1d5,2171,80,88,184,advantage clearance long middlegame quietMove,https://lichess.org/TJa9pnMN/black#38,Zukertort_Opening Zukertort_Opening_Other_variations
4fNSG,3B4/8/4k1p1/1K2b1p1/5pP1/1P5P/8/8 w - - 0 46,d8g5 f4f3 g5h4 e5d4 b5c4 f3f2 h4f2 d4f2,2100,119,58,17,advancedPawn bishopEndgame crushing endgame master quietMove veryLong,https://lichess.org/rPeb5JHp#91,
4gGVl,rn2kb1r/1p2pp1p/P5p1/3p4/5P2/3P3P/4NqPK/1R1Q3R b kq - 0 18,b8a6 d1a4 e8d8 b1b7 a6c7 a4c6 a8c8 h1a1 f8h6 a1a4 f2e2 b7c7 e2e6 c7c8,2166,128,88,14,crushing middlegame quietMove veryLong,https://lichess.org/YjtVmCoj/black#36,Queens_Pawn_Game Queens_Pawn_Game_Accelerated_London_System
4gJ8t,8/5p2/6p1/p1k1p3/P1P1K3/8/6PP/8 b - - 2 38,f7f6 h2h4 c5c4 g2g4 f6f5 g4f5,2184,75,87,110,crushing endgame long pawnEndgame quietMove,https://lichess.org/GG6klive/black#76,
4gUXR,8/8/2p1PRp1/p1p4p/P1P4P/3k2r1/1K6/8 b - - 0 41,d3c4 f6f4 c4d5 f4e4 d5e4 e6e7,2195,93,85,28,advancedPawn advantage endgame long quietMove rookEndgame sacrifice,https://lichess.org/0k0TA3CU/black#82,
4gjHw,8/2kn1p2/2pp2p1/pp2p3/4P2q/P1NP1P2/BPP1K1Pr/5RQ1 w - - 8 24,f1f2 h2h1 g2g3 h4h6 g1h1 h6h1,2159,76,86,141,advantage long middlegame quietMove,https://lichess.org/fu4wgF0M#47,
4gkW8,2r4k/p3b1p1/1pn5/2pB4/7p/2P1B2P/PP4P1/5R1K b - - 2 27,e7f6 f1f5 h8h7 d5f7 g7g6 f5f6,2118,75,94,3870,crushing endgame long quietMove,https://lichess.org/AMzYgjr3/black#54,
4gkqF,8/6k1/3p3p/2pP1p1K/5P2/1P5P/8/8 w - - 4 52,h3h4 g7h7 b3b4 c5c4 b4b5 c4c3 b5b6 c3c2 b6b7 c2c1q b7b8q c1d1,2164,81,90,93,advancedPawn endgame mate mateIn5 pawnEndgame promotion quietMove veryLong,https://lichess.org/4ByzP0XL#103,
4gsI5,3r1k1r/2q1b1pp/p3Qp2/8/1P5P/8/P4PP1/3RR1K1 b - - 0 27,e7b4 d1d8 c7d8 e1c1 g7g6 c1c8 f8g7 c8d8,2197,75,87,132,advantage clearance middlegame pin quietMove veryLong,https://lichess.org/nsHGVYM8/black#54,
4h0gu,6k1/4Q2p/1q6/3p1p1P/1pp1b3/8/6P1/5R1K b - - 0 34,b4b3 f1a1 d5d4 a1a7 b6a7 e7a7 b3b2 a7b8,2179,82,79,44,crushing endgame quietMove veryLong,https://lichess.org/zRjCJIhi/black#68,
4h6p6,8/p7/1p5k/3p3P/2pP2K1/2P1P3/P7/8 w - - 1 34,g4f5 b6b5 a2a3 a7a5 e3e4 b5b4 e4d5 b4b3 d5d6 b3b2 d6d7 b2b1q,2157,75,93,7678,advancedPawn crushing endgame pawnEndgame promotion quietMove veryLong,https://lichess.org/VYjhIBje#67,
4h9hO,8/2p5/2R5/3P4/2Pk3P/5r1r/4RK2/8 w - - 10 47,f2e1 h3h1 e1d2 f3a3 d2c2 a3a2 c2b3 a2e2,2197,106,77,41,crushing endgame exposedKing master quietMove rookEndgame skewer veryLong,https://lichess.org/CUHHSjV3#93,
4h9x8,8/5P2/3k2Kp/7P/8/2p2rp1/8/2R5 b - - 0 58,d6e7 c1e1 e7d6 e1e2 g3g2 e2g2 d6e7 g2e2,2134,144,54,23,crushing endgame master quietMove rookEndgame veryLong,https://lichess.org/kyjRLPDG/black#116,
4hC91,6k1/8/6KP/2p5/5P2/6P1/n7/8 b - - 0 48,c5c4 f4f5 a2b4 f5f6 b4c6 f6f7,2143,175,-6,6,advancedPawn crushing endgame knightEndgame long quietMove,https://lichess.org/A3uekXyh/black#96,
4hFWD,4r3/8/6P1/2k1p3/4R2P/1p1K4/8/8 b - - 1 49,b3b2 d3c2 c5d5 e4g4 d5e6 h4h5 b2b1r c2b1,2162,103,83,18,crushing endgame quietMove rookEndgame veryLong,https://lichess.org/CBIj47UG/black#98,
4iDYv,8/5p2/6p1/1p1k3p/1P6/3K1PP1/7P/8 w - - 0 41,f3f4 f7f6 h2h3 g6g5,2110,76,77,95,crushing endgame pawnEndgame quietMove short zugzwang,https://lichess.org/FY8rICfw#81,
4iRCt,b1r2r1k/5p1p/p4p2/8/Pp6/3PNqQ1/1P4pP/R1R3K1 b - - 3 32,f3e2 e3f5 e2f1 c1f1 g2f1q g1f1,2196,76,83,198,crushing long master middlegame quietMove,https://lichess.org/FNwiioUj/black#64,
4ir8O,8/1p6/p2p1p1k/3P1P1p/8/1P4KP/P7/8 w - - 3 35,g3h4 a6a5 h4g3 h6g5,2154,74,92,323,crushing endgame master pawnEndgame quietMove short zugzwang,https://lichess.org/Wi23TsFF#69,
4j2qF,8/pp6/2p1k3/4BpK1/8/8/P6P/8 w - - 2 42,h2h4 e6e5 h4h5 e5e6 g5g6 f5f4 h5h6 f4f3 h6h7 f3f2 h7h8q f2f1q,2189,80,91,1942,advancedPawn advantage endgame hangingPiece promotion quietMove veryLong,https://lichess.org/ksDzUNIp#83,
4jHOJ,r3k2r/1p3ppp/2p5/2npPb2/8/1KP5/3PQ1PP/3R1B1R w kq - 5 22,b3b4 b7b6 e2b5 c6b5,2146,75,93,2132,advantage master middlegame quietMove short,https://lichess.org/PP2ReTyw#43,
4jIYn,8/8/2p5/p2k1ppp/Pp1P4/1P1K1PPP/8/8 b - - 0 34,f5f4 g3f4 g5f4 h3h4 d5e6 d3e4 e6d6 e4f4 d6d5 f4e3,2154,76,87,202,crushing defensiveMove endgame pawnEndgame quietMove veryLong zugzwang,https://lichess.org/0Wp1erAO/black#68,
4jMaC,2k5/2P5/2K2N1p/5pp1/8/6B1/7P/1r6 b - - 6 50,f5f4 g3f2 b1c1 f2c5 c1c5 c6c5,2124,77,94,926,crushing defensiveMove endgame long quietMove,https://lichess.org/eSRY6Bxe/black#100,
4jxeb,8/1p2r1kp/5p2/8/1P6/R5PP/2rp1P2/5RK1 w - - 0 38,a3d3 e7e1 g1g2 c2c1 d3d2 e1f1,2189,77,86,211,advantage endgame long quietMove rookEndgame,https://lichess.org/LFSUfC3D#75,
4kOOU,8/2k5/2p2p1p/2K2PP1/1P5P/8/8/8 b - - 0 58,h6g5 h4h5 g5g4 c5d4,2152,74,85,224,crushing defensiveMove endgame pawnEndgame quietMove short,https://lichess.org/33avEgsN/black#116,
4kkeI,3r3r/1p4k1/p1p1qppn/2P1N3/PP2PPPQ/6R1/8/4R1K1 w - - 0 37,e5g6 h6f7 g6h8 d8h8,2119,83,85,39,advantage master middlegame quietMove sacrifice short,https://lichess.org/xMXG1Vak#73,
4l2DX,8/6p1/5p2/p7/5P1P/1k4P1/3K4/8 w - - 0 51,d2c1 f6f5 g3g4 f5g4,2199,81,84,53,crushing endgame pawnEndgame quietMove short,https://lichess.org/JaijuLr4#101,
4lUFU,5rk1/2p2pp1/p2b3p/1p2nQ2/7q/PBP4P/1P3RP1/5R1K w - - 1 27,f5b1 h4g3 f2f4 e5g4 h3g4 d6f4 f1f4 g3f4,2121,83,80,60,crushing discoveredAttack middlegame quietMove veryLong,https://lichess.org/iFvdYCQP#53,
4lc9F,2rk2r1/pR2bp2/2Bp1n2/5P2/P2P4/q1NQ3P/2P2B1K/8 w - - 3 28,d3e2 d6d5 c3b5 e7d6 b5d6 a3d6,2138,78,76,62,advantage clearance long middlegame quietMove,https://lichess.org/grgZpNWY#55,
4lm7L,8/B7/8/4ppkp/8/5K2/8/8 w - - 2 44,a7b6 f5f4 b6c7 g5f5 f3g2 e5e4,2149,143,90,10,bishopEndgame crushing defensiveMove endgame long quietMove,https://lichess.org/OgVqKzvR#87,
4lvFt,1r2k1r1/4np1p/p3b3/1p6/1N1q2P1/3p3P/PP1Q1PB1/R3K2R w KQ - 2 23,e1c1 d4c4 d2c3 b8c8 c1b1 a6a5 c3c4 b5c4 b4d3 c4d3,2186,156,85,9,advantage middlegame queensideAttack quietMove veryLong,https://lichess.org/BCemxeZB#45,
4m7NJ,r4r1k/p3B2P/3p2B1/2p4P/6b1/1P6/P1R2P2/4K3 b - - 0 30,f8e8 c2e2 e8e7 e2e7,2128,78,91,1237,crushing endgame quietMove short,https://lichess.org/iTXWSDIP/black#60,
4mBBT,2k2b1r/Qp2pppp/3r4/8/2P5/PqN2N2/3P2PP/Kb3B1R w - - 0 18,c3b1 d6b6 a7b6 b3b6,2169,73,94,7666,crushing middlegame quietMove short,https://lichess.org/BWFSDS8E#35,Scandinavian_Defense Scandinavian_Defense_Panov_Transfer
4mGCm,8/4kp2/2p1p3/p1Pp1P1p/3P1K1P/P3P3/8/8 b - - 2 36,e7f6 f5e6 f7e6 a3a4 e6e5 d4e5 f6e6 f4g5 e6e5 g5h5 e5f5 h5h6,2130,76,76,91,crushing endgame pawnEndgame quietMove veryLong zugzwang,https://lichess.org/0ZplniGw/black#72,
4mMRg,2rk1q2/1Q5R/2p2r2/p4p2/3P2n1/2P5/PP4P1/6K1 b - - 0 32,f6f7 h7f7 f8d6 f7h7 g4f6 h7h8 f6e8 h8e8 d8e8 b7c8,2197,77,86,144,attraction crushing deflection endgame exposedKing quietMove veryLong,https://lichess.org/Mfht2q2T/black#64,
4mNJS,1r5r/2q1k3/4p2p/1Pp1Npp1/2P5/2n4P/R3QPP1/R5K1 w - - 1 28,e2b2 c7e5 a1c1 h8d8 b2a1 c3e2,2137,107,70,15,advantage hangingPiece long middlegame quietMove,https://lichess.org/m0EJ2Ouo#55,
4mlSb,8/1k6/1ppp4/1P6/6P1/8/5P2/6K1 b - - 0 46,c6c5 g4g5 c5c4 g1f1 b7c7 g5g6,2101,75,93,4321,crushing endgame long pawnEndgame quietMove,https://lichess.org/7hlzFXQa/black#92,
4nJP1,8/1R6/p3r1kp/r4p2/4pK2/P5RP/6P1/8 b - - 3 43,g6f6 b7g7 e4e3 g3g6,2193,76,93,3243,endgame mate mateIn2 quietMove rookEndgame short,https://lichess.org/xQGkyoXY/black#86,
4o3RP,r3r1k1/2b2p2/p2qbQ1p/3p2p1/2p3P1/P5PP/1P1BN3/1B3RK1 b - - 3 25,d6f8 d2c3 c7b6 g1h2 d5d4 e2d4,2136,100,79,42,crushing defensiveMove long middlegame quietMove,https://lichess.org/rqdx5I98/black#50,
4oCQ9,8/8/4kp2/P2p4/3Kp3/4P3/6pB/7n b - - 1 46,h1f2 a5a6 f2g4 h2g1 g4e5 d4c5,2107,80,84,76,crushing endgame long quietMove,https://lichess.org/qUck23Qm/black#92,
4oFn4,5rk1/p1p1n1bp/2n2qp1/8/3pQ2P/8/PPP3P1/RNB1R1K1 w - - 1 18,c1g5 f6f2 g1h1 g7e5 b1d2 f2g3 e4e5 c6e5 d2e4 g3g4,2142,80,77,70,advantage clearance middlegame quietMove veryLong,https://lichess.org/gslokMjB#35,Modern_Defense Modern_Defense_Other_variations
4oLAY,1r3r2/p1p4k/3p2pP/6Qn/qb2N2P/1P2PN2/5P2/R1BK3R b - - 0 26,a4a1 g5e7 h7h6 f3h2 a1g7 h2g4 h6h7 e4g5,2163,109,69,21,crushing middlegame quietMove veryLong,https://lichess.org/LCJ9Xppa/black#52,
4ob6v,8/4q1k1/P4prp/3Qp3/3bP3/6P1/7P/5R1K b - - 0 39,d4a7 f1b1 g7h7 b1b7 g6g7 b7e7,2151,78,91,3642,crushing endgame long pin quietMove,https://lichess.org/UWknq10e/black#78,
4okwQ,8/8/5ppp/p1pk2P1/3p1P1P/PP1K4/3P4/8 b - - 0 35,f6g5 f4g5 h6h5 a3a4 d5e5 d3c4 e5d6 c4b5,2155,77,98,59,crushing endgame pawnEndgame quietMove veryLong zugzwang,https://lichess.org/k0o7xSEJ/black#70,
4onXR,8/8/1p1k4/1P1Pp3/P1K5/8/8/8 w - - 1 61,a4a5 b6a5 b5b6 a5a4 c4b4 e5e4 b6b7 d6c7 d5d6 c7b7 d6d7 b7c7 d7d8q c7d8,2176,77,93,3278,crushing endgame pawnEndgame quietMove veryLong,https://lichess.org/DN0dDNgy#121,
4optK,5rk1/1p5p/pr1pb1p1/5Pqn/8/P1P2Q1P/2PR1PPB/2K2B1R w - - 5 25,g2g4 e6a2 f1c4 a2c4 f3e3 g5e3,2122,75,92,2939,advantage long middlegame quietMove,https://lichess.org/wZSawKld#49,
4p2x2,8/1k6/2p4P/R7/1p6/p5P1/3r1PK1/8 w - - 1 37,h6h7 d2d8 g3g4 d8h8,2173,79,89,449,crushing endgame quietMove rookEndgame short,https://lichess.org/f6AAcVX6#73,
4p3rE,5rk1/3n1ppp/p3p3/r2p4/3N4/6P1/P3PPKP/R1R5 b - - 0 22,d7e5 a2a4 e5c4 d4b3,2112,73,95,4553,crushing endgame quietMove short,https://lichess.org/8bAyvIV7/black#44,
4p6I7,r1b2nk1/1p4r1/p1pPp3/3pP2p/1P1P1p2/R2B1P1q/2Q3PP/R5K1 b - - 0 27,c8d7 c2f2 h3f5 d3f5,2159,109,84,19,advantage middlegame quietMove short,https://lichess.org/KOLCeHCx/black#54,
4p76d,r4rk1/pp1n2p1/4p2p/3p1pqP/3P1PP1/2P3Q1/PP1N4/R3K1R1 b Q - 0 17,g5g4 g3h2 d7f6 g1g4,2191,75,93,9815,crushing discoveredAttack middlegame quietMove short trappedPiece,https://lichess.org/VDVmgG48/black#34,Queens_Pawn_Game Queens_Pawn_Game_Torre_Attack
4pDxd,1r6/5pk1/3p2p1/p3p3/P3P3/2PP1q2/1PK3p1/2B1R1Q1 w - - 2 34,c2d2 b8h8 e1e2 h8h1 g1g2 f3f4 e2e3 h1h2 g2h2 f4h2,2124,98,82,20,advantage endgame pin quietMove veryLong,https://lichess.org/1Jo51wwl#67,
4pIvF,8/8/1p1kp3/pK6/3p1N2/8/5P2/8 w - - 0 42,b5b6 a5a4 f4e2 e6e5,2157,94,80,20,crushing defensiveMove endgame knightEndgame quietMove short,https://lichess.org/ShnYCxwh#83,
4pOJc,8/7p/2p1k3/p1Pp4/5KP1/P3P3/8/8 w - - 0 52,g4g5 a5a4 f4g4 e6e5 g4h5 e5f5 h5h6 f5g4 h6h7 g4g5,2146,75,96,1681,crushing endgame pawnEndgame quietMove veryLong zugzwang,https://lichess.org/fMrNOhSq#103,
4pr1U,1r4k1/p2n1pp1/1r2p1q1/3p4/6P1/2PN4/PPQR4/1K5R b - - 1 28,d7c5 d2h2 g8f8 h2h8 f8e7 h8b8 c5d3 b8b6,2162,81,85,53,advantage middlegame quietMove veryLong,https://lichess.org/IWK8cnwa/black#56,
4q4Tj,8/7p/2k5/p5p1/1pPK2P1/8/P6P/8 w - - 0 39,h2h3 a5a4 c4c5 b4b3 a2b3 a4b3,2198,79,90,321,crushing endgame long master pawnEndgame quietMove,https://lichess.org/f8YsM21y#77,
4q6Mz,8/8/p7/1p1k1p2/4p3/PPP1K3/6P1/8 w - - 0 43,g2g3 a6a5 e3f4 a5a4,2161,79,78,53,crushing endgame pawnEndgame quietMove short,https://lichess.org/sftYEuLi#85,
4q8UP,r2r2k1/pp3p2/q3pPpp/8/7Q/1R6/5PPP/5RK1 b - - 1 29,g8h7 b3h3 h6h5 h4g5 a6e2 f2f3 e2e3 g5e3,2132,149,83,13,crushing endgame quietMove veryLong,https://lichess.org/Tuwp06sA/black#58,
4qMgl,8/8/2k1p1pp/3p4/2pP1P2/2P1K1P1/7P/8 w - - 1 38,g3g4 c6b5 g4g5 h6h5 f4f5 e6f5,2156,75,86,300,crushing endgame long pawnEndgame quietMove,https://lichess.org/1D9xz1cs#75,
4qqTJ,4r1k1/pp3pp1/8/6R1/1P6/5P1Q/1q3PK1/8 b - - 6 36,b2b4 g5h5 g8f8 h3d7 g7g6 h5h8,2127,75,98,71,crushing endgame long quietMove,https://lichess.org/pzfsLiIG/black#72,
4r0jG,r5k1/p4p2/1p1P2p1/2pQn3/5R2/P5Pq/7P/6K1 b - - 1 30,h3e6 d5a8 g8g7 f4h4 e5f3 a8f3,2142,76,93,5982,crushing endgame hangingPiece long quietMove,https://lichess.org/rHAQ7Jlu/black#60,
4rFly,8/8/1p4p1/1P5p/5P1P/p7/2K3P1/k7 b - - 1 53,a3a2 g2g3 g6g5 h4g5 h5h4 g5g6 h4h3 g6g7 h3h2 g7g8q h2h1q g8g7,2158,78,91,1596,advancedPawn endgame mate mateIn5 pawnEndgame promotion quietMove veryLong zugzwang,https://lichess.org/PufWxzzN/black#106,
4rMsP,8/2n5/1k4p1/2pKP1P1/1p2P3/8/8/2B5 w - - 7 52,d5d6 c5c4 c1e3 b6b7 e5e6 c4c3,2147,79,90,480,crushing defensiveMove endgame long quietMove,https://lichess.org/w3DcvtBQ#103,
4rOY5,3R4/k5r1/2K2p1p/4pP2/6P1/7P/8/8 w - - 4 78,d8d7 g7d7 c6d7 e5e4 h3h4 e4e3 g4g5 e3e2 g5f6 e2e1q,2181,79,82,55,advancedPawn crushing endgame promotion quietMove rookEndgame veryLong,https://lichess.org/8FKUgGPc#155,
4rYsK,8/4P3/K4n2/8/P1k5/8/8/8 b - - 0 56,c4b4 a4a5 f6d5 a6b7 d5e7 a5a6,2132,80,81,41,crushing endgame knightEndgame long quietMove,https://lichess.org/Fr6ngtqT/black#112,
4rasr,8/8/6K1/3kpp2/5P2/8/7P/8 w - - 0 47,f4e5 f5f4 g6f6 f4f3 e5e6 f3f2 e6e7 f2f1q,2143,76,87,684,advancedPawn crushing endgame pawnEndgame promotion quietMove veryLong,https://lichess.org/ISWYIOT5#93,
4sdAL,2b2k2/p5rp/2q2b1Q/1pp5/8/8/PP3PPP/R1B2RK1 w - - 3 21,c1g5 c8b7 f2f3 f6g5,2128,81,91,265,advantage middlegame quietMove short,https://lichess.org/iF9HrJDl#41,
4sedF,3r1rk1/pp3pp1/2p5/4P1Q1/2p5/7P/Pq3NP1/5RK1 b - - 0 23,b2a2 f2e4 f7f5 e4f6 f8f6 e5f6,2132,85,78,32,advantage endgame long pin quietMove,https://lichess.org/JfOwyYfp/black#46,
4tC3l,8/p6p/4k3/1pp3p1/4K1P1/7P/PPP5/8 w - - 0 35,b2b3 b5b4 e4d3 e6d5,2107,80,90,448,advantage defensiveMove endgame pawnEndgame quietMove short,https://lichess.org/1fhsuQSo#69,
4tNLJ,8/8/5pPR/8/3k4/8/2K3r1/8 w - - 0 56,c2b3 f6f5 h6h4 d4e3,2172,76,86,123,advantage defensiveMove endgame quietMove rookEndgame short,https://lichess.org/luIbCtLQ#111,
4tUgK,4r3/p4pkp/1p6/4pR2/2P5/PP3P2/7P/4K3 w - - 1 26,h2h4 f7f6 f3f4 g7g6 f5e5 f6e5,2130,75,91,1322,crushing endgame long quietMove rookEndgame trappedPiece,https://lichess.org/bystXpHJ#51,
4tf9A,8/8/8/3p4/4kP2/8/6K1/8 b - - 0 49,e4e3 f4f5 d5d4 g2f1 d4d3 f1e1 d3d2 e1d1,2117,108,33,15,crushing endgame master pawnEndgame quietMove veryLong,https://lichess.org/A9p9gkxh/black#98,
4tql6,8/pp2k3/6P1/8/7P/8/8/6K1 w - - 0 40,h4h5 a7a5 g1f2 a5a4 f2e2 a4a3 g6g7 e7f7,2144,78,91,676,crushing endgame pawnEndgame quietMove veryLong,https://lichess.org/Lds4uUoS#79,
4tsgS,8/7p/p1k3p1/P4p2/2K2PP1/7P/8/8 b - - 0 41,c6d6 g4g5 d6c6 h3h4 c6d6 c4d4,2101,79,88,94,crushing defensiveMove endgame long pawnEndgame quietMove zugzwang,https://lichess.org/zG5mkjcs/black#82,
4u7Vl,5rk1/r3b1p1/p1nq1n2/1p5p/1PpPBPp1/P1N3P1/3RQ2P/2B2RK1 b - - 0 26,c6d4 e2e3 a7d7 f1d1 d6b6 d2d4,2181,188,48,4,advantage long middlegame quietMove,https://lichess.org/UlSs2pea/black#52,
4uOPN,8/1p6/2p5/4k1p1/P1P3p1/4K1P1/8/8 b - - 0 39,b7b6 c4c5 b6c5 a4a5 e5d6 e3d3,2107,76,95,738,crushing defensiveMove endgame long master pawnEndgame quietMove,https://lichess.org/bvMKSNYY/black#78,
4uUJf,7k/5r2/8/4P1K1/6PP/8/8/8 b - - 0 45,h8g7 h4h5 f7e7 h5h6 g7f7 g5f5 e7e6 h6h7 e6h6 g4g5 h6h3 e5e6 f7g7 f5e5 h3e3 e5d6,2161,407,50,7,advancedPawn defensiveMove endgame equality exposedKing quietMove rookEndgame veryLong,https://lichess.org/znKZ3aFw/black#90,
4uXJy,5r1k/5pp1/4pq2/8/Q2P4/P3PN1P/6r1/2R1K2R w K - 0 22,a4d1 f6g6 e1f1 g6g3 c1c2 g2c2 d1c2 g3f3,2189,80,90,1390,crushing middlegame quietMove veryLong,https://lichess.org/iqWgPWrC#43,
4ucuU,8/8/8/1p6/2k3pp/P1P2p2/3K1P1P/8 b - - 0 42,g4g3 f2g3 h4g3 h2g3 f3f2 d2e2 c4c3 g3g4 f2f1q e2f1,2126,76,77,245,crushing endgame pawnEndgame quietMove veryLong,https://lichess.org/buUOWxD3/black#84,
4uvLt,7k/pq4pp/8/2Q5/4r3/4rN2/PP4PP/5RK1 b - - 0 28,e4e8 f3e5 h7h6 c5e3,2164,88,90,60,advantage endgame interference quietMove short,https://lichess.org/DUabftMs/black#56,
4vDWj,4b3/8/2p5/P5p1/2kP2Pp/1N2KP2/8/8 b - - 0 50,c4b3 a5a6 h4h3 e3f2 c6c5 d4d5 h3h2 f2g2 h2h1r g2h1 e8f7 d5d6,2118,74,93,2165,bishopEndgame crushing endgame master quietMove veryLong,https://lichess.org/5pLaZm3y/black#100,
4vMcA,8/5k2/5pR1/5p1P/3pp1P1/4P3/r4PK1/8 w - - 0 47,e3d4 e4e3 g2f1 a2f2 f1e1 f5f4 g4g5 f6g5,2198,80,85,212,crushing endgame pin quietMove rookEndgame veryLong,https://lichess.org/HOWRxqds#93,
4vPRW,8/5p1p/5pk1/8/3P2P1/8/4K3/8 b - - 2 45,g6g5 d4d5 f6f5 d5d6 g5f6 g4f5,2147,79,91,129,crushing endgame long pawnEndgame quietMove,https://lichess.org/Hy80qXMj/black#90,
4vUKP,r4rk1/1b3p1p/p3pp2/1p5q/8/1BP1B3/P1P2QPP/R6K b - - 0 22,g8h8 f2f6 h8g8 e3d4 e6e5 d4e5,2128,75,94,170,crushing kingsideAttack long middlegame quietMove,https://lichess.org/8CMcICGb/black#44,
4vXI4,2kr3r/ppp2pp1/2pbb3/8/P3P3/2NB1Pp1/1PP3P1/R2Q1RK1 w - - 0 16,f1e1 h8h1 g1h1 d6c5 e1e3 c5e3 f3f4 d8h8 d1h5 h8h5,2191,76,92,3481,kingsideAttack mate mateIn5 middlegame quietMove sacrifice veryLong,https://lichess.org/SFS92Ont#31,Scotch_Game Scotch_Game_Other_variations
4vaGB,8/7p/8/5pp1/4k3/4P1PP/4K3/8 w - - 2 41,e2f2 g5g4 h3g4 f5g4 f2e2 h7h6 e2f2 e4d3 e3e4 d3e4,2197,205,88,7,crushing endgame pawnEndgame quietMove veryLong zugzwang,https://lichess.org/egfCFfIq#81,
4w7hO,8/p7/2p5/3k3p/3P2p1/1PNK3P/r1P5/8 b - - 1 39,d5d6 c3a2 g4h3 a2c3 h3h2 c3e4,2133,75,85,109,advantage endgame long quietMove,https://lichess.org/5rn9f2gG/black#78,
4wIW3,r4rk1/1R2bppp/8/p4Q2/8/5B2/q4PPP/5RK1 b - - 0 19,e7f6 f3e4 g7g6 f5f6,2161,76,90,621,crushing master middlegame quietMove short,https://lichess.org/zdxowrwT/black#38,
4wLQC,r2qr1k1/2p1bpp1/5n1p/p4P2/P2p3B/1BpP1P2/2Q3PP/R3R1K1 b - - 1 21,f6d7 c2a2 g8h8 b3f7,2155,76,82,131,advantage middlegame quietMove short,https://lichess.org/aIokmFG1/black#42,
4wVEf,3rk2r/1p1qb1pp/p1np1p2/4pP2/4B3/4B3/PPPQ1PPP/R3K2R w KQk - 2 14,c2c4 d6d5 d2d5 d7c7 d5e6 d8d6,2157,77,92,5296,advantage clearance long middlegame quietMove,https://lichess.org/PyRYfO6N#27,Sicilian_Defense Sicilian_Defense_Najdorf_Variation
4wra0,8/1p3p2/2p1k1p1/2P1P2p/1p2K2P/1P6/P4P2/8 b - - 2 31,f7f6 e5f6 e6f6 e4f4 g6g5 h4g5 f6g6 f2f3 h5h4 f4g4,2162,76,87,126,crushing endgame pawnEndgame quietMove veryLong zugzwang,https://lichess.org/4TwYrvbO/black#62,
4wuUU,6r1/1k6/2R1P3/P2PbB2/6P1/1P3pr1/2K5/8 b - - 0 52,g8c8 a5a6 b7a7 c6c8 f3f2 f5d3 g3d3 c8f8,2120,173,74,19,crushing deflection endgame quietMove veryLong,https://lichess.org/t71JBV3u/black#104,
4x5LZ,6k1/1R3p1p/p3q1p1/1n6/1Q2p3/1Pb1B1PP/P4P1K/3rN3 w - - 1 30,e3h6 d1d8 b4e7 e6e7,2100,454,5,19,advantage master middlegame quietMove short,https://lichess.org/bptEXBzx#59,
4xAxH,8/8/1K1P1k2/4n1p1/1P6/PB5p/8/8 w - - 0 47,b3d5 g5g4 b4b5 g4g3 b6c7 g3g2 d6d7 e5d7,2144,75,94,1563,advancedPawn crushing endgame quietMove veryLong,https://lichess.org/vYcB0DQV#93,
4xIzn,7r/1kp5/p7/2p3q1/2P1P3/3R1PBP/P5K1/3R4 w - - 0 32,d3d7 h8g8 d7c7 b7a8 c7c8 g8c8,2167,76,91,1872,crushing defensiveMove endgame long quietMove,https://lichess.org/DtLQUTa3#63,
4xVuV,8/p2r3p/8/2R5/5pqk/1P1p1P2/P5P1/3Q2K1 b - - 0 40,g4g3 d1a1 d7d4 a1d4,2108,81,74,47,advantage endgame master quietMove short,https://lichess.org/eYQ5gEHh/black#80,
4y4fW,3Q4/7k/7p/1p4pP/2b5/6B1/P5PK/2q5 b - - 0 38,c1f1 g3e5 f1f4 e5f4,2112,77,77,74,crushing endgame quietMove short,https://lichess.org/2SkTakGs/black#76,
4y6A4,8/1b1p4/2k4p/p2p1B2/1p1K2PP/8/P7/8 b - - 0 40,b7a6 g4g5 h6g5 h4h5 c6d6 h5h6 d6e7 h6h7 e7f6 h7h8q,2121,76,83,116,advancedPawn bishopEndgame crushing endgame promotion quietMove veryLong,https://lichess.org/8EOZoYbP/black#80,
4yHzw,6rk/7p/3p4/3P1R2/p5P1/7P/2r5/4R2K w - - 0 50,e1e7 g8b8 f5f1 a4a3,2108,74,90,736,advantage endgame quietMove rookEndgame short,https://lichess.org/IiiLwrOj#99,
4yPmW,8/8/7p/5pp1/4k3/4P1PP/5K2/8 w - - 3 62,h3h4 g5g4 f2e2 h6h5,2183,77,89,218,crushing defensiveMove endgame pawnEndgame quietMove short zugzwang,https://lichess.org/7q5od46Z#123,
4yXmO,8/8/6b1/1p1p1k2/1PpP1p2/2P5/5KP1/6N1 w - - 4 44,g1f3 f5e4 f3e5 g6h5 g2g3 f4g3 f2g3 e4e3,2173,74,95,1882,crushing endgame quietMove veryLong zugzwang,https://lichess.org/WPV52ZRe#87,
4yXvS,r2q1rk1/pp2bppp/2p1b3/3nP3/4N3/3B4/PP3PPP/R1BQ1RK1 w - - 3 14,e4g5 e7g5 d1h5 h7h6 c1g5 d8g5 h5g5 h6g5,2139,76,93,5563,crushing opening quietMove veryLong,https://lichess.org/zZlyd3ye#27,Italian_Game Italian_Game_Blackburne-Kostic_Gambit
4yfld,1r5k/p1R3pp/2p1B3/8/7P/1p4r1/3R4/1K6 b - - 1 31,a7a5 e6c8 g3g1 b1b2 g1g2 d2g2,2168,77,92,3987,crushing endgame long quietMove,https://lichess.org/9SzG8oCz/black#62,
4ymnO,8/8/8/p2kr3/5RP1/5K2/8/8 w - - 3 64,f4f5 e5f5 g4f5 a5a4 f3e2 a4a3,2154,76,96,4984,crushing endgame long quietMove rookEndgame,https://lichess.org/1ODLadvi#127,
4yvcv,8/kp4p1/7p/P2K2p1/1P2P1B1/7P/8/5r2 b - - 6 42,f1b1 e4e5 b1b4 e5e6,2150,76,91,2380,crushing endgame quietMove short,https://lichess.org/6AUopIUf/black#84,
4z4XL,8/6pk/7p/3Q4/2P5/p5P1/5PKP/q7 w - - 0 54,c4c5 a1b1 c5c6 a3a2,2180,78,91,715,advancedPawn crushing endgame queenEndgame quietMove short,https://lichess.org/tYLBm8pV#107,
4zBod,8/2p1P3/p1p2k1p/6p1/3r4/8/PPP2r2/2K1R3 b - - 0 29,d4c4 c2c3 f2f1 e7e8q f1e1 e8e1,2178,75,94,6632,advancedPawn crushing endgame long promotion quietMove rookEndgame,https://lichess.org/JUZGe8HL/black#58,
4zM93,8/pp6/8/2P3pp/1P3k2/3r1P2/PR3PK1/8 w - - 1 36,b2b3 d3b3 a2b3 a7a6 b4b5 a6b5 c5c6 b7c6,2160,80,90,220,crushing endgame quietMove rookEndgame veryLong,https://lichess.org/0bkxm7cY#71,
4zPcJ,8/1K5p/8/b4p2/P3k3/1P5P/4N3/8 w - - 7 55,b7a6 a5e1 a6b5 e4e3,2194,142,73,13,crushing endgame master quietMove short,https://lichess.org/iP8Otp0K#109,
505tM,8/7p/p1pk2p1/P1R5/1P4P1/2P1K3/3r4/8 b - - 4 38,d2d5 c5d5 d6d5 g4g5 d5c4 e3d2,2152,85,82,49,crushing defensiveMove endgame long quietMove rookEndgame,https://lichess.org/fwtuoLhN/black#76,
50SP7,b7/8/Pk5p/8/1pB2p1P/1P6/5K2/8 b - - 0 44,b6c5 c4e2 c5b6 e2f3 b6a6 f3a8,2193,84,77,37,bishopEndgame crushing endgame long master quietMove,https://lichess.org/DkVLMV3J/black#88,
50fIv,8/1p3p2/7p/5Pp1/1Pk3P1/4K1P1/8/8 w - - 3 44,e3e4 f7f6 b4b5 b7b6,2132,77,93,4211,crushing defensiveMove endgame master pawnEndgame quietMove short,https://lichess.org/Hl6nr5zg#87,
50udV,8/1p4k1/p4Np1/2P1p1Pp/1P2P3/2K5/1P6/5b2 w - h6 0 35,f6d5 h5h4 d5f6 f1e2 c3d2 h4h3 d2e2 h3h2,2170,75,91,4841,advancedPawn crushing endgame quietMove sacrifice veryLong,https://lichess.org/9l3tLwBp#69,
51eIu,2r2nk1/4qp1p/4p1pP/p2pP1N1/B1pP1QP1/2P1R3/1r3PK1/8 b - - 4 33,b2a2 e3f3 c8c7 a4e8,2142,75,85,115,crushing middlegame quietMove short,https://lichess.org/qZ76nmWU/black#66,
51pU5,8/5p2/4k1p1/7p/4KP1P/6P1/8/8 w - - 4 58,e4f3 e6f5 f3f2 f5g4 f2g2 f7f6 g2h2 g4f3,2188,93,82,26,crushing endgame pawnEndgame quietMove veryLong zugzwang,https://lichess.org/It6pMDi4#115,
51qQw,8/pK6/1p6/2p1k1p1/3p2Pp/1P3P1P/P1P5/8 w - - 8 38,b7a7 b6b5 a7a6 c5c4,2125,74,94,10701,crushing endgame pawnEndgame quietMove short,https://lichess.org/Mmxc5bKj#75,
52Br3,8/8/6p1/3Pb1Pp/PpPk3P/1P3K2/8/8 b - - 5 44,d4c3 a4a5 c3b3 a5a6,2175,77,91,3695,bishopEndgame crushing endgame quietMove short,https://lichess.org/T9EVTTlo/black#88,
52Goz,8/5p2/4p3/4P3/5k2/5P1K/5P2/8 w - - 1 53,h3g2 f4e5 g2g3 f7f5 f3f4 e5e4,2171,85,83,31,crushing endgame long master pawnEndgame quietMove zugzwang,https://lichess.org/6txzOfyu#105,
53iSs,4k3/2p3p1/Q2b1q1p/8/5p2/1BP4P/P4PP1/6K1 b - - 0 31,f6c3 a6c8 e8e7 c8e6 e7d8 b3a4 c3c1 g1h2 f4f3 g2g3 d6g3 h2g3,2144,78,83,114,crushing endgame exposedKing quietMove veryLong,https://lichess.org/WUv0z2Y0/black#62,
53ndU,R7/1p3pk1/4p2p/pb1pP1pP/6N1/P5P1/5P1K/1Bq5 b - - 0 37,c1f1 b1h7 f1f2 g4f2,2190,75,97,226,crushing endgame master quietMove short,https://lichess.org/J2b7swRe/black#74,
53pvf,8/8/3P4/r4p1p/8/3kB3/5P1P/5K2 b - - 0 46,a5a8 e3b6 d3e4 d6d7 e4f3 f1e1,2197,110,71,15,advancedPawn crushing defensiveMove endgame long quietMove,https://lichess.org/Xujk8imU/black#92,
548zY,8/8/p4p2/1p2k1pp/1P5P/P3KPP1/8/8 w - - 0 55,f3f4 g5f4 g3f4 e5d5 e3d3 f6f5 d3e3 d5c4,2169,75,93,11902,crushing endgame pawnEndgame quietMove veryLong zugzwang,https://lichess.org/eQCSUNz7#109,
54E7j,8/8/ppp1k1p1/6Pp/PPP1K3/6P1/8/8 b - - 1 48,b6b5 c4b5 c6b5 a4a5 e6d6 e4d4 d6d7 d4d5,2186,163,29,14,crushing defensiveMove endgame master pawnEndgame quietMove veryLong zugzwang,https://lichess.org/uBslUs55/black#96,
54ILp,8/1r5p/2k1b3/pP1p1p1p/2rPp2P/1RP3P1/2PB1K2/R7 b - - 0 37,b7b5 a1b1 b5b3 c2b3 c6b5 b3c4,2128,77,82,79,crushing doubleCheck endgame long quietMove trappedPiece,https://lichess.org/2NwDvnS8/black#74,
54IpB,8/7p/p4pp1/1p1k4/1P1P2P1/P2K4/7P/8 b - - 0 34,h7h5 g4h5 g6h5 h2h4 f6f5 d3e3 d5c4 e3f4,2154,75,87,386,crushing endgame pawnEndgame quietMove veryLong,https://lichess.org/VCpiRgQE/black#68,
54qEf,8/8/4p1p1/pp1k2p1/3Pp1P1/PPP3P1/3K4/8 b - - 1 41,e6e5 d2e3 e5d4 c3d4 b5b4 a3a4 d5c6 e3e4,2113,75,93,7022,crushing endgame pawnEndgame quietMove veryLong zugzwang,https://lichess.org/OqT5Nm5N/black#82,
55J3h,8/8/2p1p3/4k3/8/1PPp4/P7/2K5 b - - 1 42,e5d5 c1d2 d5e4 a2a4 e6e5 a4a5 e4f3 a5a6 e5e4 a6a7 e4e3 d2d3 e3e2 a7a8q,2153,76,83,146,advancedPawn crushing endgame pawnEndgame pin promotion quietMove veryLong,https://lichess.org/OTw0RFhH/black#84,
55LaY,8/8/8/pp3k1p/2pKp2P/PP3pP1/2P2P2/8 b - - 1 39,c4b3 c2b3 b5b4 a3a4 e4e3 d4e3,2185,77,92,1141,crushing endgame long pawnEndgame quietMove zugzwang,https://lichess.org/Adp6FIG3/black#78,
563Ht,3r2k1/1b5p/2p1pqp1/1pPnNp2/p2Q1P2/P4BP1/1P5P/3R3K w - - 5 34,f3d5 d8d5 d4g1 f6d8 d1d5 d8d5,2108,76,91,1106,advantage long middlegame quietMove,https://lichess.org/pTqaj9y2#67,
56Yf8,8/5K2/1p3p2/p4Bb1/P3P1Pp/1P4kP/8/8 b - - 10 72,g3h3 f7g6 h3g3 e4e5 h4h3 e5e6 h3h2 f5e4 g3g4 e6e7,2135,80,87,56,advancedPawn bishopEndgame crushing endgame master quietMove veryLong,https://lichess.org/RCGwSNR1/black#144,
56kF4,8/2p3k1/4n2p/3KP3/P7/3P4/1P6/8 b - - 2 38,g7f7 a4a5 f7e7 a5a6 e7d7 a6a7 c7c6 d5c4 e6c7 c4c5 h6h5 c5b6,2150,80,86,73,advancedPawn crushing endgame knightEndgame quietMove veryLong,https://lichess.org/n4FiKvSH/black#76,
56tcK,8/2p2ppk/r1p1pn1p/2PpN3/3P4/4P1P1/1R3PP1/6K1 w - - 8 25,e5f7 a6a1 g1h2 f6g4 h2h3 h6h5 h3h4 h7g6,2169,77,84,173,crushing endgame quietMove veryLong,https://lichess.org/vE7vGbw2#49,
56zhI,8/pp6/5pk1/6p1/1P2P1K1/2P4P/8/8 b - - 0 38,b7b6 b4b5 g6f7 g4f5,2151,78,90,303,crushing endgame pawnEndgame quietMove short zugzwang,https://lichess.org/rxQibf0B/black#76,
57pj8,3r1rk1/1pq4p/p5p1/3p4/1R6/1QP2pPP/PP5K/5R2 w - - 0 29,b4b7 c7e5 b3d1 e5e2 d1e2 f3e2 f1e1 f8f2 h2g1 d8f8 e1e2 f2e2,2129,87,78,47,advancedPawn crushing endgame quietMove veryLong,https://lichess.org/I13c4PAV#57,
58Rhs,rn2kb1r/pp3p1p/2p1Bp2/7Q/8/2P5/Pq1BKPPP/7R b kq - 0 14,f8e7 h5f7 e8d8 h1d1 b2c2 e6b3,2188,137,88,21,advantage attackingF2F7 long middlegame quietMove,https://lichess.org/DbQeWdDd/black#28,Caro-Kann_Defense Caro-Kann_Defense_Two_Knights_Attack
59Dr4,r3r3/p1q2pk1/5pn1/7Q/3N4/4B3/PP3P1b/1K1R4 b - - 2 23,h2f4 d4f5 g7f8 d1h1 c7c2 b1c2,2151,89,71,32,crushing long middlegame quietMove,https://lichess.org/3cCQ5MzS/black#46,
59MvZ,4r3/1pq5/p2pPb1k/2pB1p1p/2Pp1P2/P2P3P/1P4Q1/4R2K b - - 3 27,e8e7 g2g8 e7e8 g8e8,2158,80,91,862,crushing endgame quietMove short,https://lichess.org/U11mCxMg/black#54,
59anu,4k3/R6p/2p5/5Pp1/1p1r4/1P3P1K/7P/8 w - - 1 36,a7h7 d4h4 h7h4 g5h4 h3g2 c6c5 g2f1 c5c4,2153,87,90,965,crushing endgame quietMove rookEndgame veryLong,https://lichess.org/eK0yT1jW#71,
59j80,3r2k1/2R3pp/8/2pPr3/2P5/R3p2P/6P1/6K1 w - - 0 32,g1f1 e3e2 f1e1 d8f8 c7c8 f8c8,2104,76,95,285,advancedPawn crushing endgame long quietMove rookEndgame,https://lichess.org/rvegZnBO#63,
5ApC3,8/7p/p7/7P/4k3/5p2/PP3K2/8 b - - 0 42,h7h6 a2a3 a6a5 b2b4,2196,244,43,18,crushing endgame master pawnEndgame quietMove short,https://lichess.org/cawte9yC/black#84,
5B04c,5rk1/p1p2ppp/8/4p3/4P3/2P1QPPq/Pr3P2/R2R2K1 w - - 0 20,e3a7 b2b6 a7b6 c7b6,2195,80,82,61,advantage endgame master quietMove short,https://lichess.org/b1rIlIRR#39,
5BVYA,8/2p3p1/7p/p4k1P/8/2P5/PPK5/8 b - - 1 38,f5g5 a2a4 g5h5 b2b4 a5b4 a4a5,2187,77,98,553,crushing defensiveMove endgame long pawnEndgame quietMove sacrifice,https://lichess.org/RFpqESe4/black#76,
5BoFN,5r1r/p2k2Q1/1p1n2pp/q1pP1b2/2P5/2P3PP/PR3PB1/1R4K1 b - - 2 23,d7d8 b1e1 a5a4 g7e7 d8c8 e7d6,2121,76,92,4940,advantage exposedKing fork long middlegame quietMove,https://lichess.org/FX1Dly2L/black#46,
5Byzo,r1b2rk1/ppp4p/5q2/3pbp2/2P3p1/1N1B4/P3RPPP/2RQ2K1 b - - 0 19,c8e6 d1e1 e5h2 g1h2,2184,78,83,399,advantage middlegame quietMove short,https://lichess.org/d5sDuhkt/black#38,Italian_Game Italian_Game_Classical_Variation
5C4lT,r5k1/4Q3/pq1p2p1/1p1Pp3/4N3/1P3r1b/P4P1P/2R2RK1 b - - 5 27,h3f1 c1c7 b6c7 e7c7,2100,75,91,3757,crushing middlegame quietMove short,https://lichess.org/8gAmhoXd/black#54,
5CQtV,8/p1p1k3/1p1p3p/3P1r2/2P1R3/P7/1P2P3/6K1 b - - 0 32,f5e5 e4e5 d6e5 e2e4 e7d6 b2b4,2182,84,84,28,crushing defensiveMove endgame long quietMove rookEndgame,https://lichess.org/NoSNnJWN/black#64,
5CdOq,8/8/6p1/2K5/1p1p4/1P1P2k1/1P6/8 w - - 0 49,c5d4 g3f4 d4c4 g6g5 d3d4 g5g4 d4d5 f4e5,2198,75,94,1026,crushing endgame pawnEndgame quietMove veryLong,https://lichess.org/PeWhntT5#97,
5CoIk,5r1k/pQ4p1/3p4/2p3q1/5n1p/2P1R3/PP2RPB1/6K1 w - - 3 28,e2e1 d6d5 b7d5 f4d5,2129,77,90,2633,crushing middlegame quietMove short,https://lichess.org/qimLRwrx#55,
5D0OF,1k6/1p2qp1r/Rr2p3/4N1pn/3P4/1P1KPP1P/6Q1/R7 b - - 0 32,b6a6 a1a6 f7f6 g2a2 b7a6 e5c6 b8b7 c6e7,2194,77,90,1127,advantage fork middlegame quietMove veryLong,https://lichess.org/uaIqKGiD/black#64,
5DG3a,8/8/4k1p1/3n1pBp/3K3P/5P2/6P1/8 b - - 9 39,d5f6 g5f6 e6f6 f3f4 f6e6 d4c5,2196,80,82,41,crushing defensiveMove endgame long quietMove zugzwang,https://lichess.org/O83KMhKs/black#78,
5DLvX,2R5/5bpk/Q4b2/4p2q/4P2P/3prPP1/5RK1/8 b - - 0 47,f6h4 a6a8 h5g5 c8h8 h7g6 h8h4,2167,80,91,375,advantage long middlegame quietMove skewer,https://lichess.org/OFLREUXs/black#94,
5Ddl1,1nr3k1/1b2Qppp/p7/6P1/Np1p1P2/1q1P4/2PB3P/2KR2R1 w - - 0 25,a4c5 b3a3 c1b1 b7d5 d2b4 a3b4,2184,75,84,545,advantage long middlegame queensideAttack quietMove,https://lichess.org/uCFUe9wT#49,
5Ecmt,k7/p4p1p/K1p1p1p1/1pP1P1P1/5P2/7P/PP6/8 w - - 6 34,b2b4 a8b8 a6a5 b8b7 a2a4 a7a6 a4b5 a6b5 h3h4 b7a7,2140,84,90,41,crushing defensiveMove endgame pawnEndgame quietMove veryLong,https://lichess.org/uF5hr7ag#67,
5EePl,3r2k1/8/N7/2P1p1pp/8/PPb5/2Rpn2P/3R3K w - - 0 38,b3b4 e5e4 c5c6 e4e3,2171,78,78,103,advantage endgame master quietMove short,https://lichess.org/gIa3cZg6#75,
5Ehrq,8/4rpk1/PR3p2/5P2/6PK/8/3r4/1R6 w - - 3 43,b6b7 e7e3 b1h1 d2d8 g4g5 d8h8 h4g4 h8h1,2113,76,95,436,advantage endgame quietMove rookEndgame skewer veryLong,https://lichess.org/aKBJ5T7G#85,
5EsdS,r7/pq2k2p/1p2ppr1/1Pp5/2P5/P1QR1p2/5P1P/3R3K b - - 3 27,a8g8 c3d2 f6f5 d3d7 b7d7 d2d7,2166,74,99,132,crushing endgame fork long quietMove,https://lichess.org/tGBuomcG/black#54,
5Eytb,r1b1k1r1/ppp2p2/4pPp1/7p/2PqNQn1/8/PP4PP/3RKB1R b Kq - 1 18,d4e5 f4d2 e5e4 f1e2 e4d5 c4d5,2169,84,85,65,crushing defensiveMove long middlegame quietMove sacrifice,https://lichess.org/3s4dCZJc/black#36,Goldsmith_Defense Goldsmith_Defense_Other_variations
5FC0G,2r3k1/p5pp/4p3/Q7/3Pbp2/3qP1K1/P4PPP/R1R5 w - - 0 23,g3f4 c8f8 f4g3 d3e2 c1f1 f8f3 g2f3 e2f3 g3h4 h7h6 f1g1 f3f2 h4h3 e4f5 a5f5 e6f5,2155,164,81,19,crushing endgame quietMove sacrifice veryLong,https://lichess.org/txX3iLm6#45,
5FX7W,6k1/5rp1/8/4p3/P2q4/3Q4/3p1PPP/5RK1 w - - 10 41,d3d4 e5d4 f2f4 f7c7 g1f2 c7c1,2168,88,91,141,crushing endgame long quietMove,https://lichess.org/PT4yr4AB#81,
5GFdn,6r1/p7/k1bR4/5p1p/8/7P/PPP2Rn1/7K b - - 0 31,a6b5 f2f5 b5b6 f5f6 g2e3 d6c6,2139,75,86,99,advantage endgame long quietMove,https://lichess.org/rbnkS2a9/black#62,
5HQPt,5k2/5P2/6BP/pb4K1/8/3p4/5P2/8 w - - 0 58,g6d3 b5d3 g5f4 a5a4 f4e3 a4a3 e3d3 a3a2,2138,76,95,1776,advancedPawn bishopEndgame crushing endgame hangingPiece quietMove veryLong,https://lichess.org/L7Q1auDA#115,
5HcpT,N4K1k/7p/4p1b1/4P3/5P2/p7/8/B7 w - - 0 42,f8e7 h7h5 a8c7 h5h4 c7e6 h4h3,2156,80,86,241,advantage endgame long quietMove,https://lichess.org/qSZiXnWq#83,
5Hu0H,1r2r1k1/1p5p/p2Qpqp1/3p1n2/3P4/2N3P1/PP3P1P/3RR1K1 w - - 1 23,c3d5 f6f7 d6b8 e8b8,2101,81,65,48,advantage middlegame quietMove short,https://lichess.org/TxW8nGac#45,
5HyHr,8/7p/2k3p1/5p2/1pPp3P/6P1/2P1KP2/8 w - - 3 43,e2d3 c6c5 f2f3 h7h6 g3g4 f5f4 g4g5 h6h5 d3e4 c5c4,2179,81,91,406,crushing endgame pawnEndgame quietMove veryLong zugzwang,https://lichess.org/zfAz7uRe#85,
5I50G,r3r1k1/3qRp2/3P1Qp1/2B4p/pP6/Pb5P/5PP1/6K1 b - - 2 29,e8e7 c5d4 e7e1 g1h2 d7d6 f6d6,2150,76,92,1227,advantage endgame long quietMove,https://lichess.org/ByNeqJYD/black#58,
5INIC,8/1p6/3B4/3P4/2PP2kp/5p2/5Kb1/8 b - - 0 46,h4h3 d6h2 g4f5 c4c5,2125,133,48,28,bishopEndgame crushing defensiveMove endgame quietMove short,https://lichess.org/RuCiHMHv/black#92,
5ISqb,8/p7/1p6/4k3/P4p2/4K1p1/6B1/8 w - - 0 49,e3d3 a7a6 d3e2 b6b5,2117,76,89,1223,bishopEndgame crushing endgame quietMove short,https://lichess.org/seylncWD#97,
5ISwz,r6k/P5pp/3q2p1/2p5/2Q1Pn2/2P2P1P/6P1/R5K1 b - - 0 41,d6d3 c4d3 f4d3 a1b1 d3b4 c3b4,2111,77,88,690,crushing endgame long quietMove,https://lichess.org/hyfddckZ/black#82,
5IVSz,8/1p2b3/p3p1p1/1k1pP3/3P1KP1/1P6/P7/2B5 w - - 0 32,a2a3 a6a5 a3a4 b5b4,2184,77,92,667,bishopEndgame crushing defensiveMove endgame master quietMove short,https://lichess.org/pT9StMBA#63,
5Igg6,5rk1/5pp1/2Q1p3/8/P3P2p/5P2/1r4n1/3R1K2 w - - 0 34,c6c5 h4h3 f1g1 g2f4 g1h1 b2g2 d1g1 f4d3 c5f8 g8f8 g1g2 h3g2,2169,145,21,12,advancedPawn clearance crushing endgame quietMove veryLong,https://lichess.org/BcTxgxLz#67,
5J7pk,5k2/7p/3R1p2/5P2/3KP3/7r/8/8 w - - 32 67,d4d5 h3d3 d5c6 d3d6 c6d6 h7h5 e4e5 h5h4 e5e6 f8e8,2130,113,92,20,crushing defensiveMove endgame quietMove rookEndgame veryLong,https://lichess.org/2l1b5gqo#133,
5K2ck,8/5p2/1p6/1Pp1k1K1/2P5/8/7P/8 b - - 1 45,e5e4 g5f6 e4d4 h2h4 d4c4 h4h5,2180,82,90,1133,crushing defensiveMove endgame long pawnEndgame quietMove,https://lichess.org/cy0t3jLF/black#90,
5K6mX,R7/2r3k1/2n2n1p/1pR1p1p1/1P2P3/3p2P1/P4PBP/6K1 w - - 0 35,c5c1 d3d2 c1d1 c6d4 d1d2 c7c1,2174,86,88,90,advancedPawn advantage clearance endgame long quietMove,https://lichess.org/eA0xK1mb#69,
5KtKs,3r3k/3P2pp/p7/2p2p2/B1Pb4/5N2/P3K1P1/8 b - - 2 40,h8g8 f3d4 c5d4 c4c5 g8f7 c5c6,2122,77,82,182,crushing endgame long master quietMove,https://lichess.org/MBwwIApg/black#80,
5L1kk,3b2k1/5p2/3p2p1/1RpPp1q1/2P1PnP1/1P3P2/5QK1/3N4 w - - 3 48,g2f1 g5h6 f2g1 h6h3,2144,75,91,840,crushing endgame master quietMove short,https://lichess.org/mxr005vN#95,
5LENv,8/8/3k1p1p/5K2/6PP/8/8/8 b - - 3 57,d6e7 f5g6 h6h5 g6h5 e7f7 h5h6 f6f5 g4f5 f7f6 h4h5 f6f5 h6g7,2166,82,90,1174,crushing endgame pawnEndgame quietMove veryLong,https://lichess.org/4MPyq2QY/black#114,
5LQQC,2r3k1/1p4N1/p1q1p1rp/3p1p2/3P1B2/Pn1PP3/1P3PPQ/1K2N2R b - - 0 23,g8g7 f4h6 g7f7 e1f3 b3d2 f3d2,2123,84,66,47,crushing long middlegame quietMove,https://lichess.org/bZdbjNfk/black#46,
5M9Al,8/5r2/2KP4/5k1R/4p3/8/8/8 b - - 4 59,f5e6 h5d5 f7f2 d6d7,2118,158,42,20,advancedPawn crushing endgame quietMove rookEndgame short,https://lichess.org/nG96tEtv/black#118,
5MB7S,8/5p2/7p/8/2pk2PP/5P2/2K5/8 w - - 1 45,f3f4 d4e4 g4g5 h6h5 f4f5 e4f5,2129,80,91,1128,crushing endgame long pawnEndgame quietMove,https://lichess.org/1ppnZZQF#89,
5MXTN,r1r3k1/5pp1/n6p/pp1pP1q1/3B4/P2Q1P2/1P2K3/R6R b - - 1 29,b5b4 a1g1 a6c5 d3b1 g5f4 g1g4 f4g4 f3g4,2159,124,85,49,advantage middlegame quietMove trappedPiece veryLong,https://lichess.org/eBZMLKDS/black#58,
5May7,2b5/8/1P5p/2N3p1/8/2P2P2/6k1/2K5 w - - 1 44,b6b7 c8b7 c5b7 h6h5 b7c5 h5h4 c5e6 h4h3,2130,75,88,448,crushing endgame quietMove sacrifice veryLong,https://lichess.org/Ah19Fel4#87,
5MiGK,7k/3b1p1p/p2p1P1B/1p2nP1Q/4q3/1P5P/2rR3K/5R2 b - - 1 31,c2d2 h6d2 d7c6 h5g5 e4h1 f1h1 e5f3 h2g3,2147,77,89,941,advantage middlegame quietMove veryLong,https://lichess.org/WO5l1BmE/black#62,
5MmtJ,8/pp2k1pp/4p3/4n3/6r1/8/PP1R1PKP/R7 w - - 3 26,g2h3 h7h5 f2f4 e5g6,2175,75,93,3563,crushing endgame quietMove short,https://lichess.org/TsaNr5wx#51,
5Mw9L,6k1/p1rpqpb1/1p2rnp1/7p/2PQp3/1P2P3/PB2BPPP/2RR2K1 w - - 2 23,d1d2 f6e8 d4d5 e6d6 d5d6 e8d6,2109,76,93,2533,crushing long middlegame quietMove,https://lichess.org/6unQmOcZ#45,
5N2qr,5r1k/pp1b1pp1/6q1/4P3/2B1N3/P4PPp/1P1Q3P/5R1K w - - 1 26,f3f4 g6e4 h1g1 d7c6 d2e2 e4h1 g1f2 h1h2,2139,85,86,70,crushing deflection fork hangingPiece middlegame quietMove veryLong,https://lichess.org/7doN4dGb#51,
5NJTl,4r3/2p4p/1p4k1/p5p1/P2P2P1/2P1p3/2P1R1PP/6K1 w - - 1 29,g2g3 b6b5 a4b5 a5a4 c3c4 a4a3,2193,76,92,2433,crushing endgame long quietMove rookEndgame,https://lichess.org/MRnwPI3o#57,
5NNcL,8/8/7p/3k1P2/6K1/8/r6P/4R3 b - - 0 41,a2h2 e1f1 h6h5 g4g5 d5d6 f5f6,2180,115,56,18,crushing defensiveMove endgame long quietMove rookEndgame,https://lichess.org/nlSgt9QQ/black#82,
5NP6V,k2r1b1r/2p1p1pp/p4p2/3P1q2/2P1b3/4Q3/P1P2PPP/1RB2RK1 b - - 0 18,e4c2 e3c5 c2b1 c1e3 a8b8 c5a7,2140,127,66,21,clearance crushing long middlegame quietMove sacrifice,https://lichess.org/dXT2Qbsu/black#36,Alekhine_Defense Alekhine_Defense_Scandinavian_Variation
5NQlp,r1bq1rk1/1pp1bpp1/p1n2n1p/1N1p4/3P4/P2BPN2/1P1B1PPP/2RQK2R w K - 0 12,d1a4 c8d7 b5c3 c6b4 a3b4 d7a4,2197,77,91,509,advantage discoveredAttack long middlegame quietMove,https://lichess.org/kq1XJp1Z#23,Queens_Gambit_Declined Queens_Gambit_Declined_Normal_Defense
5NS9v,7r/1P3pkp/2N3p1/2P5/P7/8/1b1p1PPP/1R4K1 w - - 1 31,b7b8q h8b8 b1d1 b8e8 g1f1 b2c3 d1d2 c3d2,2174,76,91,171,advantage endgame quietMove veryLong,https://lichess.org/lgtQUJVs#61,
5NX5s,8/7k/p3R1p1/8/2Pp2pq/3P2Q1/Pr3KPP/8 w - - 5 35,f2e1 h4g5 e1f1 g5f5 f1g1 f5e6,2110,75,79,126,crushing endgame exposedKing fork long quietMove,https://lichess.org/4yxcRBNq#69,
5OBCB,5r1k/6pp/p7/1pr5/4P1QP/P2b4/1P5K/4R3 w - - 1 39,e1e3 c5c2 h2g3 d3f1 e3e1 c2g2,2105,74,93,8896,advantage endgame long quietMove,https://lichess.org/XnnFkqKl#77,
5OGji,1rb5/p2n1q1k/1p1p1np1/3B1pQ1/2PP2p1/2P3P1/P4P1P/R3R1K1 b - - 2 21,f7f8 e1e6 h7g7 a1e1 d7e5 d4e5,2168,78,36,50,clearance crushing long middlegame quietMove,https://lichess.org/XckEZhi4/black#42,
5OSIs,8/8/4n3/p1pKp2p/P1P3kP/1P4N1/8/8 w - - 8 41,g3h5 g4h5 d5e6 e5e4 e6d5 e4e3,2157,77,91,853,crushing endgame knightEndgame long quietMove,https://lichess.org/OWjpKbXO#81,
5OWRR,8/6k1/6p1/5pK1/5P2/7P/8/8 b - - 4 68,g7f7 g5h6 f7f6 h3h4 f6f7 h6h7,2127,101,79,23,crushing endgame long pawnEndgame quietMove zugzwang,https://lichess.org/tWtbogXw/black#136,
5OdhE,8/6Bp/p5p1/5pK1/4k3/P7/8/8 w - - 14 61,g5h6 f5f4 g7c3 f4f3 c3e1 e4f4,2156,126,84,48,bishopEndgame crushing defensiveMove endgame long quietMove,https://lichess.org/AcY0uChL#121,
5OnA6,7r/pb3pk1/1p2p1p1/4PrP1/8/P1P1Q3/1P3P2/4R1K1 w - - 5 34,g1f1 b7f3 e3f3 f5f3,2162,78,82,75,crushing endgame quietMove short,https://lichess.org/nLvhTuDb#67,
5PUTB,3r4/pp2prkp/2b1R1p1/q2N4/8/1B5P/PPP3P1/R2Q2K1 b - - 0 19,c6d5 d1d4 g7g8 a1d1 d5e6 d4d8 a5d8 d1d8 g8g7 b3e6,2142,113,85,19,advantage clearance master middlegame quietMove veryLong,https://lichess.org/Jwf0uYQf/black#38,
5PgNq,2r2k2/6p1/p3B3/1p1pN3/1n1P1PP1/2r1PK2/3R4/8 b - - 0 40,c8c7 e5g6 f8e8 d2h2 c3e3 f3e3 c7c3 e3f2,2104,75,90,168,advantage defensiveMove endgame quietMove veryLong,https://lichess.org/rtlXeM9f/black#80,
5PgUL,1k1r4/pp4pp/4pp2/8/3P4/4QP2/P1q3PP/2R3K1 b - - 1 23,c2a2 e3c3 a7a5 c3c7 b8a7 c7d8,2109,79,90,1064,crushing endgame fork long quietMove,https://lichess.org/DkGH51vD/black#46,
5PyPu,8/2R5/5r2/8/7R/5P1P/2P2kPK/r7 w - - 5 42,h4g4 f6d6 c7e7 d6d1 e7e2 f2e2,2139,76,76,73,advantage endgame long master quietMove rookEndgame,https://lichess.org/vTpMIVwT#83,
5PzFN,8/8/4n3/1N1pk3/7P/5K2/8/8 b - - 0 54,e6d4 b5d4 e5d4 f3f4 d4d3 h4h5 d5d4 h5h6 d3c2 h6h7 d4d3 h7h8q,2142,79,90,2683,advancedPawn crushing endgame knightEndgame promotion quietMove veryLong,https://lichess.org/wje0ahbO/black#108,
5Pzgf,8/1p1b1ppk/p6p/5q2/3Rp3/P3P1PP/1P2QP1K/8 w - - 1 34,e2d2 f5h3 h2g1 d7g4 f2f4 h3g3,2179,76,90,421,crushing endgame long quietMove,https://lichess.org/2QjilQO7#67,
5Q6DS,8/8/R3r3/pP1pk3/8/3K4/8/8 w - - 0 56,a6e6 e5e6 d3d4 e6d6 b5b6 a5a4 b6b7 d6c7 b7b8b c7b8,2113,78,91,235,crushing endgame quietMove veryLong,https://lichess.org/LvjB03qi#111,
5QBAL,r1b3k1/P4ppp/3N4/3n4/3p4/8/5PPP/R5K1 b - - 3 27,c8e6 a1b1 a8f8 b1b8 d5c7 d6e8,2101,118,86,10,advantage endgame long quietMove,https://lichess.org/ig9LuymT/black#54,
5Qaq0,8/1p3b2/1Pp1pk1p/2Pp3P/3PpP1K/2N1P3/8/8 b - - 12 56,f6e7 c3b5 c6b5 c5c6 b5b4 c6b7 b4b3 b7b8q,2151,75,91,3935,advancedPawn crushing endgame promotion quietMove sacrifice veryLong,https://lichess.org/LfYcFoKr/black#112,
5QprW,8/8/1K6/3p4/8/8/5Pkp/1R6 b - - 0 53,h2h1q b1h1 g2h1 b6c5 h1g2 f2f4 g2f3 f4f5 f3e4 f5f6 d5d4 f6f7 d4d3 f7f8q,2112,78,82,44,advancedPawn crushing endgame promotion quietMove veryLong,https://lichess.org/QqxL70S4/black#106,
5QwP5,2N5/8/2k2p2/p1p2Pp1/PpPbK1P1/1P6/8/8 b - - 3 40,c6d7 c8a7 d4c3 e4d5,2179,115,78,17,crushing endgame master quietMove short,https://lichess.org/4E4GXq9r/black#80,
5RZO5,r5k1/p3R2p/bp2P1p1/2pq2P1/7P/P1P3Q1/8/2Kn4 b - - 0 30,a8d8 g3f4 d5d2 f4d2,2107,74,92,4834,advantage endgame quietMove short,https://lichess.org/vL85tFeQ/black#60,
5RZSX,8/7p/4k1p1/2p5/p3K3/P6P/5PP1/8 w - - 0 34,g2g4 g6g5 f2f4 g5f4 e4f4 e6d5,2189,76,82,94,crushing defensiveMove endgame long pawnEndgame quietMove,https://lichess.org/Llhpcqk6#67,
5RjdR,r4r2/pp3pk1/2pp1np1/4q3/N1P1P3/1P1Q3P/P5P1/R4R1K w - - 0 21,a4c3 f6g4 h3g4 f8h8 h1g1 e5c5 f1f2 h8h1 g1h1 c5f2,2182,140,73,27,crushing deflection kingsideAttack middlegame quietMove sacrifice veryLong,https://lichess.org/mReUYXjD#41,
5RlhS,8/1R5p/1p2B1pk/2p5/3pnP1P/6P1/Pr6/6K1 b - - 0 34,d4d3 g3g4 e4f6 g4g5 h6h5 g5f6,2113,108,79,20,crushing endgame fork long quietMove,https://lichess.org/y2KSjNw3/black#68,
5SLXh,4n1k1/p1pq1p2/1p1p4/3P1NQ1/2n3P1/2P4P/P4P2/6K1 b - - 3 28,g8h7 f5e7 c4e5 g5g8,2126,134,84,21,crushing endgame master quietMove short,https://lichess.org/I1eDzg9W/black#56,
5SMSY,8/2R5/4p3/p3P1P1/8/2p5/Pr6/1k2K3 w - - 1 47,g5g6 c3c2 g6g7 b2b8 e1d2 b8d8,2164,147,100,10,advancedPawn crushing endgame long quietMove rookEndgame,https://lichess.org/LQeTgwcu#93,
5Sn92,1r2k3/p2p1p2/1p2pP2/2p5/2P3R1/P3P2P/8/7K b - - 0 30,e8f8 h3h4 d7d5 h4h5 f8e8 g4g8 e8d7 g8b8,2136,77,97,256,crushing endgame quietMove rookEndgame skewer veryLong,https://lichess.org/sg8YXl1L/black#60,
5TkXJ,2r3k1/1p1Q2p1/p3p2p/2q5/4p3/P5P1/1P2P2P/5R1K b - - 3 33,c8c7 d7e8 g8h7 f1f8 c5f8 e8f8,2184,78,90,860,crushing endgame long quietMove,https://lichess.org/JJC4I9LR/black#66,
5TonH,8/p3R2k/1p5p/8/3B4/2P3P1/1q3P1K/8 b - - 1 41,h7g6 g3g4 b2f2 d4f2,2191,76,64,62,crushing endgame master quietMove short,https://lichess.org/ShpUnrfe/black#82,
5TzFE,8/8/6k1/1b1K4/1P6/8/2P5/8 b - - 1 45,g6f6 c2c4 b5a4 d5d6 a4b3 c4c5 b3c4 c5c6,2193,78,91,67,bishopEndgame crushing endgame quietMove veryLong,https://lichess.org/EgdH0Ibo/black#90,
5U6L0,r1b2Q2/pp1kr2p/4p3/4P3/2pP2q1/P7/4N1R1/R5K1 b - - 1 30,g4e4 g2g8 e4e3 g1f1,2111,81,64,48,crushing defensiveMove middlegame quietMove short,https://lichess.org/BcIpfMge/black#60,
5UvbK,r1bqknnr/ppp1bppp/3pp3/8/3PP1Q1/3B4/PPPN1PPP/R1B1K1NR w KQkq - 6 6,g4g7 f8g6 e4e5 e7f8 g7h8 g6h8,2135,76,95,5007,advantage clearance long master opening quietMove trappedPiece,https://lichess.org/OhjGxNFq#11,Rat_Defense Rat_Defense_Small_Center_Defense
5V7at,2kr1b1r/ppp2Npp/4pn2/8/3n3q/2N1B3/PPP1BP2/R2Q1RK1 w - - 0 13,f7d8 f8d6 f2f4 h4g3,2184,86,84,36,advantage middlegame quietMove short,https://lichess.org/T4nxTi4r#25,Scandinavian_Defense Scandinavian_Defense_Modern_Variation
5VwGK,2k5/8/2p2p2/5P2/P2PN1pp/4K2n/1P6/8 w - - 0 43,e4f6 g4g3 e3f3 h3f4 f6g4 g3g2,2108,130,29,39,advancedPawn advantage endgame knightEndgame long quietMove,https://lichess.org/xcsec8BF#85,
5WEcm,8/2p1R2p/1pk2BpP/r3Pp2/4b1r1/8/1P1R2P1/6K1 w - - 6 30,e7h7 a5a1 g1h2 g6g5 f6g5 g4g5,2122,76,89,391,advantage endgame long quietMove,https://lichess.org/KUTmGG8t#59,
5WSTT,2k5/5n2/6p1/2PK4/P6p/8/8/4B3 b - - 1 60,h4h3 e1g3 f7d8 c5c6,2109,76,80,106,crushing endgame master masterVsMaster quietMove short,https://lichess.org/j6ICXDsu/black#120,
5XFbM,2b2r1k/5Bpp/p1q5/7P/4R3/1P3QP1/P1P4K/8 w - - 0 34,f3e3 c8b7 f7c4 c6e4 e3e4 b7e4,2129,96,79,28,advantage endgame long quietMove,https://lichess.org/TAUyjXuM#67,
5XtNv,r7/P6R/8/6kP/5p2/4pK2/8/8 b - - 3 57,g5f5 h7g7 e3e2 f3e2,2183,77,93,541,crushing endgame quietMove rookEndgame short,https://lichess.org/DTsiaCNy/black#114,
5Y0KH,8/5PK1/2N3p1/2p3Pp/k1PpPq1P/8/8/8 b - - 4 68,a4b3 e4e5 d4d3 e5e6 d3d2 e6e7,2153,112,86,18,advancedPawn crushing endgame long quietMove,https://lichess.org/rg129PU3/black#136,
5Y25G,6R1/8/6n1/5k2/8/5p2/4pK2/8 w - - 2 69,g8g7 g6e5 g7g8 e5d3 f2f3 e2e1q,2108,77,90,428,advancedPawn crushing deflection endgame exposedKing long promotion quietMove,https://lichess.org/tKuj3EFU#137,
5Yc0j,5r1k/p5qp/1p1b1r1p/4p3/1PPp3P/P4BP1/5P2/R2Q1RK1 w - - 3 26,f3d5 e5e4 d5e4 d6g3,2112,80,91,1614,crushing discoveredAttack middlegame quietMove short,https://lichess.org/DRaCoa7n#51,
5YgZK,8/8/p2k4/P1p1p3/1PP1P2K/8/8/8 w - - 0 44,b4b5 a6b5 a5a6 d6c7 c4b5 c5c4 a6a7 c7b7,2140,79,89,382,crushing endgame pawnEndgame quietMove veryLong,https://lichess.org/rVjWO33W#87,
5YxGB,r4k1B/1pp1nq2/p2p3p/3P2p1/6Q1/5P2/P4P1P/4R1K1 b - - 0 24,e7f5 e1e6 f8g8 e6f6 f7h7 f6f5 h7h8 g4e4 h8a1 g1g2 a1g7 e4e6,2152,136,84,16,crushing endgame quietMove veryLong,https://lichess.org/LumTCX65/black#48,
5ZBcQ,3r2k1/1p3r1p/p3Q1p1/8/P7/5R2/3q2PP/6RK b - - 2 30,d8f8 g1f1 d2d7 e6d7 f7d7 f3f8,2108,77,90,362,crushing endgame long quietMove,https://lichess.org/gIbl8XMd/black#60,
5ZHPw,8/1p1Q4/5ppk/p1q4p/P7/2P2P2/6PP/7K w - - 3 35,d7d4 c5d4 c3d4 b7b5 a4b5 a5a4 h1g1 a4a3 g1f2 a3a2,2190,77,93,1423,advancedPawn crushing endgame queenEndgame quietMove veryLong,https://lichess.org/IKxahVIi#69,
5ZrYi,r7/pbp5/2kp3R/4p3/p7/2NP3K/PP3b1P/R1B5 w - - 1 26,c3a4 a8g8 c1g5 g8g5 a1c1 c6b5,2106,79,91,1431,crushing long middlegame quietMove,https://lichess.org/jy1CoHYa#51,
5Zz3u,5N2/6p1/2k1p2p/2p1PpnP/2K5/1P3P2/6P1/8 b - - 6 46,g5f7 f3f4 f7d8 g2g3,2159,76,90,696,crushing defensiveMove endgame knightEndgame master masterVsMaster quietMove short zugzwang,https://lichess.org/6IpFOm7s/black#92,
5aKRK,8/7p/5P2/2n3p1/3k2P1/2p5/2B1K2P/8 b - - 0 37,h7h6 c2f5 d4d5 f6f7 c3c2 e2d2,2142,75,91,1099,advancedPawn crushing endgame long quietMove,https://lichess.org/wlpuVxRa/black#74,
5aKRl,8/1pp1k3/p1p1p1R1/6p1/4Pr2/4K3/P1P3PP/8 b - - 4 23,f4g4 g2g3 e7f7 g6h6 g4g3 h2g3,2145,75,96,4551,crushing endgame long quietMove rookEndgame,https://lichess.org/q1i0C1I4/black#46,
5aRYo,8/6p1/p2k4/1p1p4/1P1K2P1/1P6/2P5/8 b - - 0 36,g7g6 g4g5 d6e6 d4c5 e6e5 c5b6,2108,76,91,491,advantage endgame long pawnEndgame quietMove zugzwang,https://lichess.org/yf22qU3Y/black#72,
5aTPr,8/4Kp2/k3p3/1p2P3/5P2/P1R1B3/2P5/3q4 b - - 9 45,d1d5 c3c7 b5b4 a3a4,2154,78,86,123,crushing defensiveMove endgame master masterVsMaster quietMove short,https://lichess.org/BFBJTKW7/black#90,
5aXgQ,7k/p1p3pp/8/2bB4/8/6qP/Pr1B4/R4Q1K w - - 3 27,a1d1 c5d6 f1g2 b2d2 g2g3 d2d1 g3g1 d1g1,2144,75,82,101,advantage exposedKing fork middlegame quietMove veryLong,https://lichess.org/pZkFDMHB#53,
5agC7,8/1r2pp2/3p2p1/6Rp/P3Pk1P/5P2/3K2P1/8 w - - 1 36,a4a5 e7e5 g2g4 h5g4,2101,77,88,205,crushing endgame quietMove rookEndgame short,https://lichess.org/GFDi2XgB#71,
5bHmK,6k1/p1p2p2/1p2q1p1/4r1Q1/4b1P1/8/PP3P2/4RRK1 w - - 0 34,g5e3 e6g4 e3g3 e5h5 e1e4 g4e4,2195,89,100,49,crushing endgame long pin quietMove,https://lichess.org/ZRv67USF#67,
5bNCx,3r1k1r/pR2n1pp/4Q3/2b1p3/2P1BP2/8/3BK1PP/7q b - - 1 23,h1g1 e4d5 g1f2 e2d1 f2f1 d1c2 f1d3 c2d3,2123,76,83,217,crushing master middlegame quietMove veryLong,https://lichess.org/sOVjRFf5/black#46,
5bl6s,8/6p1/2k1pp2/p1P4p/P2K1P1P/8/5P2/8 b - - 0 39,e6e5 f4e5 f6e5 d4c4 g7g6 f2f3 e5e4 f3e4,2125,77,88,1270,crushing endgame pawnEndgame quietMove veryLong zugzwang,https://lichess.org/3zFxholK/black#78,
5c2WP,r5k1/ppQ3p1/2n4p/8/3P2Pp/2P2q1P/PP3P2/RN4K1 w - - 1 26,c7b7 a8f8 b1d2 f3f2 g1h1 f2d2,2116,127,82,19,crushing endgame fork long quietMove,https://lichess.org/C8eIEgTd#51,
5c6tQ,8/8/2k4p/2P1pp1P/2K5/6P1/8/8 b - - 0 45,f5f4 g3g4 f4f3 c4d3 e5e4 d3e3,2155,78,90,733,crushing defensiveMove endgame long pawnEndgame quietMove,https://lichess.org/cOUrTOR9/black#90,
5cPjl,1rbq2k1/p7/2p1Rb1p/3r4/3P1PQ1/B1P5/6PP/R5K1 b - - 1 25,g8f7 f4f5 d5f5 g4f5 c8e6 f5h7,2160,77,87,73,advantage long middlegame quietMove,https://lichess.org/8KJiryef/black#50,
5cVF7,6k1/1p1r1p1p/p3pQp1/4PP2/P7/3p1R1P/3q2PK/8 b - - 0 37,d2a2 f5g6 h7g6 f3f4 a2f2 f4f2,2109,75,93,3423,crushing endgame long master quietMove,https://lichess.org/sghbRShz/black#74,
5cb9T,8/7p/4k3/p1p2p2/P1P2K2/7P/5P2/8 b - - 0 38,h7h5 h3h4 e6f6 f2f3 f6g6 f4e5,2196,78,90,171,crushing endgame long pawnEndgame quietMove zugzwang,https://lichess.org/yiFlS5zR/black#76,
5d7Sf,8/2k4p/4ppp1/2K5/5P1P/4P3/6P1/8 b - - 0 38,h7h5 e3e4 c7d7 e4e5 f6e5 f4e5,2103,75,82,367,crushing endgame long master pawnEndgame quietMove,https://lichess.org/owUQmdzi/black#76,
5d8QW,5k2/P1K5/2N5/2P4p/3P4/1q6/8/8 b - - 0 51,b3a3 d4d5 h5h4 d5d6 h4h3 d6d7 f8g7 d7d8q,2116,76,91,1809,advancedPawn crushing endgame promotion quietMove veryLong,https://lichess.org/m4XZx0b5/black#102,
5dDqJ,5b2/1p2k3/2P2p2/1P1K1Pp1/8/7p/8/6B1 b - - 0 38,b7c6 d5c6 g5g4 g1h2 g4g3 h2g3,2185,74,91,4466,bishopEndgame crushing endgame long quietMove,https://lichess.org/4B38X0qj/black#76,
5dJR1,5rk1/p4p2/4p1p1/5b1p/3R3Q/1PP2qP1/P4P1P/4R1K1 w - - 1 25,e1d1 e6e5 d4d8 f5e4 d8f8 g8f8,2174,81,68,68,advantage endgame long master quietMove,https://lichess.org/izjORx0N#49,
5dtVy,8/4K1p1/7p/8/8/8/5kPP/8 w - - 5 50,e7f7 f2g2 f7g7 h6h5 g7f6 h5h4 f6g5 h4h3 g5g4 g2h2,2176,82,88,419,crushing endgame pawnEndgame quietMove veryLong,https://lichess.org/CAzRkpqi#99,
5eTMH,8/8/4p1p1/7p/1k2P2P/p7/P2K2P1/8 w - - 0 45,d2d3 e6e5 g2g3 b4b5 d3c3 b5c5 c3b3 c5d4 b3a3 d4e4,2126,79,82,67,crushing endgame pawnEndgame quietMove veryLong zugzwang,https://lichess.org/wcWMi4oo#89,
5eUap,r5k1/p1Q3pp/2n1p3/1pq1P3/2p2r2/2P1RR2/PPB3PP/6K1 w - - 0 23,g1f2 f4f3 g2f3 a8d8 c7d8 c6d8,2196,79,87,116,crushing long middlegame pin quietMove,https://lichess.org/adUbsZRA#45,
5fGUl,8/8/3pp3/1p4p1/pb1pPkP1/3P1PN1/PP3K2/8 b - - 12 37,b4a5 g3h5 f4e5 f3f4 g5f4 g4g5 a5d8 g5g6,2155,74,96,250,advantage endgame quietMove veryLong,https://lichess.org/KW2pmU6B/black#74,
5fGV6,5Q2/1b1qr2k/p7/1p3R2/3pP1P1/1P1P4/P1r4P/6K1 b - - 0 28,e7g7 f5h5 h7g6 f8f4 d7g4 f4g4,2181,76,91,917,clearance crushing endgame long quietMove,https://lichess.org/r4h4Z2kW/black#56,
5g6Nf,6k1/6P1/6K1/1p1p4/2p1p3/2P1P3/1P6/8 b - - 1 51,d5d4 c3d4 c4c3 b2c3 b5b4 d4d5 b4b3 d5d6 b3b2 d6d7 b2b1q d7d8q,2104,75,96,1474,advancedPawn endgame mate mateIn5 pawnEndgame promotion quietMove veryLong,https://lichess.org/Z85t30Ku/black#102,
5gH2M,r3kb1r/p1Q1nppp/bpp1p3/5q2/8/2N1B3/PPP3PP/2KR2NR b kq - 1 13,e6e5 c3e4 e7d5 c7c6,2116,76,85,162,crushing opening quietMove short,https://lichess.org/OVQAD6Jy/black#26,Caro-Kann_Defense Caro-Kann_Defense_Rasa-Studier_Gambit
5gxKX,5rk1/5pq1/3R4/pP1Q4/r7/4P2p/5PP1/5RK1 w - - 1 34,b5b6 h3g2 f1d1 a4h4 d5g2 h4g4 g2g4 g7g4,2172,108,71,20,advancedPawn crushing endgame pin quietMove veryLong,https://lichess.org/0pHrxwrE#67,
5hQT0,3q1r2/1pNb1pk1/1P1pp1p1/r6p/5P2/7P/P2Q2P1/2R1R1K1 b - - 1 26,a5c5 c1c5 d6c5 e1d1 d8f6 d2d7,2198,77,83,69,crushing long middlegame quietMove,https://lichess.org/T758o63n/black#52,
5hVnP,8/1K3p2/p1p1k3/P7/1PP2n2/7p/8/6B1 b - - 1 45,f4e2 g1h2 e2d4 b7a6 d4f3 h2g3,2157,78,91,614,advantage defensiveMove endgame long quietMove,https://lichess.org/SfmqeKd8/black#90,
5hfmD,8/7p/4p1p1/3pPk2/6P1/8/P5PK/8 b - - 0 44,f5g4 a2a4 d5d4 h2g1 g4f4 a4a5,2184,80,91,2114,crushing defensiveMove endgame long pawnEndgame quietMove,https://lichess.org/pQQK2duQ/black#88,
5hs4k,3r1rk1/1b3pp1/p3qb1p/3p4/N3p3/1P1R1NQ1/P1P2PPP/4R1K1 b - - 1 20,e4d3 e1e6 d3c2 e6e1 d5d4 a4c5,2150,169,100,16,equality long middlegame quietMove,https://lichess.org/GjYsCZ02/black#40,
5iCNS,4r1k1/R7/2p2p2/2Np4/5P2/2P1n1Pr/P7/R5K1 w - - 3 35,g1f2 e3g4 f2f3 f6f5 a7a8 e8a8,2141,75,81,123,crushing endgame long quietMove,https://lichess.org/OTfIOk6d#69,
5iaYI,8/4N1p1/4p1p1/2kpPp2/2p2P2/5BrP/3K2P1/8 b - - 5 50,d5d4 h3h4 c5b6 e7c8,2199,91,80,37,advantage endgame quietMove short,https://lichess.org/CTURznln/black#100,
5ifnD,8/2p5/1p2p3/8/4K1k1/1P6/2P5/8 b - - 0 39,c7c5 c2c4 g4g3 e4e5 g3f3 e5e6,2115,78,91,1506,crushing endgame long pawnEndgame quietMove,https://lichess.org/GxFyq9Hd/black#78,
5j2HL,8/1q6/4Q3/k1p5/2Pp4/8/2P5/2K5 w - - 4 59,e6d5 b7d5 c4d5 c5c4 c2c3 d4d3 d5d6 a5b6 d6d7 b6c7 d7d8q c7d8,2118,113,73,26,crushing endgame queenEndgame quietMove veryLong,https://lichess.org/gcLQkKzV#117,
5jGpp,2k5/2p3p1/1p6/pP4Q1/P2Pq3/2P4K/8/8 b - - 0 44,g7g6 g5g4 e4g4 h3g4 c7c6 c3c4 c6b5 c4b5,2140,77,94,1815,crushing endgame queenEndgame quietMove veryLong,https://lichess.org/x9tGFGNj/black#88,
5jUfU,4b2k/7p/P3p2p/3p4/1b1P1N2/4K2P/8/8 b - - 2 40,h8g7 f4e6 g7g6 e6d8 b4a5 a6a7 a5d8 a7a8q,2124,73,93,10345,advancedPawn advantage endgame promotion quietMove veryLong,https://lichess.org/vfx7ixDR/black#80,
5jVMg,7r/7P/1Pk1p3/K4p2/8/8/8/7R b - - 2 51,c6b7 a5b5 f5f4 h1a1 f4f3 a1a7,2190,80,85,60,crushing endgame long quietMove rookEndgame,https://lichess.org/BPUAZXPi/black#102,
5jvWc,Rk1r2r1/2p2p2/1n2p3/1B4q1/3PP1p1/1QP3p1/1P3PP1/5RK1 b - - 0 27,b8a8 b5c6 a8b8 f1a1 g3f2 g1f1 g5c1 a1c1,2109,77,86,329,advantage middlegame quietMove veryLong,https://lichess.org/pV0924dP/black#54,
5kVoi,8/8/8/4K2p/6k1/8/6P1/8 w - - 2 60,e5e4 h5h4 e4e5 g4g3,2185,75,84,114,crushing endgame pawnEndgame quietMove short,https://lichess.org/S9jKUXm6#119,
5kW0X,8/8/2K1k3/5p2/6p1/7p/7B/8 w - - 2 52,c6c5 f5f4 h2f4 e6f5 f4b8 f5e4,2177,82,88,623,bishopEndgame crushing defensiveMove endgame long quietMove,https://lichess.org/1dQgJ6Zi#103,
5kfII,1k5r/p1R5/1p2Pq1n/1N2n3/2P1Pp1p/1P1r1P1P/PQ6/6RK w - - 3 32,b2a3 a7a5 a3e7 f6e7 c7e7 d3f3 g1g7 f3h3 h1g2 h3g3 g2f1 g3g7,2162,78,86,189,crushing exposedKing middlegame quietMove veryLong,https://lichess.org/gCP6iV4s#63,
5kxCB,8/8/8/pp2kBP1/8/P1p5/7K/8 w - - 2 52,f5c2 a5a4 c2b1 b5b4 g5g6 e5f6 a3b4 a4a3,2173,76,93,295,bishopEndgame crushing endgame quietMove veryLong,https://lichess.org/4Q4vouWV#103,
5l6hR,8/5k2/5P2/2P5/3P4/1K3R1p/8/7r w - - 0 54,b3c2 h3h2 f3f2 h1a1 f2h2 a1a2 c2d3 a2h2,2146,77,93,571,advancedPawn crushing endgame exposedKing quietMove rookEndgame skewer veryLong,https://lichess.org/s4S1Q7yb#107,
5ladd,8/6p1/1p1k1p1p/p2p4/P2P4/4KP1P/1P4P1/8 b - - 0 42,d6c6 e3f4 g7g6 h3h4 h6h5 g2g4,2166,77,85,139,crushing endgame long pawnEndgame quietMove,https://lichess.org/NogdiypS/black#84,
5mIY3,8/1p1n4/8/pP1P1k1p/N2K4/8/6P1/8 w - - 0 47,a4c5 d7c5 d4c5 a5a4 c5d6 a4a3 d6c7 a3a2 d5d6 a2a1q,2152,89,89,1152,advancedPawn crushing endgame knightEndgame master promotion quietMove veryLong,https://lichess.org/I08550lP#93,
5mRdF,8/8/2pBPK2/2P4p/pk4b1/6P1/8/8 b - - 0 65,g4e6 f6e6 a4a3 d6e5 b4c5 e5d6 c5b6 d6a3,2189,80,48,54,bishopEndgame crushing endgame hangingPiece quietMove skewer veryLong,https://lichess.org/pdMfK09d/black#130,
5mWks,8/p1p4p/2K2p2/8/1kP2P2/8/2P3PP/8 w - - 1 31,c4c5 a7a5 c6d7 b4c5,2118,77,80,56,crushing endgame pawnEndgame quietMove short,https://lichess.org/sJMtbvmc#61,
5mfWx,8/pp2Q1kp/6p1/8/5P2/2qp2P1/6PK/8 b - - 2 45,g7h6 g3g4 d3d2 e7f8 c3g7 g4g5 h6h5 f8c8,2199,112,86,39,crushing endgame queenEndgame quietMove veryLong,https://lichess.org/mSFdnoSh/black#90,
5n0IB,5rk1/p5p1/2pN2P1/4Pp2/4pP2/3nP2R/P1r5/5K2 b - - 2 36,c2a2 d6f7 a2a1 f1g2 d3f4 e3f4,2119,78,91,1113,crushing endgame long quietMove,https://lichess.org/bEnfqdUM/black#72,
5nBsn,r2q1r1k/1pp1b3/p1n3Q1/3p4/3P1B2/2P5/PP2N1PP/5RK1 b - - 0 20,d8e8 g6h6 h8g8 f1f3 e7f6 f3g3,2113,74,82,125,crushing long middlegame quietMove,https://lichess.org/j6r796F8/black#40,
5oRxh,6k1/1p3pbp/2p2np1/1PPpr3/Q2N4/4P2q/4BP2/2R2RK1 w - - 0 23,d4f3 e5h5 a4h4 h5h4,2100,75,87,423,crushing middlegame quietMove short,https://lichess.org/OCFktE8F#45,
5ooQh,r4rk1/pp3p1p/4bNp1/2q5/2B1PpP1/1P3P2/P3Q1K1/R7 b - - 4 25,g8g7 e2b2 f8d8 f6d7,2118,81,90,299,crushing discoveredAttack middlegame quietMove short,https://lichess.org/atrBtADx/black#50,
5ovbW,2rR2k1/5p1p/8/n3p1Pp/q3B3/2P1BP2/1P6/1K1R4 b - - 1 29,c8d8 d1d8 g8g7 e3c5 a4e4 f3e4,2176,77,91,774,crushing endgame long master quietMove,https://lichess.org/lh3ugEv5/black#58,
5p28s,1k1r4/1p3p2/BP6/3Pn3/3q4/7r/3N3p/R1RQ3K w - - 2 30,a6b7 h3g3 d1h5 b8b7,2157,120,75,25,crushing intermezzo middlegame quietMove short,https://lichess.org/GFAnGgXe#59,
5p6LQ,1r4k1/6p1/p3p1Np/8/2NP1RP1/5P2/1P4PK/4q3 b - - 2 36,b8b4 f4f8 g8h7 c4e5 e1e5 g6e5,2174,78,86,1322,crushing endgame long quietMove,https://lichess.org/UcVNs7Uh/black#72,
5qKuW,8/p6p/6p1/8/1k4P1/3K1P1P/8/8 b - - 0 38,b4b3 f3f4 b3b4 d3d4 b4b5 d4d5,2133,77,91,955,crushing defensiveMove endgame long pawnEndgame quietMove,https://lichess.org/g1mHspkN/black#76,
5qR7n,8/8/3pk3/p1p1q2p/P1P4P/1P2QK2/8/8 w - - 0 40,e3e5 d6e5 f3e4 e6f6 e4d5 f6f5 d5c5 e5e4 c5d4 f5f4 c4c5 e4e3 c5c6 e3e2,2116,119,86,13,advancedPawn crushing endgame quietMove veryLong,https://lichess.org/1ANXRlE4#79,
5qbSM,r3k2r/ppp2p1p/2n1p1bp/3pPn2/1P1P1P1q/2PB4/P3N2P/RNBQ1RK1 w kq - 1 13,d1e1 h4g4 g1h1 f5h4 e1g3 g4g3 e2g3 g6d3,2174,77,74,141,advantage capturingDefender kingsideAttack middlegame quietMove veryLong,https://lichess.org/WMM2iZUw#25,Nimzowitsch_Defense Nimzowitsch_Defense_Scandinavian_Variation
5qg4Y,5Q2/8/2p1p1p1/2P2k2/3pq1p1/6P1/P4P1P/5K2 b - - 5 42,f5g5 f8f4 e4f4 g3f4 g5f4 a2a4 f4e5 a4a5 e5d5 a5a6 d5c5 a6a7,2160,75,93,7077,advancedPawn crushing endgame queenEndgame quietMove veryLong,https://lichess.org/l5KIIWl1/black#84,
5rGIq,r4rk1/1bp2ppp/p1p2q1B/2b3Q1/4P3/P7/5PPP/RN3RK1 b - - 1 16,f6a1 e4e5 c5f2 g1h1 a1e5 g5e5,2113,75,94,1044,advantage defensiveMove long middlegame pin quietMove,https://lichess.org/m8Y1owSJ/black#32,Ruy_Lopez Ruy_Lopez_Cozio_Defense
5rdbo,8/p1p5/Kp1b4/3Bp3/1PP1P3/P1k5/8/8 b - - 2 47,c7c5 b4b5 d6e7 a6a7,2139,75,93,1462,bishopEndgame crushing endgame quietMove short,https://lichess.org/BTJoEsQp/black#94,
5slLo,8/p7/1p1k1pp1/3P3p/4KP1P/PP6/8/8 w - - 0 40,b3b4 f6f5 e4d3 d6d5 a3a4 a7a6 d3e3 d5c4,2192,76,80,58,crushing deflection endgame master pawnEndgame quietMove veryLong zugzwang,https://lichess.org/gnfmVju5#79,
5szQm,8/5p1k/5Pr1/3p4/3Q3K/6P1/p3b3/8 w - - 2 47,d4b2 g6g4 h4h3 g4a4 b2e2 a2a1q e2h5 h7g8 h5g5 g8f8,2185,76,90,414,advancedPawn crushing defensiveMove endgame master promotion quietMove veryLong,https://lichess.org/OHuGEf1X#93,
5tEzb,rr6/p7/4p1p1/R2b1k1p/2pPpN2/4P3/2P3PP/R5K1 b - - 8 30,b8b2 a1f1 f5g5 f4e6,2161,86,82,29,crushing endgame pin quietMove short,https://lichess.org/UHMT89Ww/black#60,
5tNdX,5rk1/bp1n1pp1/p3p3/6PQ/3NqP2/1P2P3/PB3K2/2R5 b - - 2 29,d7c5 c1h1 c5d3 f2f1 e4h1 h5h1,2172,76,90,718,crushing defensiveMove long middlegame quietMove,https://lichess.org/oHSOKIYJ/black#58,
5tUSB,r6r/ppp2p1k/5bpP/q3p3/6p1/2PPQP2/PP2N1P1/R3K2R b KQ - 0 19,g4f3 e3f3 a5b6 h1f1 h7h6 f3f6 b6f6 f1f6,2128,75,92,2751,crushing middlegame quietMove veryLong,https://lichess.org/PHmPT4mG/black#38,
5tbMX,8/p4p1p/2k5/2p2p2/2P2P2/4K1P1/P5P1/8 w - - 3 37,e3f3 h7h5 a2a3 c6b6,2142,75,94,4827,crushing defensiveMove endgame pawnEndgame quietMove short,https://lichess.org/nY6tmTPU#73,
5tgzH,1r3rk1/5p1p/5Pp1/q2pP1Q1/Pp1p4/8/6PP/5R1K b - - 1 25,g8h8 g5h6 f8g8 f1f3 b4b3 h6h7 h8h7 f3h3,2168,80,90,911,attraction endgame mate mateIn4 quietMove sacrifice veryLong,https://lichess.org/p6ku7W1l/black#50,
5txOh,r2r2k1/pp2nppp/5n2/4qb2/3N1N2/3B4/PPQ2PPP/R1BR2K1 b - - 0 18,f5d3 c2d3 e7f5 f4e2 f5d4 e2d4,2108,99,83,28,advantage long middlegame quietMove,https://lichess.org/2FOvlWqs/black#36,Queens_Gambit_Declined Queens_Gambit_Declined_Three_Knights_Variation
5uFnt,8/6Kp/p5p1/8/1k4P1/8/5P2/8 w - - 2 43,g7h7 g6g5 h7h6 a6a5 h6g5 a5a4 g5h6 a4a3 g4g5 a3a2 g5g6 a2a1q,2101,79,92,5146,advancedPawn crushing endgame pawnEndgame promotion quietMove veryLong,https://lichess.org/EKcgA559#85,
5uPNf,2k4r/ppp2ppp/4P3/2br1n2/2R2B2/5N1P/PP3PP1/R5K1 b - - 0 19,f7f6 a1c1 b7b6 b2b4,2151,79,91,4761,advantage middlegame quietMove short,https://lichess.org/KSYWvll1/black#38,Queens_Gambit_Declined Queens_Gambit_Declined_Marshall_Defense
5uZcS,8/8/7p/1p1k1p2/1Pp2pP1/2P2P2/P4K1P/8 b - g3 0 36,f5g4 f3g4 d5e4 h2h4 f4f3 g4g5 h6g5 h4g5,2122,75,73,697,crushing endgame master pawnEndgame quietMove veryLong,https://lichess.org/iwb5fOZQ/black#72,
5ueRt,8/4kp2/1K4p1/p7/B2n4/8/PP6/8 w - - 3 43,b6a5 g6g5 a5b4 g5g4 b4c4 g4g3 c4d4 g3g2,2158,77,86,337,advancedPawn crushing endgame master quietMove sacrifice veryLong,https://lichess.org/91jelVYv#85,
5ur2m,5r2/2k2pp1/2Np1b1p/2pPpQ2/r3P3/3q4/1R3PPP/4R1K1 b - - 3 27,f8a8 e1b1 d3b1 b2b1 a4a1 b1f1,2197,75,50,102,crushing long middlegame quietMove,https://lichess.org/8gEkpm4d/black#54,
5vMnG,1k3r2/qPp5/7Q/5p1p/2P1p1p1/8/6PP/5R1K b - - 4 31,a7c5 f1a1 c5c4 h6f8,2179,76,86,109,crushing endgame master quietMove short,https://lichess.org/toCwHtGs/black#62,
5vgyy,6k1/3r3p/p3pQp1/q1n4P/2P2P2/6P1/P2p2BK/3R4 b - - 0 31,a5a4 d1b1 d2d1q b1b8 d7d8 b8d8 d1d8 f6d8,2145,75,87,153,crushing endgame fork master quietMove veryLong,https://lichess.org/E1NwPfri/black#62,
5vlyM,8/2k5/1ppp2p1/p4p1p/P1P4K/4PP2/P6P/8 b - - 0 39,f5f4 e3e4 c7d7 h4g5 d7e6 g5g6,2104,112,89,19,crushing endgame long pawnEndgame quietMove,https://lichess.org/7RAG0rXt/black#78,
5vo57,8/6p1/8/pp6/6P1/1Pk4P/1bB1KP2/8 w - - 1 43,e2d1 g7g5 f2f4 g5f4,2111,75,91,2149,bishopEndgame crushing endgame master quietMove short,https://lichess.org/bujXrGax#85,
5vqUO,6k1/1b2bp2/1q4pp/1p6/2pBB3/4PP1P/6P1/Q5K1 b - - 3 30,b6c7 a1a7 c4c3 a7b7 c7b7 e4b7 c3c2 d4b2 e7f6 b2c1,2156,75,91,5797,advantage defensiveMove endgame quietMove veryLong,https://lichess.org/O1K5OBmR/black#60,
5w45i,8/6pk/1p5p/8/8/2p4P/P3K1P1/8 b - - 1 38,b6b5 a2a3 c3c2 e2d2 c2c1b d2c1,2112,77,91,2384,crushing endgame long pawnEndgame quietMove,https://lichess.org/Q8520FJP/black#76,
5wBSZ,3Bn1k1/5pbp/1P2p1p1/2P5/4q3/p4N2/Q4PPP/6K1 b - - 0 27,e4d5 a2d5 e6d5 f3d2 a3a2 d2b3 a2a1q b3a1,2127,76,90,1140,crushing endgame quietMove veryLong,https://lichess.org/pAA8Syyv/black#54,
5wbcG,8/5p2/2k1p3/4K3/3P4/8/P7/8 b - - 1 69,c6d7 e5f6 d7c6 a2a4 c6d5 a4a5 d5d4 a5a6,2166,111,83,26,crushing endgame pawnEndgame quietMove veryLong,https://lichess.org/SZghAVDg/black#138,
5wc0w,5n2/p3kp2/1p3Np1/1Pp1P2p/2P1K2P/P5P1/8/8 b - - 1 40,e7e6 a3a4 e6e7 e4d5,2100,77,91,511,crushing endgame knightEndgame quietMove short zugzwang,https://lichess.org/TX55JBzE/black#80,
5wqKx,r1b2r2/pp2bp1k/4p2p/3p3Q/4N3/2P2R2/P4P1P/2q2BK1 b - - 3 25,f7f5 f3g3 h7h8 h5g6,2111,75,93,3001,crushing master middlegame quietMove short,https://lichess.org/r0VcBq5P/black#50,
5xgSu,r7/4R2p/p6k/6p1/3B3r/P1P2P2/6KP/8 b - - 1 36,a8d8 e7e6 h6h5 d4g7 g5g4 e6h6,2142,76,95,4854,crushing endgame long master quietMove,https://lichess.org/RQJFVGU7/black#72,
5xvrz,4k3/2p3P1/4KBr1/4P3/p7/8/8/8 b - - 0 46,a4a3 e6f5 g6g3 e5e6 a3a2 f6g5 g3g5 f5g5 e8e7 g7g8q a2a1q g8f7 e7d6 f7d7,2193,85,91,1523,advancedPawn crushing endgame exposedKing promotion quietMove veryLong,https://lichess.org/dGSnz8Ad/black#92,
5xx5C,3n4/4q3/1Q2bk2/2p1N1p1/1p3PP1/1P2P2r/P1P4P/2K4R w - - 3 26,f4g5 f6e5 h1d1 d8b7 b6c6 h3e3,2183,93,78,35,advantage hangingPiece long middlegame quietMove,https://lichess.org/xurU5TmJ#51,
5yfid,6rr/pR1kp3/3p4/2pP2pp/2P1PP2/2P1n2P/P7/R5K1 b - - 0 26,d7c8 a1b1 g5f4 g1h1 g8d8 b7b8 c8d7 b1b7 d7e8 b8d8 e8d8 b7b8 d8d7 b8h8,2160,75,92,1236,attraction crushing defensiveMove endgame exposedKing queensideAttack quietMove skewer veryLong,https://lichess.org/bkuoMbe3/black#52,
5yy6C,5qk1/5ppp/Q7/1p2P3/3P4/2p5/5PPP/3n1NK1 w - - 0 33,a6b5 f8c8 e5e6 f7e6 f1d2 c3d2,2197,75,91,3323,advancedPawn crushing endgame long quietMove,https://lichess.org/BCyjDEfW#65,
5zjLp,8/2q3k1/3p1p2/p4Pp1/1p1r4/1P2Q3/1P4P1/4R1K1 b - - 1 38,d4f4 e3e8 f4f5 e1e7 c7e7 e8e7,2102,77,91,148,advantage clearance endgame fork long quietMove,https://lichess.org/sRKIvK6x/black#76,
6005s,8/p4pkp/5npN/6P1/8/8/r4P1P/4R1K1 b - - 0 29,f6d5 e1e8 d5f6 e8e7,2108,73,94,8782,crushing endgame quietMove short,https://lichess.org/AsCtrexi/black#58,
60i82,8/3k4/p3pp2/6p1/3PP3/P3K3/7P/8 w - - 0 33,d4d5 e6d5 e4d5 f6f5 e3d4 d7d6,2161,136,58,15,crushing endgame long pawnEndgame quietMove,https://lichess.org/CzNZnGcc#65,
60sC1,8/4k1p1/p3P3/1pp2K2/4P3/7P/1PP5/8 w - - 0 46,h3h4 a6a5 f5e5 a5a4 e5d5 b5b4,2149,76,93,3569,crushing defensiveMove endgame long pawnEndgame quietMove,https://lichess.org/t0A5N9Mj#91,
60sYI,2kr3r/ppbn1pQ1/2pqp3/3p4/3P3P/P1N1P1P1/1PPB1P2/R4RK1 w - - 1 15,e3e4 d8g8 e4e5 d6e7 d2g5 e7e8 g7h8 g8h8,2131,78,90,1851,advantage middlegame quietMove trappedPiece veryLong,https://lichess.org/Ow6OcX3Q#29,Queens_Pawn_Game Queens_Pawn_Game_Colle_System
611hL,8/1Kb5/2p3p1/P1k2p1p/5P2/2P3P1/7P/8 b - - 2 41,c7d8 a5a6 d8b6 c3c4 h5h4 g3h4,2163,77,83,64,bishopEndgame crushing endgame long quietMove,https://lichess.org/r11Fkwpb/black#82,
61iEm,7r/4k3/p3p3/1p1pQ1Pp/3P3P/2q1P3/PRr5/K4R2 w - - 4 27,f1b1 h8f8 e5g7 f8f7,2177,79,84,81,crushing defensiveMove endgame quietMove short,https://lichess.org/6cdEx3Q7#53,
61ozi,3r4/p3kpQ1/7p/4P3/2pq4/6BP/6PK/8 b - - 0 31,c4c3 g7f6 e7e8 g3h4 d4h4 f6h4,2134,81,82,45,advantage endgame long quietMove,https://lichess.org/WPbgl58Y/black#62,
622xa,rnbq1rk1/ppp1bpp1/7p/4p3/4n3/2PB1N2/PP3PPP/RNBQ1RK1 b - - 1 9,c8f5 d1c2 e4g3 d3f5,2183,79,86,567,advantage opening quietMove short,https://lichess.org/HeBfgy0e/black#18,Russian_Game Russian_Game_Other_variations
625xx,8/1kP3r1/1P6/2K2p2/8/8/6p1/6R1 w - - 0 57,c5d6 f5f4 g1c1 g7g8 c7c8r g8c8,2144,81,85,44,crushing endgame long quietMove rookEndgame,https://lichess.org/X6ryRd3Y#113,
6264O,5rk1/1p3ppp/8/pq2P3/4P1Q1/1NP1b1P1/PPK4P/5R2 w - - 2 26,f1f5 f8d8 b3d4 e3d4,2177,77,82,67,advantage endgame quietMove short,https://lichess.org/xuhfKIS5#51,
62BFR,8/1K6/p1R5/1p6/1P6/4k3/r1P5/8 b - - 7 45,a2b2 c2c3 a6a5 b4a5,2100,79,92,632,crushing endgame master quietMove rookEndgame short,https://lichess.org/YgJ76RQR/black#90,
62nMf,8/p7/1b2KP2/1P4k1/6P1/7P/8/8 b - - 0 54,g5g6 h3h4 b6d4 h4h5 g6g5 f6f7 d4c5 e6d7,2143,77,83,74,advancedPawn bishopEndgame crushing defensiveMove endgame quietMove veryLong,https://lichess.org/7sddb35X/black#108,
62rDk,8/2Pk4/8/4B1Kp/6pP/6P1/5r2/8 w - - 37 80,g5h5 f2f5 h5g4 f5e5 h4h5 e5e8 g4f5 d7e7,2104,150,82,9,crushing defensiveMove endgame fork quietMove veryLong,https://lichess.org/xCnGEd0s#159,
6339J,6k1/4p2p/pN5b/2pP4/2P5/1P2ppP1/P6P/2B3K1 w - - 0 30,c1b2 e3e2 g1f2 h6d2 f2f3 e2e1q,2174,81,92,3082,advancedPawn clearance crushing endgame long master promotion quietMove,https://lichess.org/YFfhTs4A#59,
6375H,1r4k1/p1p2ppp/6q1/3P4/2p3n1/2B2PPb/PP2P2P/2RQR1K1 w - - 1 18,f3g4 g6e4 g1f2 b8e8 e1f1 e4g2 f2e1 g2f1,2141,77,74,155,advantage kingsideAttack middlegame quietMove veryLong,https://lichess.org/UPOjue1c#35,Queens_Gambit_Declined Queens_Gambit_Declined_Ragozin_Defense
63hIJ,3r2k1/p1Qb2pp/2p2r2/4Rpq1/2P5/7P/PPP2PP1/4R1K1 b - - 4 18,f6g6 g2g3 g5f6 e5e7,2163,94,73,42,advantage middlegame quietMove short,https://lichess.org/S3JrbX01/black#36,Vienna_Game Vienna_Game_Anderssen_Defense
63zob,3b4/p5kp/1p1P1N2/2p1p1Pp/2P5/1P6/P3r3/1K3R2 b - - 4 37,d8f6 g5f6 g7f7 f1d1 e2g2 d6d7,2121,88,89,45,advancedPawn crushing endgame long quietMove,https://lichess.org/4XWwBA7k/black#74,
64ApY,1k1r3r/6R1/1p6/1NnPpp1p/4n3/5qPP/2Q2P2/4R1K1 b - - 0 24,d8c8 e1a1 f3b3 c2b3 c5b3 a1a6,2165,143,9,12,crushing long middlegame quietMove,https://lichess.org/Tj9BpyWJ/black#48,
64Ot1,2r3k1/p2p1ppp/b4q2/2pP4/2P5/NB6/Pn2QPPP/R5K1 b - - 1 19,b2c4 a1e1 c4e5 e2e5 f6e5 e1e5,2103,75,91,6296,advantage long middlegame quietMove,https://lichess.org/hmrCI71m/black#38,Scotch_Game Scotch_Game_Classical_Variation
64VQH,r4rk1/3nbppp/1p1q2P1/4p2P/p3P1N1/2P1BB2/np2Q3/1K4RR w - - 0 25,b1a2 d6a3 a2b1 a3a1 b1c2 a1a2 g1b1 a2b3,2151,77,67,57,crushing exposedKing middlegame quietMove veryLong,https://lichess.org/hwLn7N4k#49,
64pgE,2b3k1/p5p1/2N5/2ppPPP1/5K2/P2r4/1n6/6R1 b - - 1 35,g8f8 g1h1 d3f3 f4f3,2129,75,92,637,advantage endgame master quietMove short,https://lichess.org/rDqbh2Js/black#70,
64yl9,6r1/1p6/p2kPp2/3n4/3RKP2/P5P1/8/8 b - - 1 44,g8f8 f4f5 d6c6 d4d5,2142,75,94,3131,crushing endgame quietMove short,https://lichess.org/uiaZ0RLK/black#88,
64zed,r6k/pb1Q3p/1pp5/3pP3/4p3/1N4qB/PPP5/5RK1 w - - 0 29,h3g2 a8g8 f1f2 e4e3,2128,75,92,6256,crushing middlegame quietMove short,https://lichess.org/ffo9ZLA9#57,
65QZu,6r1/R5bk/p5pp/1p3p2/2P5/2B2P2/P6P/7K b - - 3 31,h7h8 a7g7 g8g7 c4c5 h8g8 c3g7,2124,76,83,182,crushing endgame long pin quietMove sacrifice,https://lichess.org/Oj96rDM6/black#62,
65UwK,4r3/pp6/3p2p1/PP1P1pk1/1P4p1/8/5pPK/2R2B2 w - - 0 34,c1c2 f5f4 c2f2 g4g3 h2g1 g3f2,2109,79,75,48,advancedPawn crushing endgame fork long quietMove,https://lichess.org/TR9SkfUP#67,
65nYX,8/1p5p/p3k1p1/Pn1p4/1P1B2P1/5P1P/5K2/8 w - - 1 41,f2e3 b5d4 e3d4 g6g5 d4e3 e6e5,2126,76,83,165,crushing defensiveMove endgame long master quietMove,https://lichess.org/wIzxwrC3#81,
65poh,3k4/3P3R/4P3/6p1/7r/4K2p/8/8 w - - 1 50,h7g7 h4h8 e6e7 d8d7 e7e8q d7e8,2127,76,98,397,crushing endgame long quietMove rookEndgame,https://lichess.org/ndp7959J#99,
66E1Z,8/B4kpp/1p2p3/p7/1PbP2P1/2P2P2/5K1P/8 w - - 0 38,a7b6 a5a4 d4d5 a4a3,2131,80,92,5658,bishopEndgame crushing endgame quietMove short,https://lichess.org/PhgEDBq3#75,
66iMS,2r2rk1/p4pp1/bp2p2p/1q1p4/3P2Q1/2B5/PP6/K2R3R b - - 1 24,g8h7 d1g1 b5f1 g1f1,2104,77,81,223,crushing middlegame quietMove short,https://lichess.org/iFHXtlIR/black#48,
66rL0,8/6k1/4p1n1/1q1pP1Q1/1p6/2p5/1r3BPP/5RK1 b - - 0 34,c3c2 f2e3 b2b1 g5h6 g7g8 h6g6,2131,111,87,17,crushing deflection endgame exposedKing long master quietMove,https://lichess.org/k171gf2f/black#68,
66ygC,5rk1/B4ppp/4R3/1p4q1/1P6/PQ6/3r2P1/5RK1 w - - 1 28,g2g3 g5h5 a7f2 f7e6 b3e6 g8h8,2134,87,83,31,crushing defensiveMove long middlegame quietMove,https://lichess.org/Zrt4HjGC#55,
673Fj,5rk1/5ppp/2p5/2n5/1p1NP3/rp1B2P1/2P4P/1K1R3R w - - 2 23,c2b3 f8a8 b1c2 a3a2 c2c1 c5d3 d1d3 a2a1 c1d2 a1h1,2159,79,92,6120,advantage deflection exposedKing middlegame queensideAttack quietMove skewer veryLong,https://lichess.org/svtaiJIX#45,
674sG,8/2N5/p7/n1p5/P7/1P2k3/2K5/8 b - - 1 58,c5c4 b3b4 a5b7 c2c3 a6a5 b4b5 b7c5 c7d5 e3e4 d5b6,2175,158,73,20,crushing endgame knightEndgame quietMove veryLong,https://lichess.org/wZ0gh2Fn/black#116,
67A8W,6k1/6pp/1R6/4p3/2P2p2/6nP/r5PK/4R3 w - - 2 43,e1e5 a2a1 b6b8 g8f7 e5f5 g3f5,2134,74,91,834,crushing endgame long master quietMove,https://lichess.org/M1xdpK1j#85,
67AYu,2kr1b1r/ppp5/5p1n/BP1p4/P5p1/1QN1q1P1/4PR1P/3R2K1 w - - 2 24,a5c7 f8c5 d1f1 c8c7 c3d5 d8d5,2112,128,84,32,crushing intermezzo long middlegame pin quietMove,https://lichess.org/uWKfw1jz#47,
67PMO,6k1/5p2/p5p1/P2p3p/2qBp2P/1r2P1PB/2r2PK1/3RQ3 w - - 8 33,d1d2 c2c1 d2d1 b3b1 d1c1 b1c1,2105,76,88,641,advantage long master masterVsMaster middlegame quietMove superGM,https://lichess.org/d5P4VTjf#65,
67qJ1,5r1k/pQ4p1/8/4P3/3n4/3P4/PP1K2PP/6b1 w - - 1 34,b7e7 g1e3 d2e1 f8c8 e7h4 h8g8,2169,120,67,41,crushing endgame long quietMove,https://lichess.org/LCs9wN7V#67,
681Lc,2r3k1/5pb1/6pp/8/Q3BP2/2p1R1P1/3q1PKP/8 w - - 3 41,e3d3 d2b2 a4a6 c8f8 d3d6 c3c2 e4c2 b2c2,2164,123,84,32,advancedPawn advantage endgame quietMove veryLong,https://lichess.org/CfatY1zW#81,
681Ym,2r2r1k/4q1p1/1B1pPbQp/P2R4/2p2P2/7R/1P5P/6K1 b - - 11 37,e7e6 h3h6 h8g8 d5h5 f6d4 b6d4 e6g6 h6g6,2105,76,81,143,crushing middlegame pin quietMove veryLong,https://lichess.org/hx2kG6wD/black#74,
68Kkr,r5k1/5bpp/1qnp1p2/4pP2/1pP1P1PP/1P1Q4/r1N3B1/R4R1K w - - 3 27,d3d6 a2a1 f1a1 a8d8 c4c5 b6b7 a1a7 b7a7,2130,207,73,15,crushing master middlegame quietMove veryLong,https://lichess.org/kcKDsHIl#53,
68L1H,r6Q/pbkn3p/4pn2/1p6/3PP3/3B4/1p1B1PPP/qR2K1NR w K - 1 17,d2f4 c7b6 h8g7 b7e4 g7g3 a8c8 g1e2 f6h5 d3e4 h5g3 h2g3 d7f6,2138,220,100,10,defensiveMove equality middlegame quietMove veryLong,https://lichess.org/dykvTQK1#33,
68LZH,8/8/p2B2P1/1p1kP2p/1P6/2K5/8/2b5 b - - 0 49,d5e6 g6g7 e6f7 d6f8 f7g8 e5e6,2186,77,94,8685,advancedPawn bishopEndgame crushing endgame long quietMove,https://lichess.org/nXFChN7A/black#98,
68Pzr,8/5pk1/7p/6pK/5P2/6PP/8/8 b - - 0 46,f7f6 f4f5 g7h7 h5g4,2186,87,92,453,crushing endgame pawnEndgame quietMove short zugzwang,https://lichess.org/sCUgfGv9/black#92,
68nln,r1b1k2r/ppp2ppp/2p5/4P3/4P3/2N5/PPq1BKPP/R1B4R b kq - 1 10,f7f5 h1d1 c8e6 d1d2 c2d2 c1d2,2136,76,92,4148,advantage long middlegame quietMove trappedPiece,https://lichess.org/4kHxppP5/black#20,Russian_Game Russian_Game_Stafford_Gambit
69CZv,8/1p5p/p1p5/3pKpk1/PP1P4/5PP1/8/8 b - - 0 40,h7h5 a4a5 f5f4 g3f4,2135,75,78,134,advantage endgame master pawnEndgame quietMove short zugzwang,https://lichess.org/VCtMysES/black#80,
69jjp,r1b2rk1/1p1n1ppp/p1n1p3/q3P1B1/7Q/1RN5/P1P1B1PP/5R1K b - - 2 18,d7e5 c3e4 e5g6 h4h5 h7h6 b3h3,2104,146,12,19,advantage defensiveMove long middlegame quietMove,https://lichess.org/Ua9K1sLS/black#36,Sicilian_Defense Sicilian_Defense_Najdorf_Variation
69w3q,8/5pp1/1k6/5b1p/p7/1pK4P/1R3PP1/8 w - - 4 49,c3b4 f5c2 b4a4 b6c5,2133,76,92,4898,crushing defensiveMove endgame quietMove short,https://lichess.org/aOz1iqas#97,
6A33T,8/8/6R1/4pk2/2P2r2/1P2K3/r7/3R4 w - - 2 53,g6b6 a2f2 b6f6 f5f6,2174,78,91,712,crushing endgame master quietMove rookEndgame short,https://lichess.org/KsuREmfO#105,
6AWaE,3r3k/6p1/1p2BpQp/p4P2/6P1/2p5/P1b4P/6K1 w - - 4 39,h2h4 c2a4 g6f7 c3c2,2164,79,89,1622,advancedPawn advantage endgame master masterVsMaster quietMove short,https://lichess.org/YxhioUNm#77,
6Ad7W,r1b2r1k/3n1p2/pq2pn1p/1p1p3P/5Q2/2N3R1/PPP1PPP1/2K2B1R b - - 5 15,h8h7 e2e3 c8b7 f1d3,2178,78,83,126,advantage clearance middlegame quietMove short,https://lichess.org/R03vPgUF/black#30,Indian_Defense Indian_Defense_Knights_Variation
6AyKQ,r2qr1k1/ppb2pp1/5n2/3p2B1/5Pp1/2P3Q1/PP1N4/R4K1R b - - 1 20,d8e7 g3h2 e7e2 h2e2 e8e2 f1e2,2109,76,90,648,advantage long middlegame quietMove,https://lichess.org/HgtVM87F/black#40,
6BbzV,8/2P2B2/3n1p2/5p2/4p3/p1k4P/5PP1/6K1 w - - 2 43,h3h4 f5f4 h4h5 e4e3,2141,77,92,1017,crushing endgame quietMove short,https://lichess.org/3AbWDITu#85,
6BkMR,r2qrbk1/1b3p1p/p3pPp1/1p2P1Q1/4p2R/8/1PP3PP/5R1K b - - 1 24,h7h6 h4h6 e8e7 h6h3 d8d2 g5d2,2175,200,52,17,crushing long middlegame quietMove,https://lichess.org/woIwkNes/black#48,
6CGq4,8/8/6p1/1R3p1p/P6k/1P1r4/5PK1/8 b - - 0 42,f5f4 a4a5 d3d2 b5b4,2110,103,72,28,crushing endgame master pin quietMove rookEndgame short,https://lichess.org/jVNKIfeY/black#84,
6CXMR,8/1k1b4/3p2p1/K2P1pP1/5P2/8/2B5/8 b - - 0 46,d7c8 c2a4 b7c7 a4e8,2132,75,93,10003,bishopEndgame crushing endgame master quietMove short,https://lichess.org/GJQUV7MZ/black#92,
6CpIY,rn3rk1/ppq2pp1/2pbp2p/8/8/P1BQ1B1P/1PP2PP1/R3K2R b KQ - 2 14,b8d7 a1d1 d6e5 d3d7 e5c3 b2c3,2137,76,91,1102,advantage long middlegame quietMove,https://lichess.org/3TJO9Z0O/black#28,Zukertort_Opening Zukertort_Opening_Other_variations
6D23y,2k5/1pp3p1/p5r1/3P3r/2P2R2/6p1/PP4P1/R5K1 w - - 0 24,a1f1 g6h6 f4f8 c8d7 f1f7 d7d6 g1f1 h5e5,2194,77,90,512,crushing endgame master quietMove rookEndgame veryLong,https://lichess.org/d1WX49Lv#47,
6DLFW,8/3b1pk1/2p1p1p1/2Pp2P1/2rN1P2/r3PK2/7R/7R b - - 9 39,e6e5 h2h8 a3e3 f3e3,2198,77,90,104,crushing endgame quietMove short,https://lichess.org/TLBqhzi1/black#78,
6Dbkq,r4r2/pp3p2/4bQnk/8/2PP4/3B4/P5PP/qN3RK1 b - - 0 23,a8d8 f1f4 a1d4 f4d4,2190,88,65,40,crushing middlegame pin quietMove short,https://lichess.org/28bs7Q16/black#46,
6Dblm,6k1/6p1/3QP2p/7P/p7/1q4PK/8/8 b - - 0 44,a4a3 e6e7 g8f7 d6d7 b3e6 d7e6,2169,75,93,1801,advancedPawn crushing endgame long queenEndgame quietMove,https://lichess.org/v2pUymqN/black#88,
6DweD,7R/3b1p2/p7/8/1P2Pk2/5P1p/5P2/1K6 w - - 3 42,b1b2 f4f3 h8h7 d7e6 b2c3 f3g2 c3d4 h3h2 h7h2 g2h2,2123,81,83,40,advancedPawn crushing endgame quietMove veryLong,https://lichess.org/8dQIlQI2#83,
6EEJl,4rr2/1bp2ppk/p2p2n1/1p3Rq1/PP2P3/2PP4/3NQ1PP/R5K1 b - - 3 20,g5e7 e2h5 h7g8 d2f3 b7e4 f3g5,2188,79,88,141,advantage long middlegame quietMove,https://lichess.org/96npTh9r/black#40,
6EHqy,8/8/4p1pp/2p1P1k1/1p2K3/1P4P1/P6P/8 w - - 1 45,h2h3 h6h5 e4d3 h5h4 g3h4 g5h4,2177,85,91,524,crushing endgame long pawnEndgame quietMove zugzwang,https://lichess.org/dfVrnqzq#89,
6EfFF,r4rk1/p4pNp/4p1n1/qb1pP1B1/p2P2P1/1P6/5P1P/R2QN1K1 b - - 0 20,g8g7 g5f6 g7g8 d1c1 a5e1 c1e1,2124,77,92,4238,crushing long middlegame quietMove,https://lichess.org/I1UObizH/black#40,
6ExTL,6k1/r3p3/1p1p1p2/2nP1BpR/2P3P1/1PK2P2/1R6/3r4 b - - 3 36,a7a3 b2h2 d1d3 f5d3,2157,77,81,72,crushing endgame master quietMove short,https://lichess.org/OszzQ0Bl/black#72,
6F1Kk,6r1/p1p5/2p2kr1/2R5/5B2/2P2bP1/PP1R1P2/6K1 w - - 3 27,d2d7 g8h8 f4e5 f6e6 e5h8 g6h6 c5c6 f3c6,2184,79,91,548,advantage defensiveMove endgame quietMove sacrifice veryLong,https://lichess.org/9gA92nM3#53,
6G8HN,1k6/1p6/p3NPn1/4p2p/3pP3/P7/1PP2Pr1/2KR4 w - - 1 30,d1d2 h5h4 d2d3 g2f2,2139,115,-17,28,advantage endgame quietMove short,https://lichess.org/7F4vMpVN#59,
6GBKJ,r2qr2k/p2ppQbp/b5p1/4P3/8/1B2B3/PPP2PPP/R3K2R w KQ - 1 14,f2f4 e7e6 e1c1 e8e7,2122,78,89,642,advantage clearance master middlegame quietMove short,https://lichess.org/sCNMEDoV#27,Sicilian_Defense Sicilian_Defense_Accelerated_Dragon
6GFFY,4r3/1p6/p2k3r/3Pp1np/1PPR2p1/P2B1pP1/5P1P/4R2K w - - 1 33,d4e4 g5e4 d3e4 b7b6 e1c1 e8c8,2120,91,56,73,advantage endgame long quietMove,https://lichess.org/X8N0dX1o#65,
6GSb2,4r1k1/ppr2pb1/6p1/2pBP3/3P2P1/P3BQ2/1q6/5RK1 b - - 1 28,c5d4 d5f7 c7f7 f3f7 g8h7 f1f3 b2b1 g1h2,2134,147,82,9,crushing defensiveMove fork middlegame pin quietMove veryLong,https://lichess.org/c1RQhod9/black#56,
6GT2x,1r4k1/p1pq2pp/b1p5/3p4/2PP2P1/2N1P1b1/PP4P1/R1BQ1B1K w - - 1 18,d1f3 d7d6 e3e4 b8f8,2151,83,78,51,advantage middlegame quietMove short,https://lichess.org/NxGcizFg#35,English_Opening English_Opening_Kings_English_Variation
6GbkJ,3r1rk1/2R4p/4bnp1/4p3/1PBp3q/B4R1P/6P1/5QK1 b - - 0 34,e6c4 f1c4 g8h8 b4b5 h4e1 c4f1,2177,192,75,10,crushing long master middlegame quietMove,https://lichess.org/wGa9BfMz/black#68,
6H9qp,k2b4/p2P3Q/2q5/8/8/1P3PP1/3R2K1/4r3 b - - 0 38,c6e6 h7c2 e6b6 c2c8,2105,75,89,1046,crushing endgame master quietMove short,https://lichess.org/EwCy9LY4/black#76,
6HUO7,6k1/p2r2bp/1p4p1/1P1pPp2/3N4/P2n2P1/1B3P1P/2R3K1 w - - 0 27,e5e6 d7d8 c1c7 d3b2,2155,79,80,44,advantage endgame master quietMove short,https://lichess.org/x5wwtLfx#53,
6Hzph,r1b2r1k/ppp2ppB/4pq2/6R1/2P1Q3/8/P4P1P/5KR1 b - - 0 21,f6a1 f1g2 a1f6 e4h4 f6g5 h4g5,2129,135,70,10,advantage defensiveMove long middlegame quietMove,https://lichess.org/LTYOLC6k/black#42,
6I3Tp,8/6p1/6p1/5pP1/1P3P1P/p3k3/2K5/8 b - - 0 42,e3d4 c2b3 d4e4 b4b5 a3a2 b3a2,2120,97,85,24,crushing endgame long pawnEndgame quietMove,https://lichess.org/tKAnxXzA/black#84,
6IYQX,2R5/5pk1/3p2p1/3Pp3/4P2P/2p1qP2/3b2KP/3Q4 w - - 1 41,h4h5 d2e1 d1e1 e3e1,2187,90,83,30,crushing endgame master quietMove short,https://lichess.org/RQQ1GHu7#81,
6IxtY,2rqb1k1/5p1p/pn4p1/1ppPN3/5p2/1P4P1/P5BP/Q3R1K1 b - - 1 23,f4g3 e5g4 d8h4 g4f6,2106,75,83,89,crushing master middlegame quietMove short,https://lichess.org/4h2Enkwc/black#46,
6J1vY,2r2r2/1R3pk1/4pb1p/pBp4Q/3q4/6P1/P1P2P2/1R4K1 b - - 1 23,c8b8 b5d3 b8b7 b1b7 f6e7 b7e7,2198,80,75,128,advantage long middlegame quietMove,https://lichess.org/WdA2pbD0/black#46,
6JDc0,3rk3/R7/2K5/3P4/8/8/8/8 w - - 5 54,d5d6 d8c8 a7c7 c8a8 c7e7 e8d8,2176,193,100,12,endgame equality long quietMove rookEndgame,https://lichess.org/5zJa8Tnh#107,
6Jr6n,r1r3k1/2Q3pp/P3p3/2P1P3/6q1/2KR4/8/R7 w - - 1 44,c7d6 a8b8 a6a7 g4b4,2107,78,100,51,crushing endgame quietMove short,https://lichess.org/GmazOi7X#87,
6K8LS,r6k/p5p1/2p4p/2B2r2/8/3n4/P2NBP1P/R4K2 w - - 2 28,c5a7 a8a7 e2d3 f5d5 f1e2 a7d7 d3e4 d5d2,2193,116,77,17,advantage middlegame quietMove veryLong,https://lichess.org/NMFVicDe#55,
6KEXO,3R2k1/8/p1p3p1/7p/q5b1/P7/1P4PP/4R2K b - - 3 32,g8h7 e1e7 h7h6 h2h4 a4d1 d8d1,2145,76,95,2562,crushing endgame long quietMove,https://lichess.org/7iya5U4h/black#64,
6KJ9k,8/5k2/b3pP2/3pP3/1N6/1P2K1Pp/P7/8 w - - 0 47,e3f3 a6f1 f3f2 h3h2 f2f1 h2h1q,2183,76,94,6862,advancedPawn crushing endgame long promotion quietMove,https://lichess.org/j8xPyqSg#93,
6KMNK,2r1k2r/1pq2ppp/pR2p3/3pP3/P1NP4/3Q4/5PPP/1R4K1 b k - 0 21,c7c4 d3a3 c4d4 b6b7 d4c5 a3c5 c8c5 b7b8 e8d7 b8h8,2118,99,36,32,advantage endgame quietMove skewer veryLong,https://lichess.org/54L6VTdg/black#42,
6KvFs,r1bn4/pp3p1k/4pPBp/3pP1r1/q1pP3N/P1P2R2/2PQ2PP/6K1 b - - 6 22,g5g6 f3h3 h6h5 h4g6 f7g6 d2g5 a4c2 h3h5,2187,364,82,6,crushing intermezzo middlegame quietMove veryLong,https://lichess.org/OdUXcSne/black#44,
6LHX5,8/8/p5p1/5p1p/k1K2P2/2P3P1/6P1/8 b - - 0 47,a4a3 c4d5 a3b3 c3c4 a6a5 c4c5 a5a4 c5c6 a4a3 c6c7 a3a2 c7c8q,2159,75,85,200,advancedPawn crushing endgame pawnEndgame promotion quietMove veryLong,https://lichess.org/Hf041ctJ/black#94,
6LfLU,8/1b5B/3p1k2/1ppPp3/8/4KP2/PP6/8 w - - 0 40,h7g8 b7c8 g8h7 c8f5,2182,107,76,23,bishopEndgame crushing endgame quietMove short,https://lichess.org/rFLExbHD#79,
6MIJL,1r6/p1r5/5pk1/RP1R3p/3P2p1/6P1/1P3PP1/6K1 w - - 3 35,d5d6 c7c1 g1h2 b8e8 a5a6 e8e1,2140,75,86,246,crushing defensiveMove endgame long master quietMove rookEndgame,https://lichess.org/hbVmxAGu#69,
6Mat4,8/8/8/5pK1/4k1pP/6P1/8/8 b - - 2 50,e4e5 h4h5 e5e6 h5h6 e6f7 g5f5,2191,76,98,205,crushing endgame long pawnEndgame quietMove,https://lichess.org/uMlorUYO/black#100,
6Mlad,1B6/p7/2p5/3p4/n2P2k1/2P5/2K5/8 b - - 1 42,a7a6 b8a7 g4f3 c2b3 a4c3 b3c3,2169,78,90,895,crushing endgame long quietMove trappedPiece,https://lichess.org/lkrH4E1y/black#84,
6Mvoy,3rk1r1/1p1q1p2/p2p1Qb1/2p5/P1B1PPp1/1P1P3P/2P3K1/R4R2 w - - 0 23,h3g4 d7g4 g2f2 g6h5 c4f7 h5f7,2110,155,77,21,equality long middlegame quietMove,https://lichess.org/TfZMBlGT#45,
6NeK8,8/5p2/5p1p/3k4/5PP1/6KP/8/8 b - - 0 38,d5e4 f4f5 e4e3 g3h4,2140,78,83,51,crushing defensiveMove endgame pawnEndgame quietMove short,https://lichess.org/1GlQHiAw/black#76,
6NmTa,r1b1k2r/pp1p1ppp/2n1p3/2q5/2P1n3/PQPBP3/1B3PPP/R3K1NR b KQkq - 2 10,c5f5 b3c2 f5f2 c2f2 e4f2 e1f2,2176,126,37,27,advantage long opening quietMove,https://lichess.org/GsQrDQff/black#20,Nimzo-Indian_Defense Nimzo-Indian_Defense_Samisch_Variation
6NniU,8/2k5/5p1p/2K2PP1/7P/8/8/8 b - - 0 55,h6g5 h4h5 g5g4 c5d4 g4g3 d4e3 g3g2 e3f2 g2g1r f2g1,2149,149,88,19,crushing endgame pawnEndgame quietMove veryLong,https://lichess.org/KrsU5KOt/black#110,
6Nwan,2rqr1k1/3b1ppp/p7/8/1n3P2/1PN5/1PPQB1PP/R3K2R w KQ - 5 21,e1c1 d8a5 d2d7 a5a1 c1d2 a1b2,2112,82,82,64,advantage deflection long middlegame queensideAttack quietMove sacrifice,https://lichess.org/1DBGckyp#41,
6O8Hf,8/p5k1/8/1p3PP1/2p3K1/8/PP6/8 w - - 1 41,g4h5 b5b4 f5f6 g7f7 g5g6 f7f6 h5h6 c4c3 b2c3 b4c3 g6g7 c3c2,2174,75,82,156,advancedPawn crushing defensiveMove endgame pawnEndgame quietMove veryLong,https://lichess.org/qpQfFCKL#81,
6Ojsz,5rk1/8/2p2P1R/3p2P1/3PnP1N/1p6/PKQ5/5q2 w - - 0 38,a2b3 f8a8 f6f7 g8f7 h6f6 f7g8,2169,101,82,37,crushing defensiveMove endgame long quietMove,https://lichess.org/bfehC6MP#75,
6P0hZ,8/6p1/7p/1k6/2p2P1P/6P1/3K4/8 w - - 0 47,d2c3 h6h5 f4f5 b5c5,2185,73,92,8434,crushing defensiveMove endgame pawnEndgame quietMove short,https://lichess.org/EV4aF2Ks#93,
6PSPe,3r1r1k/1bp1qp2/pp3b2/5Qp1/6R1/1B5P/PP1B1PP1/3R2K1 b - - 1 25,b7c8 g4h4 g5h4 f5h5 h8g8 b3c2 e7e4 c2e4,2139,78,89,1752,crushing exposedKing middlegame quietMove sacrifice veryLong,https://lichess.org/gkwhphKH/black#50,
6Pd65,2r3k1/2P2ppp/p7/4p3/5q2/P6P/2R3P1/2R4K b - - 0 27,e5e4 c1d1 f4f6 c2d2 g8f8 d2d8,2104,78,96,747,advantage endgame long queenRookEndgame quietMove,https://lichess.org/rvaXW1Zv/black#54,
6PvC4,8/5p2/2k3pp/p3p3/P3P1P1/2PK3P/8/8 w - - 0 35,d3c4 g6g5 c4b3 c6c5 b3b2 c5c4 b2c2 f7f6 c2d2 c4b3 d2d3 b3a4 d3c4 a4a3,2130,76,95,1922,advantage defensiveMove endgame master pawnEndgame quietMove veryLong zugzwang,https://lichess.org/psyNqM1J#69,
6Q5Z6,8/7p/6p1/3K1p2/1P6/8/5kPP/8 b - - 0 56,f2g2 d5e5 g2f3 b4b5 f5f4 b5b6,2191,76,91,1384,crushing endgame long pawnEndgame quietMove,https://lichess.org/kiUe4r1B/black#112,
6Q77J,1r2n2k/1p2q1b1/pR1pB1p1/P2P2p1/2P1Np1P/5n2/5P2/1QR4K w - - 0 30,b1b3 g5g4 e4g5 f3g5,2161,80,91,459,advantage master middlegame quietMove short,https://lichess.org/sS5pdeID#59,
6QkFE,1r4k1/rbR2p1p/p3p1p1/2Np2R1/P7/2P5/2P2PPP/6K1 w - - 0 26,g5g4 b7c8 c7c8 b8c8,2194,81,80,42,advantage endgame quietMove short,https://lichess.org/WYdjph3C#51,
6QpWY,8/p4pkp/6p1/4Qp2/8/q6P/r4PP1/5RK1 b - - 1 26,g7g8 f1b1 a3f8 b1b8 f8b8 e5b8,2113,74,94,4732,advantage endgame long pin quietMove,https://lichess.org/d3seAVlc/black#52,
6RB43,r2q1rk1/pp2bppp/2pp1n2/4p3/2BnP3/P1NP3P/1PP2PP1/R1BQ1RK1 w - - 0 11,c3a4 b7b5 c2c3 d4e6 c4e6 f7e6,2180,77,88,852,advantage fork long master opening quietMove,https://lichess.org/1NF4Ig1S#21,Philidor_Defense Philidor_Defense_Other_variations
6RbUe,2kr2nr/ppp3pp/3bp3/8/8/8/PPP2PPP/RNB1R1K1 w - - 0 13,e1e6 d6b4 b1d2 b4d2 c1d2 d8d2,2192,88,73,41,advantage long middlegame quietMove,https://lichess.org/vur2C0fC#25,Scotch_Game Scotch_Game_Other_variations
6RfOu,4k3/7p/1p2pK2/p5N1/8/8/8/8 b - - 0 40,b6b5 g5e6 b5b4 e6c5 b4b3 c5b3,2144,182,100,12,endgame equality knightEndgame long quietMove,https://lichess.org/2HdEuMfn/black#80,
6Rhh2,8/2p5/3N4/5p2/8/1P3K2/Pk6/8 b - - 0 50,c7d6 b3b4 d6d5 b4b5 d5d4 b5b6,2188,79,92,80,crushing endgame long pawnEndgame quietMove,https://lichess.org/0fJyeLwZ/black#100,
6Rqwg,8/1P4pk/2KB3p/8/8/7P/1r6/8 b - - 0 47,g7g5 b7b8q b2b8 d6b8 g5g4 h3h4 g4g3 b8g3,2105,90,74,34,advancedPawn crushing endgame promotion quietMove veryLong,https://lichess.org/oBSKH4ka/black#94,
6SMjO,r2q2k1/1bp5/1p1pQ2p/p2P2r1/P1P1N3/6P1/1P6/R5K1 b - - 1 30,g8h7 a1f1 g5g3 e4g3 d8g5 f1f7,2134,374,54,6,crushing long master middlegame quietMove,https://lichess.org/8NxvKVLI/black#60,
6SPkX,8/p6p/8/2pK2k1/8/3P4/PP6/8 w - - 2 42,d5c5 h7h5 c5d4 g5f4,2111,74,87,162,crushing defensiveMove endgame pawnEndgame quietMove short,https://lichess.org/ZhOKiGrd#83,
6SfDS,5rk1/p4pp1/1p1p3p/2p2rq1/2B1Q1R1/8/PPP5/1K1N4 b - - 0 25,g5h5 c4d3 d6d5 e4f5 h5f5 d3f5,2141,76,93,5634,advantage long middlegame quietMove,https://lichess.org/VsYWHgob/black#50,
6Ssih,8/8/6K1/1p2kpP1/1Pb5/8/2B5/8 w - - 1 66,g6h7 f5f4 c2d1 e5e4 g5g6 f4f3,2174,77,90,1231,bishopEndgame crushing endgame long quietMove,https://lichess.org/sEBs5CQk#131,
6TLqW,8/1p1k1p2/p2B2p1/1p1pP3/3P1r2/q1PQR3/8/2K5 w - - 6 39,c1b1 a3b3 b1c1 f4f2 d3d2 f2d2,2104,77,81,65,crushing endgame long quietMove,https://lichess.org/RNZmEFfA#77,
6TPSA,2k5/P4R2/1K6/1P6/8/r6p/5p2/8 b - - 4 46,h3h2 f7c7 c8d8 c7c1 d8e7 b6b7,2153,126,100,16,crushing defensiveMove endgame long quietMove rookEndgame,https://lichess.org/zUOzJEdT/black#92,
6Tev9,8/7k/2b3pp/8/P1PB4/1B4bP/4r1P1/R6K w - - 3 36,a1a2 e2e1 d4g1 g3f4 a2f2 f4e3,2193,83,74,79,advantage endgame long quietMove,https://lichess.org/ivbGiudP#71,
6Tw3m,r5k1/ppq3bp/2p1R1p1/3n1p2/3P4/1B3Q1P/PP1B1PP1/6K1 b - - 1 24,g7d4 b3d5 c6d5 f3d5 c7f7 d5d4 f7e6 d2c3 e6e7 d4h8 g8f7 h8a8,2167,77,86,701,crushing middlegame quietMove skewer veryLong,https://lichess.org/wAZngR9v/black#48,
6Uf2l,8/8/1p2k3/p3P1p1/P3K2p/1P6/7P/8 w - - 0 36,e4d4 g5g4 d4e4 g4g3 h2g3 h4g3,2184,76,94,5506,crushing endgame long pawnEndgame quietMove,https://lichess.org/6Tol4PUq#71,
6Uosg,8/5kp1/8/R1P2P1p/4KP2/p1r5/8/8 w - - 5 51,e4d5 h5h4 d5d4 h4h3 d4c3 h3h2,2183,77,92,219,advancedPawn crushing endgame long quietMove rookEndgame sacrifice,https://lichess.org/bENXexll#101,
6UtBk,8/1p6/p1p2kp1/2P5/PP3K1P/8/8/8 b - - 5 42,f6f7 f4e5 f7e7 a4a5 e7f7 e5d6,2114,76,94,3354,crushing endgame long master pawnEndgame quietMove zugzwang,https://lichess.org/FknxD66h/black#84,
6Vd51,r4nk1/1R3Rpp/2p1p3/2qpP3/p5BP/2P3PK/7N/8 b - - 3 30,a4a3 f7g7 g8h8 g4e6 f8e6 g7h7 h8g8 h2g4 c5f8 g4f6 f8f6 e5f6,2184,79,52,108,advantage deflection middlegame quietMove veryLong,https://lichess.org/4TaikKNy/black#60,
6VizF,r5k1/p1pb3p/2pb1r2/3p1p2/1P4p1/P1NP2Pq/1BP1QP1P/R3R1K1 w - - 3 19,c3d5 f6h6 d5f6 g8f7,2132,81,87,169,advantage defensiveMove middlegame quietMove short,https://lichess.org/DH8AIKax#37,
6VoBh,2r3k1/pp1q1pp1/7p/P3b3/1B1p4/3P3b/1P2BPP1/4QRK1 w - - 0 22,g2h3 d7h3 f2f4 c8c6 e2h5 h3h5,2129,75,93,931,crushing long middlegame quietMove,https://lichess.org/FItrMatc#43,
6W87T,2n1r1k1/pp3q1p/3pNQ2/3Pp1P1/8/1P6/P6P/3R3K b - - 0 38,c8e7 d1f1 f7f6 g5f6,2190,76,87,107,crushing endgame master quietMove short,https://lichess.org/nIYmSZ7F/black#76,
6WrQF,8/7p/3k2p1/p1p2pP1/3p1P1P/2PK4/PP6/8 b - - 0 27,d6d5 c3d4 c5d4 b2b3 d5c5 a2a3 c5d5 b3b4,2188,84,72,48,crushing endgame pawnEndgame quietMove veryLong,https://lichess.org/04etm9ae/black#54,
6WvVV,5r2/p4pk1/3R3p/2Pp2p1/3q4/1P2r1P1/P1Q3PP/5R1K w - - 2 30,f1d1 f8e8 d1f1 e3e1 c2f5 e1f1,2151,76,87,851,advantage endgame long quietMove,https://lichess.org/4fdcTYNX#59,
6Wve6,1k1r4/ppp2p1p/2b2p2/Q7/2P1q2P/1N3nPB/PP2NK2/7R w - - 2 24,h3g2 d8e8 a5d2 f3d2,2116,76,75,84,crushing middlegame quietMove short,https://lichess.org/IhdVx5d8#47,
6XQJo,5kr1/4bp2/3Bq2p/2pQ2pP/1p6/8/5PP1/3R2K1 w - - 8 41,d6e7 e6e7 d5f5 g5g4 f5c8 f8g7,2149,132,50,20,advantage defensiveMove endgame long quietMove,https://lichess.org/o1nWPSs7#81,
6XnlF,8/1p6/p3pk1p/2P3p1/PP6/7P/5P2/6K1 w - - 1 37,g1g2 f6e5 b4b5 a6a5 c5c6 b7c6 b5b6 e5d6,2125,164,48,32,crushing defensiveMove endgame pawnEndgame quietMove veryLong,https://lichess.org/GRlPmyVo#73,
6Xoel,r7/2pk1pq1/1p1p4/p1nPp3/P1P1P1bB/2P2B1R/2Q1K3/R7 w - - 2 30,e2f2 g4h3 a1h1 a8g8 h1h3 g7g1 f2e2 g8g2 f3g2 g1g2 h4f2 g2h3,2131,78,90,1913,crushing exposedKing hangingPiece middlegame quietMove veryLong,https://lichess.org/6qOPA92c#59,
6Xoko,2kr4/ppp1b1pp/2p1bn2/8/2P4P/PPN1PP2/1B1rB3/R1KR4 b - - 0 18,e7c5 d1d2 c5e3 c3b1 e3d2 b1d2,2136,75,94,2791,advantage long master middlegame quietMove,https://lichess.org/ZzroXHzr/black#36,English_Opening English_Opening_Kings_English_Variation
6XyZY,8/5R2/1r5k/5Kpp/4P3/8/5P2/8 b - - 1 42,b6g6 e4e5 h5h4 e5e6,2163,84,92,328,crushing endgame quietMove rookEndgame short,https://lichess.org/ryBzREQP/black#84,
6Y1rI,2r3kq/8/Q3b1p1/8/5bp1/2N5/PP5P/K4B1R b - - 0 28,c8c3 a6e6 g8f8 f1c4 c3c4 e6c4,2185,85,85,30,crushing hangingPiece long middlegame quietMove,https://lichess.org/S2f6lHAN/black#56,
6YSE4,8/p3rp1p/1p3kp1/2p5/1PPpb3/P2B3P/2P2PP1/R5K1 w - - 1 26,a1e1 e4d3 e1e7 f6e7 c2d3 c5b4 a3b4 a7a5 b4a5 b6a5 g1f1 a5a4 f1e2 a4a3,2151,76,90,666,crushing endgame quietMove veryLong,https://lichess.org/FjNrVQ2w#51,
6YaFL,4kb1r/R3pppp/5n2/8/8/4P3/1n1PKPPP/7R b k - 0 19,b2c4 h1b1 f6d7 a7a8,2100,76,100,62,advantage endgame quietMove short,https://lichess.org/KDdXPzLK/black#38,
6YkCg,4r1k1/pp1R1p1p/1b4pB/4P3/8/1P5P/r5P1/4R2K b - - 0 27,f7f6 d7g7 g8h8 e1d1 a2a1 d1a1,2163,90,81,32,crushing endgame long quietMove,https://lichess.org/rTr0ukrE/black#54,
6ZAVF,8/p7/Kp2p3/2p1k2p/8/3P4/P5B1/8 w - - 4 48,a6a7 b6b5 g2f1 e5d4 a7b6 c5c4 d3c4 b5c4,2143,101,44,17,bishopEndgame crushing endgame quietMove veryLong,https://lichess.org/TCJ6mj7O#95,
6Zu5v,8/8/8/Kp5p/2k4P/P1P2n2/3B4/8 w - - 5 57,d2g5 f3g5 h4g5 c4d5 g5g6 d5e6 a5b5 h5h4 c3c4 h4h3,2117,77,87,488,crushing endgame master quietMove veryLong,https://lichess.org/sFxCEPIl#113,
6auYW,r4rk1/pp1nppbp/1q1p1np1/8/3NP3/2P1BP2/PP4PP/RN1Q1R1K b - - 4 11,b6b2 d4b3 f6e4 f3e4,2105,91,85,35,advantage middlegame quietMove short,https://lichess.org/mFFtT0KW/black#22,Sicilian_Defense Sicilian_Defense_Dragon_Variation
6b0P3,8/p7/1p4k1/1Pn2R2/3r1PK1/P7/3p4/3R4 w - - 1 42,f5c5 b6c5 g4f3 c5c4 f3e3 c4c3 e3d4 c3c2 d1d2 c2c1q,2108,75,94,9989,advancedPawn crushing endgame hangingPiece promotion quietMove rookEndgame veryLong,https://lichess.org/AvsDLsba#83,
6b3NS,4r3/7R/6p1/qp4P1/2Q2Pk1/P7/6K1/8 w - - 3 55,c4c2 a5e1 c2f2 e8e2 h7h4 g4f5 f2e2 e1e2,2160,75,95,1975,crushing endgame pin quietMove veryLong,https://lichess.org/Aq1a9P1c#109,
6bYuG,8/8/p3p1n1/1pPkPpB1/1P3Pp1/3K2P1/8/8 b - - 7 50,a6a5 b4a5 d5c5 g5d8 b5b4 a5a6,2139,76,93,4296,crushing endgame long quietMove,https://lichess.org/47XxiPgf/black#100,
6cNE8,2r5/6pk/1R3p2/4n2K/1p1NP2P/1P6/P5P1/8 w - - 1 38,b6b7 c8h8 d4f5 h7g8 f5h6 h8h6,2188,76,85,199,discoveredAttack endgame long mate mateIn3 quietMove,https://lichess.org/HfTrL9NH#75,
6cX5T,6k1/1p3p1p/3pr1pQ/1P2p2n/2P1P1Pq/r4P2/3R3P/1R3BK1 w - - 3 32,g4h5 g6g5 h6e6 f7e6,2190,77,89,183,advantage middlegame quietMove short trappedPiece,https://lichess.org/GzUstR1n#63,
6cYPq,4r1k1/1p1b1ppp/pP1p4/4P2n/P1P5/5P2/1Q1P1qPP/R2K1B1R w - - 1 22,e5d6 d7f5 f1d3 f5d3,2199,108,86,33,crushing middlegame quietMove short,https://lichess.org/usbW0a5z#43,
6cme1,k2r3r/5pp1/4p2p/3qP3/P2N1PP1/2Q3KP/3R4/8 b - - 4 32,g7g5 d4b5 g5f4 g3h4,2136,75,91,5941,crushing defensiveMove endgame quietMove short,https://lichess.org/ZLFAPHwx/black#64,
6coUB,2r3k1/1p3rb1/p2p1BQp/8/8/4q3/P1P3PP/R4R1K w - - 3 24,f1f3 e3e6 a1f1 c8f8 f6g7 e6g6 g7f8 f7f3,2178,96,77,28,advantage middlegame quietMove veryLong,https://lichess.org/RKh6l7Oq#47,
6csmo,3r2k1/p1q2p1p/2n3p1/1p1b4/2pP3Q/2P4P/PPB1rRPN/R5K1 b - - 3 28,d8e8 h2g4 e2f2 h4f2,2105,171,85,29,crushing middlegame quietMove short,https://lichess.org/G09FlQc5/black#56,
6d4gI,2kr4/ppp2pp1/2nb1np1/1B1P4/4p3/7r/PPP2P2/RN1Q1RK1 w - - 1 13,d5c6 d8h8 d1d6 c7d6,2180,78,93,575,advantage middlegame quietMove short,https://lichess.org/1AOgKF8v#25,Ruy_Lopez Ruy_Lopez_Spanish_Countergambit
6dHsB,2kr1b1r/pppb3p/3p1q2/3P3P/2P1Bp2/2NQ1P2/PP4P1/2KR3R w - - 3 18,e4h7 h8h7 d3h7 d7f5 c3e4 f6e5 h7f7 f8g7 d1d2 d8f8 f7f8 g7f8,2124,76,89,1005,advantage clearance middlegame quietMove sacrifice trappedPiece veryLong,https://lichess.org/c398xG9m#35,Rat_Defense Rat_Defense_English_Rat
6dg2Q,7k/7B/7K/2n3Pp/1p6/8/8/8 b - - 0 46,h5h4 h7f5 h4h3 g5g6,2161,146,82,13,crushing endgame master quietMove short,https://lichess.org/DxNXoqeX/black#92,
6dhDu,8/1p6/p2k3p/2p2Kp1/P1PP2P1/8/7P/8 w - - 0 35,d4d5 b7b5 a4b5 a6b5 c4b5 d6d5 h2h3 c5c4 b5b6 d5c6 b6b7 c6b7,2145,77,89,1239,crushing endgame pawnEndgame quietMove veryLong,https://lichess.org/iqB742Yg#69,
6dpwb,7k/2q2ppp/4b3/2N5/3PQ3/4P3/r1p2PPP/2R3K1 w - - 4 36,c5e6 a2a1 e4a8 a1a8 e6c7 a8b8 g1f1 b8b1 f1e2 b1c1,2171,75,95,565,advantage endgame pin quietMove veryLong,https://lichess.org/yV8JEt6b#71,
6dypV,8/8/2p1p2p/3p1p2/1PbP1P1P/4PB2/3K4/1k6 b - - 14 47,c4a6 f3h5 b1b2 h5e8,2170,78,77,67,bishopEndgame crushing endgame quietMove short,https://lichess.org/hBFdrGr4/black#94,
6eFjl,8/8/1pK5/r5p1/8/1R5P/5k2/8 w - - 0 61,c6b6 a5f5 b6c6 f5f3,2165,86,90,789,advantage endgame quietMove rookEndgame short,https://lichess.org/tFcAVg1M#121,
6eMHW,6k1/pp6/5pP1/8/5n1b/2P5/P1P1rN2/3R1RK1 w - - 0 29,f2d3 f4h3 g1h1 h4g3 d3f2 h3f2 h1g2 f2d1,2160,75,95,2083,advantage discoveredAttack endgame exposedKing fork quietMove veryLong,https://lichess.org/dXvm1kmN#57,
6eZI8,3q2k1/3r1p2/1p1p2pp/8/1PP1Q3/7P/5PP1/R5K1 b - - 0 34,d8f6 e4e8 g8h7 a1a8 h6h5 e8d7,2112,75,85,91,crushing endgame fork long quietMove,https://lichess.org/syZgVtpE/black#68,
6f0vl,1k6/2p5/8/1p3p2/1K1p4/8/PPP5/8 w - - 0 40,b4b5 d4d3 c2d3 f5f4 b5b4 f4f3 b4c3 f3f2,2173,79,80,59,advancedPawn crushing endgame pawnEndgame quietMove veryLong,https://lichess.org/CEFnC6Og#79,
6f1NN,8/8/6p1/3K1p1p/3p4/6P1/1kP2P1P/8 b - - 1 45,b2c3 f2f4 d4d3 c2d3,2146,75,90,1461,crushing endgame master pawnEndgame quietMove short,https://lichess.org/1OEwU2he/black#90,
6f5Pz,3r4/ppb2kp1/3q2p1/3p1pN1/3Q4/1P5P/P4PP1/3R2K1 b - - 5 32,f7g8 d4h4 d6h2 g1f1 h2h1 f1e2 d8e8 e2d2 c7a5 b3b4 a5b4 h4b4,2188,178,75,5,crushing endgame quietMove veryLong,https://lichess.org/jdQWf43U/black#64,
6fFTy,2b5/2b5/1NP5/2P5/1p2Kp2/1P4k1/6P1/8 b - - 2 43,c8h3 g2h3 f4f3 b6d5 f3f2 d5e3 c7f4 e3f1 g3g2 e4f4,2134,81,91,479,crushing deflection endgame master quietMove veryLong,https://lichess.org/CtHcAvbI/black#86,
6fKen,r5k1/1q6/6p1/3Pnp2/P1Q1p1n1/2N3P1/1P2R1K1/R1B5 w - - 1 30,c4a2 b7h7 c1h6 h7h6 a1h1 g4e3 e2e3 h6e3 d5d6 g8g7 a2d5 e3f3,2172,75,84,359,crushing middlegame quietMove veryLong,https://lichess.org/RMFMXcma#59,
6fZNx,r1bq1rk1/5pp1/p2p1b1R/5P2/2ppP1Q1/2N3P1/PPP5/1K1R4 b - - 0 20,d4c3 d1h1 g7g6 g4h3 f6h4 h6h4,2190,130,76,17,crushing long middlegame pin quietMove,https://lichess.org/cohn8iYm/black#40,
6g2zc,rnb1kbnr/pp1p1ppp/1qp1p3/8/2NP1B2/8/PPP1PPPP/R2QKBNR b KQkq - 3 4,b6b4 c2c3 b4c4 e2e4 c4f1 e1f1,2183,78,86,180,advantage defensiveMove long opening quietMove sacrifice trappedPiece,https://lichess.org/rndNKdml/black#8,Horwitz_Defense Horwitz_Defense_Other_variations
6g8RP,8/4P3/5n1p/1N6/8/p1k5/7P/1K6 b - - 3 55,c3b3 b5d6 a3a2 b1a1,2191,76,91,1857,crushing endgame knightEndgame quietMove short,https://lichess.org/QKHJVhbD/black#110,
6gY8V,7r/8/pQ1R1p1r/1bp1pk2/8/2P3P1/P4P2/6K1 w - - 1 30,b6c5 h6h1 g1g2 b5e2 d6f6 f5f6,2100,77,91,5443,advantage endgame long quietMove,https://lichess.org/EF7IhWc1#59,
6hLkJ,8/8/1p3kpp/p1pB1p2/2P1bP1P/P1P3P1/3K4/8 w - - 0 39,d2e3 e4d5 c4d5 b6b5 e3d3 f6e7,2166,78,98,144,bishopEndgame crushing defensiveMove endgame long quietMove,https://lichess.org/vs6ms1JY#77,
6hpWo,8/3B4/1p6/4kP2/7p/4p3/7r/3RK3 w - - 4 43,d7e6 h2h1 e1e2 h1d1 e2d1 h4h3 e6c8 h3h2 c8b7 e5f5 d1e2 f5f4 b7a8 b6b5 a8c6 b5b4,2130,78,90,1819,advancedPawn crushing defensiveMove endgame quietMove veryLong,https://lichess.org/tZqhtGx5#85,
6hyfg,r1b3k1/1pq2p1p/p2bp1pQ/3pn3/P7/2NB4/1P3PPP/2R1R1K1 w - - 2 23,c3d5 c7d8 e1e5 d6e5,2173,76,83,138,advantage middlegame quietMove short,https://lichess.org/3LkW8qMN#45,
6i5Qm,8/2P2pk1/p4rpp/8/2R5/3B2Pb/7P/6K1 b - - 2 35,f6d6 g3g4 d6d3 c7c8q,2106,77,94,707,advancedPawn advantage endgame master promotion quietMove short,https://lichess.org/Zxm73G6E/black#70,
6iC7s,8/5p2/p7/1b2p2N/5p1P/P4kP1/5P2/6K1 w - - 0 40,h5f6 f4g3 f2g3 e5e4 f6e4 f3e4,2136,76,90,817,crushing endgame long quietMove,https://lichess.org/aDXEgUMa#79,
6iHiM,3r3k/5Q1p/6p1/1Bp5/P2p4/7P/5PPK/4q3 b - - 2 31,d8g8 b5c4 e1e8 f7g8 e8g8 c4g8,2192,76,86,209,crushing endgame long quietMove,https://lichess.org/eKoOnYXl/black#62,
6iL5j,1k6/1p6/p1n5/2p4p/P2pq1rb/5N1Q/1PPBN2K/4R3 w - - 2 28,f3h4 g4h4 d2f4 h4f4 h3g3 c6e5 g3f4 e4f4 e2f4 e5f3 h2g3 f3e1,2123,77,92,1235,crushing exposedKing fork middlegame pin quietMove veryLong,https://lichess.org/MIRUTlDl#55,
6icxj,r1br3k/p4p1p/2p4Q/5pR1/5P2/2q5/2B2K1P/3R4 b - - 1 25,c3c2 f2g3 c2c3 g3h4 c8a6 d1g1 d8d6 h6d6,2144,75,92,434,crushing defensiveMove middlegame quietMove veryLong,https://lichess.org/JBSz9Z41/black#50,
6in3o,8/R3npk1/4pNp1/2p3Pp/1r2PP2/2K2B2/7P/3b4 b - - 5 33,e7c6 a7a8 b4b8 a8b8,2118,74,89,4174,crushing endgame quietMove short,https://lichess.org/1h3aCpO0/black#66,
6j5tD,r3k3/p1p2p2/2p3p1/3pP2q/3P1Qb1/6P1/PP3P2/RN2R2K w q - 3 23,h1g1 g6g5 f4f6 g4f3 f6f3 h5f3,2181,102,52,61,advantage long middlegame quietMove,https://lichess.org/CdRpU3lA#45,
6jCK4,8/8/2p1k2p/3p4/1P1RNP2/2P1n1P1/6P1/r5K1 w - - 1 55,g1h2 e3g4 h2h3 h6h5 e4g5 e6f5,2146,77,81,245,advantage endgame long quietMove,https://lichess.org/WWzSFLUg#109,
6jIyK,6k1/1pp2ppp/p1b5/8/2Pr4/4q1P1/PP3R1P/R2Q2K1 w - - 0 21,d1f1 e3e4 f2e2 e4h1 g1f2 h1h2 f2e3 d4e4,2159,81,87,444,advantage deflection endgame quietMove veryLong,https://lichess.org/rdnsa6dz#41,
6jNaf,1k1rr3/ppp4p/3q2p1/4b3/6Q1/2PpP1P1/PP3PB1/2KR3R w - - 0 23,h1h7 d3d2 c1c2 d6d3 c2b3 d8d6 g4b4 d6b6,2169,80,91,533,advancedPawn clearance crushing middlegame pin quietMove veryLong,https://lichess.org/ikPlGwOE#45,
6jQj0,8/p7/1p6/4p1K1/2P5/kP3P2/P7/8 b - - 0 40,a3a2 b3b4 a2a3 c4c5 a3b4 c5c6,2100,75,94,4577,crushing endgame long pawnEndgame quietMove,https://lichess.org/BNq9Bazg/black#80,
6jZnT,8/2p1Q3/3p2pk/1p2p3/1P2PnPP/1nqP4/5P2/5RK1 b - - 0 31,c3d3 f2f3 g6g5 h4g5 h6g6 e7f6,2139,156,83,15,crushing endgame long quietMove,https://lichess.org/hv9jPxGM/black#62,
6jhjI,r7/1p3kbQ/p1p1P1p1/5r2/q4P2/2P5/P5B1/1KB4R b - - 0 32,f7f6 c3c4 a4b4 c1b2,2100,147,22,36,crushing master middlegame quietMove short,https://lichess.org/d1dtjel6/black#64,
6juJx,2kr3r/Qp1b1p1p/p3pb2/8/2P5/6R1/PP3PB1/1KBq4 b - - 1 22,d7c6 g2c6 b7c6 g3b3 d1b3 a2b3,2197,80,80,40,advantage long master middlegame quietMove,https://lichess.org/6sFszXb2/black#44,
6k5x5,r5nk/1ppq1p1p/p3n1p1/4P3/3rN3/3BQ3/PP3PPP/3RR1K1 w - - 3 24,e4f6 g8f6 e5f6 a8d8 f2f3 d4d3 d1d3 d7d3,2155,76,91,4462,crushing middlegame quietMove veryLong,https://lichess.org/puvyL1L5#47,
6kA8s,r5k1/pp1b1npp/2p5/8/2B5/2N5/P4PPP/4R1K1 b - - 1 23,a8e8 c3e4 g8f8 c4f7 e8e4 e1e4,2171,79,91,3691,advantage endgame long quietMove,https://lichess.org/YlZDLHqA/black#46,
6kNF4,1k6/p1r4Q/1p4P1/1Pr4p/P4PK1/8/8/8 w - - 0 60,g4h4 c7h7 g6h7 c5c8 h4h5 b8c7,2137,78,90,59,clearance crushing defensiveMove endgame long quietMove,https://lichess.org/H3RFJvBH#119,
6kWqI,8/2p5/1p2p3/p2PPkp1/P4r1p/2P3pP/4R1P1/6K1 b - - 0 39,e6d5 e5e6 f4a4 e2e1 a4a1 e1a1,2102,77,90,1248,advantage endgame long quietMove rookEndgame,https://lichess.org/2zpgNctf/black#78,
6kkRY,7k/1p3R2/p7/4P2p/8/P5RP/6PK/1rr5 w - - 3 40,g3g5 h5h4 f7f8 h8h7 g5h5 h7g7,2107,75,95,1492,advantage endgame long quietMove rookEndgame,https://lichess.org/oAlUkpXf#79,
6kpTY,8/2R5/5rpk/1p1Q4/6P1/q4P2/8/2K5 w - - 1 53,c1d1 a3f3 d5f3 f6f3 d1e2 f3f4 c7c5 b5b4 g4g5 h6h5,2193,195,23,16,crushing endgame quietMove veryLong,https://lichess.org/p6mOKSM1#105,
6l64a,8/8/5pk1/p7/P2p3P/2pK1PP1/8/8 w - - 4 46,d3c2 g6h5 c2d3 f6f5 d3c2 f5f4 g3g4 h5h4,2113,76,89,95,crushing endgame pawnEndgame quietMove veryLong,https://lichess.org/GCWu3c3P#91,
6lJHb,8/8/3p4/3kp2p/1Pp5/2K3P1/P6P/8 w - - 0 39,a2a4 e5e4 h2h4 e4e3 a4a5 d5c6,2182,75,86,201,crushing defensiveMove endgame long pawnEndgame quietMove,https://lichess.org/XTICEmpF#77,
6lOye,5r1k/6p1/2Q4p/4p1q1/3p4/2bP2N1/2P3PP/1R4K1 w - - 5 37,g3e4 g5e3 g1h1 c3e1 e4g3 e3f2 b1b8 f8b8,2142,76,89,129,crushing endgame quietMove veryLong,https://lichess.org/DWwsW2eB#73,
6lXYn,8/N7/8/b1kPp2p/P3P3/5Pp1/2K3P1/8 w - - 0 48,a7c6 h5h4 c6a5 h4h3 a5b3 c5d6 g2h3 g3g2,2119,75,92,573,advancedPawn advantage defensiveMove endgame quietMove sacrifice veryLong,https://lichess.org/Yh3is7jl#95,
6leOy,8/8/2N5/1pPnp1p1/1P3kPp/4P2P/8/6K1 b - - 0 53,d5e3 c6e7 f4f3 c5c6 e3c4 c6c7,2166,77,89,321,advancedPawn crushing endgame knightEndgame long quietMove,https://lichess.org/im8I0PeT/black#106,
6lrew,2r2rk1/pb3pp1/1pp1p2p/6PQ/2q1Bb1P/8/PP3P2/4R1RK b - - 1 20,b7a8 g5h6 g7g5 g1g5 g8h8 g5g7 c4e4 e1e4 c6c5 f2f3 a8e4 f3e4,2105,96,61,30,crushing kingsideAttack middlegame quietMove veryLong,https://lichess.org/8eNIclMw/black#40,
6m02y,5r2/2Q1n2k/3pBbpp/2pP4/2P1bN2/3N4/7r/2K3R1 w - - 4 31,c7d6 f8a8 f4g2 a8a1 c1d2 a1g1 d6h2 g1g2 h2g2 e4g2,2101,74,92,2257,crushing exposedKing fork master middlegame pin quietMove skewer veryLong,https://lichess.org/QS68kFOd#61,
6m2iJ,8/4B3/1b6/1p3Kp1/1P1k1p2/2p2P2/2P5/8 w - - 8 47,f5g5 d4e3 e7c5 b6c5 b4c5 b5b4 c5c6 b4b3 c6c7 b3c2 c7c8q c2c1q,2189,89,87,34,advancedPawn bishopEndgame crushing endgame promotion quietMove veryLong,https://lichess.org/ofeKbNnf#93,
6md8i,3r2k1/5ppp/4r3/2p5/1nQbNP1q/6N1/1P4PP/1R3R1K w - - 4 30,e4c5 e6h6 h2h3 h4g3,2116,76,80,126,crushing middlegame quietMove short,https://lichess.org/rPGTPhDL#59,
6msTQ,8/8/1B2k1p1/1p2p1b1/4P1P1/1P3K2/8/8 w - - 17 71,b6e3 g5e3 f3e3 e6f6 e3f3 f6g5 f3g3 b5b4 g3f3 g5h4,2149,76,93,5250,bishopEndgame crushing endgame quietMove veryLong zugzwang,https://lichess.org/0pRk5pMt#141,
6mxnz,3r1rk1/1bq1bp1p/p1p1p1pQ/1p2P3/5P2/2NB4/PPP3PP/R4RK1 b - - 1 17,f8e8 c3e4 f7f5 e5f6,2171,76,89,194,advantage enPassant middlegame quietMove short,https://lichess.org/h36D7sRJ/black#34,Sicilian_Defense Sicilian_Defense_Kan_Variation
6nOUi,r3r3/7k/2p3p1/3q1p2/p1pP1Bp1/P1P5/1P5Q/K5R1 b - - 1 28,h7g8 g1h1 e8e7 h2h8 g8f7 h1h7 f7e6 h7e7,2126,78,94,3911,advantage endgame exposedKing quietMove veryLong,https://lichess.org/COgOqe8U/black#56,
6ngpi,2kr3r/1pqn1pp1/p3p1b1/4n1Pp/2PP3P/P1N1BP1B/1P1Q4/2KR3R w - - 5 18,d4e5 d7c5 e3c5 d8d2 d1d2 c7c5,2141,102,68,35,crushing discoveredAttack intermezzo long middlegame quietMove,https://lichess.org/xbupEUGg#35,Scandinavian_Defense Scandinavian_Defense_Portuguese_Variation
6nmQV,8/p1p5/2p2k2/3p4/P5R1/1rP5/2K5/8 b - - 8 45,b3a3 c2b2 f6f5 g4h4 a3a1 b2a1,2122,75,93,604,crushing endgame long quietMove rookEndgame trappedPiece,https://lichess.org/4GhP8ooP/black#90,
6o3gU,8/3R3p/6pk/5p2/5P2/6P1/P4KBq/8 b - - 3 53,g6g5 d7d1 g5f4 d1h1 h2h1 g2h1,2147,75,91,460,crushing endgame long pin quietMove,https://lichess.org/XwmZgXeX/black#106,
6o6ZV,8/5B2/4P3/p1b3p1/Pp1k2P1/1P2p3/4K3/8 w - - 0 60,f7g8 c5e7 g8f7 d4c3 e2e3 c3b3,2120,80,84,80,bishopEndgame crushing endgame long quietMove,https://lichess.org/tsI9BWkU#119,
6oZsx,r1b2rk1/pp3p2/2n1p2p/1N2q3/2B1N2Q/7P/PP4P1/4R1K1 b - - 1 19,e5g7 e1e3 f7f5 e3g3,2136,74,94,3677,crushing middlegame pin quietMove short,https://lichess.org/x6SK5faG/black#38,Sicilian_Defense Sicilian_Defense_Smith-Morra_Gambit_Accepted
6oiPC,2r5/6k1/p3p1p1/1p3p2/8/1Bq5/PK3PQ1/7R w - - 4 29,b2a3 c8c4 g2b7 g7f6,2193,77,93,91,crushing defensiveMove endgame master pin quietMove short,https://lichess.org/Y6BrNiiN#57,
6ojhF,8/3B4/8/8/6p1/4rpk1/8/R5K1 w - - 8 69,a1f1 e3e2 f1d1 e2g2,2108,76,92,4873,crushing endgame quietMove short,https://lichess.org/oGNAF2Qn#137,
6pBJ1,8/p2k2rp/1p5R/3p2P1/3P4/4p2K/PP5P/8 w - - 0 34,h3g3 g7e7 g3f3 e3e2,2122,78,78,70,advancedPawn crushing endgame quietMove rookEndgame short,https://lichess.org/dk34VAN2#67,
6pFLY,8/4B3/p7/1p2k3/4n1KP/2P5/2P5/8 b - - 0 40,e4c3 h4h5 c3d5 h5h6 d5e7 g4g5,2102,79,81,52,crushing defensiveMove endgame long quietMove sacrifice,https://lichess.org/2liBnqYA/black#80,
6pWwq,8/8/8/4k1p1/8/6P1/8/7K w - - 0 58,h1g2 g5g4 g2f1 e5d4 f1e2 d4e4,2122,92,90,36,crushing defensiveMove endgame long pawnEndgame quietMove zugzwang,https://lichess.org/a5c8zVVD#115,
6pgS5,2kr4/1b2b3/pp3n2/2pP1pB1/P1n4P/2N3q1/1P4B1/R2Q1RK1 w - - 0 24,f1f5 f6g4 d1f3 g3h2 g1f1 e7g5,2137,117,57,24,advantage exposedKing long middlegame quietMove,https://lichess.org/aZGadR77#47,
6puQ4,3r2k1/p3Bp1p/1p4p1/4p3/3bP1P1/5P2/r5PK/2R2R2 b - - 1 21,d8d7 e7f6 d4c5 c1c5 b6c5 f1b1 d7d8 f6d8,2192,107,58,25,advantage clearance endgame quietMove sacrifice veryLong,https://lichess.org/KVfHAooW/black#42,
6qaYb,r6k/p2rNqpp/2p5/2Q5/P7/4P3/5PPP/2R3K1 w - - 7 28,c5c6 a8f8 e7g6 h7g6,2142,167,14,8,crushing endgame quietMove short,https://lichess.org/b6JmA5uK#55,
6r28V,8/8/5k2/5pp1/8/4KPP1/8/8 b - - 1 48,f6g6 e3d4 f5f4 g3g4 g6f6 d4d5,2197,85,91,1857,crushing defensiveMove endgame long pawnEndgame quietMove,https://lichess.org/uFu0OAdt/black#96,
6sAqA,1r1r4/p1q3k1/5bp1/2p1p2p/2Q5/P2n1P1P/NP4P1/1R2R1BK w - - 0 27,e1d1 d3b2 d1d8 b2c4 d8b8 c4b6 b8b6 a7b6,2143,79,92,3041,advantage fork middlegame quietMove veryLong,https://lichess.org/tlsNaoQ1#53,
6sVzS,3r4/p4Q2/1p5k/2p3p1/2P1q3/P1Pp2PP/3R3K/8 b - - 0 36,e4e3 d2f2 e3f2 f7f2,2125,77,90,628,crushing endgame master quietMove short,https://lichess.org/RorpazFi/black#72,
6svs6,8/p3bpk1/4P1p1/3P1pPr/2p4P/1pP4R/rP2Q3/qNKR4 b - - 0 34,e7a3 d1d2 a3b2 d2b2 a1b2 e2b2 a2b2 c1b2,2116,146,70,10,advantage master middlegame quietMove veryLong,https://lichess.org/V64uFXDx/black#68,
6tGEG,r5k1/pbqnN2r/4pp1Q/2p1P3/2Pp1P2/P6P/5P1K/R3RB2 b - - 4 27,h7e7 f1d3 e7g7 e1g1,2104,77,80,115,clearance crushing middlegame quietMove short,https://lichess.org/bCMUfblA/black#54,
6tVbK,5rk1/pb2q2p/1p4pQ/2pP1pN1/2Pnp3/2R5/PP3PPP/5BK1 b - - 3 24,e7g7 c3h3 g7h6 h3h6,2184,81,89,379,advantage middlegame quietMove short,https://lichess.org/tIEBkHAj/black#48,
6tpfu,8/8/4p3/1p1pPp2/p2K2kP/P7/1P3B2/8 w - - 10 59,f2g3 g4g3 h4h5 f5f4 h5h6 f4f3 h6h7 f3f2,2144,77,88,146,advancedPawn advantage endgame hangingPiece quietMove veryLong,https://lichess.org/NyLqhh9A#117,
6twus,r4r1k/1pp2pR1/p6q/3p4/4bP2/6Q1/PPP4P/2K3R1 b - - 1 27,a8e8 g7g4 e4h7 g4h4 h6f6 g3h3 f6h4 h3h4,2167,78,90,200,advantage middlegame quietMove veryLong,https://lichess.org/s2QRGkwZ/black#54,
6uiIe,8/p4p2/1pp2k1p/3p1P1P/1P3K2/2PP4/1P6/8 b - - 2 40,c6c5 b4b5 f6e7 f4e5,2181,75,93,7374,crushing endgame pawnEndgame quietMove short,https://lichess.org/0eHopLQ4/black#80,
6ul80,1k1r1bnr/p3pppp/2Q5/8/2pqN3/6P1/PP2bP1P/R1B2RK1 b - - 2 13,e2f1 e4c5 d4c5 c6c5,2152,78,91,494,advantage middlegame quietMove short,https://lichess.org/n4VFj3hl/black#26,Queens_Pawn_Game Queens_Pawn_Game_Chigorin_Variation
6umRn,8/1p6/6k1/3P2P1/1P5p/4p1p1/6P1/5K2 b - - 0 47,h4h3 g2h3 g6g5 d5d6 g5f6 h3h4 g3g2 f1g2,2184,76,96,333,crushing endgame pawnEndgame quietMove veryLong,https://lichess.org/4SSgaagQ/black#94,
6uw2f,2r1k1r1/5pp1/2b1p3/2Q5/6P1/P1p1Bq1P/2Bn4/3RK1R1 b - - 2 37,d2c4 e3g5 f3d1 c2d1,2168,91,86,24,advantage master middlegame quietMove short,https://lichess.org/q9KtRZNd/black#74,
6uwuq,8/7p/p1k5/P4pp1/1P1K4/7P/5P2/8 b - - 1 39,h7h5 d4e5 g5g4 h3h4 c6b5 e5f5 g4g3 f2g3,2144,76,90,1472,crushing endgame pawnEndgame quietMove veryLong,https://lichess.org/fUt9f8u1/black#78,
6vYkd,r1r5/4k1pp/2Rbppb1/p2p4/3P4/4B2P/PP2BPP1/2R3K1 b - - 3 23,e7d7 e2b5 c8b8 c6c7 d7d8 c7d7,2119,75,92,2248,crushing doubleCheck long middlegame quietMove,https://lichess.org/m32Yqevk/black#46,
6vgMg,4q1k1/1pQ3p1/p3p1r1/4P3/8/BP4P1/P4K1P/8 b - - 0 33,e8f7 c7f7 g8f7 a3c1 g6g4 c1f4,2194,77,83,118,advantage defensiveMove endgame long quietMove,https://lichess.org/fkRQ1M1t/black#66,
6voyR,R1b2rk1/2Q2p2/7p/1N1P4/8/6P1/1P4P1/3q2K1 w - - 3 30,g1f2 f8e8 c7f7 g8f7,2197,120,47,17,crushing endgame quietMove short,https://lichess.org/UVnTHDNQ#59,
6xQo1,5bk1/pR4p1/Q3p1pp/7n/3qP3/5P1P/P5P1/5N1K w - - 0 38,a6e6 g8h7 b7b5 f8c5 b5c5 d4c5,2105,101,71,32,crushing endgame long master quietMove,https://lichess.org/aZcjr6Ek#75,
6xeIQ,8/4k2p/1pp3p1/3p4/3P4/P3P2P/1P6/5K2 w - - 1 33,b2b4 b6b5 e3e4 d5e4,2156,77,98,59,crushing endgame pawnEndgame quietMove short,https://lichess.org/y2e1Hxsj#65,
6xljj,8/8/5p1p/p2kp3/P4P2/3KP1P1/8/8 w - - 0 56,e3e4 d5c5 d3c3 e5f4 g3f4 h6h5 c3d3 h5h4 d3e3 h4h3 e3f3 c5d4,2132,83,59,48,crushing defensiveMove endgame master pawnEndgame quietMove veryLong,https://lichess.org/9s9rTW86#111,
6yGBU,8/8/8/1p6/4p3/1PP1rkp1/P1KR3R/8 w - - 0 46,h2g2 e3e1 g2g3 f3g3,2152,167,93,21,endgame equality quietMove rookEndgame short,https://lichess.org/wP2rfxJU#91,
6yOAq,1r4k1/p5bp/2R2pp1/3pr2n/N7/1P2B1Pq/P3PP1P/3Q1RK1 w - - 0 20,e3a7 h5f4 g3f4 e5h5 d1d5 h5d5,2112,81,82,41,advantage clearance long middlegame quietMove sacrifice,https://lichess.org/gUtEx2dd#39,
6yvuF,2r2r2/pp1b2pk/1qn1pb2/3p2N1/1P1P3P/PN2P3/6P1/R2QK2R b KQ - 1 17,f6g5 h4g5 h7g8 d1h5 f8f5 g2g4,2120,155,43,29,advantage discoveredAttack long middlegame quietMove,https://lichess.org/qeJEEg3d/black#34,French_Defense French_Defense_Advance_Variation
6z2r6,r4rk1/1b3p2/p5pQ/1p1q2B1/1Pp5/2P2NbP/P4RP1/RN5K b - - 0 29,g3f2 g5f6 d5d1 h1h2 f2g1 h2g3 d1d6 f6e5 d6e5 f3e5,2194,79,97,75,advantage defensiveMove middlegame quietMove veryLong,https://lichess.org/AZgortFj/black#58,
6zLOG,1r2r1k1/p2q1pPp/bp6/4b1BQ/4P1R1/1p5P/PPP3P1/4R2K b - - 0 26,b3a2 g4h4 e5g7 h5h7 g8f8 g5h6 g7h6 h7h6,2149,86,80,54,advantage kingsideAttack middlegame pin quietMove veryLong,https://lichess.org/g6TnV6q4/black#52,
6zOeR,3R4/5pk1/8/4pPp1/r3P3/5PK1/8/8 b - - 0 47,a4d4 d8d4 e5d4 e4e5 d4d3 g3f2 f7f6 e5e6 d3d2 f2e2,2118,77,91,1239,crushing endgame quietMove rookEndgame veryLong,https://lichess.org/yA1zXeVk/black#94,
70Es9,r7/2pk2p1/p2p2rp/1P1Pbp2/3p4/1B1P1P1P/1PP2PK1/R1R5 w - - 1 26,g2f1 e5h2 f3f4 a8e8,2197,78,88,454,crushing defensiveMove endgame quietMove short,https://lichess.org/v2ifWJc3#51,
70REA,8/7R/8/1P1K2k1/4B1P1/6b1/7p/4r3 w - - 1 71,b5b6 e1e4 d5e4 g3h4 e4d3 h2h1q,2192,74,87,521,advancedPawn crushing endgame long promotion quietMove sacrifice,https://lichess.org/w5AoMEtd#141,
70X0N,r2q1rk1/1b2bppp/p3p3/1p1nN3/2pP2PP/P1P5/1PBB1P2/R2QK1R1 b Q - 5 16,e7h4 g4g5 h4f2 e1f2,2100,75,76,110,advantage middlegame quietMove short,https://lichess.org/GqAvCRPn/black#32,Horwitz_Defense Horwitz_Defense_Other_variations
70dT0,r2r3k/4q3/p1n1pp1Q/Pp1p3P/1P1P4/8/5PP1/1R3RK1 b - - 0 36,h8g8 b1b3 e7f8 b3g3 g8f7 h6h7,2154,75,85,610,crushing exposedKing long middlegame quietMove,https://lichess.org/YChzWoc7/black#72,
70oID,8/8/p7/kp5R/8/8/3K4/6n1 b - - 1 58,g1f3 d2e3 f3e1 h5h2 a5a4 h2e2,2110,136,40,12,crushing defensiveMove endgame long quietMove,https://lichess.org/KcUSX88F/black#116,
71HMa,8/5k2/Rn1bpp2/2p3p1/4N3/1Q1P2P1/1P2q1K1/8 w - - 10 33,e4f2 b6d5 b3d5 e6d5,2130,77,67,46,advantage endgame master quietMove short,https://lichess.org/Qub4j4BS#65,
71Oug,r2r2k1/ppp2pp1/6np/8/P1qNp3/8/1P1R1PPP/2RQ2K1 b - - 1 20,c4d5 d4f3 g6f4 d2d5,2184,76,83,108,advantage discoveredAttack middlegame quietMove short,https://lichess.org/FfKzVSnM/black#40,
71bDR,5r1k/pQp3p1/4q2p/3np3/8/2PPP1P1/PP4K1/R6R w - - 1 31,a1e1 e6f7 h1f1 d5e3 g2g1 e3f1,2181,76,87,74,advantage endgame long quietMove,https://lichess.org/hNWV6PJI#61,
71l5J,8/8/p1p3Rp/2kp4/P5p1/2PK1P2/2P3r1/8 w - - 0 39,g6g4 g2g4 f3g4 a6a5 c3c4 d5c4,2101,75,87,107,crushing endgame long quietMove rookEndgame zugzwang,https://lichess.org/KAaFgClR#77,
71t9G,r4rk1/pppq1pb1/n2ppnpp/1N1P4/2P1P1P1/PP3Q1P/1B3P2/R3KB1R b KQ - 1 13,e6d5 b2f6 d5e4 f3c3 g7f6 c3f6,2104,105,78,16,advantage long middlegame quietMove,https://lichess.org/4840Um10/black#26,Modern_Defense Modern_Defense_Other_variations
71xj7,7k/4p2p/p7/5pp1/1P3p2/P1R1r3/3K2PP/8 b - - 5 32,e3c3 d2c3 h8g7 a3a4 g7f7 b4b5 a6b5 a4a5,2180,77,85,227,crushing defensiveMove endgame quietMove veryLong,https://lichess.org/3BFolAw8/black#64,
720Pw,4rk2/1R6/8/p7/3B3P/2P5/r4P2/5K2 b - - 0 30,a5a4 h4h5 e8e6 h5h6 e6h6 d4g7,2130,84,95,1935,crushing endgame long quietMove,https://lichess.org/oLikfiSj/black#60,
72aMm,8/6pk/4Q2p/3p1p2/2p5/5P1P/P1bq2P1/6RK w - - 8 39,e6e1 d2e1 g1e1 d5d4 e1c1 d4d3,2158,76,78,170,advantage endgame long quietMove,https://lichess.org/dQ2k1zuL#77,
72sCn,8/8/2n2k2/p1Np1p2/P1pP1K2/2P3P1/8/8 b - - 6 41,f6g6 c5d7 c6e7 f4e5,2114,77,96,422,advantage endgame knightEndgame master quietMove short,https://lichess.org/qsTCRfKa/black#82,
72vST,7k/1pp3p1/1p2p1q1/4p1np/4Pr2/2PPQp1P/PP3P1K/R5R1 w - - 2 26,d3d4 g6f6 g1g5 f6g5,2109,85,67,62,advantage endgame quietMove short,https://lichess.org/witR8Tpb#51,
734IF,8/4ppk1/3p2pp/2bP4/r4P2/PR3P2/1NK3PP/8 b - - 8 34,a4a3 b3a3 c5a3 b2d3 a3c5 d3c5,2109,75,91,452,advantage endgame long quietMove,https://lichess.org/QfyQxJCL/black#68,
73Zwv,8/8/pR6/4k3/5p1P/1P1p1K2/r4PP1/8 w - - 0 39,h4h5 a2a1 b6b8 d3d2,2145,113,86,16,advancedPawn crushing endgame master quietMove rookEndgame short,https://lichess.org/QEnPpCtQ#77,
73qwo,r1b3k1/pp3ppp/2n1pn2/8/3r1Q2/2N5/P1P2PPP/R4RK1 w - - 0 16,f4c7 e6e5 a1d1 f6e8 c7e5 c6e5,2176,75,91,2442,advantage long middlegame quietMove trappedPiece,https://lichess.org/5QqlXReQ#31,Benoni_Defense Benoni_Defense_Benoni_Gambit_Accepted
73wxy,8/3b4/1p1p3k/pPpP2p1/P1P3P1/2bB1NK1/8/8 w - - 2 42,d3f5 d7f5 g4f5 h6h5 f3h2 c3e5 g3h3 e5h2 h3h2 g5g4 f5f6 h5g6 f6f7 g6f7 h2g3 f7f6 g3g4 f6e5 g4g5 e5d4 g5f5 d4c4,2129,77,85,79,crushing endgame quietMove veryLong,https://lichess.org/076xMsRa#83,
747D4,1K6/1P6/5k2/5p2/5P1p/5R2/8/2r5 b - - 8 51,f6g6 f3b3 g6h5 b8a7 c1c7 a7a6 c7b7 b3b7 h5g4 a6b5,2133,200,48,7,crushing defensiveMove endgame quietMove rookEndgame veryLong,https://lichess.org/9pgBpCZb/black#102,
74UFp,8/8/8/3p4/1Pk5/2P5/K7/8 b - - 0 61,c4c3 b4b5 d5d4 a2b1 d4d3 b1c1 d3d2 c1d1 c3d4 b5b6 d4e5 b6b7,2116,82,70,57,advancedPawn crushing endgame master pawnEndgame quietMove veryLong,https://lichess.org/tnJOMyqu/black#122,
74aYh,1r6/p3kp2/P1B3p1/1P5p/4K2P/6P1/5P2/8 b - - 6 56,f7f6 c6b7 e7d6 b5b6 a7b6 a6a7 b8b7 a7a8q,2118,96,81,25,advancedPawn crushing endgame promotion quietMove veryLong,https://lichess.org/KWMPbRFL/black#112,
74q48,5r2/1R5p/p5k1/6p1/4r3/2P5/PP2p1PP/4R1K1 w - - 1 36,b7d7 e4f4 d7d6 g6g7,2192,78,89,963,advantage defensiveMove endgame quietMove rookEndgame short,https://lichess.org/546LiMFK#71,
75p8p,8/5ppp/4p3/4P3/1p1k1P1P/1P3P2/2PK4/8 w - - 1 31,h4h5 h7h6 f4f5 e6f5 f3f4 d4e4,2149,85,78,55,crushing endgame long pawnEndgame quietMove,https://lichess.org/JOPFNkne#61,
76MNd,8/1p6/8/KBk5/P1P5/5b2/8/8 w - - 1 50,b5e8 f3g4 e8d7 b7b6 a5a6 g4d7,2180,99,87,35,bishopEndgame crushing endgame long master masterVsMaster quietMove,https://lichess.org/0pQjbVUq#99,
76VW0,R7/8/8/1r5P/1k6/p5P1/4K3/8 w - - 1 54,a8a3 b4a3 g3g4 b5b3 e2f2 a3b4,2180,77,84,56,crushing defensiveMove endgame hangingPiece long master quietMove rookEndgame,https://lichess.org/9kZ3iQHS#107,
76h89,r1bq2kr/pp4pp/4p3/2Q5/5R2/1BN3P1/P6P/7K b - - 2 27,h7h5 c3d5 h8h6 d5e7,2120,83,78,80,crushing middlegame quietMove short,https://lichess.org/fzEM7VDK/black#54,
775JA,rn3rk1/ppq2p2/2p3pQ/4p3/6P1/8/PPP2P1P/R2R2K1 b - - 0 20,b8d7 d1d3 d7b6 d3h3 f7f6 h6h8 g8f7 h8h7 f7e6 h7c7,2148,76,79,101,advantage middlegame quietMove skewer veryLong,https://lichess.org/Rmw1fxN0/black#40,
77RSP,4r3/1p1Rrkp1/p1pR1p1p/4pK2/4P3/1P2P2P/1PP3P1/8 w - - 20 47,h3h4 h6h5 d6f6 g7f6,2125,76,95,3611,advantage endgame quietMove rookEndgame short,https://lichess.org/hvEIFu44#93,
77bbF,2n5/1p6/5k2/3p1p2/1B1P1K2/2P5/P7/8 b - - 3 43,b7b5 b4c5 f6e6 f4g5,2106,74,95,7497,crushing endgame quietMove short zugzwang,https://lichess.org/uxmAbDE3/black#86,
78R3k,8/8/p7/5p1k/4p2P/1P2K3/P7/8 w - - 2 43,a2a4 a6a5 b3b4 a5b4,2117,74,86,176,crushing endgame pawnEndgame quietMove short,https://lichess.org/bSkYGBbd#85,
78jFJ,7Q/1p6/p7/5pK1/8/6P1/2p5/1k6 w - - 1 59,h8h1 c2c1q h1c1 b1c1 g5f5 b7b5 g3g4 b5b4 g4g5 b4b3 g5g6 b3b2,2122,78,91,1079,advancedPawn crushing endgame promotion queenEndgame quietMove veryLong,https://lichess.org/ZPxGOLSQ#117,
78xpW,r5k1/pq3pPp/4p3/3pN2Q/b4P2/P1p5/6PK/5R2 b - - 2 31,a4e8 e5g4 f7f5 g4f6,2158,75,92,7990,crushing endgame quietMove short,https://lichess.org/OFw4vvdu/black#62,
78yNY,8/4k3/2K1pp2/3p1p1p/5P1P/3P4/6P1/8 b - - 0 37,e7f7 c6d6 d5d4 g2g3 f7g6 d6e6,2156,77,87,520,crushing endgame long pawnEndgame quietMove zugzwang,https://lichess.org/NK4ttitM/black#74,
791Z0,r4r2/1Q3p1k/1p5p/4pp2/3p3R/Pq1P3P/1P3PP1/3R2K1 w - - 0 24,b7c6 b3d1 g1h2 f7f6 c6d7 h7g6,2109,209,8,12,crushing defensiveMove endgame hangingPiece long quietMove,https://lichess.org/B53cekwN#47,
79bVz,6k1/5pp1/7p/4PP2/p3P3/npK3P1/7P/5B2 b - - 1 46,g8f8 f1d3 a3c2 d3c2,2182,76,94,267,crushing endgame master quietMove short,https://lichess.org/7fcJAXnc/black#92,
79xqd,8/7p/p3p3/4k3/2P5/1PK5/7P/8 b - - 1 57,e5f4 c4c5 f4e5 c3c4,2143,87,90,2468,crushing defensiveMove endgame pawnEndgame quietMove short,https://lichess.org/mAoeBhvg/black#114,
79zZD,8/7p/5p2/3pkP2/6P1/4K3/7P/8 w - - 1 49,h2h4 h7h6 e3f3 d5d4 f3g3 d4d3,2164,188,50,7,crushing endgame long pawnEndgame quietMove zugzwang,https://lichess.org/myXW4IkT#97,
7A23J,5r1k/p2R1npp/1p6/3Q4/4p2P/P3PqP1/5P2/3R2K1 w - - 0 30,d1d4 f7g5 d4d2 g5h3 g1h2 h3f2 d2f2 f3f2 h2h3 f2f1,2174,80,84,42,crushing deflection endgame quietMove veryLong,https://lichess.org/ijNIJmbL#59,
7A2Kw,2r5/4kpp1/pq2pn1p/Ppn1p1B1/1Q2N3/5P2/1PP2P1P/2KR4 b - - 0 20,b6c7 g5f6 g7f6 d1d3 f6f5 e4c5,2177,292,18,4,advantage long middlegame pin quietMove,https://lichess.org/EusNGNfa/black#40,
7ARl2,r4rk1/ppp1bppp/2n5/1P6/3Pp1q1/2P2NPb/P4P2/RNBQR1K1 w - - 0 14,b5c6 e4f3 e1e7 h3g2 e7e4 g4e4,2137,73,93,8434,crushing long middlegame quietMove,https://lichess.org/SGbgizRW#27,French_Defense French_Defense_Knight_Variation
7AkOP,r3r1k1/p2n1p1p/2p3pQ/2q2bB1/5R2/3B4/P1P3PP/5R1K b - - 9 24,f5e6 f4h4 c5g5 h6g5,2172,75,93,3324,crushing master middlegame quietMove short,https://lichess.org/gpWRzZIt/black#48,
7ArrY,r1bq1bk1/1p4r1/p4pRQ/2p2p2/3pP3/3PN3/PPP2P1P/R6K b - - 2 23,f5e4 a1g1 d8e7 e3d5,2192,75,86,466,advantage middlegame quietMove short,https://lichess.org/9iocbPTP/black#46,
7BO6b,8/8/5B1p/p1Kp2p1/Pp2kp2/1P6/6PP/8 w - - 0 42,f6d8 d5d4 d8a5 g5g4 a5b4 f4f3 g2f3 g4f3 b4e1 d4d3,2109,175,83,15,bishopEndgame crushing endgame quietMove sacrifice veryLong,https://lichess.org/6yuiQYIf#83,
7Bjva,3r2k1/1R1P1p1p/p1r3p1/8/2Pb4/4p3/P5PP/2R1B1K1 w - - 1 29,e1a5 e3e2 g1h1 c6f6 b7b1 d8d7,2174,89,73,34,advancedPawn crushing discoveredAttack endgame long quietMove,https://lichess.org/C1qfPtBK#57,
7BkEl,8/8/6pp/p1k5/Pp1pK2P/3P4/1P6/8 b - - 0 46,g6g5 h4g5 h6g5 b2b3 g5g4 e4f4,2146,77,94,880,crushing endgame long pawnEndgame quietMove,https://lichess.org/lPo9Ex4h/black#92,
7Bol3,8/8/5k2/5ppp/3K3P/6P1/5P2/8 b - - 1 51,g5h4 g3h4 f6e6 f2f3 e6d6 f3f4,2169,78,91,1119,crushing defensiveMove endgame long pawnEndgame quietMove zugzwang,https://lichess.org/h69dJCoN/black#102,
7C12T,8/2p4p/3kp3/1P1b4/3P2P1/4K3/p7/4R3 w - - 0 38,e3f4 d5b3 e1a1 d6d5 f4e3 d5c4,2172,262,85,15,crushing endgame long quietMove,https://lichess.org/ydU5wBoF#75,
7Cs8b,r5k1/5pp1/p5bp/B2R2b1/q2Q4/5P1P/6PK/5B2 b - - 3 38,a4a2 d5g5 h6g5 a5c3 f7f6 f1c4 a2c4 d4c4,2193,76,92,1955,crushing fork master masterVsMaster middlegame quietMove sacrifice veryLong,https://lichess.org/Y0ZXTJKT/black#76,
7DOKD,2r5/1p3qk1/p4p1p/6pP/3QP1P1/PP1PK3/2r5/1R5R w - - 3 32,b1b2 f7c7 e4e5 f6e5,2119,149,82,10,crushing endgame quietMove short,https://lichess.org/PV6nLfNh#63,
7DkkY,8/1p4pp/p1p1k3/2P1p3/P2P2P1/3KP3/7P/8 b - - 0 27,e6d5 e3e4 d5e6 g4g5 e5d4 d3d4,2192,106,76,29,crushing endgame long pawnEndgame quietMove,https://lichess.org/lvUwVNl8/black#54,
7Do7r,2Q3k1/7p/1p1q2p1/p5P1/3b2B1/1P4P1/P5K1/8 b - - 5 37,g8g7 g4e6 d6e6 c8e6,2104,76,95,3525,crushing endgame master quietMove short,https://lichess.org/SfnwWyaE/black#74,
7Ds8e,6k1/5p2/2q1p1p1/P6p/1Q5P/P1p3P1/5P1K/8 w - - 0 33,b4b6 c6c8 b6e3 c3c2,2174,101,77,25,advancedPawn advantage endgame master queenEndgame quietMove short,https://lichess.org/Zu8TNtWX#65,
7EBa2,1r3k2/p1R1bppp/2b1p3/2p5/5P2/2P1B1P1/PP2N2P/6K1 b - - 1 20,b8b2 c7c6 b2e2 c6c8 e7d8 c8d8 f8e7 d8d3 c5c4 e3c5,2135,75,94,6631,advantage endgame quietMove veryLong,https://lichess.org/goIIbUXU/black#40,
7EBzL,8/2k1p3/1p3b2/5Qp1/4P2p/PK5P/1r4P1/8 w - - 2 40,b3a4 f6c3 f5g5 b6b5 g5b5 b2b5,2178,80,91,805,crushing endgame long quietMove,https://lichess.org/iBW3aRhL#79,
7EDG0,3r2k1/pp1nRp2/2p3pp/3p4/3P1P1B/2P5/PP3PKP/8 b - - 1 25,f7f6 f4f5 g6f5 h4g3 d7f8 e7b7,2162,77,79,76,advantage endgame long quietMove skewer,https://lichess.org/sY08xnOo/black#50,
7Ey5m,8/5k1p/2p3pP/p2p2P1/P1PP1K2/2n5/8/3B4 w - - 1 48,c4d5 c3d1 d5c6 d1c3 f4e5 c3a4 e5d6 a4b6 d4d5 a5a4,2130,206,83,8,crushing defensiveMove endgame master masterVsMaster quietMove veryLong,https://lichess.org/5AmxerTa#95,
7G1Ec,r1b2r1k/5ppB/p3p3/qp2P3/3PQ3/P1P1n3/6PP/R4RK1 b - - 2 21,e3f1 e4h4 a5d8 h4h5 f1g3 h2g3 d8g5 h5g5,2157,78,94,393,crushing middlegame quietMove veryLong,https://lichess.org/2jQZ6pHj/black#42,
7GRK0,3Q1bk1/4pp1p/2n3p1/2P5/2K5/5P2/1P4PP/8 w - - 4 33,d8d7 c6e5 c4b5 e5d7 c5c6 d7f6 c6c7 f6e8,2115,75,95,4030,crushing endgame fork quietMove veryLong,https://lichess.org/HTDVaaZm#65,
7GkYR,8/8/1p2kP2/1P1pB2p/2bP1Kp1/8/2r1p2P/R7 b - - 6 39,c2d2 a1a7 d2d4 e5d4,2107,74,84,388,crushing endgame master quietMove short,https://lichess.org/39gDVwPr/black#78,
7GrBW,6k1/5p1p/p3pbp1/1p6/2p2P2/2PqBQ1P/PP4PK/8 b - - 3 29,d3c2 f3a8 g8g7 e3c5 g6g5 a8f8 g7g6 f8g8,2134,77,92,644,crushing endgame quietMove veryLong,https://lichess.org/zfrcVtHl/black#58,
7HVb3,8/2R3pp/2p2k2/4n3/7P/B1Pb4/P2r4/R5K1 w - - 3 28,a3d6 e5f3 g1h1 d3e4 c7e7 f3e5,2139,76,84,350,advantage discoveredAttack endgame long quietMove,https://lichess.org/8NDG43Lx#55,
7HoKT,2r1r1k1/pb2PNpp/1n1Q4/2p3Bq/3p4/P7/1P4PP/R4RK1 b - - 2 26,b7d5 f7d8 h7h6 f1f8,2185,80,79,47,clearance crushing master middlegame quietMove short,https://lichess.org/7NN6fuaX/black#52,
7I8wo,r1b1Qnk1/ppp3p1/4p2p/3pP1q1/8/2PBP3/PP4PP/R1B3K1 b - - 4 18,g5e5 c1d2 c8d7 e8a8,2132,117,47,25,crushing middlegame quietMove short,https://lichess.org/FvLbb7Cc/black#36,Queens_Pawn_Game Queens_Pawn_Game_Mason_Attack
7JLE8,k2r4/2r3p1/1pq2p1p/p7/P7/1RP3Q1/5PPP/1R4K1 b - - 1 27,d8c8 b3b6 c6b6 b1b6 c7c3 f2f3 c3c1 g1f2,2194,87,80,29,crushing endgame quietMove veryLong,https://lichess.org/x5e6Hi2h/black#54,
7JvTS,8/b4r2/2p1k3/P5Pp/1P1pK3/B2P3P/3P4/6R1 w - - 0 59,h3h4 a7b8 e4d4 b8a7 d4c4 a7g1,2192,131,84,17,advantage endgame long quietMove skewer,https://lichess.org/MQfz0RfY#117,
7KKKo,8/6kp/4p1p1/1K3p2/R4r2/1P6/7P/8 b - - 2 39,f4a4 b3a4 g7f6 a4a5 f5f4 b5c4 f4f3 c4d3 f3f2 d3e2,2150,88,47,55,crushing endgame quietMove veryLong,https://lichess.org/G5LE7qtr/black#78,
7KYJ8,r4rk1/p7/2p2p2/3p1NpK/4q2p/2P1P3/PP1BQ1P1/R4R2 w - - 0 25,e2g4 e4e8 h5h6 f8f7 f5g7 f7g7 f1f6 g7h7,2146,77,93,2069,crushing middlegame quietMove veryLong,https://lichess.org/3DdbOgOO#49,
7KYO5,8/7p/3p1kp1/3Kp3/1P6/6P1/7P/8 b - - 0 36,f6f5 b4b5 e5e4 d5d4 f5e6 d4e4,2142,75,74,131,crushing endgame long pawnEndgame quietMove,https://lichess.org/roqTZuap/black#72,
7Kfkr,8/p7/2P5/8/3K4/3P2r1/P6k/8 b - - 0 58,h2h3 c6c7 g3g8 d4c5 h3g4 d3d4 g4f4 d4d5,2155,83,77,44,advancedPawn crushing defensiveMove endgame master quietMove rookEndgame veryLong,https://lichess.org/TOWgJgsD/black#116,
7KuB1,8/p6p/1k4pK/8/6P1/7P/8/8 w - - 2 48,h6h7 g6g5 h7h6 a7a5 h6g5 a5a4 g5h6 a4a3 g4g5 a3a2 g5g6 a2a1q,2106,83,90,696,advancedPawn crushing endgame pawnEndgame promotion quietMove veryLong,https://lichess.org/vVIOpBEz#95,
7L3dC,2kr3r/pp3p2/5q2/PPp5/2P1Pp1p/2b2PpP/Q1N1B1P1/1N3R1K w - - 3 28,b1c3 f6c3 b5b6 a7a6 a2a1 c3a1 c2a1 d8d2,2147,111,82,16,crushing middlegame quietMove veryLong,https://lichess.org/HxEjkUos#55,
7LSgA,r4rk1/b3npp1/p1Pp3p/1p6/4P3/1B2BP1q/PP3P2/2RQ1RK1 w - - 0 19,e3a7 e7g6 d1d6 g6h4 d6g3 h4f3 g3f3 h3f3,2140,76,85,242,advantage kingsideAttack middlegame quietMove veryLong xRayAttack,https://lichess.org/g8DA2op2#37,Ruy_Lopez Ruy_Lopez_Morphy_Defense
7Lc5n,6k1/5p1p/1K4p1/1Q6/8/2P4P/Pq6/8 b - - 0 46,b2b5 b6b5 g8f8 a2a4 f8e7 a4a5 e7d6 b5b6,2109,78,71,146,crushing defensiveMove endgame quietMove veryLong,https://lichess.org/tdjzdNq0/black#92,
7LiFJ,8/5p2/Pk1p2p1/2bPp1P1/4P1K1/8/4B3/8 b - - 36 68,c5b4 e2b5 b4d2 b5e8 b6a6 e8f7 a6b6 f7g6 b6c7 g4f5 c7d8 f5f6,2175,141,100,15,bishopEndgame crushing endgame quietMove veryLong,https://lichess.org/HYRW85hz/black#136,
7LrYi,8/pp6/7p/P7/1P3K2/6Pk/8/8 b - - 3 52,h6h5 b4b5 h3g2 g3g4,2164,75,87,496,crushing endgame pawnEndgame quietMove short,https://lichess.org/JDA3Wgxh/black#104,
7MpIU,8/8/5p2/5N2/6K1/7p/6k1/8 w - - 0 61,f5g3 h3h2 g4f4 f6f5 g3f5 h2h1q,2100,75,92,544,advancedPawn crushing deflection endgame knightEndgame long promotion quietMove zugzwang,https://lichess.org/HrrVq5XH#121,
7N1LA,8/1bP5/5Bp1/2K1p2p/2P1pp1P/1k4P1/5P2/8 w - - 0 51,f6e5 e4e3 c5b6 b7c8 f2e3 f4f3,2168,76,87,292,bishopEndgame crushing endgame long master quietMove,https://lichess.org/lz8zHb5o#101,
7N55M,3r2k1/6p1/2p1p1p1/1p2P1Pp/pP1P4/P2Q3P/3R2PK/4q3 b - - 7 36,e1h4 d3e3 d8f8 g2g3 f8f3 e3f3,2103,88,74,40,crushing endgame long quietMove,https://lichess.org/5s7rInrv/black#72,
7N86E,1r3rk1/pbp2ppp/3b1n2/8/3Pp3/P3B3/3NBPPP/1R3RK1 b - - 2 17,d6a3 b1b3 a3d6 f1b1 a7a5 b3b7,2125,76,89,468,advantage clearance long middlegame quietMove,https://lichess.org/Qk1d0Kst/black#34,Kings_Pawn_Game Kings_Pawn_Game_Leonardis_Variation
7NDd3,8/7p/1kp5/p3p1p1/P3PpP1/1KP1nP1P/4B3/8 w - - 14 50,e2c4 e3c4 b3c4 h7h6 c4d3 b6c5 c3c4 c5b4,2139,79,83,118,crushing endgame quietMove veryLong zugzwang,https://lichess.org/b2k0Szax#99,
7Nglu,8/4k1p1/1R2p2p/1pP1P1p1/1PbBp3/r3P2P/6P1/6K1 b - - 1 35,a3a7 c5c6 c4d5 d4c5 e7f7 c5d6 d5c6 b6c6,2126,85,75,30,clearance crushing endgame quietMove veryLong,https://lichess.org/eAZSklac/black#70,
7NjsB,8/8/6p1/7p/3KP1kP/8/8/8 b - - 1 68,g4f4 e4e5 f4f5 d4d5 g6g5 e5e6,2145,86,83,90,crushing endgame long pawnEndgame quietMove,https://lichess.org/HpamtYLb/black#136,
7OLTZ,r5k1/4Qp2/2p1p1p1/2P5/8/5qPP/3R1P1K/8 w - - 10 43,e7b7 a8a1 d2d8 g8h7 d8h8 h7h8,2124,152,87,32,advantage endgame long quietMove,https://lichess.org/5K8xU1ZA#85,
7OLrj,8/5p2/6b1/p2p2P1/2k2N2/5P2/P3K3/8 b - - 3 57,d5d4 f4g6 f7g6 f3f4 c4d5 e2d3,2184,75,91,384,crushing endgame long quietMove,https://lichess.org/KDpe1Vsa/black#114,
7PSsi,8/7R/1kp5/1p6/p4P2/P2P4/r1PK4/8 b - - 0 51,a2a3 h7h1 b5b4 f4f5 b4b3 f5f6,2149,92,95,28,crushing endgame long quietMove rookEndgame,https://lichess.org/IsDBCBa2/black#102,
7Pj3S,8/1p2k2N/r3p1p1/p2pPn1p/P1pP1P1P/1rP3P1/RP5K/5R2 w - - 1 38,h7g5 a6b6 f1f2 f5e3 f2e2 e3d1,2165,76,88,673,crushing endgame long quietMove,https://lichess.org/DCfOc8lM#75,
7Q6RQ,r3kr2/1p1q4/p2bb2p/6p1/P2Bn3/1P4P1/6BP/R2Q1RK1 w q - 0 20,f1f8 d6f8 g2e4 a8d8 e4f5 e6f5,2180,77,86,200,advantage long middlegame quietMove,https://lichess.org/g9946BWf#39,
7Q7wF,8/1p3p1k/p5pp/P2Q4/1P4q1/8/6NK/4r3 b - - 3 39,g4h5 d5h5 g6h5 g2e1 h7g6 e1d3 g6f5 d3c5,2128,77,83,54,crushing endgame quietMove veryLong,https://lichess.org/sCE6tznx/black#78,
7Q8vx,8/pp3kp1/2p5/3pP3/6P1/P1P4P/1P3K2/8 w - - 1 33,f2e3 g7g5 e3d4 f7e6,2169,78,80,69,crushing endgame pawnEndgame quietMove short,https://lichess.org/nDZEJ75l#65,
7QPya,8/5r1k/p1p4p/4p1qp/2P1P3/1P3PPR/P4QK1/8 w - - 4 45,g2h2 f7d7 f3f4 g5d8,2125,125,84,18,crushing defensiveMove endgame quietMove short,https://lichess.org/VROPCvf9#89,
7QlUq,8/6k1/R3p3/3pP3/1P1P4/p3K3/r7/8 w - - 2 43,a6e6 a2a1 e6a6 a3a2,2175,88,47,46,advancedPawn advantage endgame quietMove rookEndgame short,https://lichess.org/tf4iAVf3#85,
7R0et,2r5/5k1p/1Q2pp2/2Pp1p2/5P2/4P3/q5PP/1R4K1 b - - 0 28,c8g8 b6c7 f7g6 b1b7 a2a1 g1f2,2192,78,88,317,clearance crushing endgame long quietMove,https://lichess.org/wNBM0R0z/black#56,
7RE3z,5k2/5ppp/2QP4/4q3/p7/6PP/5P1K/8 b - - 0 36,g7g6 d6d7 f8e7 c6c8 e5d6 c8e8,2178,114,73,35,advancedPawn crushing endgame long queenEndgame quietMove,https://lichess.org/SQYAvZu8/black#72,
7Ryld,6k1/N4ppp/P3p3/3p4/2pP4/2n5/5PPP/6K1 b - - 0 30,c3a4 a7c8 c4c3 a6a7 c3c2 c8e7,2102,90,78,29,advancedPawn crushing endgame knightEndgame long quietMove,https://lichess.org/ZTSTqjAF/black#60,
7S5UC,1k1r4/p2p3p/Bpq5/3p1p2/2nP4/Q3PP2/5P1P/B3K1R1 w - - 6 26,a3c3 b6b5 a6b5 c6b5,2136,111,47,21,advantage middlegame quietMove short trappedPiece,https://lichess.org/sAl7dgH7#51,
7SBZL,8/4b3/p1p1k3/3p3p/1P1B1Kp1/P3P1P1/5P2/8 b - - 1 38,e7f6 d4f6 e6f6 a3a4 f6e6 f4g5,2156,75,84,376,bishopEndgame crushing endgame long master masterVsMaster quietMove,https://lichess.org/IqxNBob5/black#76,
7SGb9,8/8/8/3N1P1p/3pK3/3Pb3/3k4/8 b - - 0 59,h5h4 d5f4 d2c2 f5f6 e3c1 f6f7,2109,78,86,60,advancedPawn crushing endgame long master quietMove,https://lichess.org/zICVfHLy/black#118,
7SdAr,1r4k1/pp1n3p/2p5/3p2p1/3P4/1Q2PrPq/PP2NP1P/2R2RK1 w - - 0 23,b3d1 d7f6 e2f4 f3f4,2122,76,93,2694,advantage master middlegame quietMove short,https://lichess.org/bc7T4DNn#45,
7Sj5u,8/8/5p2/2k2P1K/6PP/4b3/8/8 b - - 0 58,c5d6 h5g6 d6e5 h4h5 e5f4 h5h6,2171,78,93,7609,bishopEndgame crushing endgame long quietMove,https://lichess.org/jP9fWyyn/black#116,
7Stq7,4k3/6p1/pp6/2p5/P1p5/8/2P2PPP/6K1 w - - 0 40,h2h4 b6b5 a4b5 a6a5 g1f1 a5a4 f1e2 a4a3,2156,76,93,5846,crushing endgame pawnEndgame quietMove veryLong,https://lichess.org/ghEXnsIx#79,
7SxBl,8/p7/8/1p1k4/5pp1/PP1K4/5PP1/8 w - - 0 42,a3a4 b5a4 b3a4 a7a5 g2g3 f4f3,2193,85,82,38,crushing endgame long pawnEndgame quietMove zugzwang,https://lichess.org/ggM5tfAq#83,
7TECn,3rr1k1/p6p/1p4p1/3PqNb1/P1P5/3QPR2/6PP/3R2K1 w - - 1 30,d3d4 g6f5 d4e5 e8e5 f3g3 h7h6 h2h4 e5e3,2162,80,76,53,advantage middlegame quietMove veryLong,https://lichess.org/mBahCijb#59,
7TFJh,r2q1rk1/2p2p1p/ppR1pnp1/6B1/1P1P4/P7/5PPP/3Q1RK1 b - - 0 22,d8d5 g5f6 d5c6 d1d2 e6e5 d4e5 c6f6 e5f6,2106,74,94,9077,crushing middlegame quietMove sacrifice veryLong,https://lichess.org/PuD4qRvx/black#44,
7TFej,5k2/2p2pp1/1p1pn3/1P2pN2/4n3/R6P/4B1PK/2r5 b - - 1 43,f7f6 e2h5 g7g6 h5g6,2140,74,91,1891,crushing endgame quietMove short,https://lichess.org/yRj8xiRd/black#86,
7Tcz1,6k1/pp3p1p/6p1/3Q4/8/P4KPP/1P1R1P2/2q3r1 b - - 4 28,c1f1 d5e5 f1d1 d2d1,2188,76,93,3094,crushing endgame quietMove short,https://lichess.org/8CRmEyYR/black#56,
7TvEH,8/p6p/1p3k2/1P1Pp1p1/8/3K2P1/7P/8 b - - 1 30,f6e7 d3e4 e7d6 g3g4 h7h6 h2h3 d6c5 e4e5,2139,78,95,5952,crushing endgame pawnEndgame quietMove veryLong zugzwang,https://lichess.org/IGu5avne/black#60,
7UWsN,6k1/pb4pp/2p2r2/1p2q3/6Q1/1PN1P1P1/P2r1P1P/2R2RK1 b - - 3 24,d2f2 f1f2 e5e3 c1f1 f6f2 f1f2,2141,78,91,1850,crushing long middlegame quietMove,https://lichess.org/8exD0OtI/black#48,
7UmHb,8/pp6/2pkp2N/3p4/3P2P1/2P1n1K1/PPr5/1R6 b - - 0 35,e3c4 g4g5 d6e7 b1f1 c4d2 f1f7,2190,75,94,7380,advantage endgame long quietMove,https://lichess.org/nEuuQNVv/black#70,
7Uu4u,3b2k1/pp4p1/2p3B1/4q1Pp/1nP4P/4P3/PP3P2/1QK5 b - - 0 23,e5h2 b1f5 b4d3 f5d3,2117,77,90,146,advantage endgame quietMove short,https://lichess.org/AkqEVcTO/black#46,
7Uwks,8/6pp/2k1pp2/1pPpP3/2pK1PP1/P6P/1P6/8 b - - 0 37,h7h6 e5f6 g7f6 h3h4 e6e5 f4e5 f6e5 d4e5 c4c3 b2c3,2138,143,92,8,crushing endgame pawnEndgame quietMove veryLong,https://lichess.org/5DDpLgqH/black#74,
7VCs9,r1b1Q1k1/ppp3q1/2n5/3p2B1/3P4/2P3P1/P1P4P/R5K1 b - - 2 20,g8h7 a1f1 c8h3 e8h5,2182,77,91,272,advantage middlegame quietMove short,https://lichess.org/BsX77aq1/black#40,
7VUeY,4k1r1/2R5/1P6/5K1p/8/6p1/8/8 b - - 0 51,e8d8 c7a7 g8g4 a7a8 d8d7 b6b7,2187,76,94,1542,advancedPawn crushing endgame exposedKing long quietMove rookEndgame,https://lichess.org/9sgtOzV2/black#102,
7VV5H,8/5k2/4bp2/p3p1pp/2P1P1P1/2K4P/P3B3/8 b - - 0 32,h5g4 e2g4 f7e7 g4e6 e7e6 c4c5 f6f5 e4f5,2196,80,90,1120,bishopEndgame crushing endgame quietMove veryLong,https://lichess.org/tG8ihIE3/black#64,
7VZX5,8/8/Pkp5/6p1/P5K1/1P6/8/8 b - - 2 44,b6a6 b3b4 a6b6 g4g5 c6c5 b4b5 c5c4 g5f4 c4c3 f4e3 c3c2 e3d2 c2c1q d2c1,2110,143,100,10,crushing endgame pawnEndgame quietMove veryLong,https://lichess.org/i3gTojqR/black#88,
7WESC,8/p7/1p6/1P6/2k5/7K/7N/8 w - - 1 62,h2f3 c4b5 h3g3 a7a5 g3f2 a5a4 f2e1 a4a3 e1d2 a3a2,2127,77,79,404,advancedPawn crushing endgame knightEndgame master quietMove veryLong,https://lichess.org/6ftunCsy#123,
7Waqj,5rk1/3r1p2/1pqN1Qp1/p1p4p/P1P1P2P/1P4R1/2nR4/6K1 b - - 8 29,c2d4 d2d4 c5d4 d6e8 c6f6 e8f6 g8g7 f6d7,2138,129,81,14,crushing fork middlegame quietMove sacrifice veryLong,https://lichess.org/1QhtXWWC/black#58,
7Wdtm,4r1k1/7p/1p2q1p1/p2p1pP1/P2P1P1b/1RPQP2P/R7/6K1 w - - 6 31,c3c4 d5c4 d4d5 e6c8 a2c2 c4d3 c2c8 e8c8,2192,77,94,2934,crushing endgame fork quietMove veryLong,https://lichess.org/4bDAjdkV#61,
7Wikb,3rk1r1/Q1p2R2/2p5/8/3Pq2p/P3P2P/1P5K/5R2 w - - 1 29,f7f3 e4g6 f3f8 g8f8 f1f8 e8f8,2110,79,91,1064,crushing endgame long quietMove,https://lichess.org/96J0cFUg#57,
7XANl,6k1/2P2ppp/1K6/1N2p3/7P/8/8/2r5 b - - 1 44,e5e4 b5d4 c1c7 b6c7,2198,175,67,15,endgame equality quietMove short,https://lichess.org/iugnhIzB/black#88,
7XQ68,3r1rk1/pp3ppp/1q2p3/1b5Q/1P2PR2/2P3N1/1P4PP/R6K b - - 2 22,b6d6 f4h4 h7h6 h5b5,2108,75,94,5417,crushing master masterVsMaster middlegame quietMove short,https://lichess.org/UEDwz1Mm/black#44,
7XTMk,r1b1q1k1/pp3ppp/4pn2/2pPn3/8/P1P5/2PPQPPP/R1B2RK1 b - - 0 12,e6d5 f1e1 e5f3 g2f3,2148,121,100,38,equality middlegame quietMove short,https://lichess.org/yI0Lzbwz/black#24,
7XVX4,4r3/k1p1r3/Np6/1P5p/3Q2p1/5nP1/2P2PKP/8 w - - 1 32,d4a4 e7e1 a6b4 a7b8 b4c6 b8c8,2114,75,93,3069,crushing endgame long master quietMove,https://lichess.org/Fu9DlL6h#63,
7XjMP,r6k/2p1P2p/2Np1p2/3P4/8/1p6/4N2r/3RK3 b - - 0 42,b3b2 c6d8 h2h1 e1f2,2185,75,86,296,crushing defensiveMove endgame quietMove short,https://lichess.org/EG3efuHu/black#84,
7XrmB,2k4r/pp2q3/3pp1p1/2p1p1r1/2PnP1Q1/2NP3P/PP4P1/R4RK1 w - - 1 19,c3d5 e7d8 d5e7 d8e7,2194,78,92,2833,crushing middlegame quietMove short,https://lichess.org/90tZygke#37,English_Opening English_Opening_Kings_English_Variation
7YFru,8/5p2/p4Pp1/1p2k3/2p3Kp/2P4P/P1P3P1/8 w - - 8 40,g4h4 e5f4 g2g3 f4f5 a2a3 a6a5 g3g4 f5f4,2127,202,43,6,crushing defensiveMove endgame pawnEndgame quietMove veryLong zugzwang,https://lichess.org/tJ3oSkdV#79,
7YHIu,8/8/3K3p/3Np3/3bP3/6k1/6P1/8 w - - 7 51,d6e6 h6h5 d5e7 g3g2 e7f5 g2f3,2186,86,82,43,crushing endgame long quietMove,https://lichess.org/ZMlBffOu#101,
7YNFs,8/8/6p1/p1p4p/P1P1K2P/1P4k1/8/8 b - - 0 43,g3h4 b3b4 a5b4 a4a5 b4b3 e4d3 b3b2 d3c2 g6g5 a5a6 b2b1q c2b1 g5g4 a6a7 g4g3 a7a8q,2130,86,85,45,advancedPawn crushing endgame pawnEndgame promotion quietMove veryLong,https://lichess.org/E5fAM6Ru/black#86,
7YoiI,8/4P3/8/8/2r2K2/1R6/1p6/2k5 w - - 1 67,f4f3 c4c8 f3f4 c8e8 f4e5 e8e7,2134,79,90,1318,crushing endgame long quietMove rookEndgame,https://lichess.org/HdUJHSgO#133,
7YqQn,8/8/8/1p3K1p/5PP1/k6P/8/8 b - - 0 56,h5g4 f5g4 a3a2 f4f5 b5b4 f5f6 b4b3 f6f7,2145,77,91,134,advancedPawn crushing endgame master pawnEndgame quietMove veryLong,https://lichess.org/DN5YrRTe/black#112,
7YsaS,3k3r/bpp1qpp1/p1pr4/4p1N1/1P2P1Q1/P7/1BPP1PP1/R4RK1 w - - 1 17,g5f3 d6h6 g2g3 h6g6 g4g6 f7g6,2107,78,83,51,advantage long middlegame quietMove,https://lichess.org/DPkEWRrM#33,Three_Knights_Opening Three_Knights_Opening_Other_variations
7Yx4a,2r4k/2q1b1rp/5pP1/2p1p2Q/ppB1P1R1/8/PPPN4/2K5 b - - 1 28,c7d7 g4h4 e7f8 c4f7 g7f7 g6f7,2196,73,92,8657,advancedPawn advantage long middlegame quietMove,https://lichess.org/pfYYAb6w/black#56,
7Z7W2,6k1/5pp1/4pn1p/2p5/2r5/P3P1N1/R4PPP/6K1 w - - 0 29,a3a4 c4c1 g3f1 c5c4 a4a5 c4c3,2194,87,91,1581,crushing endgame long quietMove,https://lichess.org/ZxE5xPhO#57,
7ZNhX,8/q2n2bk/1p1Q2Pp/3Pp3/8/4BP2/P3r1PP/3R2K1 b - - 0 29,h7h8 d1c1 e2e1 c1e1,2164,76,91,128,crushing middlegame quietMove short,https://lichess.org/6vCWQDDb/black#58,
7ZUzv,2Q5/8/7p/1p4pk/5q2/P1P1p2P/1P4P1/7K w - - 8 45,c8e8 h5h4 e8b5 g5g4 b5e2 h6h5 h1g1 g4h3 g2h3 f4g3,2134,144,31,7,crushing endgame queenEndgame quietMove veryLong,https://lichess.org/gmUqV1qi#89,
7ZvvD,r4rk1/2p1Bppp/p1p5/1p2p3/q7/P2P1Q1P/1PPR1PP1/6K1 b - - 0 17,f8e8 e7b4 c6c5 b2b3 c5b4 b3a4,2192,78,75,177,advantage endgame long quietMove trappedPiece,https://lichess.org/bpiNpHrA/black#34,Ruy_Lopez Ruy_Lopez_Exchange_Variation
7aJ53,8/2p3p1/5p2/1p1k1PPp/3P3P/2K5/P7/8 w - h6 0 36,g5f6 g7f6 c3d3 b5b4 d3e3 d5c4 e3e4 c7c6 e4e3 c4c3,2164,75,94,2168,crushing endgame master pawnEndgame quietMove veryLong zugzwang,https://lichess.org/d0FWPdzf#71,
7aKxq,8/8/7R/8/1k3P1P/p6r/4PK2/8 w - - 0 44,h4h5 a3a2 h6b6 b4a5 b6b8 h3a3 b8a8 a5b4,2175,77,94,4289,advancedPawn crushing defensiveMove endgame quietMove rookEndgame veryLong,https://lichess.org/rnhSk3MN#87,
7awjk,2rq3k/p5bp/6p1/8/P3QpP1/3p1P2/P2N4/2K1R2R w - - 0 27,c1b1 d8f6 e4e8 c8e8 e1e8 g7f8,2164,77,79,100,advantage long middlegame quietMove,https://lichess.org/3Uiz5PqX#53,
7c3No,4rk2/p7/2p2N1p/1p3P2/3P4/1QPK1Pr1/PP4pq/R5R1 w - - 1 26,f6e8 g3f3 d3e2 h2g3 a1e1 f3d3 b3g8 f8g8,2197,103,81,36,advantage endgame quietMove veryLong,https://lichess.org/IrJGrdpw#51,
7cZb1,2r1rk2/RR2n1p1/2p1pp2/2P4p/3P2PP/4BP2/8/6K1 b - - 0 29,h5g4 e3f4 g4f3 f4d6,2158,76,86,326,advantage endgame quietMove short,https://lichess.org/LRiSVwEw/black#58,
7cjbz,4k1r1/7Q/4q1p1/1pPp4/1PbBP3/r4PP1/7P/4R1K1 b - - 0 51,a3d3 e1a1 d3d1 a1d1,2144,76,85,228,crushing master middlegame quietMove short,https://lichess.org/hMfihggm/black#102,
7crN4,5rk1/4prbp/4Qnp1/2pP4/1pP5/pP1B1NqP/P3R1P1/1R5K w - - 7 26,e6e5 f6h5 e5g3 h5g3,2138,76,92,1794,crushing kingsideAttack middlegame quietMove short,https://lichess.org/mJJNyWix#51,
7dy2u,R7/3r1p1k/4pr1p/6p1/6P1/4PP2/5PK1/2R5 b - - 2 37,h6h5 c1c8 h5g4 c8h8 h7g6 f3g4,2146,84,86,35,advantage endgame exposedKing intermezzo long quietMove rookEndgame,https://lichess.org/O4m6FEMY/black#74,
7e3z0,8/1pp2kp1/4R2p/3nNP2/8/1p4PP/6K1/1r6 b - - 1 38,f7g8 e6e8 g8h7 e5g6 d5e3 e8e3,2187,74,93,4888,advantage endgame long quietMove,https://lichess.org/5JESLQa8/black#76,
7e7MY,2k5/8/pBP1K3/P2P3p/8/5bp1/8/8 w - - 0 54,c6c7 h5h4 e6f5 h4h3 f5f4 h3h2 f4f3 h2h1q,2183,111,72,25,advancedPawn bishopEndgame crushing endgame promotion quietMove veryLong,https://lichess.org/jzvZaOUB#107,
7eyB0,8/p7/P1p5/2Pp4/3Pp2b/4P2k/4K3/N7 b - - 11 50,h3g2 a1c2 h4g3 c2b4,2195,76,63,93,crushing endgame master quietMove short,https://lichess.org/i2uTtzFO/black#100,
7fEEB,2k3rr/p1p1bp2/2P2q2/4N3/3PpB1p/2P3P1/P4P1P/R4QK1 b - - 1 27,f6f4 a1b1 e7b4 f1b5 h4g3 b5b7 c8d8 b7b8 d8e7 b8c7,2152,133,80,47,advantage deflection fork middlegame quietMove veryLong,https://lichess.org/BWoEZZwr/black#54,
7fmXf,8/2n2k2/4p1p1/1b1pP1Pp/2pP3P/p1P3N1/P2K4/1B6 b - - 9 56,c7a8 g3e2 b5e8 e2f4 f7g7 f4e6,2108,75,86,300,crushing endgame long quietMove,https://lichess.org/Iv0eSD6s/black#112,
7frEk,7k/4q2p/pr2b1rQ/3p1p2/P2p1P2/1Pp4R/2P4P/6RK w - - 0 37,g1g6 d4d3 h3d3 d5d4 g6e6 b6e6,2124,88,82,43,advantage endgame long quietMove,https://lichess.org/FxDGZu7N#73,
7fvjo,8/3k1p2/4pPp1/1P2P2p/2RP4/2K5/8/1r6 w - - 0 48,c4b4 b1b4 c3b4 h5h4 b5b6 h4h3 b6b7 d7c7,2100,84,91,2749,crushing endgame quietMove rookEndgame veryLong,https://lichess.org/UFM23vmV#95,
7ggVr,8/8/8/pp1k2p1/3n1pP1/PP1K1P2/3N4/8 w - - 0 40,a3a4 b5b4 d2e4 d4f3,2162,77,87,620,crushing endgame knightEndgame quietMove short zugzwang,https://lichess.org/MVlD1d6v#79,
7hUpl,8/5p2/5kp1/3K4/5PP1/8/8/8 b - - 0 53,g6g5 f4f5 f6e7 d5c6 e7d8 c6d6,2104,76,86,220,crushing defensiveMove endgame long pawnEndgame quietMove,https://lichess.org/eyTwgTiy/black#106,
7hjUu,r2qk2r/pp2ppb1/3p2pp/3N4/4P3/1P1BPQ2/1PP3PP/R5K1 b kq - 0 17,e7e6 d3b5 e8f8 a1f1 f7f5 d5f4,2112,111,86,25,crushing long middlegame quietMove,https://lichess.org/gVsxzkYS/black#34,Sicilian_Defense Sicilian_Defense_Sozin
7i3dA,rn2kb1r/pp1q3p/4p1p1/4Q3/3pn3/8/PPP2PPP/R1B1K1NR w KQkq - 0 11,e5h8 b8c6 c1h6 e8c8,2193,80,85,93,castling crushing defensiveMove middlegame quietMove short,https://lichess.org/eNn9bxWD#21,French_Defense French_Defense_Tarrasch_Variation
7iAz2,8/4k1pp/p3p3/1p1pPP2/1P4P1/5K2/P6P/8 b - - 0 29,e7f7 f3e3 h7h5 h2h3 h5g4 h3g4,2196,78,80,53,crushing endgame long pawnEndgame quietMove,https://lichess.org/o5QxtMQK/black#58,
7iDBZ,5r1k/pp4p1/3p3p/8/3P4/1QP2rq1/PP2R1P1/4R1K1 w - - 0 30,b3b7 d6d5 b7b3 f3f2 b3d5 f2f5 d5e5 f5e5,2185,142,87,17,advantage endgame pin quietMove veryLong,https://lichess.org/xikR47Yj#59,
7imXY,8/3k4/1ppp1K2/p2Pp3/P1P1P3/2P5/8/8 w - - 0 48,f6f7 c6d5 c4d5 b6b5 a4b5 a5a4 c3c4 a4a3,2162,78,90,244,crushing endgame pawnEndgame quietMove veryLong,https://lichess.org/OzSOrsSE#95,
7iuyL,4q3/3k4/3NpQ2/3pP3/3P4/8/3n1PPP/2b3K1 b - - 2 36,e8e7 f6h8 e7d6 e5d6,2131,83,84,41,crushing endgame quietMove short,https://lichess.org/hvaWH4b9/black#72,
7ixSY,8/8/1B6/7p/p3bPk1/P7/2p4P/2K5 w - - 0 50,b6c7 e4f5 c7b6 g4h3,2181,77,89,126,bishopEndgame crushing endgame quietMove short,https://lichess.org/tZE1UCA4#99,
7iz4q,3rr1k1/4b1pp/1Np2pb1/2Ppp3/1P5q/P1P1B1RP/4QPP1/R5K1 w - - 1 27,e2b2 f6f5 g3g6 h7g6,2100,76,91,2513,advantage middlegame quietMove short,https://lichess.org/RFGnZsU9#53,
7j7Go,1k1r4/ppp3p1/6b1/6q1/1b4B1/2N1r3/PP1B2R1/R2Q2K1 w - - 0 23,d1c1 b4c5 d2e3 c5e3 c1e3 g5e3,2126,78,95,3003,crushing exposedKing fork long middlegame quietMove sacrifice,https://lichess.org/RRmqcsY5#45,
7jU39,r3r1k1/pb3pp1/4p2p/1p1pN1q1/2p1PP2/2P3P1/PP2Q1P1/2KR3R b - - 0 19,g5g3 d1f1 d5e4 h1h3 g3h3 g2h3,2190,76,89,573,crushing long middlegame quietMove trappedPiece,https://lichess.org/X2zaFJO4/black#38,Queens_Pawn_Game Queens_Pawn_Game_Colle_System
7jWw8,1Q6/6p1/7q/3Kp3/3pP3/3P2k1/8/8 b - - 3 58,h6f6 b8e5 f6e5 d5e5 g7g5 e5f5 g5g4 e4e5 g3f3 e5e6 g4g3 e6e7 g3g2 e7e8q g2g1q e8e4,2177,81,91,595,advancedPawn crushing endgame promotion queenEndgame quietMove veryLong,https://lichess.org/p0SjUy6v/black#116,
7jjfD,8/4k2N/p1p5/1p3p2/2P2n2/1PK4P/P7/8 w - - 0 39,h3h4 f4e6 h7g5 e6g5,2170,86,73,37,crushing endgame knightEndgame master quietMove short,https://lichess.org/KBcMGJz4#77,
7jzCA,r7/p2N3k/2p3pp/1p2p3/6b1/P5Pn/BPP2rQK/R7 w - - 0 25,d7f6 f2f6 a1f1 a8f8 f1f6 f8f6,2143,76,91,411,crushing hangingPiece long middlegame quietMove,https://lichess.org/1gJJdYMj#49,
7l3an,r3k2r/ppp2pp1/5n2/2b1p3/3nP2p/P1NP3q/1PPBB2N/R2Q1R1K w kq - 2 15,d2g5 d4e2 d1e2 f6h5 e2h5 h8h5,2185,76,95,2337,crushing long middlegame quietMove,https://lichess.org/0ALqs3dr#29,Kings_Gambit_Declined Kings_Gambit_Declined_Queens_Knight_Defense
7l5WA,8/3k4/P3p3/2K1n3/8/8/4B3/8 b - - 0 50,d7c7 e2b5 e5g6 b5c6 c7b8 c5b6,2166,117,73,35,crushing defensiveMove endgame long quietMove zugzwang,https://lichess.org/AHrKSC8I/black#100,
7lLZE,rnb1k2r/ppq3p1/2p2p2/2Qp1B2/P2P4/8/1P3PPP/R3R1K1 b - - 6 20,e8f7 e1e7 c7e7 f5g6 f7g6 c5e7 c8f5 a1a3 b8d7 a3g3 g6h5 e7g7 a8f8 g7e7,2115,245,-100,5,advantage deflection fork middlegame quietMove sacrifice veryLong,https://lichess.org/VQkfNlCK/black#40,
7latM,8/1pp3k1/p1n1Q2p/2P1ppq1/6pN/1KP3P1/P2r1PP1/7R b - - 3 24,d2f2 h1d1 c6d4 c3d4,2112,96,81,26,crushing endgame quietMove short,https://lichess.org/LYOkBh4A/black#48,
7luJt,8/3k2pp/8/4PPP1/p1K5/8/8/8 w - - 1 45,c4b4 h7h5 g5h6 g7h6 b4a4 h6h5 a4b5 h5h4,2140,75,94,2249,crushing defensiveMove endgame pawnEndgame quietMove veryLong,https://lichess.org/jd7Cb5WG#89,
7m8dH,2rr2k1/p1q1bpp1/b7/3P3p/P3P1n1/1NN1BK2/1PPQ2PP/R6R w - - 0 20,h2h3 e7h4 e3f4 g4e5 f4e5 c7e5,2157,119,40,12,crushing long middlegame quietMove,https://lichess.org/Pr66Hkau#39,
7mTQm,8/3R4/2p3pk/1pb1P3/4K2P/p4B2/P4rP1/8 b - - 4 33,f2a2 g2g4 g6g5 e4f5,2197,106,79,12,crushing endgame quietMove short,https://lichess.org/TJN3Qpe8/black#66,
7moU4,6R1/1kp5/7p/pB5P/1bP3P1/KP2r3/P7/8 w - - 2 36,a3a4 e3e2 b5d7 c7c6 a2a3 e2a2,2117,75,93,2991,crushing endgame long pin quietMove,https://lichess.org/YrxIu0Hr#71,
7mpR7,8/8/2p4p/1bP3PP/pP2N3/P3p3/8/3K1k2 w - - 3 59,e4c3 h6g5 h5h6 b5d3 h6h7 d3h7,2172,117,55,19,crushing endgame long quietMove,https://lichess.org/Tg347tHo#117,
7nL3I,3R4/5pkp/p1P1p1p1/r6r/8/6P1/5P2/2R3K1 b - - 0 31,h5c5 d8d1 a5b5 c6c7,2150,75,91,1108,advancedPawn advantage endgame quietMove rookEndgame short,https://lichess.org/xwOW6zsp/black#62,
7npkK,8/7p/6p1/2k1p3/2P5/2K4P/6P1/8 w - - 0 46,g2g3 e5e4 h3h4 h7h5 c3b3 c5d4 c4c5 d4c5 b3c3 c5d5,2174,77,94,954,crushing defensiveMove endgame pawnEndgame quietMove veryLong zugzwang,https://lichess.org/6K87FBg7#91,
7oXUF,r5k1/p4ppp/2Rbr3/3p4/1P2n1b1/P3PNPq/1B2BP1P/3Q1RK1 w - - 1 19,d1d5 g4f3 e2f3 e6h6 f3h5 h6h5 d5h5 h3h5,2139,74,92,419,crushing middlegame quietMove veryLong,https://lichess.org/u9uXdyvc#37,
7oiIp,3r1k2/2p3pQ/1r1b1q1p/1B6/P2p1n2/8/1PP2P1P/1K2R1R1 b - - 1 29,g7g5 b5c4 d6e5 e1e5,2192,78,85,224,crushing middlegame quietMove short,https://lichess.org/N7iAy1tp/black#58,
7p7NS,8/8/8/2Kp4/2p5/8/1PP1k3/8 b - - 1 73,e2d2 c2c3 d2c1 c5d5 c1b2 d5c4,2155,76,94,691,crushing endgame long pawnEndgame quietMove,https://lichess.org/eyf9QxcX/black#146,
7pXDY,8/5p2/6p1/8/4k1KP/8/5P2/8 b - - 3 49,f7f6 f2f4 f6f5 g4g5 e4f3 g5g6,2133,76,91,334,crushing defensiveMove endgame long pawnEndgame quietMove zugzwang,https://lichess.org/5JKYVgq5/black#98,
7pemy,8/8/1p1k4/7p/3b2p1/1P2N1P1/P3K3/8 b - - 1 36,d4e3 e2e3 d6c5 a2a3 c5d5 e3d3,2165,103,100,20,crushing defensiveMove endgame long quietMove,https://lichess.org/DJegp3Hl/black#72,
7q6uB,5r2/1Q3pk1/3p2pp/bPrNp1q1/P3P3/5P2/6PP/R4RK1 w - - 5 29,b5b6 c5c2 f1f2 f8c8 b7c8 c2c8,2151,180,87,14,crushing long middlegame quietMove,https://lichess.org/rJHu6Bwl#57,
7q7fW,3r1kr1/5p2/1pp2q2/1p6/4R3/2PQ4/P4PP1/4R1K1 w - - 7 34,d3c2 f6f3 g2g3 g8h8 e4h4 h8h4,2151,81,92,42,crushing endgame long pin quietMove,https://lichess.org/EIX2TnO4#67,
7qCP2,8/8/P7/2Q5/2P5/5r2/2K1r3/5k2 w - - 1 54,c2c1 f3f2 c5a5 e2e1 a5e1 f1e1,2162,99,49,20,crushing endgame exposedKing long queenRookEndgame quietMove,https://lichess.org/CZxedW6I#107,
7r3sV,6k1/5pp1/4p2p/3pP3/PP6/7P/5PP1/2n2K2 b - - 0 39,d5d4 a4a5 d4d3 f1e1 c1a2 a5a6 a2b4 a6a7,2169,76,95,4843,advancedPawn crushing endgame knightEndgame quietMove veryLong,https://lichess.org/SKWuykOF/black#78,
7rA7k,5rk1/4Rppp/4p3/Q5P1/pP1P1q2/1b2p3/1P2BP1P/4R1K1 w - - 0 29,e1f1 b3d5 a5c7 f4g5,2128,77,88,51,advantage interference middlegame quietMove short,https://lichess.org/JDsnvdaA#57,
7rHbw,5rk1/R6p/7q/4Q3/1P3P2/4P1p1/6P1/6K1 w - - 3 34,b4b5 f8d8 e5g7 h6g7 a7g7 g8g7,2180,111,79,29,crushing endgame long quietMove,https://lichess.org/qTCF8nhl#67,
7rWMY,8/7p/2P5/b2pBp2/3Pk3/2K4P/8/8 w - - 2 46,c3b3 f5f4 b3a4 a5d8 e5f6 d8c7,2196,76,90,1318,bishopEndgame crushing defensiveMove endgame long quietMove,https://lichess.org/lG58XjKx#91,
7sCKm,8/8/4p3/p1p1k1p1/P1P3Pp/5K1P/6P1/8 w - - 2 34,g2g3 h4g3 f3g3 e5d4 h3h4 g5h4 g3h4 e6e5 g4g5 e5e4,2192,79,91,398,advantage defensiveMove endgame pawnEndgame quietMove veryLong,https://lichess.org/IRxdvPxX#67,
7sRGZ,8/8/pp1p2k1/2pP2pp/P1P1K3/1P4PP/8/8 w - - 1 36,g3g4 h5g4 h3g4 g6f6 e4d3 f6e5 d3e3 a6a5 e3f3 e5d4,2172,75,88,681,crushing endgame pawnEndgame quietMove veryLong zugzwang,https://lichess.org/qN1o4s2q#71,
7t2FI,8/p7/1p3p1p/1P4p1/P3P1P1/4KP2/6k1/8 w - - 12 50,f3f4 g2g3 f4f5 g3g4 e3d4 h6h5 d4d5 h5h4,2158,78,84,198,crushing defensiveMove endgame pawnEndgame quietMove veryLong,https://lichess.org/8V9dEC7M#99,
7tQLH,1k6/8/p7/2p3p1/P1N2n1p/3p3P/2r2PP1/1R3K2 b - - 3 43,b8a7 c4a5 a7a8 a5c6,2155,76,86,105,advantage defensiveMove endgame quietMove short,https://lichess.org/p1xcBth8/black#86,
7tWz0,8/8/pp1k4/5p1p/3K4/1P3PP1/P7/8 w - - 0 46,a2a3 f5f4 g3f4 h5h4 d4e3 d6e6 f4f5 e6f5,2148,77,90,941,crushing endgame pawnEndgame quietMove veryLong,https://lichess.org/ifDOmKl1#91,
7tfB3,6k1/1p1r1ppp/p2p4/4p3/1Q5P/2P5/1P1K1q2/R6R w - - 5 33,d2d3 d6d5 h1e1 e5e4,2137,76,91,361,advantage endgame quietMove short,https://lichess.org/YljfUSmd#65,
7tjgt,8/3k4/1R3B2/3p3p/p6P/1p2K3/r7/8 w - - 0 42,e3f4 a2f2 f4g5 f2f6 g5f6 d5d4 b6b4 d4d3,2154,83,81,41,crushing endgame quietMove sacrifice veryLong,https://lichess.org/vuylZVk1#83,
7tkSg,6k1/K5P1/p1r5/P7/1P1B4/8/8/8 b - - 6 71,c6d6 d4b6 d6e6 a7a6,2147,90,74,69,crushing endgame interference quietMove short,https://lichess.org/CHlR5eCt/black#142,
7tkja,8/8/1pp5/3kpK2/1P6/P3P3/8/8 w - - 0 44,a3a4 c6c5 b4c5 b6c5 a4a5 c5c4 a5a6 d5c6 a6a7 c6b7 a7a8r b7a8,2150,77,90,1223,crushing endgame pawnEndgame quietMove veryLong,https://lichess.org/8M6e0I72#87,
7tn8y,8/1p5p/6p1/3Qb3/8/PK6/1r4PP/2k5 w - - 0 46,b3a4 e5c3 g2g4 b7b5 d5b5 b2b5,2180,82,90,1781,crushing endgame long quietMove,https://lichess.org/oAlA8XOs#91,
7u4gc,8/2k2p2/4p1p1/3p4/1P4P1/r5KP/PR6/8 w - - 4 38,g3f4 f7f6 g4g5 e6e5,2145,77,92,1078,crushing endgame master quietMove rookEndgame short,https://lichess.org/MZ6OM5DY#75,
7uC5J,8/5qk1/1Q2p1pp/3pP3/3Pn3/5NP1/5PK1/8 w - - 4 37,b6d8 g6g5 g3g4 h6h5 g4h5 g5g4 h5h6 g7g6 f3h4 g6h5,2113,153,71,12,crushing defensiveMove endgame quietMove veryLong,https://lichess.org/zgmpTtrN#73,
7uYV2,1r6/3bk1p1/4pbP1/5P2/p7/2pQ4/PrP5/K3R3 b - - 0 31,e6e5 e1d1 b8b7 d3d6,2177,85,91,1055,advantage endgame master quietMove short,https://lichess.org/xpLMmS1N/black#62,
7v9vP,1k1r3r/1pp4p/1p1p1n2/5B2/QPq2Pp1/6B1/P4K2/4R2R w - - 0 27,e1e3 c4d5 e3a3 c7c6 h1e1 d5f5,2139,92,85,30,crushing fork long middlegame quietMove,https://lichess.org/QD4DjBBg#53,
7w8i8,5k2/pQ3p2/6p1/7p/8/2PP1PP1/PP2q1KP/8 w - - 3 34,g2h3 g6g5 b7b8 f8g7 b8e5 e2e5,2168,83,91,1335,crushing defensiveMove endgame long queenEndgame quietMove,https://lichess.org/0gC6CBl6#67,
7x5qa,8/6p1/2p2pPp/p1k2P2/3p2P1/1P1K4/5P2/8 b - - 0 42,c5b4 f2f4 a5a4 b3a4,2151,79,87,58,crushing endgame pawnEndgame quietMove short,https://lichess.org/VHn7aj4r/black#84,
7xHlM,7k/p1p3r1/1pR4p/6r1/3PQ3/4P1Pq/PP3P2/5RK1 w - - 7 25,e4f4 g5h5 f4h6 h5h6 c6h6 h3h6,2181,77,93,2231,crushing endgame long quietMove,https://lichess.org/n6qPbgo9#49,
7xSnE,6k1/5p2/p1Q1p1pp/8/5q2/1P2n3/P5PP/2R4K w - - 1 33,c6a6 e3g4 a6c8 g8h7 c8c7 e6e5 c7f7 f4f7,2145,76,88,82,crushing endgame quietMove veryLong,https://lichess.org/XFbq4aNA#65,
7xa0N,6r1/5k1p/5P1p/2bq4/2p4Q/6P1/PP3P1P/2R3K1 w - - 2 25,c1c4 g8e8 c4c1 c5f2,2198,81,92,3662,crushing endgame quietMove short,https://lichess.org/nw23aSFr#49,
7xiVY,5r2/5pk1/p3b2p/4p3/1qr1B3/5QP1/PP3P2/1K1R3R w - - 0 26,e4f5 f8b8 b2b3 c4c3 f3c3 b4c3,2176,77,92,5801,crushing long master middlegame quietMove,https://lichess.org/9XNd2zQi#51,
7xspa,8/6k1/4pq1p/2Q2p2/BP6/P4b2/1P3P2/1K6 w - - 3 38,c5c3 f6c3 b2c3 h6h5 a4b5 f3g2,2148,78,90,1021,crushing defensiveMove endgame long quietMove,https://lichess.org/xZLPD2jF#75,
7y5Lb,8/7p/pp1k4/3p2p1/PP1K2P1/7P/2P5/8 b - - 0 33,b6b5 a4a5 d6e6 d4c5 d5d4 c5d4,2108,74,83,197,crushing endgame long pawnEndgame quietMove zugzwang,https://lichess.org/dXwPRNnM/black#66,
7yPGX,6k1/1p1r4/p2ppQ1p/4p3/1qP1P3/7P/P5P1/5R1K b - - 0 29,b4c4 f6g6 d7g7 g6e8 g8h7 f1f8 c4c1 h1h2,2101,75,94,2353,crushing endgame exposedKing quietMove veryLong,https://lichess.org/zJDY8ZhQ/black#58,
7yQGR,8/8/5p2/1pk3pp/p3P3/P1K2PPP/8/8 b - - 0 39,h5h4 g3h4 g5h4 f3f4 c5c6 c3b4 c6b6 e4e5 f6e5 f4e5 b6c6 e5e6 c6d6 b4b5 d6e6 b5a4,2140,81,91,3560,crushing endgame pawnEndgame quietMove veryLong zugzwang,https://lichess.org/CxTuDwoI/black#78,
7yTtO,2r3k1/1Q3p2/4p1p1/R7/8/8/5PPK/4q3 b - - 2 29,c8c2 a5a8 g8g7 b7b8 c2c8 b8c8,2143,80,91,933,advantage endgame long quietMove,https://lichess.org/buqWh5YH/black#58,
7yWba,8/8/3B1n2/1p6/1P6/7k/8/6K1 w - - 0 44,g1f2 f6e4 f2e3 e4d6 e3d4 d6c4 d4c5 c4a3,2114,76,95,4639,crushing defensiveMove endgame fork quietMove veryLong,https://lichess.org/Usm8Ra1T#87,
7yw5M,3r4/p5pp/P1p2p2/1pP1kP2/4P3/2P1K3/7P/6R1 b - - 2 33,d8g8 g1d1 g7g6 d1d7,2101,84,88,1121,crushing endgame master quietMove rookEndgame short,https://lichess.org/d1S5llgJ/black#66,
7yw5f,2r2rk1/pp3ppp/3q4/3pN3/3Q1n2/2P1R3/PP4PP/R5K1 b - - 7 21,f8e8 d4f4 f7f6 e5d3 d6f4 e3e8 c8e8 d3f4,2140,76,92,1914,crushing discoveredAttack hangingPiece middlegame quietMove veryLong,https://lichess.org/MlkH1wMA/black#42,
7z9fB,8/7p/6p1/4k3/6PP/6K1/8/8 w - - 3 57,h4h5 g6g5 g3f3 e5d4,2162,75,79,147,crushing defensiveMove endgame master pawnEndgame quietMove short,https://lichess.org/9F7Y1q9p#113,
7zPvB,2b4k/2p2r1p/1p1p4/3qpp2/3N1P2/1PQ3P1/1PP4P/4R1K1 w - - 3 25,f4e5 c8b7 d4f3 d5f3 e5d6 f3c3,2177,76,92,4639,advantage endgame long quietMove,https://lichess.org/1fGQcfKC#49,
7zQHG,r4r2/p4ppk/1p2pn2/8/2PQ4/qR6/P4PPP/R5K1 b - - 1 21,a3e7 d4h4 h7g8 b3h3 f6h5 h4e7,2161,80,88,202,crushing long middlegame quietMove,https://lichess.org/CgnNU5nT/black#42,
7zRBt,5rkr/1p4p1/p1p4p/2Bp4/5b2/2P2q2/PPQ2P1P/1K1R3R b - - 3 20,f8f7 h1e1 f4d6 c5d6,2143,75,85,101,crushing middlegame quietMove short,https://lichess.org/uSEbJbdQ/black#40,
7zW3A,2k5/1p4p1/p1p4p/P1b5/4p1P1/2N5/1PP2rK1/R1B5 w - - 4 32,g2h3 c5d6 g4g5 h6h5,2113,79,91,1765,crushing defensiveMove endgame quietMove short,https://lichess.org/h1AVo2dL#63,
7zp8j,8/8/2r2Np1/1p3k1p/3B3P/2P1K1P1/8/8 b - - 9 38,c6f6 d4f6 f5f6 e3d4 g6g5 d4c5 g5g4 c5b5 f6e5 c3c4 e5e4 c4c5,2184,82,13,36,crushing defensiveMove endgame quietMove veryLong,https://lichess.org/52tBm09H/black#76,
7zxZJ,1rr3k1/4bp2/p2p1p1Q/1p1Pp3/2PqP2P/P4P2/4B1P1/2R1K2R b K - 0 25,b5c4 h1h3 d4g1 e2f1 g1e3 h6e3,2162,75,91,1508,crushing long middlegame quietMove,https://lichess.org/cKvajmbY/black#50,
80QhB,2k2r2/pp4Rp/8/8/8/8/PPPrq1PP/R1Q4K w - - 1 23,a2a4 f8d8 c1g1 d2d1 a1d1 d8d1,2174,76,97,204,advantage endgame long pin quietMove,https://lichess.org/pD8Ad4DT#45,
81Fyy,5n2/5p2/5k1P/1pp4K/8/P2B4/8/8 b - - 12 48,b5b4 a3a4 f8g6 a4a5,2166,78,89,214,advantage defensiveMove endgame quietMove short,https://lichess.org/EgQDDAHq/black#96,
81eAQ,1q4k1/2p2p2/3bp1p1/7r/p6P/3R3R/P1P2PP1/3Q2K1 w - - 15 42,d3f3 h5b5 f3b3 a4b3,2120,78,82,53,advantage endgame quietMove short,https://lichess.org/skhARh7t#83,
82GY2,8/8/p1R5/4k3/8/5p2/r4N2/5K2 w - - 0 53,c6c8 a2a1 f2d1 a1d1 f1f2 d1d3 c8c2 d3a3,2119,75,91,360,crushing defensiveMove endgame exposedKing quietMove veryLong,https://lichess.org/oBvTBE6j#105,
82Gni,5r2/p1p2p1p/4k3/1p2r3/2pQ4/P1P5/1PP2PPP/2K5 w - - 0 27,d4a7 f8d8 b2b3 e5e1 c1b2 d8d1 a3a4 d1a1,2193,73,92,7498,crushing endgame queenRookEndgame quietMove veryLong,https://lichess.org/ChPe8n3M#53,
82WlA,3r4/p3p2k/2Q5/4qp1p/1P2n3/P6P/5P2/2R2RK1 w - - 1 29,c6c7 d8g8 g1h1 e5d5 c7e7 g8g7,2167,265,83,3,crushing endgame long quietMove,https://lichess.org/kODI8Nsm#57,
82mQX,r2q4/5pk1/1np2p2/1p3Bp1/p2P1P2/2P3P1/bP1B1Q2/K3R3 b - - 0 25,a2b3 e1h1 a4a3 h1h7 g7f8 h7h8,2143,77,91,2554,advantage long middlegame quietMove,https://lichess.org/vKiMEgXf/black#50,
83HZX,8/8/1kb1p1Q1/2p1P3/2Pp1P2/Pp1P4/1P1K1B1q/8 w - - 3 45,d2e2 h2h1 g6g1 h1f3 e2d2 f3f4,2110,95,76,37,crushing endgame long quietMove,https://lichess.org/iPNUC4Tf#89,
83xiD,r2q2k1/1pp2pp1/pbp1r2p/4p3/2N1P1b1/1PPP1N2/PB2QPK1/R4R2 w - - 2 18,e2d2 e6g6 c4e5 d8f6,2176,116,67,45,advantage middlegame quietMove short,https://lichess.org/RQbaRoVt#35,Ruy_Lopez Ruy_Lopez_Exchange_Variation
84MNP,1r1rn2k/p3qp1p/5p1P/1p1pn2B/3pPB2/1P5P/P6K/2R1Q1R1 b - - 3 28,d5e4 e1g3 e5g6 f4b8,2135,83,85,52,advantage middlegame quietMove short,https://lichess.org/Bu03tWch/black#56,
84NOo,r3kbnr/pp2qppp/2p5/4n3/B7/2N2P2/PPPPQ2P/R1BK3R b kq - 1 12,g8f6 h1e1 e8c8 e2e5,2104,76,87,204,advantage opening quietMove short,https://lichess.org/dY592GFX/black#24,Kings_Gambit_Declined Kings_Gambit_Declined_Falkbeer_Countergambit_Accepted
84URw,8/7p/1pk3p1/p4p2/P1KB4/bP3P2/6PP/8 b - - 9 34,a3c5 d4c5 b6c5 f3f4 c6d6 c4b5,2142,76,91,283,bishopEndgame crushing endgame long quietMove,https://lichess.org/ImBH2bef/black#68,
84WU5,8/p3k1p1/6P1/4p3/r6P/P4RK1/8/8 b - - 0 38,e7e6 h4h5 e5e4 h5h6 g7h6 g6g7 e4f3 g7g8q,2180,87,90,2260,advancedPawn crushing endgame promotion quietMove rookEndgame veryLong,https://lichess.org/YZ1ok1p6/black#76,
84bp8,8/2p2k2/1p6/8/2P1K1p1/6P1/7P/8 w - - 0 43,e4d5 f7e7 d5e5 c7c6 e5f5 b6b5 c4b5 c6b5,2108,77,91,5808,crushing endgame pawnEndgame quietMove veryLong,https://lichess.org/N8VAR6r6#85,
85Qwp,5r1k/5p1p/p3pPp1/2q5/2R4Q/P6P/1r4P1/6RK b - - 0 32,c5e5 h4h6 f8g8 c4h4 e5h5 h4h5,2143,88,76,33,clearance crushing endgame long quietMove,https://lichess.org/eKtwRuGg/black#64,
85cPZ,8/7p/8/1p1kpp2/p1pP4/P3PP2/1P1K3P/8 w - - 0 43,d2c3 e5d4 e3d4 f5f4 h2h3 h7h6 c3b4 d5d4 b4b5 d4e3,2190,78,91,347,crushing endgame pawnEndgame quietMove veryLong zugzwang,https://lichess.org/6naVEifm#85,
85jnk,1r3rk1/pb3ppp/2p1p3/B1b1P3/5PPP/4p3/P1P1B3/K2R3R b - - 1 23,c5d4 d1d4 c6c5 d4d1 b7h1 d1h1,2181,80,72,36,advantage hangingPiece long middlegame quietMove,https://lichess.org/BnPVziOu/black#46,
86G7E,8/R7/2r5/1p3k1p/5BnK/P7/6P1/8 w - - 2 43,g2g3 c6c2 a7f7 f5g6 f7g7 g6g7,2176,76,97,1024,crushing defensiveMove endgame long quietMove,https://lichess.org/pYRon6Y1#85,
86brO,5k2/p3pp1p/2p3bQ/3pN3/3P4/4P3/P2RKPP1/1rq5 b - - 1 23,f8g8 e5d7 c1f1 e2f3 g6e4 f3f4,2101,74,94,4138,crushing endgame long quietMove,https://lichess.org/6y2D4EbH/black#46,
86jhQ,2kr3r/ppp2ppp/2nbpn2/8/5B2/2NP3q/PPP1BP1N/R2QR1K1 w - - 2 13,e2g4 f6g4 f4d6 h7h5 d1f3 h3f3,2122,181,54,4,crushing long middlegame quietMove,https://lichess.org/7utMtQlI#25,Scandinavian_Defense Scandinavian_Defense_Main_Line
86m4C,r3rnk1/6pp/p1Q1pp2/3n3q/3P4/5NB1/P4PPP/1RR3K1 b - - 4 22,f8g6 g3b8 g6f4 c6a8,2133,195,71,6,crushing interference middlegame quietMove short,https://lichess.org/aZbo58G5/black#44,
86yK1,8/8/8/1p6/7R/5P1P/r6k/5K2 w - - 0 45,f3f4 b5b4 f4f5 b4b3 h4b4 b3b2 f5f6 a2a1,2116,75,93,122,advancedPawn crushing endgame quietMove rookEndgame veryLong,https://lichess.org/90gGfxjW#89,
88MeF,8/5k1p/5Bp1/p3P3/1p1K1P2/8/b5PP/8 w - - 0 36,f6d8 a5a4 d8a5 b4b3,2133,75,85,186,bishopEndgame crushing endgame quietMove short,https://lichess.org/kEb9edZR#71,
88Ry7,r4rk1/3p1ppp/p3p3/1p2PP2/8/P2R2Q1/1qP3PP/5R1K b - - 0 20,b2c2 f5f6 g7g6 g3e3 c2d3 e3d3,2179,81,75,38,crushing endgame long quietMove,https://lichess.org/y1bDJaiR/black#40,
88sM8,8/8/8/1p1k4/3Pp2p/1P2PpbP/8/4BK2 b - - 0 51,d5e6 e1g3 h4g3 h3h4 e6f5 h4h5 f5g5 d4d5,2139,78,90,2772,bishopEndgame crushing defensiveMove endgame master quietMove veryLong,https://lichess.org/040k0v1B/black#102,
89Ms6,6k1/pQ2Rp1p/3q2p1/8/6P1/P4P2/2r3PK/8 w - - 2 29,h2h3 g6g5 b7a8 g8g7 e7f7 g7f7,2149,120,83,28,crushing defensiveMove endgame long quietMove,https://lichess.org/0Sy3HyuL#57,
89NgU,r5k1/1q3pb1/4p3/4P3/1Pp2PQ1/2Pp4/2rB2K1/3RR3 w - - 5 38,g2h2 a8a2 e1g1 c2d2 d1d2 a2d2 h2h3 g8f8 g4g7 f8e8,2191,91,70,62,advantage exposedKing middlegame quietMove veryLong,https://lichess.org/pudwggLJ#75,
89jn9,r2q1rk1/1Q4pp/4Pp2/3p4/p1nP2n1/2P2R2/4N2P/1R2B1K1 b - - 9 27,f8e8 b7f7 g8h8 b1b7 e8g8 e2f4 h7h6 f7h5,2175,135,67,13,advantage clearance middlegame quietMove veryLong,https://lichess.org/FA52shhw/black#54,
89pqU,8/p7/3p4/1Pp5/P1PkP3/5K2/8/8 w - - 1 44,f3f4 d4c4 e4e5 d6e5 f4e5 c4b4 e5d5 c5c4 d5d4 c4c3 d4d3 b4b3 a4a5 c3c2 d3d2 b3b2,2195,77,86,194,advancedPawn crushing defensiveMove endgame pawnEndgame quietMove veryLong,https://lichess.org/UmF2Q6AB#87,
89tI0,r5k1/1b2qrpp/p3p1n1/3nP2Q/2R2P2/1P1B1R2/6PP/2B3K1 b - - 2 28,a8c8 f3h3 h7h6 h5g6,2142,81,76,34,advantage middlegame quietMove short,https://lichess.org/18E0qzSw/black#56,
8A4A7,8/8/p1Q5/4P3/8/qn5P/1k4PK/8 b - - 0 45,a3c5 c6c5 b3c5 h3h4 c5e6 h4h5 a6a5 h5h6,2141,81,71,36,crushing endgame quietMove veryLong,https://lichess.org/vOxx7Wbk/black#90,
8AFph,8/8/p4p2/Pk2P3/3P4/1p2K3/8/8 w - - 0 55,e5e6 b5c6 e3d2 f6f5 d2c3 f5f4 e6e7 c6d7 e7e8q d7e8,2183,76,92,433,crushing endgame pawnEndgame quietMove veryLong,https://lichess.org/CyqeUrKR#109,
8B6tT,8/p7/1p6/3P1pk1/6rp/P3PK2/7R/8 b - - 0 37,g4a4 d5d6 g5f6 h2d2 a4g4 d6d7,2198,77,91,752,advancedPawn crushing endgame long quietMove rookEndgame,https://lichess.org/La42vrou/black#74,
8BKww,3Q4/p2b3q/2p1p1k1/3p4/3P1B2/6P1/6K1/8 b - - 11 42,g6f5 d8g5 f5e4 f4d2 e4d4 g5e3 d4c4 e3c3 c4b5 c3a5,2130,129,82,37,crushing endgame quietMove veryLong,https://lichess.org/kGswy6tA/black#84,
8Bml4,r4rk1/p2R4/2p2p1R/4B1p1/2b5/P1P1p3/1PP3PP/6K1 w - - 0 22,h6h7 c4f7 d7f7 f8f7,2135,77,82,100,advantage endgame quietMove short,https://lichess.org/TwUE9Szt#43,
8BnxJ,3b1rk1/6pR/3p4/4pPP1/1p2P3/3b1NN1/PKr5/7R w - - 1 32,b2a1 b4b3 a2b3 d8a5 b3b4 a5b4,2171,90,69,40,crushing long middlegame quietMove,https://lichess.org/lS7ViJa5#63,
8C3f8,8/8/6pp/8/3k3P/4pPP1/4K3/8 w - - 4 50,f3f4 h6h5 g3g4 h5g4 h4h5 g6h5,2190,75,84,370,crushing endgame long pawnEndgame quietMove,https://lichess.org/9W9XrQDe#99,
8CAMf,8/8/8/1p3pp1/3k4/3P2PP/4K3/8 b - - 1 40,d4c3 h3h4 g5h4 g3h4 b5b4 h4h5 b4b3 h5h6 b3b2 h6h7 b2b1q h7h8q c3c2 h8c8,2131,75,96,1410,advancedPawn crushing endgame pawnEndgame promotion quietMove veryLong,https://lichess.org/eylS6l1Y/black#80,
8CEqJ,6k1/1p3pp1/1q4p1/3PR1P1/8/2n2KQP/r7/4N3 b - - 14 38,g8f8 g3h4 a2f2 h4f2 b6f2 f3f2,2119,77,91,1297,crushing endgame long quietMove,https://lichess.org/YRva6rtt/black#76,
8CImA,8/3k1p2/2p1r2P/qpB3P1/8/3K3R/r5Q1/6R1 w - - 1 37,h6h7 a5a4 g2a2 a4a2,2131,184,60,15,advantage master middlegame quietMove short,https://lichess.org/jz3Duxog#73,
8Caz3,6K1/5P2/4k3/6P1/8/8/7P/q7 b - - 2 53,a1g1 h2h4 e6d5 f7f8q,2151,75,95,2283,advancedPawn crushing endgame promotion queenEndgame quietMove short,https://lichess.org/uFhMY2bj/black#106,
8Cq6T,4rbk1/2q2p2/5Pp1/1p4P1/3R4/pP1Q1P1B/K7/1R6 w - - 4 37,d4d7 c7h2 a2a1 e8e2 d3e2 h2e2,2174,77,80,78,advantage fork long master middlegame quietMove,https://lichess.org/T3LEO4WI#73,
8D21r,r5k1/5pp1/p1p5/P1Qb3p/3P4/2P2PB1/3q2PP/4R1K1 w - - 1 26,c3c4 a8b8 e1f1 b8b2 g3f2 b2c2 c4d5 c2c5,2149,103,78,17,advantage endgame quietMove veryLong,https://lichess.org/0s1rl3Sb#51,
8DZCO,6B1/8/8/7b/1p1k3p/3p1P2/1P1K3P/8 w - - 0 41,f3f4 h5g6 g8e6 d4e4,2102,79,64,56,bishopEndgame crushing endgame quietMove short,https://lichess.org/rH0opqqV#81,
8Di3m,3r4/6k1/6p1/p7/2P2P2/2pP4/6K1/1R6 w - - 0 34,b1d1 a5a4 d1c1 d8d3,2131,76,84,221,crushing endgame master masterVsMaster quietMove rookEndgame short,https://lichess.org/JLw1eLfu#67,
8Dk4q,r4rk1/pp1q1p2/3b2pQ/2p5/3pR1Pp/7P/PP3P2/R1B3K1 b - - 1 23,d6e7 g4g5 d7h3 e4h4 h3h4 h6h4,2144,75,90,570,crushing discoveredAttack long middlegame quietMove,https://lichess.org/TTnD1u3G/black#46,
8Do4L,1r4k1/2R3pp/5p2/3NpP2/R3P3/1r2P2P/3n1K2/8 b - - 4 31,h7h6 a4a7 d2e4 f2f3 e4d6 c7g7,2109,77,80,136,crushing defensiveMove endgame long quietMove,https://lichess.org/k6KzxDdp/black#62,
8EG8y,8/8/8/p1p1p3/1pP2k2/1P6/P5KP/8 w - - 0 39,h2h4 f4g4 g2f2 g4h4 f2e3 h4g5 e3e4 g5f6 e4d5 f6f5 d5c5 e5e4 c5d4 f5f4 c4c5 e4e3 d4d3 f4f3 d3c2 e3e2 c2d2 f3f2,2112,75,95,2107,advancedPawn crushing defensiveMove endgame pawnEndgame quietMove veryLong,https://lichess.org/cOuntBrd#77,
8EHfN,r1b1k2r/pp3ppp/2pp1nn1/2qPp3/2P1P3/1RN1PN2/P2QB1PP/5RK1 b kq - 3 14,e8g8 c3a4 f6e4 d2e1 c6d5 a4c5,2122,75,94,6833,advantage long master middlegame quietMove trappedPiece,https://lichess.org/0qWgY92X/black#28,Nimzowitsch_Defense Nimzowitsch_Defense_Kennedy_Variation
8EyWH,3r2k1/4R2p/p2P1pp1/1p6/1P3p2/P6P/2r3P1/3R2K1 b - - 0 24,c2c6 d6d7 g8f8 d1e1 c6c1 e7e8,2129,74,95,1814,advancedPawn crushing endgame long quietMove rookEndgame,https://lichess.org/CyvLWlqV/black#48,
8F6iV,8/p7/1p6/3Kp3/2p1Pk2/8/PPP5/8 w - - 0 43,a2a4 a7a6 c2c3 a6a5 d5c4 f4e4,2196,77,83,92,crushing endgame long pawnEndgame quietMove zugzwang,https://lichess.org/FSrbIcNT#85,
8FAvS,8/1p6/5p2/3p4/2pP1pP1/kpP2P2/8/2K2N2 w - - 0 42,c1b1 b7b5 f1d2 b5b4 c3b4 a3b4,2110,75,92,5426,crushing endgame knightEndgame long quietMove,https://lichess.org/QG0Kt3OU#83,
8FNsX,8/p7/1p2k2p/2p1Pp2/P2p1K2/3P3P/1PP5/8 w - - 0 36,h3h4 a7a6 h4h5 b6b5 a4b5 a6b5 b2b3 b5b4,2116,76,89,141,crushing defensiveMove endgame pawnEndgame quietMove veryLong zugzwang,https://lichess.org/1iZEdFpv#71,
8FmKL,8/p4k2/1p2n1p1/6K1/3B3P/P1P5/6P1/8 w - - 1 43,g5h6 e6d4 c3d4 b6b5 h6g5 a7a5 g5f4 b5b4 a3b4 a5a4,2106,78,92,751,crushing defensiveMove endgame quietMove veryLong,https://lichess.org/P7ANKGN8#85,
8FpG9,4B3/8/5p1p/p1k3P1/1p5P/1K6/8/8 b - - 0 54,h6g5 h4h5 g5g4 e8d7,2169,77,76,63,bishopEndgame crushing endgame quietMove short,https://lichess.org/wY2O4iwW/black#108,
8G0UM,1k5r/R4pp1/1p1p1b2/1P1BpP2/8/2PP2p1/1P5r/5RK1 b - - 1 26,f6g5 f1a1 g5e3 g1f1 h2f2 f1e1 e3d2 e1d1 f2f1 d1d2 f1a1 a7a1,2156,86,78,34,crushing endgame quietMove veryLong,https://lichess.org/DDvQDdET/black#52,
8G7hZ,7r/5pk1/p1Q3b1/4p3/8/1P2PP2/P5q1/3KR3 b - - 1 33,g2f3 c6f3 g6h5 e1g1 g7f8 g1g4 h5g4 f3g4,2112,76,81,230,advantage endgame hangingPiece quietMove veryLong,https://lichess.org/EHgresin/black#66,
8GsEk,r6k/6rp/2R5/1Q1p1p2/3P1P2/4PB2/4KP2/6q1 w - - 3 43,b5d5 g1b1 e2d2 a8a2 d5a2 b1a2,2102,77,92,106,crushing endgame long master quietMove,https://lichess.org/GWjfk85x#85,
8GyfJ,5n2/5Q2/6pk/p2pPpN1/2pP1P2/2P3PK/P7/5q2 w - - 1 50,h3h4 f1h1 g5h3 f8h7 g3g4 h1e1 h3f2 e1f2,2144,75,93,455,crushing endgame quietMove veryLong,https://lichess.org/Tl05PA7d#99,
8Gzs9,1knqrb2/pB1n1Qp1/Pp2P3/2p5/2Np4/1P1P4/2P2P2/2KR4 b - - 0 29,d7f6 c4e5 e8e7 e5c6 b8c7 c6d8 e7f7 d8f7,2118,148,82,18,crushing fork middlegame quietMove veryLong,https://lichess.org/1jvQx1qC/black#58,
8HMe8,1r5k/p4Qpp/3p4/2bBp3/4P3/3P4/R1Pq1PPP/5K2 w - - 1 25,a2a1 c5d4 a1e1 d4c3 g2g3 d2e1,2104,77,92,4419,crushing endgame long quietMove,https://lichess.org/Cwekp5uu#49,
8HqbM,8/7k/2p5/p7/2q5/2R3R1/6P1/7K b - - 1 43,c4b5 g3g4 b5h5 c3h3 h5h3 g2h3,2105,100,83,38,crushing defensiveMove endgame long pin queenRookEndgame quietMove,https://lichess.org/gdMLsV7J/black#86,
8Hvnx,r1b1Q3/p1p2pkp/6p1/3q2B1/8/2P5/P1P2PPP/R5K1 w - - 2 18,g5e3 c8b7 e3d4 d5d4 e8f7 g7f7,2166,80,89,601,advantage endgame long quietMove,https://lichess.org/JN6QbjSK#35,Ruy_Lopez Ruy_Lopez_Fianchetto_Defense
8IAsF,8/4p3/2k2p2/4PPp1/p2PK3/P7/8/8 b - - 0 37,c6b5 d4d5 f6e5 d5d6 b5c6 d6e7 c6d7 f5f6,2177,115,37,13,advancedPawn crushing endgame pawnEndgame quietMove veryLong,https://lichess.org/I5XlyHYo/black#74,
8IhEi,8/8/pBp1k3/2P1P3/5R2/r6b/7P/6K1 w - - 0 38,f4h4 a3f3 h4h3 f3h3,2184,76,86,292,crushing endgame quietMove short,https://lichess.org/YTaiOhkH#75,
8IreU,8/5kp1/3p2p1/p1pP1p2/P4PPP/1P3K2/8/8 w - - 1 42,h4h5 f5g4 f3g4 g6h5 g4h5 f7f6 h5g4 g7g6 g4g3 f6f5,2104,168,100,6,attraction crushing endgame pawnEndgame quietMove veryLong zugzwang,https://lichess.org/YYRcOSht#83,
8Iwif,r3k2r/pp3ppp/1q2p3/3pPn2/1P1P2Q1/2P5/P5PP/R1B2RK1 b kq - 0 15,a8c8 f1f5 e6f5 g4g7 h8f8 c1h6 e8d7 g7h7 b6g6 h7g6 f7g6 h6f8,2113,138,43,29,capturingDefender crushing middlegame quietMove veryLong,https://lichess.org/CuzV174r/black#30,Caro-Kann_Defense Caro-Kann_Defense_Other_variations
8JMVu,8/8/5Q2/1p1K4/3P4/p7/1kr5/8 w - - 8 56,f6f1 b5b4 d5e6 a3a2 d4d5 a2a1q,2120,75,93,1185,advancedPawn crushing endgame long promotion queenRookEndgame quietMove,https://lichess.org/298MgYyZ#111,
8JUcn,6k1/5pp1/1q5p/3pPQ2/5P2/2r4P/6P1/4R2K b - - 0 32,b6f2 e1a1 c3h3 f5h3,2153,94,51,31,crushing endgame quietMove short,https://lichess.org/PQwqXeON/black#64,
8JdBa,8/8/5p2/b4P2/6P1/1Kp5/3k4/1B6 w - - 4 47,g4g5 f6g5 f5f6 a5d8 f6f7 d8e7 b3c4 g5g4,2183,80,90,643,bishopEndgame crushing defensiveMove endgame quietMove veryLong,https://lichess.org/ePIhZNLu#93,
8JmJY,b3q1k1/p5pp/1p4p1/1P4b1/1BPP1n2/R3rP2/6PP/1N1Q1BK1 w - - 3 26,a3e3 e8e3 g1h1 f4h3 g2h3 a8f3 f1g2 f3d1,2100,75,82,74,crushing deflection fork middlegame quietMove veryLong,https://lichess.org/RLBnmhuE#51,
8Jvzi,8/1p4pk/p3Q2p/4PN2/3pq3/1P4PK/n6P/8 b - - 1 37,d4d3 f5e7 h6h5 e6g8 h7h6 g8h8,2123,76,93,732,crushing endgame long quietMove,https://lichess.org/IsNA2lzN/black#74,
8K20a,r2qrnk1/pp3p2/2p2pp1/8/3P1BP1/2PB4/PPQ2P2/2K4R b - - 0 18,d8d5 f2f3 d5f3 c2h2 f3h1 h2h1,2127,80,89,867,clearance crushing long middlegame quietMove,https://lichess.org/oDcPVulz/black#36,Caro-Kann_Defense Caro-Kann_Defense_Tartakower_Variation
8K2q3,r1k5/1p3p2/7p/P1B1Pp2/2K2P1P/2P5/3r4/R7 b - - 0 38,d2h2 a1d1 a8a6 c5b6 a6b6 a5b6,2124,77,87,83,crushing endgame long quietMove,https://lichess.org/4rlqL1BI/black#76,
8KUzx,6k1/5ppp/Q3pb2/p1R5/5B2/r4nP1/5PKP/1q3B2 b - - 4 31,g7g6 f4h6 f3h4 g2g1,2165,115,86,18,crushing defensiveMove middlegame quietMove short,https://lichess.org/pdHjuiJD/black#62,
8KdRV,8/4k3/2R5/8/2pP1K2/1pP5/1r6/8 w - - 2 64,c6c4 b2b1 c4b4 b3b2,2130,83,30,37,advancedPawn crushing endgame quietMove rookEndgame short,https://lichess.org/mc3MBhXw#127,
8KhRF,2r1r1k1/3q1pp1/4pn1p/pb1pN3/8/P3P3/1QB2PPP/R2R2K1 b - - 6 22,d7b7 c2a4 c8b8 d1b1 b7c7 a4b5 b8b5 b2b5,2103,214,-40,6,advantage middlegame quietMove veryLong,https://lichess.org/AVxIo3T1/black#44,
8Kpa6,6k1/pp1b2pp/2n1p2n/3pP3/5r2/BN5q/4BP1N/R2Q1R1K w - - 4 23,b3d2 f4h4 d2f3 h6g4,2112,77,81,210,advantage master middlegame quietMove short,https://lichess.org/cZ2BcdBO#45,
8KwGC,r6k/pQ1n2bp/6p1/8/1P6/P3q2P/R5P1/5RK1 w - - 0 21,a2f2 a8f8 b7d7 g7d4 g1h1 f8f2 d7d8 h8g7,2198,76,87,258,advantage defensiveMove middlegame pin quietMove sacrifice veryLong,https://lichess.org/jsiPTz7X#41,
8Kxuc,8/8/4k1p1/5pP1/5K1P/8/8/8 w - - 4 61,h4h5 g6h5 g5g6 h5h4 g6g7 e6f7 g7g8r f7g8,2177,75,81,314,crushing endgame pawnEndgame quietMove veryLong,https://lichess.org/00U1c6OT#121,
8KzKI,2R2nk1/p4p1p/4p1pP/P1p1P3/2b4N/8/r1r3P1/4R1K1 b - - 2 28,a2a5 e1d1 c4d5 d1b1 c2c1 b1c1,2141,164,65,7,advantage long middlegame quietMove,https://lichess.org/8v8zLqSE/black#56,
8L1nk,5rk1/5p2/p5p1/1p1p4/3P4/2P2QP1/q4PK1/4R3 b - - 2 33,a2c4 f3f6 c4d3 g3g4 d3e4 e1e4,2181,134,82,28,crushing endgame long quietMove,https://lichess.org/1l2zr6Zf/black#66,
8LEXE,2r2k2/pp3P1R/8/3p4/3bnNP1/r7/7P/5R1K b - - 2 35,e4f2 f1f2 c8c6 f2f1 a3a1 f1a1,2114,194,100,10,equality long middlegame quietMove,https://lichess.org/n8BZFEc4/black#70,
8LLcu,3r4/8/p2Pkp1p/3R2p1/1P1K4/P5P1/8/8 b - - 5 35,d8d6 d5d6 e6d6 g3g4 f6f5 g4f5 g5g4 a3a4,2113,142,88,17,crushing defensiveMove endgame quietMove rookEndgame veryLong,https://lichess.org/xtltfya7/black#70,
8Leby,8/2k5/3p3p/1p1P1K2/1P2P3/3B1n1P/8/8 w - - 1 54,f5g6 f3e5 g6h6 e5d3 h3h4 d3b4 h4h5 b4d3 h6g7 b5b4 h5h6 b4b3 h6h7 b3b2 h7h8q b2b1q,2155,80,80,83,advancedPawn advantage endgame fork promotion quietMove veryLong,https://lichess.org/0a09AOd2#107,
8Ljei,4r2k/2Q4p/5p1q/2p5/8/p1PP4/P1K3R1/8 w - - 6 43,c7c5 e8b8 c5a3 h6h1 g2e2 h1b1 c2d2 b8b2 a3b2 b1b2,2187,76,83,142,crushing endgame quietMove veryLong,https://lichess.org/Br4mebMf#85,
8LtQQ,3r1k2/1p2r1pp/p4n2/2P5/1P6/PQ2PB1P/5PPq/R1B2K2 w - - 7 29,c1b2 d8d2 f1e1 e7d7 b2d4 d2d4,2117,75,85,228,crushing long middlegame quietMove,https://lichess.org/Nqu8uryZ#57,
8MBWg,8/8/3k1p2/8/P5p1/6P1/8/2K5 w - - 0 46,c1b2 f6f5 b2c2 f5f4 c2d2 f4f3,2108,74,84,231,crushing endgame long pawnEndgame quietMove,https://lichess.org/nUvR3aLv#91,
8MkQ1,1r4k1/R5p1/7p/3p4/1P2n3/1Pp1PPqP/2Q3P1/2B2K2 w - - 1 30,f3e4 b8f8 f1g1 g3e1 g1h2 f8f1 a7a8 g8f7,2117,76,91,368,crushing defensiveMove endgame quietMove veryLong,https://lichess.org/x2XNP4YY#59,
8MllL,8/pR4rk/6Qp/4qppP/2P1p3/4p3/P7/2K5 b - - 3 35,h7g8 b7g7 e5g7 c4c5 g7g6 h5g6 g8g7 c5c6,2196,75,93,5483,crushing endgame quietMove veryLong,https://lichess.org/aAZGTdej/black#70,
8NaJM,3R4/5p1k/p3p1qP/2P2p2/7Q/6P1/r4PK1/8 b - - 0 49,a2c2 h4d4 e6e5 d4e5 g6c6 d8d5,2177,82,81,49,advantage defensiveMove endgame long quietMove,https://lichess.org/dpIhN4GY/black#98,
8Nh9J,6k1/1p1q2b1/1PpBrp2/2Pp3Q/1R6/5P2/6PK/8 b - - 0 41,e6d6 b4a4 d7d8 c5d6,2145,399,38,3,crushing endgame master quietMove short,https://lichess.org/d4Aaofks/black#82,
8Npeg,rn1q1r2/pb2p1bk/1p6/2pP1PQp/2n1N3/8/PP4PP/R1B2RK1 b - - 0 20,b7d5 g5g6 h7h8 e4g5 g7d4 g1h1,2126,80,84,144,crushing defensiveMove long middlegame quietMove,https://lichess.org/8fY3o34a/black#40,
8OVby,rn3r1k/ppp4q/1b5N/3Ppp2/8/2NQ4/PP3PPP/4RRK1 w - - 2 20,d3h3 b8d7 c3e4 f5e4,2130,198,100,20,equality middlegame quietMove short,https://lichess.org/ky0NmWfM#39,
8Op2T,4r1k1/p1Q2pp1/7p/8/6n1/P5P1/6P1/7K w - - 1 30,c7c3 e8d8 c3c2 d8d1 c2d1 g4f2 h1g1 f2d1,2133,74,96,742,advantage attraction endgame fork quietMove sacrifice veryLong,https://lichess.org/h2rvoqnM#59,
8Oz9l,r1b1kb1r/ppqpn2p/5pp1/5n2/8/5Q2/PPP2PPP/RNB1KBNR b KQkq - 1 10,c7c2 b1c3 f8h6 f1d3 c2c1 a1c1,2183,84,91,747,crushing long opening quietMove trappedPiece,https://lichess.org/t13Xsb7Z/black#20,Nimzowitsch_Defense Nimzowitsch_Defense_Other_variations
8PC9U,8/2p3k1/2rp2p1/q1PR1p1p/7P/4P1P1/1Q3PK1/8 b - - 1 32,g7f7 b2b3 f7g7 c5d6,2174,77,81,260,advantage endgame master quietMove short,https://lichess.org/D07DABbt/black#64,
8PDXO,8/2N5/P2n2p1/1p2p3/1P2P2p/2K3k1/6P1/8 b - - 0 37,d6c4 c7d5 g3g2 a6a7 h4h3 a7a8q h3h2 a8a2,2187,77,85,76,advancedPawn crushing endgame knightEndgame promotion quietMove veryLong,https://lichess.org/hIxwkhVT/black#74,
8PFNH,r3r1k1/5p1p/bq3npQ/p2p4/3N4/5PN1/PP1R2PP/5R1K b - - 6 24,a6f1 d4f5 g6f5 g3f5 f6h5 h6b6,2168,75,83,105,crushing long master middlegame quietMove sacrifice,https://lichess.org/8WFMbJdw/black#48,
8PFUs,5rk1/7p/2R1p1p1/3pP1P1/q2N1P2/rp6/1Q6/1K1R4 w - - 6 40,d1d3 f8a8 b2a3 a4a3,2162,82,90,725,crushing middlegame quietMove short,https://lichess.org/Hnwgq3Ka#79,
8PL4H,8/p7/8/1p2k2p/1Pp1Ppp1/P1P2P1P/8/3K4 w - - 0 35,d1e2 g4f3 e2f3 h5h4 f3g4 e5e4,2121,76,96,291,crushing endgame long pawnEndgame quietMove,https://lichess.org/pM5EH1fD#69,
8Py2H,6k1/6p1/4R2p/8/1p1q4/1Pr3P1/5PP1/1Q4K1 b - - 0 33,c3g3 b1f5 d4d1 g1h2 g3g2 h2g2,2148,75,92,3464,crushing endgame long quietMove,https://lichess.org/8HttMlAT/black#66,
8Q0Eg,5rk1/1p3ppp/8/pQp1qP2/Pn4P1/1PbB3N/2P4P/1K1R3R w - - 1 23,f5f6 c3a1 c2c3 e5c3 d3h7 g8h7,2116,76,96,1250,crushing long middlegame quietMove,https://lichess.org/jiHAFDgC#45,
8QHou,q1r4k/pbN1nQ2/1p1p4/4pP2/1nR1P3/4b1P1/P5BP/7K b - - 6 34,c8c7 c4c7 b7e4 f7h5 h8g8 h5g4 g8f8 g2e4 b4d3 c7c2 a8e4 g4e4 d3f2 c2f2,2116,160,11,12,crushing exposedKing fork middlegame quietMove veryLong,https://lichess.org/iTFkUGjC/black#68,
8QbrP,8/pp4kp/2p3p1/5p2/3PrP1K/PqP1BQ2/1P2R3/8 w - - 8 35,h4g5 b3e6 g5h4 g6g5 h4g3 g5f4 e3f4 e4e2 f4e5 e2e5,2170,126,86,15,advantage endgame fork pin quietMove veryLong,https://lichess.org/MNgYRS6V#69,
8R6OT,2r1kb1r/3n1ppp/p7/3Qp3/Pp6/2N5/1P3PPP/R1q1R1K1 b k - 1 20,c1b2 a1d1 b2f2 g1f2,2196,81,90,582,advantage master middlegame quietMove short,https://lichess.org/bMu14Ikx/black#40,
8RvOS,r4rk1/2R2p2/4p2p/3bQ1p1/pq6/6N1/5PPP/2R3K1 b - - 3 36,a4a3 g3h5 b4b2 c7c3 f7f6 h5f6 f8f6 e5f6,2149,75,94,2474,advantage middlegame quietMove veryLong,https://lichess.org/KZ1XXdum/black#72,
8S9yN,8/p2k4/2p5/2K3pp/2PP4/6PP/8/8 w - - 0 44,g3g4 h5g4 h3g4 a7a5 d4d5 c6d5,2189,76,95,833,crushing endgame long pawnEndgame quietMove,https://lichess.org/0zAR6ac4#87,
8STf0,r1b2rk1/3n1p2/4p1p1/p2pP2n/P1pP3q/2P1PN2/2B3PP/R1BQ2K1 b - - 1 19,h4g4 h2h3 g4g3 c1d2 h5f4 e3f4,2196,75,98,118,advantage long middlegame quietMove,https://lichess.org/uK4ZtK3i/black#38,
8SVa6,8/1kp4R/1p6/pK1P1r2/Pb6/1P5R/8/8 w - - 3 45,h3d3 f5f4 h7c7 b7c7,2179,109,85,39,advantage endgame quietMove short,https://lichess.org/MdkFVKqR#89,
8TJvk,6r1/2k4q/p2p4/2pPpn2/1pP2p2/3P1Q1P/PP3PP1/4RRK1 w - - 10 45,g1h2 f5h4 f3e4 g8g2 h2h1 h7h5 e4g2 h4g2,2188,89,55,49,advantage endgame quietMove veryLong,https://lichess.org/RxQMFyh0#89,
8TOB5,2kr4/1bp2p2/ppP3p1/1P1Pp3/P3Pq1r/6N1/2Q2P1b/R4K1R b - - 0 38,d8h8 c6b7 c8b8 a1c1 f4c1 c2c1,2171,76,91,1233,advancedPawn advantage long middlegame quietMove,https://lichess.org/TVe9vc4u/black#76,
8U87N,3r1q2/1p3k2/2p3p1/P4p2/7n/PN6/2P2K2/3BRQ2 w - - 4 34,b3c1 f8c5 f2g3 c5d6 g3h3 d8h8 f1c4 f7f8 c4c3 h8h7,2135,183,79,21,crushing defensiveMove exposedKing middlegame quietMove veryLong,https://lichess.org/cuqTuudS#67,
8UwOM,k4b2/Pp6/3pr3/R3p3/8/5Ppr/1P4K1/R7 b - - 1 31,e6h6 a1c1 h3h2 g2g3 h6h3 g3g4 h3h4 g4f5 h4f4 f5e6 f4f6 e6f6,2107,76,94,2863,crushing endgame quietMove veryLong,https://lichess.org/3sQVqITn/black#62,
8W5BY,7k/7p/1pp3pP/p2r4/P5b1/1PK5/2P1B3/4R3 b - - 2 40,d5e5 e1d1 e5e3 c3b2,2169,77,87,526,advantage defensiveMove endgame master quietMove short,https://lichess.org/uw7LAkk6/black#80,
8W5yM,8/2p5/k7/8/6K1/1p1N3p/7P/8 w - - 0 50,g4h3 a6b5 h3g2 c7c5 h2h4 c5c4 h4h5 c4d3,2140,76,85,178,crushing endgame knightEndgame quietMove veryLong,https://lichess.org/4wgXbxgG#99,
8WEGT,8/8/p7/3P1k2/4p3/6P1/2K5/8 w - - 0 43,g3g4 f5e5 g4g5 e5d5 g5g6 d5e6 c2c3 a6a5 g6g7 e6f7 g7g8q f7g8,2110,76,79,69,crushing defensiveMove endgame master pawnEndgame quietMove veryLong,https://lichess.org/wFngUSDY#85,
8WGLg,8/3k4/3p3p/2p5/2P2KP1/7P/8/8 b - - 0 35,d7e6 f4e4 d6d5 c4d5 e6d6 h3h4 c5c4 e4d4 c4c3 d4c3,2127,80,84,42,crushing endgame pawnEndgame quietMove veryLong,https://lichess.org/QbxMwkwX/black#70,
8WKkW,4r1k1/pQ5p/1p1Pp1p1/2p1P3/8/Pq6/7P/6RK b - - 3 34,b3d5 b7d5 e6d5 g1f1 e8d8 e5e6 d8d6 e6e7 d6e6 f1f8,2151,110,70,19,advancedPawn advantage endgame quietMove veryLong,https://lichess.org/TmlURos2/black#68,
8X19A,6k1/2Q3p1/pPp4p/3p4/1P4b1/P2P2P1/B4K2/3q4 w - - 5 34,c7f4 d1e2 f2g1 g4f3 f4f3 e2f3,2169,78,94,3113,crushing endgame fork long quietMove,https://lichess.org/gybpPefF#67,
8XC7n,8/2b5/p1P1p1k1/2Bp1p2/P2P1P2/6K1/8/8 b - - 2 52,g6f6 a4a5 c7a5 c5d6,2157,77,86,147,bishopEndgame crushing defensiveMove endgame master quietMove short,https://lichess.org/TXXc0geU/black#104,
8XPUs,8/8/7K/7P/8/2kp4/8/8 w - - 0 69,h6g6 d3d2 h5h6 d2d1q h6h7 d1d4 g6f7 d4h8,2115,93,83,30,advancedPawn crushing endgame pawnEndgame promotion quietMove veryLong,https://lichess.org/uZK43qLM#137,
8XUeP,8/pp6/2p2k1p/2Pp4/3P1KP1/1P6/P7/8 b - - 0 36,b7b6 c5b6 a7b6 a2a4 f6e6 b3b4,2174,83,91,5916,crushing defensiveMove endgame long pawnEndgame quietMove,https://lichess.org/PlSphlue/black#72,
8XnYP,r3rk2/pppq1ppQ/7p/4b3/3nN3/P4P2/1P3P1P/R2BR1K1 b - - 3 19,d7h3 e4g3 h3e6 f3f4,2148,114,57,27,advantage middlegame quietMove short,https://lichess.org/UjPI4KhE/black#38,Queens_Gambit_Declined Queens_Gambit_Declined_Chigorin_Defense
8YPgi,8/8/5pp1/8/Pkp2P1P/8/1K6/8 w - - 1 49,b2c2 f6f5 c2b2 b4a4 b2c3 a4b5,2151,80,90,326,crushing defensiveMove endgame long pawnEndgame quietMove,https://lichess.org/0qWJitEx#97,
8YgwM,8/2p3k1/3r1pp1/p1q1p3/4P1P1/1PP2P1p/P1R1Q2P/5K2 w - - 2 36,e2f2 d6d1 f1e2 c5d6 f2e3 d1h1,2151,74,86,240,clearance crushing endgame long master quietMove,https://lichess.org/LwAbsWlU#71,
8YhV7,r1bq1r1k/ppp3pB/1bnnPp1p/8/8/5N2/PPQ2PPP/RNB1R1K1 w - - 2 16,f3h4 f6f5 h4g6 h8h7 g6f8 d8f8,2129,79,90,1100,crushing interference long opening quietMove,https://lichess.org/xAdD76Jc#31,Ruy_Lopez Ruy_Lopez_Classical_Variation
8YpSV,2kr3r/p1p2ppp/2p3q1/2b2b2/Q4B2/2N5/PP2NP1P/R3K2R w KQ - 0 15,b2b4 g6g2 h1f1 f5h3 a4a6 c8b8,2168,76,77,72,crushing long middlegame quietMove,https://lichess.org/sMMMF6vO#29,Scandinavian_Defense Scandinavian_Defense_Mieses-Kotroc_Variation
8YtGQ,2kr1b1Q/pp6/2pp4/8/2PP1qp1/3B4/PP3PP1/2K1R3 w - - 0 24,c1c2 f8h6 h8h7 f4d2 c2b3 d2e1,2144,75,94,3026,crushing endgame fork long master quietMove,https://lichess.org/RpYSOS75#47,
8ZB34,8/3k4/2p1p1p1/p4p1p/P1PP3P/4KPP1/8/8 b - - 1 40,d7e7 e3f4 e7f6 c4c5 g6g5 h4g5 f6g6 f4e5,2162,83,87,250,crushing endgame pawnEndgame quietMove veryLong zugzwang,https://lichess.org/ceGZrNou/black#80,
8Zl1L,8/8/8/8/3Pbk1K/1pP1p2P/1P2B3/8 w - - 1 50,c3c4 e4f3 e2f1 e3e2 f1e2 f3e2 c4c5 e2f3 d4d5 f3d5,2139,77,77,66,advancedPawn bishopEndgame crushing endgame quietMove trappedPiece veryLong zugzwang,https://lichess.org/spz8VcoO#99,
8aB9F,2r3k1/1bq3p1/p2p1r1p/4n3/1p1QPP2/1P5N/P1P1N1R1/1KR5 b - - 0 28,e5d7 c1g1 c7c2 b1a1 c2e4 g2g7,2199,90,87,39,advantage long middlegame quietMove,https://lichess.org/k2rsC9gm/black#56,
8aPH5,2r3k1/pp1Q2pp/1q2p3/4Np2/5P2/1r5P/6PK/5R2 b - - 1 27,c8f8 f1c1 h7h6 c1c7 b6c7 d7c7,2161,91,62,34,advantage endgame long quietMove,https://lichess.org/hE6xpuUu/black#54,
8aTsu,3r1k2/R1Q2pp1/4q1r1/3p4/3P3P/2P2P2/1P3RK1/8 w - - 7 41,g2f1 d8e8 c7f7 e6f7 a7f7 f8f7,2199,78,93,807,advantage endgame long master quietMove,https://lichess.org/xBrbTSzs#81,
8abDJ,rnb1q2r/pppp2k1/5Rnp/4P2Q/4P3/8/PPPN2PP/R5K1 b - - 4 14,h8f8 a1f1 d7d6 f6f8 e8f8 f1f8,2148,75,81,266,advantage long middlegame quietMove,https://lichess.org/pqmHuAA3/black#28,Kings_Gambit_Accepted Kings_Gambit_Accepted_Hanstein_Gambit
8aj2o,r1b5/pp3k2/1qp3p1/3pP1N1/6Q1/8/PPP1B1P1/2K5 b - - 1 29,f7g7 g4h4 b6e3 c1d1 e3e5 h4h7 g7f6 h7h8 f6g5 h8e5,2149,78,90,597,crushing deflection endgame quietMove skewer veryLong,https://lichess.org/R3wjT9h1/black#58,
8anH6,7k/1r4p1/4pqQp/3p1p1P/p1pP1P2/P1P3R1/1Pb2NP1/6K1 b - - 4 41,b7b2 g6e8 h8h7 f2h3 b2b1 g1h2 b1b7 h3g5 h6g5 f4g5 f6g5 g3g5,2191,138,88,27,crushing endgame kingsideAttack master quietMove sacrifice veryLong,https://lichess.org/yYIEibn7/black#82,
8b3I8,8/1pk2r2/8/1KP2Bp1/4Pb1p/8/6P1/R7 b - - 10 49,f4e5 a1a8 f7f5 e4f5,2186,76,87,109,crushing endgame master quietMove short,https://lichess.org/EaHswZM1/black#98,
8bDyP,8/8/8/8/2pnk3/Q3p3/7P/3K4 w - - 5 40,h2h4 e3e2 d1d2 e2e1q d2e1 d4c2 e1d2 c2a3 h4h5 a3b5 h5h6 b5d6 h6h7 d6f7 d2c3 e4d5,2199,93,78,29,advancedPawn attraction crushing defensiveMove endgame exposedKing fork promotion quietMove veryLong,https://lichess.org/p91zzib1#79,
8bdh6,2R5/5ppk/2P3rp/7r/3QP2q/5P1P/6P1/2R3K1 w - - 1 35,g1f1 g6g2 c6c7 h5g5 c8h8 h7h8,2129,163,88,11,crushing endgame long quietMove,https://lichess.org/V7VAAn8a#69,
8bmQv,4r1k1/pp1q2r1/4pbpp/2pp1n2/5B1P/2PP1QP1/PP2RPB1/4R1K1 w - - 0 21,e2e6 e8e6 f3d5 g7e7 e1e6 d7e6 d5e6 e7e6,2190,101,81,20,advantage middlegame quietMove veryLong,https://lichess.org/DV6S5koE#41,
8bsSB,8/8/4K1Pk/pp5P/3b4/2p5/P6R/8 w - - 0 48,e6f7 b5b4 h2g2 a5a4 g6g7 d4g7,2173,76,91,713,advantage endgame long quietMove,https://lichess.org/wzYDqp5A#95,
8buGn,4r1k1/ppp2p2/2nr2p1/2b3B1/8/3B1P2/PPP2P1R/2KR4 b - - 1 20,d6d5 g5f6 d5h5 h2h5 g6h5 d1g1 g8f8 d3h7 e8e1 g1e1,2141,76,93,6687,crushing master masterVsMaster middlegame quietMove veryLong,https://lichess.org/EhBgUXfo/black#40,
8c2qq,8/8/7p/pp1k2pP/4p1P1/PPP1K3/8/8 b - - 0 38,d5e5 c3c4 a5a4 b3a4 b5a4 c4c5 e5d5 c5c6,2140,77,89,504,crushing endgame pawnEndgame quietMove veryLong,https://lichess.org/JsUEkg6z/black#76,
8c5Io,5qk1/6pp/1Qp5/1p1p2P1/4p2P/2P5/rPB2rP1/2K1R1R1 w - - 0 28,c1b1 f8a8 b1c1 a2a1 c2b1 a8a2,2150,75,77,174,clearance crushing long middlegame pin quietMove,https://lichess.org/8xgGOcgk#55,
8cbeL,4k3/R7/5K2/3N1P2/3P4/p4r2/8/4r3 b - - 0 43,e1e2 d5b6 e8d8 a7d7,2152,75,73,112,crushing endgame quietMove short,https://lichess.org/Svv3xUDg/black#86,
8ciTT,8/p5R1/kpN4p/3p4/1B1P4/P6r/5r2/6K1 b - - 1 48,f2b2 a3a4 h3g3 g7g3,2125,76,87,398,advantage endgame quietMove short,https://lichess.org/8XQIZ9xC/black#96,
8d1Gp,8/1p6/8/P1BK3p/7k/6p1/8/8 w - - 0 44,d5d6 h4g4 d6c7 h5h4 c7b7 h4h3 a5a6 h3h2 b7b8 h2h1q,2121,76,81,233,advancedPawn bishopEndgame crushing endgame promotion quietMove veryLong,https://lichess.org/OTz9VaxS#87,
8dDJm,8/6p1/4k2p/2p4P/p7/P1K1PP2/8/8 w - - 1 34,c3c4 g7g6 h5g6 h6h5 g6g7 e6f7 g7g8q f7g8,2183,79,91,2138,crushing endgame pawnEndgame quietMove veryLong,https://lichess.org/y0JdPEEc#67,
8dHv9,k2r1b1r/p2q4/Q1pp1pbp/8/3NP3/2N5/P1P2PPP/1R4K1 b - - 1 17,d8c8 c3a4 c8b8 b1b8 a8b8 d4c6 d7c6 a6c6,2179,77,82,91,attraction crushing middlegame queensideAttack quietMove veryLong,https://lichess.org/sbWAvJC8/black#34,Englund_Gambit Englund_Gambit_Other_variations
8dXiR,6r1/2p2k2/1p1b2pK/7p/3R1P1P/6P1/P3R3/8 w - - 10 39,d4e4 g8h8 h6g5 d6f8 e4e7 f8e7 e2e7 f7e7,2155,103,78,47,crushing endgame quietMove veryLong,https://lichess.org/1guRYdjf#77,
8dkNS,r6r/pp3k2/4np2/1P1qp2p/1Q5N/3pP3/P2P1PRK/R7 b - - 1 26,a8c8 h4f5 c8c5 e3e4,2139,75,82,99,crushing master middlegame quietMove short,https://lichess.org/5cCieviH/black#52,
8e7zZ,3Br1k1/4Ppb1/6p1/1R5p/2p5/2Nn2QP/1Pq2PP1/6K1 w - - 3 30,c3e4 d3c1 g3e3 c1e2 g1h2 g7d4 e4f6 d4f6,2131,126,44,26,crushing middlegame quietMove veryLong,https://lichess.org/7Wo3iMdM#59,
8eARD,r2q1r1k/1p2Nppp/p1bP1bn1/2p4Q/P4N2/8/BP3PPP/4RRK1 w - - 9 19,a2f7 g6f4 e7g6 f4g6 f7g6 h7h6 g6b1 c6e8 h5f5 g7g6,2169,77,95,952,advantage hangingPiece middlegame quietMove veryLong,https://lichess.org/DMWrlQhd#37,
8eXvh,r7/5pkp/p2p1qp1/1p1P1b1P/5Q2/P1P5/1P4B1/4R1K1 b - - 0 36,g6h5 e1f1 a8e8 f4f5 f6f5 f1f5,2157,80,86,39,advantage endgame long master quietMove,https://lichess.org/uABNJbx6/black#72,
8eiez,4r1k1/pp1PBp1p/5bp1/7n/8/8/P4PPP/5RK1 b - - 0 22,e8a8 f1c1 f6e7 c1c8 g8g7 c8a8,2103,75,92,773,advantage endgame long quietMove sacrifice,https://lichess.org/c75lLS9M/black#44,
8el0E,8/2p5/3kp3/4p2p/2KP1Pp1/6P1/7P/8 w - - 0 42,f4e5 d6c6 c4c3 c6d5 c3d3 c7c6 d3e3 d5c4,2125,78,87,635,crushing defensiveMove endgame pawnEndgame quietMove veryLong zugzwang,https://lichess.org/MGxFDKnP#83,
8epQA,r7/1pq2p1k/3p1R1p/p1bP4/2P1P3/6QP/PP4P1/7K b - - 0 27,a8g8 g3f4 g8g7 f6h6 h7g8 f4h4 g7g6 h6h8,2165,79,91,420,crushing endgame quietMove veryLong,https://lichess.org/wcAMpTRU/black#54,
8fDz0,8/p7/1p2kp2/5P2/4K3/1P6/P7/8 b - - 0 63,e6e7 e4d5 e7d7 b3b4 b6b5 d5c5,2143,75,86,352,crushing endgame long pawnEndgame quietMove,https://lichess.org/nB9GpIri/black#126,
8fd9C,5B2/4Pk1p/8/3p1p2/1P3K2/p6P/8/8 w - - 0 44,f4f5 d5d4 f8g7 d4d3 g7c3 a3a2,2193,77,92,2787,advancedPawn bishopEndgame crushing endgame long quietMove,https://lichess.org/W0tIpmpc#87,
8fhTi,5r2/3bq1kp/1p2pr2/2ppQ1N1/2p2R2/2P5/PP4PP/R5K1 b - - 5 25,h7h6 a1f1 g7g6 h2h4 f6f4 h4h5 g6h5 g5e6 e7g5 e6f4 f8f4 e5f4 g5f4 f1f4,2181,146,-12,12,crushing discoveredAttack fork master middlegame quietMove sacrifice veryLong,https://lichess.org/EQtdL8Wg/black#50,
8fmWu,rnq2rk1/5ppp/2pbbn2/pp2N3/4P3/2PB3P/PP3PP1/R1BQRNK1 w - - 1 14,c1f4 c8c7 e5g4 d6f4,2191,76,91,1964,advantage opening quietMove short,https://lichess.org/LmpGNRVC#27,Philidor_Defense Philidor_Defense_Steinitz_Variation
8fzMv,8/7p/4K3/6kP/8/8/8/8 w - - 4 53,e6f7 g5h5 f7g7 h7h6 g7f6 h5g4,2175,77,84,60,crushing endgame long pawnEndgame quietMove,https://lichess.org/MxBuO28x#105,
8g5YR,r1b1k2r/1p4pp/3Qpp2/1p6/4qB2/8/P1P2PPP/4RRK1 b kq - 1 18,e4f5 e1d1 e8f7 d6c7 f7g6 d1d3 f5d3 c2d3,2155,84,52,53,crushing exposedKing middlegame quietMove veryLong,https://lichess.org/Wtr1sxkM/black#36,Sicilian_Defense Sicilian_Defense_Bowdler_Attack
8g6Re,R7/8/6p1/3k4/6K1/p4PP1/8/r7 b - - 1 52,d5e6 g4g5 a3a2 g3g4 e6f7 a8a7,2176,155,83,13,crushing endgame long master quietMove rookEndgame,https://lichess.org/Gg7mWIFD/black#104,
8gXdF,8/8/8/3p4/8/8/pkPK4/N7 w - - 4 56,d2d1 b2a1 d1c1 d5d4 c2c4 d4d3,2138,82,91,195,crushing endgame hangingPiece long quietMove zugzwang,https://lichess.org/tYcalYzU#111,
8geTL,6k1/8/3p1pPK/b1pPpP2/1nP1P3/4B3/1p6/1N6 w - - 2 64,g6g7 b4a2 e3g5 a2c3,2178,79,70,73,crushing endgame quietMove short,https://lichess.org/bsYwbufj#127,
8h3tR,r5k1/1Q3pp1/4p2p/2Bp4/3P1K2/1P2PP1P/r5P1/5n2 w - - 0 31,g2g4 f7f6 b7a8 a2a8,2199,76,92,1290,crushing endgame master quietMove short,https://lichess.org/rhAA5YO9#61,
8hKic,8/3k4/3P1N1p/p3K1p1/1pP2nP1/8/P7/8 b - - 4 44,d7d8 c4c5 a5a4 c5c6 b4b3 a2b3,2130,84,86,39,crushing endgame knightEndgame long quietMove,https://lichess.org/6hafY026/black#88,
8hPcV,4r3/8/2R5/p3P3/1ppP4/2Pk4/PP4P1/2K5 w - - 4 34,c3b4 e8h8 b2b3 c4c3 c6c3 d3c3,2149,74,93,4700,crushing endgame long quietMove rookEndgame,https://lichess.org/A9G3dTuJ#67,
8hVnX,8/8/8/3B2K1/2Pk4/p7/P4P2/2n5 w - - 1 51,d5g8 d4c5 f2f4 c1a2 f4f5 a2c3 f5f6 c3e4,2196,80,79,121,crushing endgame quietMove veryLong,https://lichess.org/83WrlXIc#101,
8hkE4,8/2r2p1k/P3p1p1/1Q6/5PPp/3Bb2P/3q4/5R1K w - - 2 41,f4f5 e3f4 f5g6 h7g7 f1f4 d2f4,2104,90,79,30,crushing defensiveMove endgame long quietMove,https://lichess.org/0kV4CSbv#81,
8hpez,8/3k3p/1P1p2pP/2pK2b1/2Pp4/8/8/4B3 b - - 0 36,g5h6 e1a5 d4d3 b6b7 d3d2 a5d2,2180,75,92,3044,advancedPawn bishopEndgame crushing endgame long quietMove,https://lichess.org/12dO40Fj/black#72,
8iVJj,7k/4KP1p/3p3b/2p1p2N/P1P1P2P/3P4/7r/8 b - - 0 53,h2h4 h5g3 h4h2 g3f5 h2b2 f5h6,2146,76,92,1807,crushing endgame long master quietMove,https://lichess.org/EcPxG04S/black#106,
8iilW,2k5/6pp/N1prnp2/p3p3/P3P3/1PR1K2P/5PP1/8 w - - 1 32,g2g3 c6c5 a6c5 d6c6,2118,76,89,843,clearance crushing endgame master quietMove short,https://lichess.org/U3Zg8JMy#63,
8jKZi,8/8/5p1R/1k4P1/3b1P2/p7/4K3/8 w - - 0 47,g5g6 f6f5 e2d3 a3a2 d3d4 a2a1q,2108,75,84,131,advancedPawn crushing endgame long promotion quietMove,https://lichess.org/PHWMEiib#93,
8jVdg,5rk1/p1P2pp1/4b3/2N1p3/3pP3/4n2P/P5B1/2R3K1 b - - 0 29,e3g2 c5e6 f8c8 c1b1 g8h7 b1b8 c8c7 e6c7,2174,76,93,5941,advantage endgame quietMove veryLong,https://lichess.org/0I2iAg3t/black#58,
8jchO,8/8/5kp1/1Nn2p1p/4p3/2P1P1KP/6P1/8 w - - 4 42,g3f4 h5h4 g2g3 g6g5,2107,74,93,9191,endgame knightEndgame mate mateIn2 quietMove short,https://lichess.org/Ng45wQmA#83,
8jmZD,b4r1k/6b1/1p3q1p/p2pN1p1/3P4/P5Q1/6P1/1B2R2K b - - 1 40,h8g8 g3d3 f6f5 d3f5 f8f5 b1f5,2198,76,96,1762,advantage long middlegame quietMove,https://lichess.org/vtoSFw03/black#80,
8lKeb,r4k2/7n/6RP/p3p1b1/4P3/3q4/1Q6/K3R3 b - - 5 36,g5f6 e1g1 a8d8 g6g8,2160,82,89,128,advantage middlegame quietMove short,https://lichess.org/bFdubMnv/black#72,
8lM5c,8/pp6/4k1P1/8/8/2P2R2/r4p2/5K2 b - - 4 46,a2a5 f3g3 a5d5 g6g7 d5d1 f1f2,2147,80,82,35,advancedPawn crushing endgame long quietMove rookEndgame,https://lichess.org/9FuuDtw5/black#92,
8lTUd,1Bn5/4k2p/P3p1p1/2b5/1PP5/8/4KP2/8 b - - 0 40,c5a7 b8a7 c8a7 b4b5 a7c8 c4c5 e7d7 b5b6 c8b6 c5b6,2113,77,75,48,crushing endgame master quietMove veryLong,https://lichess.org/X4KgZECD/black#80,
8lZVh,8/8/8/2pk4/6Pp/4K2P/8/8 b - - 3 55,d5c4 e3e4 c4c3 g4g5 c5c4 g5g6 c3b2 g6g7,2129,75,89,147,advancedPawn crushing endgame pawnEndgame quietMove veryLong,https://lichess.org/ytEuqZ4p/black#110,
8ln5Q,2r5/6Q1/3kpn2/1p1b4/p3pP2/qNP5/P1PB4/1K4R1 w - - 1 35,g7f6 a4b3 a2b3 c8a8 c3c4 a3a2 b1c1 a2a1 f6a1 a8a1 c1b2 a1g1,2146,75,94,6998,advantage middlegame quietMove skewer veryLong,https://lichess.org/rR22rLu7#69,
8lowy,8/8/5K2/7p/5kp1/7P/6P1/8 w - - 0 62,f6g6 g4h3 g2h3 h5h4 g6h5 f4g3 h5g5 g3h3 g5f4 h3g2,2165,76,69,97,crushing endgame pawnEndgame quietMove veryLong,https://lichess.org/RuallreO#123,
8lrYF,6k1/5p2/p5p1/7p/Q6P/1P2P1P1/4qPK1/8 w - - 6 37,a4c4 e2c4 b3c4 a6a5 c4c5 g8f8 g2f3 a5a4 f3e4 a4a3,2166,82,37,36,crushing endgame queenEndgame quietMove veryLong,https://lichess.org/wW1v5CYU#73,
8mShz,3R4/5pk1/2q3pp/8/p2prP2/2p4P/2Q2KP1/8 b - - 3 37,c6c5 c2e4 c3c2 e4e8 g6g5 g2g4 d4d3 f2f3 c5d5 d8d5 c2c1q e8e5,2199,124,91,25,crushing endgame hangingPiece quietMove veryLong,https://lichess.org/rRsJpdf8/black#74,
8mSia,8/8/1p6/5p1p/6k1/2P5/PP4K1/8 w - - 0 40,b2b4 b6b5 c3c4 b5c4 b4b5 c4c3 b5b6 c3c2 b6b7 c2c1q,2106,85,83,49,advancedPawn crushing endgame pawnEndgame promotion quietMove veryLong,https://lichess.org/ZQygy0hF#79,
8mVDu,3r4/4R1kp/p1rP1pp1/1pp5/8/8/PPP5/3R2K1 b - - 1 33,g7g8 d6d7 g8f8 d1e1 d8d7 e7d7,2187,75,95,5518,advancedPawn crushing endgame long quietMove rookEndgame,https://lichess.org/UFYPAN6i/black#66,
8mh09,2b5/4qp1k/pp4pp/2b1B3/2Q2PPr/3R2KP/PP6/8 b - - 3 33,c8b7 d3d8 h4g4 h3g4 c5f2 g3f2,2198,79,86,107,crushing long middlegame quietMove,https://lichess.org/lqREL76l/black#66,
8mnpM,3r2k1/p5pp/b1p2p2/2Q5/4P3/1P6/PBP2PPP/3qR1K1 w - - 1 22,c5c3 d8d2 c3e3 a6e2 h2h4 d1e1,2198,81,91,1701,advantage endgame interference kingsideAttack long quietMove,https://lichess.org/IQ3SEWcu#43,
8nCW5,5r1k/p5p1/2pq4/P7/2QPR1p1/6Pr/R4P2/6K1 w - - 1 33,e4g4 d6h6 g4h4 h3h4 g3h4 h6g6,2139,84,42,31,advantage endgame long quietMove,https://lichess.org/Et5KiI2K#65,
8nFjA,6k1/p2n1p2/1p2p2Q/3nP1N1/3P4/P1rq3P/5PP1/4R1K1 b - - 4 27,c3a3 e1e4 d3e4 g5e4,2169,79,74,106,crushing middlegame quietMove short,https://lichess.org/chUyMXKz/black#54,
8nnIt,r3r2k/pb2b1pp/8/1Pppq3/4P3/1N3P2/PP2B1PP/R2Q1RK1 w - - 0 19,e4d5 e7d6 f3f4 e5e2 d1e2 e8e2,2128,75,88,128,advantage long middlegame quietMove,https://lichess.org/VMrJnwzL#37,Indian_Defense Indian_Defense_Normal_Variation
8o6Xl,r3k2r/2pqn1pp/pp1P1p2/8/5P2/1QP1B3/P4P1P/R3R1K1 b kq - 0 20,d7d6 a1d1 d6c6 e3c1 a8d8 c1a3 d8d1 b3d1,2129,103,71,90,advantage middlegame quietMove veryLong,https://lichess.org/RzEjBcO9/black#40,
8oOz5,8/7p/p2k2p1/1p1P4/3K2P1/7P/P7/8 b - - 4 43,a6a5 g4g5 a5a4 a2a3,2194,78,90,518,crushing defensiveMove endgame pawnEndgame quietMove short,https://lichess.org/r0yBxaUK/black#86,
8oWbH,3q1r1k/2p3pp/8/8/2QPp1n1/1P1nP1P1/P1R2PP1/5RK1 w - - 5 24,c4e6 d8g5 e6e4 g5h5 e4g4 h5g4,2194,77,85,123,advantage long middlegame quietMove,https://lichess.org/untEoePS#47,
8ocxM,r6k/pp1Q1p2/2p2qrp/4p3/7P/2PP2P1/P1P2P2/R4RK1 w - - 0 23,d7b7 a8g8 g1h2 g6g4,2112,81,77,48,advantage endgame quietMove short,https://lichess.org/JeNsoTpD#45,
8ogWa,8/8/pk4r1/8/1PP5/1K6/6p1/6R1 w - - 0 45,b3a4 g6g3 b4b5 a6a5 c4c5 b6c5 b5b6 c5b6,2190,79,91,380,crushing endgame quietMove rookEndgame veryLong zugzwang,https://lichess.org/0TwhVPIm#89,
8okLk,8/5K2/1p6/3N2P1/8/3k4/1b6/8 b - - 10 74,b6b5 d5f6 b5b4 g5g6,2191,75,84,269,crushing endgame quietMove short,https://lichess.org/Y0Rz6Gq2/black#148,
8pNLd,rnb5/p3p1k1/3p3p/2pP2pP/1p4r1/5NP1/qPPQB3/1NK4R b - - 3 22,g4g3 d2d3 b8d7 d3g6,2137,75,85,156,crushing middlegame quietMove short,https://lichess.org/SfkmGgP1/black#44,
8pQnC,3rr1k1/pp3pb1/2p2n1p/q3B1p1/4P1b1/2P2NP1/PPQ2PBP/R3R1K1 w - - 2 18,a2a3 e8e5 b2b4 a5c7 f3e5 c7e5,2134,85,91,494,advantage long middlegame quietMove,https://lichess.org/Hlb5Ng1Q#35,Indian_Defense Indian_Defense_Wade-Tartakower_Defense
8pipm,8/6pp/6p1/3pk3/8/3K4/1P4PP/8 b - - 2 37,h7h5 h2h4 g6g5 h4g5,2153,79,90,722,crushing endgame pawnEndgame quietMove short,https://lichess.org/8T988TPW/black#74,
8pq1T,8/8/8/6p1/PK5p/5P1P/6k1/8 b - - 0 45,g2f3 a4a5 g5g4 h3g4 h4h3 a5a6 f3f2 a6a7,2164,75,91,263,advancedPawn crushing endgame pawnEndgame quietMove veryLong,https://lichess.org/q6DqoeIn/black#90,
8prg5,2r4r/pp4pp/2nR1k2/2P1pp2/2B1p3/8/PP3PPP/2K4R b - - 3 19,f6g5 h2h4 g5f4 c4e2 e4e3 g2g3 f4e4 f2f3,2125,76,95,4555,endgame mate mateIn4 quietMove veryLong,https://lichess.org/7KJHfq2p/black#38,Queens_Gambit_Declined Queens_Gambit_Declined_Albin_Countergambit
8ptXx,8/5kp1/7p/2p5/7P/1P1pK1P1/2b5/2N5 b - - 1 42,c2b3 c1b3 c5c4 b3a5 c4c3 e3d3 f7g6 a5c4 c3c2 d3c2 g6f5 c4d6,2155,127,71,14,crushing endgame hangingPiece quietMove veryLong,https://lichess.org/494BCct4/black#84,
8qE42,8/p1p1k2p/Q2b1p2/4q3/N7/5P2/PPPP2r1/R1BK4 w - - 0 28,a6f1 e5h2 c2c4 g2g1 f1g1 h2g1,2108,79,87,367,crushing long middlegame pin quietMove,https://lichess.org/xI2H90ya#55,
8qbsE,4k3/2B1b3/4P3/P2B4/2p1p1pp/2P2b2/1P3P2/6K1 w - - 0 38,c7b6 e7d6 d5c6 e8e7 c6e4 f3e4,2126,91,85,35,bishopEndgame crushing endgame long master quietMove,https://lichess.org/1VxW8RbJ#75,
8rCMr,5rk1/1p2b1p1/2p1pn1p/2PpBp1P/1P1P4/3BPP2/r4P2/3K2RR b - - 2 21,a2f2 d3e2 f8a8 d1e1 f2e2 e1e2,2108,75,80,190,advantage long middlegame quietMove trappedPiece,https://lichess.org/4lcaeWbV/black#42,
8rCXk,2k5/p1p1prb1/bp3n2/3p2Q1/2PP4/4P1B1/1q1NKPP1/1B1R4 w - - 0 27,b1d3 d5c4 e2e1 c4d3 g5e5 e7e6 e5e6 f7d7,2168,103,83,49,advantage middlegame quietMove veryLong,https://lichess.org/V6VCGgUh#53,
8rGmO,r4rk1/1b3p1p/pq4pQ/1pn1p3/4P3/2P3N1/PPB2RPP/3R2K1 b - - 1 21,a8d8 g3h5 d8d1 c2d1 g6h5 h6b6,2162,76,92,3445,crushing long master middlegame quietMove,https://lichess.org/hy4g4P8H/black#42,
8rIHN,1k6/8/p1p5/1p6/P4p1p/3P3P/1P4P1/6K1 w - - 0 36,a4b5 c6b5 g1f2 a6a5 f2f3 a5a4,2121,75,88,1443,crushing defensiveMove endgame long pawnEndgame quietMove,https://lichess.org/BhgYGysP#71,
8reDr,8/8/2p5/4pkPp/8/1P3K2/2P2P2/8 b - - 2 35,f5g5 b3b4 g5f5 c2c4,2143,77,89,794,crushing defensiveMove endgame pawnEndgame quietMove short zugzwang,https://lichess.org/LyDrbtlr/black#70,
8rghB,1r5k/6pp/4Q3/pK4B1/1p3RP1/1P5P/q7/8 w - - 2 32,b5a6 a5a4 a6a7 b8g8 a7b6 a4b3,2177,76,91,497,advantage endgame long quietMove,https://lichess.org/apMaev5M#63,
8rsUi,8/8/7K/4p3/4k3/7P/8/8 w - - 0 49,h3h4 e4f5 h4h5 e5e4 h6g7 e4e3,2185,84,90,1714,crushing endgame long master pawnEndgame quietMove,https://lichess.org/Bsuv4XjT#97,
8rxck,6k1/5p2/q3p1p1/r2pQ3/8/4P2P/5PP1/2R3K1 b - - 2 39,a6a8 c1b1 d5d4 b1b8 a8b8 e5b8,2118,77,91,311,crushing endgame fork long quietMove,https://lichess.org/ZLL3e0Gl/black#78,
8s3mq,8/p2b3k/Q1p3q1/3pP3/P2Pp2p/4P1pP/5rP1/1R4NK w - - 3 31,a6a7 g6f7 a7d7 f7d7,2135,79,87,133,crushing endgame master quietMove short,https://lichess.org/zSVBO6xj#61,
8sLWS,8/8/5b2/6p1/6k1/4K1p1/6R1/8 w - - 0 54,e3e2 f6d4 e2f1 d4f2 g2f2 g3f2,2167,129,70,25,advancedPawn crushing endgame long quietMove,https://lichess.org/CJSftOEK#107,
8sTZw,8/6k1/3p4/8/4q2p/5p2/PQ5P/7K b - - 1 39,e4e5 b2e5 d6e5 a2a4 h4h3 h1g1,2188,75,93,2660,crushing endgame long queenEndgame quietMove,https://lichess.org/xmN2X4IZ/black#78,
8svWg,8/8/6pk/3B1p2/2P5/4Q1P1/1q1r1PKP/8 b - - 3 40,h6g7 e3a7 g7h8 a7e7 d2f2 g2g1 f2g2 d5g2 b2d4 g1f1,2162,166,81,14,crushing defensiveMove endgame quietMove veryLong,https://lichess.org/k80IY8NC/black#80,
8t4Qf,8/4N3/2pkpp1p/3p3P/5P2/4P3/5K2/8 w - - 2 44,e7g8 f6f5 f2g3 c6c5,2146,87,84,49,crushing defensiveMove endgame knightEndgame quietMove short,https://lichess.org/nE1mueop#87,
8tTX6,r7/1R3pk1/p4p2/7q/P3p3/2P1PbP1/5P1P/4RQK1 w - - 1 27,b7d7 a8h8 h2h4 h5g4,2187,76,94,817,advantage endgame quietMove short,https://lichess.org/BJifJNC9#53,
8thkf,r1b2qrk/5p1p/p3pPp1/2p5/7Q/3P1R2/BBn3PP/R5K1 b - - 7 23,c2a1 f3h3 h7h5 h4h5 g6h5 h3h5 f8h6 h5h6,2148,74,96,8110,kingsideAttack mate mateIn4 middlegame quietMove sacrifice veryLong,https://lichess.org/VVTJi0XB/black#46,
8u1cU,r7/pbb2N2/2p1pBr1/1p1qPp1k/3P2p1/1P6/P2Q1PPP/2R2RK1 w - - 8 26,h2h3 g4h3 d2d1 g6g4 f2f3 g4g2 g1h1 a8g8 c1c5 d5d7,2154,93,82,30,advantage middlegame pin quietMove veryLong,https://lichess.org/ebBYneWj#51,
8uA45,r4r1k/1bp2ppB/1p6/pP1nP1N1/Pb1Q4/4P2P/1B1P1q2/2KR2N1 b - - 0 21,b4c5 d4g4 c5e3 d2e3,2172,119,76,11,advantage middlegame quietMove short,https://lichess.org/OMYQyJxf/black#42,
8uFEN,8/5p2/4n1pp/PN1p4/5k2/7P/2K5/8 b - - 0 38,e6d8 b5d4 f4e5 a5a6 e5d4 a6a7 d8e6 a7a8q,2115,75,96,216,advancedPawn advantage endgame knightEndgame promotion quietMove sacrifice veryLong,https://lichess.org/z3ilslQT/black#76,
8uPRZ,8/1R4R1/5r1p/6k1/p5P1/r7/5P2/6K1 b - - 0 34,g5h4 b7b5 a3g3 f2g3,2167,86,77,40,advantage endgame master quietMove rookEndgame short,https://lichess.org/HtBCTwNi/black#68,
8uVhm,8/7p/2k1p1p1/2p2p2/P1K5/4PP2/7P/8 b - - 2 30,h7h5 h2h4 g6g5 h4g5 h5h4 g5g6 h4h3 g6g7 h3h2 g7g8q,2129,75,86,69,advancedPawn crushing endgame pawnEndgame promotion quietMove veryLong,https://lichess.org/nbe0nVU9/black#60,
8udAC,r4r2/pp3p1k/1qb1pP1p/3p2pQ/7P/P1N3P1/1PP3P1/R3R2K b - - 0 19,g5h4 g3g4 f8g8 h5f7,2104,91,100,37,crushing middlegame quietMove short,https://lichess.org/buNN03Xc/black#38,
8ugMN,8/1p3p2/2k5/3p2p1/1p1P1PP1/P1K3P1/8/8 w - - 0 41,a3b4 c6b5 c3b3 f7f6 f4f5 b7b6 b3a3 b5c4,2135,180,80,12,crushing endgame pawnEndgame quietMove veryLong zugzwang,https://lichess.org/z9qAfn7s#81,
8uyMr,8/2p5/1p1p4/pP1Pp1pk/P3P2p/4PKP1/7P/8 w - - 1 32,g3h4 h5h4 f3g2 g5g4 g2f2 h4h3 f2g1 g4g3 g1h1 h3g4,2162,75,92,4707,crushing defensiveMove endgame pawnEndgame quietMove veryLong zugzwang,https://lichess.org/gYP37UAz#63,
8v4Ze,4k3/5p2/8/4P3/6KB/7P/8/4b3 b - - 0 58,e1h4 g4h4 e8e7 h4g5 e7e6 h3h4 e6e5 h4h5,2132,76,95,3712,crushing defensiveMove endgame quietMove veryLong,https://lichess.org/d3tgZzqj/black#116,
8vDsq,3r4/6pp/R4p2/3k4/8/2P1KP2/6rP/1R6 b - - 0 34,d8e8 e3d3 d5c5 c3c4 e8d8 d3c3 g2c2 c3c2,2110,74,87,297,crushing defensiveMove endgame quietMove rookEndgame veryLong,https://lichess.org/pt0JWKcG/black#68,
8vGjK,8/1k6/2Bp3p/P1pP1p2/K3bP1P/8/8/8 b - - 6 45,b7a6 c6b5 a6b7 b5c4 b7c7 a4b5,2121,81,91,1037,bishopEndgame crushing endgame long quietMove,https://lichess.org/qoQnLI9W/black#90,
8vbqb,r4k1r/p2n2pp/1qp2n2/8/8/2P2Bb1/PP1P2Q1/RNB2K1R b - - 1 17,b6c7 h1g1 h7h5 g2g3 c7g3 g1g3,2170,75,92,1765,advantage long middlegame quietMove,https://lichess.org/56ORgl5p/black#34,Kings_Gambit_Accepted Kings_Gambit_Accepted_Modern_Defense
8vjwQ,R1N5/n5p1/8/2P3k1/5p2/r6P/7K/8 b - - 1 61,a7b5 a8a3 b5a3 c8d6 g5f6 c5c6 f6e7 c6c7,2105,77,90,1297,advancedPawn crushing endgame quietMove veryLong,https://lichess.org/NZPm9mCO/black#122,
8w2AD,1q3rk1/5p2/3r1np1/3b3p/1p6/1P1QP1P1/P1B1NP1P/2R2RK1 w - - 0 29,e2f4 d5f3 d3c4 f8c8,2176,107,69,25,advantage middlegame quietMove short,https://lichess.org/sYcqdwr1#57,
8wBhM,2k1b1rr/2p2p2/3qpn2/p1NpN1p1/P2P4/2PQP3/4KP1P/R6R b - - 5 21,h8h4 h1b1 f6e4 c5b7,2115,102,77,25,crushing middlegame quietMove short,https://lichess.org/coilPgSL/black#42,
8wi7m,8/8/p2k3p/4pKp1/2P3P1/P6P/8/8 w - - 0 39,a3a4 a6a5 f5e4 d6c5 e4e5 c5c4 h3h4 g5h4,2169,79,78,53,crushing endgame pawnEndgame quietMove veryLong,https://lichess.org/ccaMYUqb#77,
8wqor,8/8/1p3kP1/7K/R7/8/8/5r2 w - - 1 54,a4g4 f1h1 g4h4 h1h4 h5h4 b6b5 h4h5 f6g7 h5g5 b5b4 g5f5 b4b3,2189,76,94,2111,crushing endgame quietMove rookEndgame veryLong,https://lichess.org/HrTJ0f4d#107,
8wtkX,6k1/ppp3r1/2b1p1r1/2P2p2/q7/P2BR1P1/2N2R1P/4Q1K1 w - - 3 31,e3e5 g6g3 h2g3 g7g3 g1f1 a4g4 f2f5 g3g1,2196,98,76,26,advantage fork middlegame quietMove sacrifice veryLong,https://lichess.org/LSqV38Gk#61,
8xVMC,5k2/pp3p1r/5R2/2pN1N2/4P3/1PK2P1p/6r1/8 b - - 3 35,h3h2 f6d6 f7f6 d6d8 f8f7 d8d7,2154,75,91,240,crushing endgame long quietMove,https://lichess.org/umkpaU3E/black#70,
8xlM4,1r6/7P/p7/5K2/6P1/2k5/1p6/1R6 w - - 1 70,f5g6 a6a5 g6g7 a5a4,2106,134,85,17,crushing defensiveMove endgame quietMove rookEndgame short,https://lichess.org/Wnt29Xr4#139,
8xsMf,r1b5/2p5/2k1p3/p3Q3/PpPB4/1B3pPq/4nP1P/R4R1K w - - 3 26,e5c5 c6d7 f1g1 c8b7 c5b5 b7c6 b5c6 d7c6,2190,75,93,3501,crushing middlegame quietMove veryLong,https://lichess.org/GzE87w7v#51,
8zMDW,5r1k/1p2Nppp/p2P1b2/2B5/r7/8/5PPP/3R2K1 b - - 2 26,f6e7 d6e7 f8e8 f2f3 a4a1 d1a1,2179,139,68,12,advancedPawn crushing endgame long quietMove,https://lichess.org/erqKB6WG/black#52,
8zNTo,8/2P3k1/B3K3/PP6/8/1r4p1/8/8 b - - 0 53,b3c3 a6b7 c3c7 a5a6 c7b7 a6b7 g3g2 b7b8q,2141,95,80,24,advancedPawn crushing endgame master promotion quietMove veryLong,https://lichess.org/HDcApdcQ/black#106,
8zp7M,8/8/7p/p2k1pp1/8/1PK2P1P/6P1/8 w - - 0 52,c3d3 f5f4 h3h4 g5h4 d3c3 d5c5,2144,83,90,63,crushing defensiveMove endgame long pawnEndgame quietMove zugzwang,https://lichess.org/qEWSubbi#103,
90JjN,8/8/b2k1p1r/4p3/1p1pP1B1/pPpP2B1/P1K5/6R1 w - - 18 46,g1g2 h6h1 g2f2 d6e7,2136,77,87,109,advantage defensiveMove endgame master quietMove short,https://lichess.org/ymnmES08#91,
90MRG,5k2/pp6/2p1pKP1/2P1Pp2/PP6/7r/7p/7R b - - 2 43,f5f4 h1d1 f8e8 g6g7 h3g3 d1h1,2188,76,79,152,advancedPawn crushing endgame long quietMove rookEndgame,https://lichess.org/BsTPqknJ/black#86,
90jb8,4R3/8/2pk4/3r4/P3p3/1PK5/8/8 b - - 1 54,d5e5 e8e5 d6e5 a4a5 e5d6 c3d4,2177,79,84,108,crushing endgame long master quietMove rookEndgame,https://lichess.org/FG3vGzWT/black#108,
90zq7,8/8/2p5/1pK5/p7/1b2R3/1k6/8 w - - 2 59,c5c6 b3c4 e3g3 a4a3,2116,168,67,9,crushing endgame quietMove short,https://lichess.org/A7IG0YrY#117,
915FE,rn1q1r2/pb3pk1/1p2p1N1/3p3Q/1b1P4/2NBP1P1/PP1K1PP1/2R5 b - - 0 16,d8f6 c1h1 f6g6 d3g6,2174,79,86,166,crushing middlegame quietMove short,https://lichess.org/bUVdudr3/black#32,Queens_Pawn_Game Queens_Pawn_Game_Accelerated_London_System
919Eo,R7/P6p/7k/1K2n3/6rP/6P1/8/8 b - - 0 53,g4g3 a8b8 g3a3 b8b6 e5g6 b6a6 a3a6 b5a6,2152,171,80,9,crushing endgame exposedKing pin quietMove veryLong,https://lichess.org/g87aWe2I/black#106,
91OeD,5rk1/2pR1p2/p3p1pp/4r3/5q2/2P2Q1P/PP1R2P1/5K2 b - - 1 31,f4h2 g2g4 h2d2 d7d2,2157,75,94,3310,crushing endgame master quietMove short trappedPiece,https://lichess.org/hWCQ1VpI/black#62,
91TSX,7Q/4kppp/pp2p3/2p1P3/1b4q1/2N5/PP4KP/R7 w - - 0 28,g2h1 g4f3 h1g1 c5c4 h8c8 b4c5 c8c5 b6c5,2153,76,80,58,clearance crushing endgame quietMove veryLong,https://lichess.org/NOI0bdpa#55,
91l5S,6k1/1K5p/5p2/6P1/P3n3/7P/8/8 b - - 0 38,f6g5 b7c6 h7h5 a4a5 g8f7 a5a6,2198,76,89,877,crushing endgame knightEndgame long quietMove,https://lichess.org/r7eJAFyi/black#76,
91tT8,8/8/1p3k1p/1Pp1p3/2Pn4/4K1PP/4B3/8 w - - 0 48,g3g4 d4e2 e3e2 f6g5 e2f3 g5h4 f3g2 e5e4 g2f2 h4h3,2113,76,96,3732,crushing endgame quietMove veryLong,https://lichess.org/lSit0vae#95,
92lMb,6k1/p5p1/1p3nbp/2p5/2P2N2/1B2KP2/Pr4PP/2R5 b - - 1 25,g6f7 c1g1 b6b5 f4d3 b5c4 d3b2,2162,80,89,542,crushing endgame long quietMove trappedPiece,https://lichess.org/vHUqs1ix/black#50,
93fYa,5rk1/p1p2p1p/1rQ5/6p1/3P2bq/1P2P3/P4PP1/R1B2RK1 w - - 1 18,c6c7 b6h6 f2f3 f8c8 c7c8 g4c8,2183,79,91,2490,crushing long middlegame quietMove,https://lichess.org/NJ7wsIPk#35,Zukertort_Opening Zukertort_Opening_Other_variations
93ptf,8/8/4N3/1R1p3p/3P2k1/4Pn2/r4PK1/8 w - - 5 40,b5d5 a2a1 d5g5 f3g5,2107,75,86,137,crushing endgame quietMove short,https://lichess.org/JPDbW57F#79,
93r2K,8/8/4p1k1/1p1pKp2/p2P4/P1P3P1/8/8 b - - 3 38,g6g5 e5e6 g5g4 e6e5 g4f3 e5f5 f3e3 g3g4 e3d2 g4g5 d2c3 g5g6,2199,94,84,23,crushing endgame pawnEndgame quietMove veryLong,https://lichess.org/RmNSd7OA/black#76,
940lv,R7/2pk4/4pr2/P4p2/2KP4/2P5/8/8 b - - 0 37,d7c6 a8b8 f6g6 a5a6,2101,75,85,95,crushing endgame master quietMove rookEndgame short,https://lichess.org/pRat1OGh/black#74,
94Kvd,8/3k1K2/2p1p1r1/1p1pP3/p2P4/6R1/8/8 w - - 0 40,f7g6 b5b4 g6f6 b4b3 g3g7 d7c8 f6e6 b3b2 g7g1 a4a3,2152,79,92,3032,advancedPawn advantage defensiveMove endgame quietMove rookEndgame veryLong,https://lichess.org/KHmKBPR2#79,
94lGy,8/5p2/P3p1p1/2r5/2k4P/6P1/2p1KP2/R7 w - - 0 40,e2d2 c4b3 a6a7 c5d5 d2e2 d5d8 a7a8q d8a8 a1a8 c2c1q,2132,77,93,1390,advancedPawn advantage endgame exposedKing promotion quietMove rookEndgame veryLong,https://lichess.org/E9g6pP1p#79,
94wFs,8/8/6p1/p3kp1p/7K/P6P/5PP1/8 b - - 3 45,e5f4 a3a4 f4e4 h4g5,2170,83,46,42,crushing endgame master pawnEndgame quietMove short zugzwang,https://lichess.org/uoKqO8Nv/black#90,
95OWS,6R1/6P1/8/4p3/1P1p4/3k2r1/1K6/8 w - - 1 49,b4b5 e5e4 b5b6 g3g6,2188,109,86,23,crushing endgame master quietMove rookEndgame short,https://lichess.org/JlRmCBGZ#97,
95Y2E,1k6/5pp1/2pR1nr1/5p2/7p/P1N2P1P/2P2P2/7K b - - 0 26,f6d5 d6g6 f7g6 c3d5 c6d5 f3f4 b8c7 h1g2 c7b6 g2f3 b6b5 f3e3,2110,78,90,554,crushing defensiveMove endgame quietMove veryLong,https://lichess.org/xvyMCend/black#52,
95ZqC,5b2/8/8/1p1kP1B1/p2Pp3/2p1P3/P1K2P2/8 w - - 4 46,g5d8 b5b4 e5e6 d5e6,2136,75,91,345,bishopEndgame crushing endgame quietMove short,https://lichess.org/Mu5wsu8d#91,
95fDa,r5k1/pp3ppp/8/2p1Pq2/2P5/P1B2bP1/5Q1P/3R2K1 b - - 0 24,f5g4 d1f1 g4c4 f2f3,2105,75,91,2285,advantage endgame quietMove short,https://lichess.org/1CliNvZm/black#48,
95kz2,5k2/p3p3/1pn1P3/2p2p2/2P2K2/1PB5/7P/8 b - - 3 32,c6d4 c3d4 c5d4 b3b4 f8g7 c4c5,2186,101,72,23,crushing endgame long quietMove,https://lichess.org/8GUj4q8V/black#64,
96DjK,r5k1/1p3ppp/p4n2/1b1p4/3Pp3/1PQ1P2P/q2N1PP1/B1R3K1 b - - 4 21,h7h6 a1b2 b5d7 c1a1 a2a1 b2a1,2156,76,95,347,advantage clearance long middlegame quietMove trappedPiece,https://lichess.org/WCZ9S8f7/black#42,
97IGG,6k1/p5pp/2p2p2/3p4/Q1pPb3/2P1q3/P5PP/6RK w - - 4 24,a4c6 h7h6 c6c8 g8h7,2105,103,71,21,crushing endgame master quietMove short,https://lichess.org/uLSHgkPC#47,
97O4S,6k1/pprqp1bp/3p2p1/3P4/4P3/1P2BP2/P2Q1KP1/7R w - - 1 23,e3a7 d7c8 a7e3 c7c2 h1c1 c2d2,2104,76,80,67,advantage endgame long master pin quietMove,https://lichess.org/BILE55GV#45,
97TVE,8/8/P7/2p1k3/B1P2p2/2K5/8/1r6 b - - 5 44,b1b8 a4c6 b8f8 a6a7 f4f3 a7a8q f8a8 c6a8,2180,78,90,585,advancedPawn crushing endgame master promotion quietMove veryLong,https://lichess.org/ws30sU9I/black#88,
9827L,1b6/3pB2p/1K1Pk1p1/4pp2/P7/8/6PP/8 b - - 0 32,e5e4 a4a5 e4e3 a5a6 e3e2 e7h4,2135,79,92,7075,advantage bishopEndgame defensiveMove endgame long quietMove,https://lichess.org/gVrt6tuC/black#64,
98DK4,8/8/2p5/1p1k1Pp1/1P1p2P1/3P4/4K3/8 b - - 5 50,d5e5 e2f3 e5d5 f5f6 d5e6 f3e4 e6f6 e4d4 f6e6 d4c5 e6d7 d3d4 d7c7 d4d5 c6d5 c5d5,2199,79,92,8931,crushing endgame pawnEndgame quietMove veryLong zugzwang,https://lichess.org/6gR9mA9d/black#100,
98v8y,r4rk1/5p2/2p2Q1p/p3p3/1p2q3/1P6/1PP3PP/R4RK1 b - - 0 23,e4c2 f1f3 g8h7 f3g3 f8g8 f6f7,2127,81,84,60,advantage endgame long quietMove,https://lichess.org/UvSIuUkU/black#46,
98xhN,8/1r2np1p/3p2p1/1ppP1kP1/4RP1P/P1N5/1P3K2/8 w - - 1 36,e4e7 b7e7 f2f3 e7e1 c3b5 e1f1,2178,284,73,2,crushing endgame hangingPiece long quietMove,https://lichess.org/lC2mMKaw#71,
990iV,rn2b1k1/pp4b1/q2p4/2pN4/2P5/1P3N2/P4PPP/R1B1K2R b KQ - 0 20,a6c6 d5e7 g8f8 e7c6 b8c6 a1b1 e8g6 b1b2 g7b2 c1b2,2129,78,88,45,advantage fork middlegame quietMove veryLong,https://lichess.org/1hx7w3hM/black#40,
998WZ,8/6p1/R6k/7p/1p1r4/2b2P2/P1B3P1/5K2 b - - 5 43,h6g5 g2g3 d4d1 c2d1,2134,87,73,43,advantage endgame quietMove short,https://lichess.org/hqKG7abW/black#86,
999O7,8/4r1k1/2P2np1/p2B1p2/5P2/2p2P2/KP6/2R5 w - - 3 33,d5e6 e7e6 c6c7 e6e8 c1c3 e8c8,2158,79,81,74,crushing endgame hangingPiece long master quietMove,https://lichess.org/lLbqYUkh#65,
999nN,r4k2/1r3p1R/2p5/pP6/P7/3Pb1P1/1B2P2P/5K2 b - - 0 28,a8b8 b2f6 f8e8 b5c6,2118,99,85,50,advantage endgame quietMove short,https://lichess.org/w6xcmeJb/black#56,
99ArL,5k2/5p1R/8/ppp1BP2/8/1PKP4/P1P3q1/8 b - - 4 32,g2d5 e5f6 f8e8 h7h8 e8d7 h8d8 d7c6 d8d5,2196,78,91,468,crushing endgame quietMove skewer veryLong,https://lichess.org/JmdGcqlL/black#64,
99K2s,5k2/6pK/p1p2p1p/2Pp1N2/1P1P1nPP/8/6P1/8 b - - 2 46,f4g2 h4h5 g2f4 f5g7,2101,79,91,1205,crushing endgame knightEndgame quietMove short,https://lichess.org/jWn0dIOP/black#92,
99NqF,8/5ppp/3K4/8/5P2/6P1/6kP/8 w - - 5 54,d6e7 f7f5 g3g4 f5g4,2105,74,85,175,crushing endgame pawnEndgame quietMove short,https://lichess.org/c3urpYiE#107,
99cIO,5b2/p7/2pN2kp/2Pp2p1/4p1P1/2P1P2P/PP6/6K1 w - - 0 30,d6c8 f8c5 g1f2 a7a5 b2b4 a5b4 c3b4 c5b4 c8a7 c6c5,2164,76,92,5828,crushing defensiveMove endgame quietMove veryLong,https://lichess.org/Ei1wWjEa#59,
99dvV,8/1p6/1Pp1k3/2P1pp1K/4P1p1/6Bp/8/8 w - - 0 60,e4f5 e6f5 h5h4 e5e4 g3d6 e4e3 h4g3 f5e4,2135,74,96,272,bishopEndgame crushing defensiveMove endgame quietMove veryLong,https://lichess.org/SaTfglQK#119,
99qbm,8/1B6/3k4/2p5/p1n5/P6P/8/7K w - - 0 47,h3h4 c4a3 h4h5 a3c4 h5h6 c4e5 h6h7 e5f7 b7a6 d6d5,2115,169,73,7,crushing defensiveMove endgame quietMove veryLong,https://lichess.org/4LapUAix#93,
99raA,8/5pk1/8/4KP2/1P6/P7/5b2/8 b - - 0 39,f2e1 b4b5 e1g3 e5d5,2160,79,91,2315,bishopEndgame crushing defensiveMove endgame quietMove short,https://lichess.org/mkjIVThR/black#78,
99snM,8/8/n7/P5K1/7P/8/4nBpk/8 b - - 3 58,g2g1q f2g1 h2g1 h4h5 e2d4 g5f6,2116,81,91,2850,advantage defensiveMove endgame long quietMove,https://lichess.org/z5ScICTv/black#116,
9A46w,2r1r1k1/pq2bppn/1p5p/4BN2/5Q2/6P1/PP3P1P/3R1RK1 w - - 4 25,e5g7 h7g5 f5e7 e8e7,2151,78,79,57,crushing middlegame quietMove short,https://lichess.org/1jwsY6cI#49,
9A5I5,8/8/r3k3/5p1b/1B2p2p/4P2P/5P2/2R3K1 w - - 5 46,c1c7 a6a1 g1h2 h5f3 c7e7 e6d5,2184,77,95,701,crushing endgame long quietMove,https://lichess.org/C0KGpXOx#91,
9AIO3,r2k1b1r/pR2p1pp/2ppPnn1/5Q2/2qP4/8/P4PPP/R5K1 b - - 0 21,c4d4 f5a5 d8e8 a1b1 d4d1 b1d1,2109,75,88,595,advantage long middlegame quietMove,https://lichess.org/aFsydI6b/black#42,
9AWLN,8/5p2/4p1kp/4Pp2/3n1P2/7P/5K2/3B4 b - - 19 68,h6h5 d1a4 f7f6 f2e3 f6e5 f4e5 f5f4 e3d4,2147,114,81,12,crushing endgame quietMove trappedPiece veryLong,https://lichess.org/guLNBYej/black#136,
9AobD,8/p7/1p1p4/2k5/2P1p1P1/4K3/8/8 b - - 0 59,b6b5 g4g5 d6d5 g5g6,2152,74,94,680,crushing endgame pawnEndgame quietMove short,https://lichess.org/bA3zKt31/black#118,
9BPfT,r1b2rk1/1p3p1p/p2p3Q/2p3B1/2n1P3/6P1/q5BP/6KR b - - 1 22,c8g4 g5f6 a2a1 f6a1,2146,75,91,863,crushing middlegame quietMove short,https://lichess.org/VbYL3kX0/black#44,
9Bbv7,r2q2k1/pb3p2/1p1p1rpB/2p1n3/4P1P1/3P3P/PPP3B1/R2Q1RK1 w - - 0 20,d1e2 g6g5 h6g5 f6f1 a1f1 d8g5,2120,76,81,83,advantage discoveredAttack exposedKing kingsideAttack long middlegame quietMove,https://lichess.org/VqE2R68p#39,
9BwUC,8/8/3p3p/3k4/5KP1/8/7P/8 b - - 0 50,d5c4 h2h4 c4d5 f4f5,2166,74,92,6029,crushing defensiveMove endgame pawnEndgame quietMove short,https://lichess.org/hzpTisvS/black#100,
9Bzu6,2K1Q3/p7/1p1q4/3k4/1P6/P7/8/8 b - - 2 59,d6c6 e8c6 d5c6 a3a4 b6b5 a4a5 a7a6 c8b8,2175,77,85,540,crushing endgame master queenEndgame quietMove veryLong,https://lichess.org/h5JyymZf/black#118,
9C5ng,6k1/5pp1/4p2p/4b3/2N5/1p3P2/2p1KP1P/2R5 w - - 0 42,e2e3 g7g5 c4e5 b3b2,2157,77,90,1397,advancedPawn advantage endgame quietMove sacrifice short,https://lichess.org/ZWeDyYtI#83,
9CAF8,8/R5k1/3p1qp1/1pr2p2/8/2p1P1P1/4QP2/6K1 b - - 2 36,g7h6 f2f4 f6h4 g3h4 c3c2 a7a1 c2c1q a1c1,2102,77,100,107,crushing endgame master quietMove veryLong,https://lichess.org/kO2AVhQ8/black#72,
9CRhz,5rk1/1pp1q1p1/p1nb3p/4p3/P1Pp3P/1P4P1/1B1P1rBK/RN1QR3 w - - 3 20,e1e2 e5e4 e2f2 f8f2,2132,88,87,28,advantage middlegame quietMove short,https://lichess.org/EP5byR8f#39,
9Cty5,8/3r1pk1/4p2p/1p2P1p1/1Q1P2P1/5q1P/1P3P1K/3R4 w - - 3 37,d1d2 d7c7 b4a3 f3f4 h2g2 f4d2,2168,94,79,32,crushing endgame fork long quietMove,https://lichess.org/hiRHipVA#73,
9DjGw,4r1k1/2p2rpp/P1p5/5q2/1P1B4/2Pb2Q1/4p1PP/R3R1K1 w - - 1 28,d4f2 e8f8 a6a7 f5f2 g3f2 f7f2 a7a8q f2f1,2115,76,85,85,crushing kingsideAttack middlegame quietMove veryLong,https://lichess.org/bAlqpHBF#55,
9DpCg,8/5pp1/5k1p/3K4/5PP1/7P/8/8 b - - 2 50,g7g5 f4f5 f6e7 d5c6 e7d8 c6d6,2152,78,90,314,crushing defensiveMove endgame long pawnEndgame quietMove,https://lichess.org/p8sio3bk/black#100,
9DyMa,8/8/p6P/2p3n1/P2kP1p1/3P2K1/1P6/8 b - - 4 40,d4d3 e4e5 d3e4 e5e6 g5e6 h6h7,2104,76,91,170,advancedPawn crushing endgame knightEndgame long quietMove,https://lichess.org/QqAPnSQo/black#80,
9DzKg,3r3k/pBp3p1/5r2/5p1q/2P3b1/1P6/P1Q2PPP/2R3RK w - - 1 25,f2f3 f6h6 g2g3 g4f3 b7f3 h5f3 g1g2 h6d6,2110,77,74,83,crushing defensiveMove kingsideAttack middlegame quietMove veryLong,https://lichess.org/KbChJvHl#49,
9ENMh,8/4pk2/1pp1p2K/p2pP3/8/8/P1P2PP1/8 b - - 4 32,c6c5 h6h7 f7e8 g2g4 e8d7 g4g5,2178,76,93,272,crushing defensiveMove endgame long pawnEndgame quietMove,https://lichess.org/qI5Mze9t/black#64,
9FNyR,8/8/p6p/k5p1/2K3P1/2P4P/8/8 b - - 0 46,a5a4 c4d5 a6a5 c3c4 a4b3 c4c5 a5a4 c5c6 a4a3 c6c7 a3a2 c7c8q,2178,76,95,2442,advancedPawn crushing endgame pawnEndgame promotion quietMove veryLong,https://lichess.org/DTQtIQ4t/black#92,
9FVSm,8/5r2/ppRp4/3P4/PP3P2/3kp1P1/6K1/8 w - - 4 41,c6d6 f7e7 d6h6 e3e2 d5d6 e2e1q,2122,75,93,10833,advancedPawn crushing endgame long promotion quietMove rookEndgame,https://lichess.org/E4I06AJe#81,
9FejK,8/8/1K1k4/1p6/1P1PPP2/8/4b3/8 b - - 2 47,e2c4 f4f5 c4d3 e4e5 d6d5 f5f6,2177,78,87,140,bishopEndgame crushing endgame exposedKing long quietMove,https://lichess.org/Ip3TGsba/black#94,
9FrbT,8/p5pp/2p5/1p1k2p1/3P2P1/1P2K3/P1P2P2/8 w - - 0 32,e3d3 b5b4 c2c3 b4c3,2133,84,85,39,crushing endgame pawnEndgame quietMove short,https://lichess.org/qHpVgGoe#63,
9GOQj,8/8/p1P1N3/4b2p/6k1/2P5/P1K5/8 w - - 0 41,c6c7 e5c7 e6c7 h5h4 c7d5 g4f3,2192,97,50,22,crushing defensiveMove endgame long quietMove sacrifice,https://lichess.org/F52qmYqx#81,
9GQtp,r4rk1/ppp2p1p/n1q1p1p1/4B3/3P2b1/2N1Q3/PPP2PPP/2KR3R b - - 0 14,g4d1 e5f6 e6e5 d4e5,2180,79,91,248,crushing middlegame quietMove short,https://lichess.org/khRV4ZYv/black#28,Pirc_Defense Pirc_Defense_Classical_Variation
9GYbr,8/6k1/8/1Pp2K2/3r2P1/P7/3p4/3R4 w - - 0 55,f5e5 d4d8 e5e4 c5c4 d1d2 d8d2,2118,77,91,1041,crushing endgame long master quietMove rookEndgame,https://lichess.org/5fP9m4hf#109,
9GeUK,8/5k2/2p2p2/p1P2K2/P7/1P6/8/8 w - - 1 51,f5e4 f7e6 e4d4 f6f5 d4c4 f5f4,2144,81,92,1956,crushing defensiveMove endgame long pawnEndgame quietMove zugzwang,https://lichess.org/6dzExiC5#101,
9H9o7,2R5/2P3kp/p5p1/K4p2/P1r5/8/7P/8 b - - 0 41,f5f4 a5b6 f4f3 c8d8 f3f2 d8d1,2177,79,85,143,advantage defensiveMove endgame long quietMove rookEndgame,https://lichess.org/xDtBJguC/black#82,
9HZpO,8/6pp/R1rk1p2/1p2p3/2p5/6P1/PP2PP1P/6K1 w - - 1 26,a6a7 b5b4 a7b7 c4c3 b2c3 b4c3,2105,75,92,6670,crushing endgame long quietMove rookEndgame,https://lichess.org/xEJHSERp#51,
9I0cZ,8/8/7K/pp1k4/8/1P6/P1P5/8 w - - 1 49,h6g5 b5b4 g5f6 d5d4 f6e6 d4c3 e6d5 c3c2,2112,75,85,265,crushing endgame pawnEndgame quietMove veryLong,https://lichess.org/oN3PGOUo#97,
9I5yg,r4rk1/1b2bppp/6q1/pp2P3/3P4/1B3N1P/P4PP1/1R1QR1K1 w - - 1 21,b3c2 b7f3 c2g6 f3d1 g6e4 d1a4 e4a8 f8a8,2126,77,81,66,advantage middlegame pin quietMove veryLong,https://lichess.org/Fxh4r1pv#41,
9IapO,8/6pp/p7/1p2k3/2P1p1PP/1P2K3/P7/8 b - - 0 28,b5c4 b3c4 a6a5 a2a4 g7g6 g4g5 e5f5 c4c5 f5e5 c5c6,2111,75,91,1249,crushing endgame pawnEndgame quietMove veryLong zugzwang,https://lichess.org/bimkEeLn/black#56,
9IyHd,r6k/p4p2/8/1pq1p1RN/2P1Pn2/1P1B1R2/P6P/7K b - - 0 31,f4d3 h5f6 d3f4 f3f4 e5f4 g5c5,2172,77,79,62,crushing endgame long quietMove,https://lichess.org/uW0B08wA/black#62,
9J7hd,r4r2/ppq2pp1/2nb2k1/4pbN1/3P4/6Q1/PP3PPP/R1B1R1K1 b - - 5 16,e5d4 f2f4 f7f6 g5e6,2197,77,93,1985,advantage discoveredAttack middlegame quietMove short,https://lichess.org/C84nN5PK/black#32,Queens_Pawn_Game Queens_Pawn_Game_Colle_System
9JfTl,r3r1k1/3p1p1p/1q4pQ/2p5/Pn6/2P3N1/5PPP/R4RK1 b - - 0 18,b4d3 g3h5 g6h5 h6b6,2105,81,91,1476,advantage master middlegame quietMove short,https://lichess.org/Lck4Tj5s/black#36,Benko_Gambit_Accepted Benko_Gambit_Accepted_Fully_Accepted_Variation
9K0a1,2kr1b1r/Bpp3pp/5p2/4p3/2P5/1Q1P3b/PP2BP1q/2KR1R2 b - - 1 17,h3f1 e2g4 f6f5 g4f5 d8d7 b3a4 c7c6 a7b6 f8d6 a4a8 d6b8 f5d7 c8d7 a8b7,2174,109,64,18,attraction clearance crushing middlegame pin queensideAttack quietMove veryLong,https://lichess.org/IZcRBodf/black#34,Scandinavian_Defense Scandinavian_Defense_Modern_Variation
9KLcF,Q7/5ppk/1p1r3p/3P1n2/8/5qP1/P4P1P/3RR1K1 w - - 3 31,a2a4 f5h4 g3h4 d6g6 g1f1 g6g2,2171,79,90,297,crushing endgame long quietMove sacrifice,https://lichess.org/BAxzCvXG#61,
9KTBK,3B4/8/p7/1pp1b3/2P5/1P6/k1K5/8 w - - 0 53,c4b5 a6b5 d8e7 e5d4 b3b4 c5c4,2159,76,94,425,bishopEndgame crushing defensiveMove endgame long master quietMove,https://lichess.org/hOjFnZug#105,
9Kd0t,8/p7/1p3p2/2p2kp1/P1P2P2/4K1P1/2P5/8 w - - 1 38,e3f3 g5f4 g3f4 a7a6 f3e3 f5g4 e3e4 a6a5 e4d5 g4f4,2194,109,41,19,crushing endgame pawnEndgame quietMove veryLong zugzwang,https://lichess.org/cGzv96Pz#75,
9KiXf,8/1p4pk/3B3p/5b2/1p3n2/8/1R3PpP/6K1 w - - 4 42,d6b4 f5e4 f2f3 e4f3,2167,76,67,78,crushing endgame master quietMove short,https://lichess.org/9FdCHwBf#83,
9L0Gq,8/6R1/5R2/4p3/2b3P1/4k2P/6r1/4K3 w - - 1 44,e1d1 c4d3 d1c1 g2c2,2165,75,94,783,advantage endgame quietMove short,https://lichess.org/vq3P6u1I#87,
9LEMm,2krr3/ppp3pp/5p2/qP1Pp3/P7/1QR1P3/6PP/4R1K1 b - - 0 24,d8d5 b3d5 a5c3 e1d1 c3e3 g1h1 e3d4 d1d4,2117,79,90,1132,crushing endgame quietMove veryLong,https://lichess.org/8fE52KgM/black#48,
9LXJm,7k/1q5p/8/5p2/8/7P/6P1/3Q3K w - - 1 47,d1f3 b7f3 g2f3 f5f4 h1g1 h8g7,2161,81,81,50,crushing defensiveMove endgame long queenEndgame quietMove,https://lichess.org/WmCCpLCF#93,
9LjZp,r1b3k1/6pp/p3p3/5rB1/1PBp4/5q2/4R2P/1R1Q2K1 w - - 3 27,g5h4 c8b7 c4e6 g8h8 e6f5 f3h1 g1f2 h1h2 f2e1 h2h4,2163,81,81,580,crushing defensiveMove deflection fork middlegame quietMove sacrifice veryLong,https://lichess.org/7TUa8ec4#53,
9MFWZ,8/8/8/3p4/KPpPk3/P1P2b2/8/8 b - - 0 47,f3g4 b4b5 g4d7 a4b4,2109,96,68,24,bishopEndgame crushing endgame quietMove short,https://lichess.org/3shluovJ/black#94,
9MRMl,2kr4/2pp1ppp/1p6/p7/5P2/3Q2P1/PPP3qP/2K1R3 b - - 0 19,g2h2 d3f3 d7d5 e1h1 h2h1 f3h1,2115,75,93,3026,crushing endgame long quietMove trappedPiece,https://lichess.org/ghwmr9AC/black#38,
9N7Ug,r7/4b1p1/6k1/2p5/6P1/2B1P2K/PP3r1P/R5R1 w - - 0 27,h3g3 a8f8 g4g5 e7d6,2135,85,86,33,crushing endgame quietMove short,https://lichess.org/Phhy9JpS#53,
9NEoq,6k1/4r1pp/1pP2p2/1P1p4/3PQ3/6PP/6K1/5B2 b - - 0 37,d5e4 d4d5 g8f7 d5d6 e7e5 c6c7,2167,76,94,1228,advancedPawn crushing endgame long quietMove,https://lichess.org/1GdvvtnW/black#74,
9NMUV,8/8/3k1p1p/5K2/6PP/8/8/8 b - - 4 47,d6e7 f5g6 h6h5 g6h5 e7f7 h5h6 f6f5 g4f5 f7f6 h4h5 f6f5 h6g7,2191,82,85,54,crushing endgame pawnEndgame quietMove veryLong,https://lichess.org/AK6xavdj/black#94,
9Nvq5,3R4/8/8/1pr3p1/4Pp2/2k2K2/5PP1/8 w - - 6 42,f3g4 b5b4 d8d5 c3c4,2191,80,89,945,advantage endgame quietMove rookEndgame short,https://lichess.org/3GyI1dbr#83,
9O2KI,8/p7/1k6/1Pp1Pp2/P4P1p/4K1pP/2pr2P1/2R5 b - - 1 49,d2g2 e5e6 b6c7 a4a5 g2h2 b5b6,2156,77,90,245,crushing endgame long quietMove rookEndgame,https://lichess.org/2CmIeeDQ/black#98,
9O5ai,8/6bk/6p1/1PQpP2p/3P1r2/7P/1BR3PK/4q3 w - - 0 36,c5d5 f4f1 g2g3 h5h4 g3h4 e1e3 d5g2 e3f4,2112,140,87,11,crushing endgame quietMove veryLong,https://lichess.org/J0wwhdwr#71,
9OeGR,1k1r1b1r/ppp3p1/3p4/N7/1P1N3q/P3Q1pb/1BP3P1/R4RK1 w - - 0 22,e3f3 h3c8 f3g3 h4g3,2130,76,91,550,crushing middlegame quietMove short,https://lichess.org/jR7zUgDs#43,
9OvdN,5r1k/ppqnR2B/2p4p/6p1/3P4/2P2PbP/PPQ2P2/6K1 b - - 3 22,g3d6 h7g8 d7f6 e7c7,2156,74,95,10578,crushing middlegame quietMove short,https://lichess.org/tM5wieTL/black#44,
9P674,1nr2rk1/p4pnp/1p6/3P1R2/2P2N1q/PPQ3PP/8/4R2K b - - 0 32,h4h6 f5f6 h6g5 h3h4 g5g4 e1e5 c8e8 e5g5,2196,75,73,83,advantage master middlegame quietMove veryLong,https://lichess.org/pJVAintP/black#64,
9PD2L,8/6p1/1p3k2/pPp1pP1p/P3P2P/3K4/6P1/8 b - - 0 36,g7g6 f5g6 f6g6 d3c4 g6f7 c4d5 f7f6 g2g3 f6f7 d5e5,2132,76,95,2623,crushing endgame pawnEndgame quietMove veryLong zugzwang,https://lichess.org/kDUMJJI2/black#72,
9PSir,8/3B4/8/4p2p/8/2K1k3/8/8 w - - 2 57,c3c2 e5e4 d7e8 h5h4,2190,83,86,852,bishopEndgame crushing defensiveMove endgame quietMove short,https://lichess.org/sK2snWnm#113,
9PTHP,8/8/B3p2p/3p1pkb/1p1P4/1Pr1P1P1/1R3PK1/8 b - - 8 41,g5g4 f2f4 c3e3 a6e2 e3e2 b2e2,2149,79,90,906,crushing endgame long quietMove,https://lichess.org/4RaTohBK/black#82,
9PcDK,8/5pp1/5k1p/2K5/P3P3/8/8/8 b - - 0 45,g7g5 a4a5 g5g4 c5d4,2103,77,90,170,crushing defensiveMove endgame pawnEndgame quietMove short,https://lichess.org/Sdvnm82G/black#90,
9Pcnk,6k1/5pp1/1p5p/1P6/7P/6PK/5P2/8 w - - 0 35,f2f4 f7f5 h3g2 g8f7 g2f3 f7e6 f3e3 e6d5,2138,76,85,110,crushing defensiveMove endgame pawnEndgame quietMove veryLong,https://lichess.org/0KqoHfC3#69,
9Pd7Z,r3b2q/ppp1k2B/3bpp2/3p3Q/3P1P2/4P1P1/PPP3P1/RN2K3 w Q - 3 15,h5h6 e8f7 b1d2 f7g8 e1f2 h8h7 h6h7 g8h7,2137,76,84,96,advantage middlegame quietMove veryLong,https://lichess.org/R4I9iMso#29,Indian_Defense Indian_Defense_Other_variations
9Pdwg,8/8/p7/1p5p/1P3PkP/2P1K1P1/r3N3/8 b - - 3 51,a2c2 f4f5 g4f5 e2d4 f5g4 d4c2,2107,78,91,1219,attraction crushing endgame fork long quietMove,https://lichess.org/VdKVb2kj/black#102,
9Q1wH,1r5q/pb3k2/1p2Npp1/2pn1n2/P2p1QP1/3P4/1PP1RP1P/R4BK1 w - - 4 26,f4d2 f5h4 f1g2 h4g2,2129,77,91,718,crushing middlegame quietMove short,https://lichess.org/QvCGPrqm#51,
9QUGD,6r1/p7/6P1/5k2/7R/1P1p1p1P/P2K4/8 w - - 0 47,d2d3 g8e8 h4h7 f5g6,2176,74,92,3524,crushing endgame quietMove rookEndgame short,https://lichess.org/jtdVqrK7#93,
9QcRv,8/R5pp/2P2nk1/8/7r/KP6/8/8 b - - 0 40,f6e8 a7e7 h4h2 e7e8 h2c2 e8c8 h7h5 b3b4,2160,80,85,188,crushing defensiveMove endgame quietMove veryLong,https://lichess.org/bHq059OV/black#80,
9Qgyt,2r2rk1/pnqn1ppp/2p1p3/1pP1P3/8/Q4N1P/PP1B1PP1/3R1RK1 w - - 3 25,a3a7 c8a8 d2a5 c7c8 a7a8 c8a8,2131,77,82,119,advantage clearance long middlegame quietMove trappedPiece,https://lichess.org/sQGLeCSI#49,
9R3CL,8/4N3/5p2/5Pb1/6P1/1pk4P/1p6/1K6 b - - 4 71,g5h4 e7g6 h4g5 h3h4 g5h6 g6h8 c3d4 h8f7 h6f8 f7d8 d4e5 d8e6,2178,124,43,29,crushing endgame quietMove veryLong,https://lichess.org/3YYgx09c/black#142,
9RRig,8/8/6p1/pkp5/2Rb1P2/1P4KP/3r4/1R6 w - - 3 55,g3h4 d2g2 c4d4 c5d4 b1d1 b5c5,2110,75,95,790,advantage defensiveMove endgame long quietMove,https://lichess.org/7DlTiCHI#109,
9SAxh,6k1/5p1p/p2bp1p1/3p4/3P4/qP2P2P/2Q2PP1/4N1K1 w - - 0 27,g2g3 a3a1 c2d2 a6a5 g1g2 d6b4 e1c2 a1b2,2100,89,78,29,advantage endgame pin quietMove veryLong,https://lichess.org/cTnlgm3H#53,
9Sjaw,8/7N/3n2p1/p7/6P1/1k3P2/6P1/3K4 w - - 0 46,h7f6 b3b2 f6d5 a5a4 d5b4 a4a3 f3f4 d6e4 f4f5 g6g5,2152,150,83,23,crushing defensiveMove endgame knightEndgame master quietMove veryLong,https://lichess.org/UQcbp4RD#91,
9SukV,6k1/p1p2pp1/P1Q4p/1r6/1q6/6Pb/5P1P/R1R3K1 w - - 1 26,c6c7 b4e4 c7c6 b5d5 c6c8 h3c8 c1c8 g8h7,2158,76,84,149,crushing defensiveMove endgame quietMove veryLong,https://lichess.org/iX5rILf4#51,
9T93Z,8/2R2pk1/2Q3p1/4P1p1/3q1r2/P6P/1P4PK/8 w - - 0 41,b2b4 f4f1 c6f6 f1f6,2127,77,84,117,advantage endgame quietMove short,https://lichess.org/KbdXhwZI#81,
9TEa7,8/1p6/5k1p/2Pp2p1/1P4P1/5K1P/8/8 b - - 1 40,f6e6 b4b5 d5d4 f3e4 d4d3 e4d3 e6d5 c5c6,2146,76,88,370,crushing endgame pawnEndgame quietMove veryLong,https://lichess.org/JkZkWc86/black#80,
9TO2j,8/p7/1p5p/4k1p1/2P5/P3K1PP/8/8 w - - 0 43,e3d3 h6h5 h3h4 g5h4,2167,76,98,451,crushing endgame master pawnEndgame quietMove short,https://lichess.org/BUZAA3OT#85,
9TmuW,8/8/5b2/5P2/pk1p4/3K4/P7/1N6 b - - 1 61,a4a3 b1d2 b4b5 d2e4 f6g7 f5f6,2113,77,74,42,crushing endgame long quietMove,https://lichess.org/pzy16WW0/black#122,
9TxRd,r1bk3r/1pqnb3/p3QnBp/4p3/5P1p/2N5/PPP3PP/2KR3R b - - 0 16,e5f4 h1e1 c7c6 e6e7 d8c7 e1e6 c6c5 e7c5 d7c5 e6f6,2194,79,90,809,advantage exposedKing master masterVsMaster middlegame quietMove veryLong,https://lichess.org/W2xllmSU/black#32,Sicilian_Defense Sicilian_Defense_Najdorf_Variation
9Tzoc,r2qr1k1/1bpNb1pp/p3p3/1p6/8/2N4P/PPP2PP1/R2QR1K1 w - - 0 18,e1e6 e7d6 e6e8 d8e8,2110,78,91,1511,advantage middlegame quietMove short,https://lichess.org/jytVj0OJ#35,Scandinavian_Defense Scandinavian_Defense_Mieses-Kotroc_Variation
9U1ok,r6k/1b3rpp/1pp1p3/4Bp2/2P4R/3P2R1/P5PP/7K b - - 1 30,a8a2 g3h3 h8g8 h4h7 g8f8 h7h8 f8e7 h8b8,2186,83,87,33,advantage endgame quietMove veryLong,https://lichess.org/VoYgZpaQ/black#60,
9U9SJ,8/1p4p1/p1p3kp/5R2/2B2PPP/4r3/PP2r3/5K2 b - - 0 39,e2b2 c4g8 e3f3 f1e1,2111,80,46,36,advantage endgame quietMove short,https://lichess.org/1MKyTGg7/black#78,
9UHer,6k1/ppp2p1p/5Q2/b6r/PP2bPK1/6P1/6r1/R7 b - - 3 28,e4g6 a1d1 c7c6 b4a5,2101,114,48,23,advantage endgame quietMove short,https://lichess.org/uVguEtoA/black#56,
9UOMd,Qn3rk1/5p2/4pP2/1qb5/2pp4/8/PP1B1PPP/R3K2R w KQ - 3 20,e1g1 b8c6 a2a4 b5b6 d2a5 f8a8 a5b6 c5b6,2181,76,97,171,advantage middlegame quietMove trappedPiece veryLong,https://lichess.org/6UlIJ6uW#39,
9UTXV,8/8/p7/8/1k6/5PK1/6P1/8 w - - 1 53,f3f4 a6a5 f4f5 b4c5 f5f6 c5d6 f6f7 d6e7 g3f4 a5a4 f7f8q e7f8,2159,93,51,30,crushing endgame pawnEndgame quietMove veryLong,https://lichess.org/q1hcZHLe#105,
9UUqB,b1k5/5p2/p3p3/1pQ1P3/2p4P/5qP1/P1B5/6K1 b - - 1 33,f3c6 c5c6 a8c6 h4h5 c8d7 h5h6,2112,76,83,113,crushing endgame long quietMove,https://lichess.org/LW00KKjk/black#66,
9Ua9M,3R4/1p3pp1/p4k2/2b4K/4RP1N/5PPq/7P/8 w - - 1 45,d8d5 g7g6 h5h6 h3c8 h6h7 c8f8 h4f5 g6f5,2166,76,91,215,crushing endgame quietMove veryLong,https://lichess.org/RGo8znkZ#89,
9UvOr,3r2k1/1bp2pp1/1p6/8/Q1P1n3/P3P2P/1P3PP1/6K1 w - - 1 23,a4a7 e4c5 b2b4 d8a8 a7a8 b7a8,2169,77,90,553,advantage endgame long quietMove trappedPiece,https://lichess.org/S91juzqn#45,
9UxU0,8/5ppk/8/P7/3Qn2p/5qP1/5P1P/R5K1 w - - 0 29,a5a6 h4h3 g1f1 e4c3 d4c3 f3c3,2104,99,74,47,crushing endgame long quietMove,https://lichess.org/oUylVwuu#57,
9V2LF,8/pq2k2p/2P2p2/4p2b/Q6P/1Pb1pPB1/P2n1K2/R6R w - - 0 30,f2e3 b7b6 e3d3 c3b4 g3f2 b6d8,2190,115,70,14,crushing long middlegame quietMove,https://lichess.org/4uwq5y5P#59,
9V50B,8/8/p7/4kp1p/2P4P/4K3/P7/8 w - - 0 48,a2a4 a6a5 c4c5 e5d5 c5c6 d5c6 e3f4 c6c5,2106,77,91,1357,crushing defensiveMove endgame pawnEndgame quietMove veryLong zugzwang,https://lichess.org/aI1iwiXD#95,
9VH4U,1k6/1P1K4/P6r/5P2/6P1/8/8/8 b - - 0 61,h6a6 g4g5 a6a5 d7e6,2152,75,87,881,crushing defensiveMove endgame quietMove rookEndgame short,https://lichess.org/x3RF82jQ/black#122,
9Vd4l,6b1/8/1pB5/p3K3/Pk6/6P1/8/8 b - - 2 49,b4c5 c6b5 g8c4 b5c4 c5c4 g3g4 b6b5 g4g5 b5b4 g5g6,2181,78,85,81,bishopEndgame crushing endgame quietMove veryLong,https://lichess.org/9MPTIj39/black#98,
9VkDv,2rq2k1/p3p3/1p2p1p1/3b2Qp/8/7R/PPP3PP/5rBK b - - 1 22,f1f5 g5g6 g8f8 h3g3 e6e5 g6f5,2134,76,95,693,advantage kingsideAttack long middlegame quietMove,https://lichess.org/6pMHOcJV/black#44,
9VsbY,1b6/4N3/p4pB1/2pP2k1/4p3/6PK/1r6/1b3R2 b - - 1 46,b2b3 f1f5 g5h6 f5h5 h6g7 h5h7 g7f8 e7f5 b3g3 f5g3,2126,125,75,18,crushing endgame quietMove veryLong,https://lichess.org/j15gu8mw/black#92,
9VsxL,6k1/ppp2p2/7p/6p1/2P1Pn2/1P1q1N1P/PQ3PPK/8 w - - 5 29,f3e5 d3f1 f2f3 f4e2 b2e2 f1e2,2114,76,91,660,crushing endgame long quietMove,https://lichess.org/geVR7gp6#57,
9WRa0,8/2p5/2bp4/1p2k1p1/6P1/2N1KP2/PP6/8 w - - 0 32,c3e4 c6e4 f3e4 c7c5 e3d3 e5f4,2139,99,85,22,crushing endgame long master quietMove zugzwang,https://lichess.org/seU9gRLG#63,
9WYZY,5Q2/2r2p1k/r3p3/2P1q1pp/2R5/2R4P/5PP1/6K1 w - - 2 37,g2g3 e5e1 g1g2 a6a1 c3c1 a1c1 c4c1 e1c1,2134,82,79,62,crushing endgame quietMove veryLong,https://lichess.org/MvAHoBlD#73,
9Wjv8,rnb1k2r/pp3ppp/1qpp1n2/8/2B1P3/3P1N2/PPP2KPP/RNBQ3R w kq - 1 8,f2g3 f6h5 g3h4 h7h6 c4f7 e8f7,2168,123,88,32,advantage long opening quietMove,https://lichess.org/6nFC0in8#15,Kings_Pawn_Game Kings_Pawn_Game_Busch-Gass_Gambit
9WofL,1r4k1/5p2/2n1p1pp/3pP3/R2P1P2/3B2PP/4K3/8 b - - 0 37,b8b4 a4b4 c6b4 d3b5 b4c2 e2d3,2190,76,90,328,advantage endgame long quietMove,https://lichess.org/zZ0YCQzI/black#74,
9Wx1y,b5k1/p4p2/1p1qp1p1/7p/2BBnP1Q/2P3PP/P1P4K/8 w - - 0 33,c4d3 e4d2 h4f6 d2f3 h2g2 f3d4,2178,78,82,82,crushing discoveredAttack endgame long quietMove,https://lichess.org/rDfehNa6#65,
9Wyp8,8/7p/2pk2pP/p4p2/2P5/1P4P1/P4P1K/8 w - - 0 53,h2g2 d6c5 g2f3 c5b4 c4c5 b4a3 f3f4 a3a2 f4e5 a2b3 e5d6 a5a4 d6c6 a4a3,2146,110,-68,19,advantage endgame master pawnEndgame quietMove veryLong,https://lichess.org/SJNa0r95#105,
9XLZk,r3r1k1/1p3pp1/8/p3qb1R/8/P4P2/1P1QBKP1/3R4 b - - 0 22,e5e6 d1h1 f7f6 h5f5,2199,87,72,53,advantage middlegame quietMove short,https://lichess.org/1HXIvlii/black#44,
9XRba,2r3k1/2q1rp1p/p3b1pQ/Pp2N3/1P1B2P1/2P5/7P/5RK1 b - - 2 31,c8d8 e5d7 f7f5 d7f6,2119,79,90,676,crushing middlegame quietMove short,https://lichess.org/L9zVIm7S/black#62,
9XZzT,8/1p3r2/6kp/1pPR1p2/5P2/5PKP/2r5/1R6 w - - 0 42,b1b5 g6h5 h3h4 f7g7 g3h3 g7g2 d5f5 h5g6 f5g5 h6g5,2171,75,95,5590,advantage endgame quietMove rookEndgame veryLong,https://lichess.org/Al3Bha17#83,
9Y00r,r3k2r/ppp2ppp/6n1/3pP3/8/2PB3q/PP3P2/RN1Q1RK1 w kq - 1 14,f1e1 g6h4 d3f1 h4f3 d1f3 h3f3,2108,74,94,3243,crushing fork long middlegame quietMove,https://lichess.org/oUOIh0Gr#27,French_Defense French_Defense_Knight_Variation
9Y16L,r1b1r2k/p2p1ppB/1pq4p/8/5B2/2P3P1/PPQ2P1P/RN1R2K1 w - - 2 22,h7d3 c8b7 d3e4 e8e4 f2f3 e4f4,2112,77,100,83,advantage long middlegame quietMove,https://lichess.org/VlRDeNip#43,
9Y9wt,8/R7/1p6/4p1P1/3b3P/1k6/p3KP2/8 b - - 0 39,a2a1q a7a1 d4a1 h4h5 e5e4 h5h6,2148,93,100,31,crushing endgame long quietMove,https://lichess.org/ZUsnNFnA/black#78,
9YBWz,8/2k5/p1p5/p6p/3P3P/2PK4/8/8 b - - 1 39,c6c5 d4d5 a5a4 c3c4,2162,76,94,833,advantage defensiveMove endgame pawnEndgame quietMove short,https://lichess.org/592Km75r/black#78,
9YFHN,r2q1r1k/pp2b3/4p1Q1/3bNp2/3P4/8/PP3PPP/1B2R1K1 b - - 3 22,d8e8 g6h6 h8g8 e1e3 e7h4 h6h4,2160,74,99,175,crushing long middlegame quietMove,https://lichess.org/abVvDKW0/black#44,
9YSrb,8/p7/n5p1/2PN1p1p/1P1K4/5Pk1/P7/8 w - - 0 40,b4b5 a6c5 d4c5 h5h4 a2a4 h4h3,2104,75,95,3186,crushing endgame knightEndgame long quietMove sacrifice,https://lichess.org/jt6s8Zu5#79,
9YVZv,8/5p2/6p1/K7/5kP1/1P3P2/8/8 b - - 0 42,f4f3 g4g5 f3f4 b3b4,2178,75,85,284,crushing defensiveMove endgame master pawnEndgame quietMove short,https://lichess.org/kjUdajTX/black#84,
9YcEr,2R5/5ppk/p4n2/1p1p1P1p/1b1Qp3/1B4PP/P4P1K/4q3 w - - 0 32,h2g2 b4d2 d4a7 e4e3 a7f7 e1f2,2189,81,90,539,advantage endgame long quietMove,https://lichess.org/S4Hls5ZT#63,
9YfjR,8/3R4/1r1B1pnk/4p2b/3pP3/1B1Pr3/2PK2R1/8 b - - 14 42,b6a6 b3g8 e3e2 g2e2 h5e2 d2e2,2144,75,63,146,advantage long master masterVsMaster middlegame quietMove,https://lichess.org/5ou7NeBi/black#84,
9YtOx,b1rq1rk1/p2n1ppp/1p2p3/2ppP1P1/5P2/2PBPQ2/PP1B3P/R4RK1 w - - 1 15,d3h7 g8h7 f3h5 h7g8 f1f3 f8e8 f3h3 g8f8 g5g6 f8e7,2181,91,87,36,advantage defensiveMove hangingPiece middlegame quietMove veryLong,https://lichess.org/fmw4NcaE#29,Indian_Defense Indian_Defense_Other_variations
9ZPik,r2q3k/7p/3p3p/4pQbP/1p2P1R1/3P4/1PP2P2/1K4R1 w - - 6 31,f5e6 d8a5 c2c3 b4c3,2139,76,81,130,crushing endgame quietMove short,https://lichess.org/Hy2qhFzb#61,
9ZmU2,8/5BK1/8/1pp5/3p4/1PkP4/8/8 w - - 2 51,f7e8 b5b4 e8f7 c3d3,2173,81,94,2337,bishopEndgame crushing endgame quietMove short,https://lichess.org/PGXsCEqF#101,
9aQjN,r4r1k/5Pp1/3q4/p1p5/RnBb1pP1/1P6/6PP/3QR2K b - - 0 31,b4d5 g4g5 d6g6 c4d5,2120,77,90,2321,advantage middlegame quietMove short,https://lichess.org/F2jgLIXd/black#62,
9aslI,5r1k/ppp1b2p/2qp1NB1/4pQ2/8/7P/PPP5/1K4R1 b - - 0 30,f8f6 g6f7 c6e8 f5f6 e7f6 f7e8,2124,74,84,153,advantage endgame intermezzo long quietMove,https://lichess.org/V3X6bdkF/black#60,
9avMm,8/7k/3p3P/1p1B1bP1/4p2K/2P5/8/8 w - - 1 49,h4h5 e4e3 d5f3 f5d3 g5g6 d3g6 h5g4 g6d3,2114,76,94,4263,bishopEndgame clearance crushing defensiveMove endgame quietMove veryLong,https://lichess.org/aH8dVn15#97,
9b9Xr,1k5r/pp3pp1/1q2p1p1/2b1P3/2Q2PP1/1P5P/PB6/1K1R4 b - - 2 22,h8h3 d1c1 b6b4 c4c5 b4c5 c1c5,2168,76,93,6040,advantage endgame long quietMove,https://lichess.org/J46T1kTY/black#44,
9bMDJ,6k1/1b3pPp/p2ppB2/1p4PP/4P3/3K4/P4r2/R7 b - - 1 29,d6d5 a1c1 d5e4 d3e3,2152,76,85,239,crushing defensiveMove endgame quietMove short,https://lichess.org/8SZzR3KX/black#58,
9c2IE,1rbq1rk1/2p2p2/p2p4/1pbnp1BQ/4P3/2PP4/PP3PPP/R4RK1 b - - 0 16,d5f6 h5h4 f6e8 g5d8,2134,76,89,217,crushing interference middlegame quietMove short,https://lichess.org/vxAsVNOa/black#32,Ruy_Lopez Ruy_Lopez_Morphy_Defense
9cIH2,8/5p2/1k1p1P1p/1p1K3P/2pP4/2P1P3/8/8 b - - 1 46,b6a5 e3e4 a5a4 e4e5,2189,75,85,150,crushing endgame pawnEndgame quietMove short,https://lichess.org/3eSjaYth/black#92,
9cPpr,rnb1kbnr/pppp1ppp/8/6B1/4P3/1N6/PqP2PPP/RN1QKB1R b KQkq - 1 6,a7a5 c2c3 a5a4 g5c1,2159,73,93,10558,advantage master opening quietMove short,https://lichess.org/M8Z76Iit/black#12,Kings_Pawn_Game Kings_Pawn_Game_McConnell_Defense
9cYVv,2r2k1r/R7/B3p2p/3bP1p1/5n2/2P5/P4P1P/2R3K1 b - - 2 28,c8c6 c1b1 c6c8 a6c8,2111,76,92,1153,crushing middlegame quietMove short,https://lichess.org/KNhTVAc6/black#56,
9d3KZ,3q2k1/5ppp/4rn2/pQ3p2/1p1pPPn1/2p3P1/P1P3BP/R1B1R1K1 w - - 1 24,b5f5 d8b6 h2h3 d4d3,2174,104,79,17,crushing discoveredAttack middlegame quietMove short,https://lichess.org/6Kgvpxrp#47,
9dbSD,r1b4r/2N1b1k1/3p2qp/p1pP4/P3PR2/5Q1P/6P1/2R3K1 b - - 4 26,a8b8 c1f1 c8d7 f4f7,2135,81,82,69,advantage master middlegame quietMove short,https://lichess.org/j1wHZfiW/black#52,
9eBfB,rn3rk1/pp3pp1/2p1N3/8/3P2n1/2N1B1q1/PPP3Pb/R2Q1R1K w - - 2 17,e3f4 g3h4 d1g4 h4g4,2135,76,85,75,crushing opening quietMove short,https://lichess.org/o30ybT1P#33,Kings_Gambit_Accepted Kings_Gambit_Accepted_Fischer_Defense
9eRdm,8/1pBn4/p1p1kp2/5ppp/PPPP4/4K1P1/7P/8 b - - 0 32,b7b5 d4d5 c6d5 c4b5 a6b5 a4a5 d5d4 e3d4,2159,79,91,478,crushing deflection endgame quietMove veryLong,https://lichess.org/mSRIkltJ/black#64,
9egYp,r4r1k/pbpp1p1P/2p5/5Q2/4P3/3P4/P1P1KPP1/q1B4R b - - 0 17,a8e8 c1g5 f7f6 h1a1,2127,77,91,1063,crushing discoveredAttack middlegame quietMove short,https://lichess.org/zSg3XmoW/black#34,Four_Knights_Game Four_Knights_Game_Italian_Variation
9fRut,3k4/8/2K5/7p/1P6/8/8/8 w - - 0 47,b4b5 h5h4 b5b6 d8c8 b6b7 c8b8,2133,78,92,3823,crushing endgame long pawnEndgame quietMove,https://lichess.org/RvIMoCIr#93,
9fSgt,r4rk1/4qppp/p6B/1pn1p2n/2p1P1Q1/2P5/PPB2PPP/R3R1K1 b - - 5 22,e7f6 h6e3 h5f4 e3c5,2186,81,87,402,advantage middlegame quietMove short,https://lichess.org/tHF6nJnN/black#44,
9fY7g,8/6b1/1k4P1/pp6/7R/1Pp5/2Kp3P/8 w - - 1 47,h4h7 a5a4 b3a4 b5b4 c2d1 b4b3,2114,87,47,41,crushing endgame long quietMove,https://lichess.org/0jlWiIkA#93,
9fiqO,r6r/pp3Q2/1k1p4/2pP4/4P1pp/8/P3q1PP/1R4K1 b - - 6 26,b6a6 f7b7 a6a5 b7b3 e2c4 b3c4,2164,261,82,8,crushing endgame long quietMove,https://lichess.org/0BJpZLcF/black#52,
9gDsB,r1br3k/p4Qpp/1qp1pn2/2p3N1/2P4P/3PB3/PP3PP1/R3K2R w KQ - 1 19,e1c1 a8b8 d1d2 b8b7,2146,73,94,9829,advantage middlegame quietMove short,https://lichess.org/t4jcGYZY#37,Sicilian_Defense Sicilian_Defense_Nyezhmetdinov-Rossolimo_Attack
9gFuD,7r/6kp/pq3bp1/2pP1b2/2B5/1P2p3/2P3PP/1K1RQR2 w - - 2 28,d5d6 e3e2 e1e2 b6a5 e2e7 f6e7,2100,75,93,1790,advancedPawn advantage long middlegame quietMove,https://lichess.org/JVW7Kr3z#55,
9gf4B,8/6pk/5pqp/4p3/8/4PRP1/r4PQP/1r1R2K1 w - - 2 32,g2f1 a2a1 d1b1 a1b1,2128,79,100,74,crushing endgame pin quietMove short,https://lichess.org/4ZXVOrqb#63,
9gi1G,3R4/4r3/3k1p2/5K2/4P3/8/8/8 b - - 3 60,d6c7 d8d4 e7e8 f5f6,2153,77,82,65,crushing endgame quietMove rookEndgame short,https://lichess.org/rOkeQmKZ/black#120,
9gwqe,8/5pp1/2r2k1p/4R2K/4PPP1/8/8/8 b - - 8 56,c6c4 e5e8 c4e4 e8e4,2111,75,94,2790,crushing endgame quietMove rookEndgame short,https://lichess.org/U96uU950/black#112,
9hGyE,2krr3/ppp2ppp/8/1P3p2/P1P2n2/2Q2P1P/4B1P1/5K1R w - - 2 23,f1f2 e8e2 f2g3 g7g5 h1g1 d8d2,2187,75,90,1528,crushing defensiveMove endgame long quietMove,https://lichess.org/MZzRM9nh#45,
9hPBI,8/5p1p/1p2kp2/8/1PP2K2/7P/8/8 b - - 0 45,e6d6 f4f5 d6e7 h3h4 h7h5 b4b5 e7d7 f5f6,2165,141,16,9,crushing endgame pawnEndgame quietMove veryLong zugzwang,https://lichess.org/n73hop8d/black#90,
9iRrI,r6k/p5pp/Q1R5/2P5/1P3P2/P3p1PP/8/5q1K w - - 2 37,h1h2 f1a6 c6a6 a8e8 a6d6 e3e2,2103,75,86,84,advancedPawn crushing endgame long quietMove,https://lichess.org/DohnVqKR#73,
9jQ3j,8/8/4pkp1/P2p2r1/8/2RK4/1P6/8 b - - 0 43,d5d4 c3a3 g5b5 a5a6,2102,75,87,437,crushing endgame quietMove rookEndgame short,https://lichess.org/N8OfkRVE/black#86,
9jYd1,1R3B2/5p1k/5p2/1p2pP1p/1P5P/2r3P1/4bP1K/8 w - - 3 52,b8b6 e2f3 g3g4 h5g4,2131,83,77,60,crushing endgame quietMove short,https://lichess.org/7WcaAD7W#103,
9jaLl,5r1k/p5pp/8/3P4/2Q3n1/5qP1/1P2R2P/4R2K w - - 1 27,h1g1 g4f2 e2f2 f3f2,2150,102,85,17,crushing endgame quietMove short,https://lichess.org/dPZrvSSN#53,
9jnjE,r5k1/ppb2ppp/2q5/8/2P3P1/5b1P/PB2QP2/1R3RK1 w - - 2 25,e2e3 c6d6 b2e5 d6e5 e3e5 c7e5,2162,75,83,95,crushing long middlegame quietMove,https://lichess.org/Wnvbt3Kq#49,
9kFsg,r2n1k1r/p3npp1/3N4/2Q1PNq1/3P3p/7P/P1P3P1/5R1K b - - 1 28,h8h5 c5b5 e7c6 d4d5,2122,162,75,15,crushing middlegame quietMove short,https://lichess.org/vLEAZw5N/black#56,
9kbxi,1R6/p4pk1/5qp1/3Bp2p/2P1P2P/6P1/5P2/6K1 b - - 0 30,a7a5 c4c5 f6e7 c5c6,2110,78,78,64,crushing endgame master masterVsMaster quietMove short,https://lichess.org/Cv2UUX6q/black#60,
9lPky,6k1/6p1/7p/1p3B2/2p5/1pr3PP/1R3K2/8 b - - 5 52,b5b4 f5g6 g8f8 b2e2 c3c2 g6c2 b3c2 e2c2,2162,75,92,797,crushing endgame quietMove veryLong,https://lichess.org/HbUE54hv/black#104,
9lrKI,8/7p/6p1/p7/2k2P2/2P3P1/1K5P/8 w - - 0 40,h2h4 h7h5 g3g4 h5g4,2119,75,94,847,advantage endgame pawnEndgame quietMove short,https://lichess.org/z3boBaOl#79,
9mFZD,8/6k1/p2Kppp1/8/5PP1/P7/8/8 b - - 3 40,g7f7 g4g5 a6a5 a3a4 f6g5 f4g5 e6e5 d6e5 f7e7 e5d5,2175,84,86,49,crushing defensiveMove endgame master pawnEndgame quietMove veryLong zugzwang,https://lichess.org/GdJ8Bc46/black#80,
9mVht,8/4R1P1/k7/5K2/1r6/8/p7/8 b - - 0 57,b4b8 e7e1 a6b5 e1a1,2127,80,83,59,crushing endgame quietMove rookEndgame short,https://lichess.org/FR2w1Olb/black#114,
9mjQi,r3r1k1/6pp/1pp2p2/3p4/3Qn3/PP4Pq/1B2PP1P/2R2RK1 w - - 0 20,c1c6 e8e5 d4e5 f6e5,2107,74,92,4364,crushing master middlegame quietMove short,https://lichess.org/osMaUg6k#39,
9myhD,8/7R/8/4p3/5krp/7K/5P2/8 w - - 10 56,h7h4 g4h4 h3h4 e5e4 h4h5 f4f3,2143,87,29,34,crushing endgame long quietMove rookEndgame,https://lichess.org/1ap2t0xJ#111,
9n61z,7r/8/p1p2k2/3p1p1P/P2P2p1/2P2pK1/2P2P2/7R w - - 4 32,g3f4 h8e8 h5h6 e8e4 f4g3 f6g5,2144,99,76,28,crushing endgame long quietMove rookEndgame,https://lichess.org/HOOTKvFl#63,
9n7qn,5R2/3Q2pk/p2p3p/5p2/3Npn2/P5nP/6P1/2r3K1 w - - 5 48,g1h2 f4h5 d7f5 g3f5,2190,76,95,168,advantage endgame quietMove short,https://lichess.org/USGbhBiA#95,
9ndgq,2n5/8/5p2/1KPk4/5P1P/8/8/8 b - - 0 56,d5e4 h4h5 e4f5 b5c6,2174,75,83,331,advantage defensiveMove endgame knightEndgame master quietMove short,https://lichess.org/QnPVSdbN/black#112,
9nuM7,8/p1bP4/1p5p/5B2/Pk3pP1/5K1P/8/8 b - - 3 44,b4a4 h3h4 c7d8 g4g5 h6g5 h4h5,2162,74,96,579,bishopEndgame crushing defensiveMove endgame long quietMove,https://lichess.org/7AokOQ6D/black#88,
9o8xY,8/4kp2/7p/p2pP1p1/1p3P2/1K2P3/P5PP/8 w - - 0 32,b3a4 g5f4 e3f4 d5d4 a4b3 d4d3,2147,75,91,3084,crushing endgame long pawnEndgame quietMove,https://lichess.org/UHYy4xgK#63,
9oUmG,rn4k1/pp2p1bR/2p3P1/4q1p1/2PpN3/7B/PP3K2/4R1N1 b - - 5 22,e5f4 g1f3 g5g4 e4g5 g7f6 e1e4,2128,106,82,22,advantage clearance defensiveMove long middlegame quietMove,https://lichess.org/MR1uCe4k/black#44,
9ofZG,2kr4/1p3p1r/pbp1qnn1/5Np1/1PP3p1/N1B1P1P1/P1Q2P1P/3R1RK1 w - - 3 22,b4b5 d8h8 h2h4 g5h4 b5a6 h4g3,2199,78,86,67,crushing long middlegame quietMove,https://lichess.org/zoPJuHYZ#43,
9oxSN,2k3r1/pp2np2/2p5/3p3p/P2p2q1/1B1P4/1PP3N1/R1B2QK1 w - - 3 26,c2c4 e7f5 b3d1 g4h3 f1f3 g8g3,2121,163,82,9,advantage clearance long middlegame quietMove,https://lichess.org/IETeXytn#51,
9p2zC,8/8/8/p7/8/1kr1R3/5PKP/8 w - - 2 54,e3c3 b3c3 h2h4 c3d4 h4h5 d4e5 g2f1 a5a4 h5h6 e5f6 h6h7 f6g7,2101,76,59,52,crushing endgame master quietMove veryLong,https://lichess.org/0cbF3J3A#107,
9pD68,r3r1k1/pp1q1ppp/2p5/3p1p2/N2PnQ2/P3P3/1PP2PPP/R4RK1 w - - 6 16,f2f3 g7g5 a4c5 d7c8 c5e4 g5f4,2121,76,90,1386,advantage long middlegame quietMove trappedPiece,https://lichess.org/cy5VwG71#31,Queens_Pawn_Game Queens_Pawn_Game_Zukertort_Variation
9pZVz,6k1/4B1p1/4p1P1/3pP3/3P4/3K4/5n2/8 w - - 4 70,d3c3 f2h3 c3b4 h3f4,2156,103,69,21,crushing endgame quietMove short,https://lichess.org/hGw5AGa6#139,
9pjYm,8/8/6pk/5p1p/Pr5P/2K3P1/1n3P2/R7 b - - 7 44,b4b8 a4a5 b2d1 a1d1,2108,76,65,73,crushing endgame quietMove short,https://lichess.org/j4Hp3XCn/black#88,
9pw6S,5r1k/3Q2bp/p5p1/1p4N1/4q3/3p4/PP4PP/K6R b - - 1 28,g7b2 a1b1 e4h4 d7e7 f8f6 h1c1 b2c3 g5e6 h4b4 e7b4 c3b4 c1c8,2172,144,82,12,crushing endgame quietMove veryLong,https://lichess.org/7u9DNZp5/black#56,
9q0a7,r1b2rk1/p1pp1ppp/1bp5/4q1B1/4Nn2/5Q2/PPP3PP/2KR1B1R b - - 1 13,f8e8 d1e1 d7d5 e4f6 g7f6 e1e5,2185,106,61,16,advantage discoveredAttack long opening quietMove,https://lichess.org/NtkEcp93/black#26,Four_Knights_Game Four_Knights_Game_Scotch_Variation_Accepted
9q0xY,4r3/pQ6/5pkp/8/8/q6P/P1P3P1/2K2R2 w - - 9 31,b7b2 a3e3 c1b1 e8e6 b2b3 e6b6,2155,84,91,1287,crushing endgame long pin quietMove,https://lichess.org/r1tZohRf#61,
9qP53,8/pp3k2/2p4P/1nB5/6P1/8/5P2/6K1 b - - 0 33,a7a5 g4g5 a5a4 h6h7 f7g7 g5g6,2183,80,85,605,advancedPawn crushing endgame long quietMove,https://lichess.org/Lp2tNLwI/black#66,
9qnZ1,8/8/1K1k4/3p4/3P4/P1P5/1P2b3/8 b - - 4 81,e2c4 a3a4 d6d7 b6b7 c4b3 a4a5,2141,77,88,1136,bishopEndgame crushing defensiveMove endgame long quietMove,https://lichess.org/D4VTIGfB/black#162,
9rhau,r4k2/3nRp2/2p2n1p/2Pp2p1/3P4/3BQPP1/5P2/3q1NK1 w - - 7 26,d3g6 a8a1 e7f7 f8g8 g6d3 g8f7,2118,75,93,1616,crushing long middlegame quietMove,https://lichess.org/0H1ZUwqy#51,
9sEFM,8/8/p2k1Pp1/8/2pp4/5R1p/P1r4P/6K1 b - - 0 36,c2c3 f3f1 d6e6 f6f7,2155,79,82,73,advancedPawn crushing endgame quietMove rookEndgame short,https://lichess.org/qVN4B9Y8/black#72,
9sl98,r1br3k/p6p/1q1p2p1/1p3p2/5Q2/7P/PPP2PP1/R3R1K1 b - - 5 21,c8b7 e1e7 d8e8 a1e1 b7e4 e1e4,2171,74,93,4941,clearance crushing long middlegame quietMove,https://lichess.org/L9zAuhuo/black#42,
9tC9H,r5k1/1pp2pp1/pn3q1p/3rp3/1P6/2PQ3P/1PPN1PP1/R2R2K1 w - - 0 17,d3f3 a8d8 f3e2 f6d6,2136,75,94,1664,crushing middlegame quietMove short,https://lichess.org/wygp8RdJ#33,Russian_Game Russian_Game_Three_Knights_Game
9u9po,1kr1R3/p4P2/1p5p/3p2p1/2bP4/2P4P/PqPK1PP1/R7 b - - 1 30,b2a3 a1e1 c4b5 e8c8 b8c8 e1e8 b5e8 f7e8q,2163,82,90,1818,advancedPawn attraction crushing endgame promotion queensideAttack quietMove veryLong,https://lichess.org/OoP0zOIE/black#60,
9uDFw,8/R7/1p4pk/3r1p1p/P4P2/8/6PP/6K1 b - - 0 37,d5a5 a7a5 b6a5 h2h4 h6g7 g1f2 g7f7 f2e3,2176,114,74,22,crushing defensiveMove endgame quietMove rookEndgame veryLong,https://lichess.org/7rIHj1JL/black#74,
9uo4m,8/4k1p1/p5p1/8/2Pp4/P5PP/5K2/8 w - - 2 38,f2f3 e7d6 f3e4 d6c5 e4d3 g6g5 a3a4 a6a5 h3h4 g5h4 g3h4 g7g6,2109,74,93,7723,crushing defensiveMove endgame pawnEndgame quietMove veryLong zugzwang,https://lichess.org/RHyKzPJk#75,
9v6QX,5rk1/p5pp/2Q1p3/4pr2/4Nn1q/1P6/P1P1RPPP/R5K1 w - - 1 22,e2d2 f5h5 h2h3 f4h3 g2h3 h4h3,2128,98,53,33,crushing kingsideAttack long middlegame quietMove,https://lichess.org/KZPAjdSJ#43,
9v6hG,r4rk1/1p1b1p1p/1q2p1p1/p2pP1B1/5Q2/PnN5/1P3PPP/2RR2K1 b - - 3 19,b3c1 g5f6 c1e2 c3e2,2155,81,92,1805,crushing middlegame quietMove short,https://lichess.org/WfrX8RXn/black#38,French_Defense French_Defense_Advance_Variation
9vI1n,8/8/8/1p1k2pp/2p5/P1P1KP1P/8/8 b - - 0 40,d5c5 e3e4 c5b6 e4f5 b6a5 f5g5 a5a4 f3f4 a4a3 f4f5 b5b4 f5f6 a3b2 f6f7,2123,78,96,1467,advancedPawn crushing endgame pawnEndgame quietMove veryLong,https://lichess.org/YuvqqNjH/black#80,
9vLL4,kr5r/pp4qp/3b1p1n/1Q1B4/P3P3/5pP1/2P2P1P/1R2R1K1 b - - 0 23,h6g4 a4a5 d6c5 b5c5,2173,79,82,139,crushing middlegame quietMove short,https://lichess.org/tcMgan0f/black#46,
9vNa1,8/8/8/6p1/8/1pkbP1P1/5R1P/2K5 w - - 2 50,f2b2 g5g4 e3e4 d3e4 b2b3 c3b3,2103,77,90,2507,crushing endgame long quietMove,https://lichess.org/nNwFNy5D#99,
9vltW,3r3k/7p/p4p2/2p3q1/PpN5/1P1r3P/3pQ3/3R1R1K w - - 0 36,e2e6 d8g8 d1d2 d3d2 e6f6 g5f6,2160,76,91,809,crushing long middlegame quietMove,https://lichess.org/xPrNhYVW#71,
9vpVP,1rr3k1/4pp2/p2p2p1/7P/q3P1R1/P1QPP3/4K3/7R w - - 1 26,c3d4 a4c2 e2f3 b8b2 d4b2 c2b2,2193,78,90,717,crushing endgame long quietMove,https://lichess.org/PcCcydgs#51,
9vv2t,r4rk1/4bppp/p1n1b3/qP1n4/2pP4/4BN2/B1QN1PPP/R3R1K1 b - - 0 18,a6b5 a2b1 g7g6 a1a5,2179,77,72,95,advantage discoveredAttack middlegame quietMove short,https://lichess.org/BHXW2dEy/black#36,Sicilian_Defense Sicilian_Defense_Bowdler_Attack
9w5Rj,2kr3r/1p1qbp2/p1p5/Q2b2p1/3P4/2N3Pp/PP1B1P1P/R3R1K1 b - - 1 21,d5c4 c3a4 c8b8 a4b6,2191,87,75,44,advantage middlegame quietMove short,https://lichess.org/C3qQ8WyF/black#42,
9wFE6,3r2k1/2p2pp1/2p2n1p/p3r3/4P3/qPP2Q1P/P2N1RP1/3R3K b - - 2 22,a3a2 d2f1 a2b3 d1d8,2124,85,78,40,crushing discoveredAttack middlegame quietMove short,https://lichess.org/4bSuYGCa/black#44,
9wnhH,r1b2r1k/1p4pp/1bpp4/p3qpB1/P4n2/3B3P/1PQ1NPP1/RN2K2R w KQ - 2 18,e1g1 f4h3 g2h3 f5f4 g5f4 f8f4 e2f4 e5f4,2145,91,86,38,advantage kingsideAttack opening quietMove sacrifice veryLong,https://lichess.org/mszQWHOb#35,Kings_Pawn_Game Kings_Pawn_Game_Macleod_Attack
9x1Wm,r1b1r1k1/pp1n1pb1/2p2npp/q3p1N1/7B/2N1PQ2/PPP1BPPP/2KR3R w - - 0 13,g5e4 f6e4 e2c4 e4f6 d1d7 c8d7,2104,76,90,1296,advantage long middlegame quietMove,https://lichess.org/yyWgxRix#25,Indian_Defense Indian_Defense_Other_variations
9x3eN,1n3rk1/Qbr2ppp/1p1qpn2/1P1p4/3P4/P1N2NP1/4PPBP/2R2RK1 w - - 1 17,c3a4 b8d7 c1c7 d6c7,2153,87,82,46,advantage middlegame quietMove short,https://lichess.org/TodrjQt6#33,English_Opening English_Opening_Agincourt_Defense
9xMrP,8/1kpr3p/ppr5/3p4/3P1Qb1/1R1B2Pq/P1P2P1P/1R4K1 w - - 7 26,f4f8 c6h6 d3a6 b7a7 f8h6 h3h6,2164,93,87,23,advantage defensiveMove long middlegame quietMove,https://lichess.org/YobzdNoG#51,
9xUmz,5k1r/3q2p1/5pQ1/p7/1b1P1P2/4PKB1/r5PP/2R4R w - - 6 29,c1c2 d7d5 f3f2 f6f5 g6f5 d5f5,2131,86,71,35,advantage long middlegame quietMove,https://lichess.org/eLg2Rj6r#57,
9xest,8/8/8/1K1p4/4k3/5p2/7P/4B3 w - - 2 48,h2h4 d5d4 h4h5 d4d3 h5h6 d3d2 h6h7 d2e1q,2133,74,97,898,advancedPawn bishopEndgame crushing endgame promotion quietMove veryLong,https://lichess.org/MQWPZio3#95,
9xwlo,8/3Q2b1/6pk/7p/5N1P/6P1/5q1K/8 w - - 0 52,f4g2 g7d4 d7d4 f2d4,2190,75,98,111,crushing endgame quietMove short,https://lichess.org/l8Ae2LPx#103,
9y0cu,8/1p1B4/8/pP1P2b1/1k6/6P1/7K/8 w - - 2 46,g3g4 a5a4 d5d6 a4a3 d7e6 b4b5,2139,78,98,116,bishopEndgame crushing endgame long quietMove,https://lichess.org/gv1tha96#91,
9yBEl,1r4k1/2N2qbp/3pN1rn/R1pPp3/2P1P1pP/8/PP1Q1PK1/5R2 w - - 1 28,a5a7 f7f3 g2g1 g4g3 e6g5 g6g5 h4g5 g3g2 f1c1 f3h3 f2f3 h3h1,2111,113,43,19,advancedPawn advantage clearance master middlegame quietMove sacrifice veryLong,https://lichess.org/pECfrOMK#55,
9yEIi,3r4/1bp2pk1/p6p/4N3/Pq2Pp2/7P/2Q2PP1/4R1K1 w - - 0 30,c2c7 b4e1 g1h2 d8f8 c7b7 e1f2,2182,87,92,237,crushing endgame hangingPiece long quietMove,https://lichess.org/uuieNMUQ#59,
9yd06,8/5p2/1p1pk1pp/1P6/2P1KP2/5P1P/8/8 b - - 4 39,f7f6 f4f5 g6f5 e4f4 h6h5 h3h4 e6e7 f4f5,2114,77,92,331,crushing endgame pawnEndgame quietMove veryLong zugzwang,https://lichess.org/vZwlRfPM/black#78,
9z5Jm,2rq1rk1/pp2bpp1/2n1b2p/1B6/3PQB2/2P1PN1P/P4PP1/R3K2R w KQ - 1 15,b5d3 g7g6 f4h6 e6f5 e4f5 g6f5,2124,76,76,118,advantage long middlegame quietMove,https://lichess.org/kWEGYrE4#29,Horwitz_Defense Horwitz_Defense_Other_variations
9zJjy,5k2/3q2p1/1p4Pp/p2pQp1P/3P1K2/1P2P3/2P5/8 w - - 0 37,e5f5 d7f5 f4f5 b6b5 f5e5 a5a4 e5d5 a4a3,2131,86,48,40,crushing endgame queenEndgame quietMove veryLong,https://lichess.org/1qAek0hL#73,
9zaML,8/p4k2/1bR1r2p/4P1p1/P2p4/1P4BP/6PK/8 w - - 3 39,c6d6 e6d6 e5d6 d4d3 g3e1 b6e3 d6d7 f7e7,2180,77,89,430,clearance crushing endgame quietMove veryLong,https://lichess.org/Kl5jHOaq#77,
9zsZV,7k/p4p1p/1p1B2q1/2pb2b1/8/3P3P/PPP1Q2K/6R1 w - - 3 33,h3h4 g6d6 g1g3 g5h6 e2e8 h6f8 c2c4 d5e6,2128,159,44,30,advantage endgame hangingPiece quietMove veryLong,https://lichess.org/qfn521m8#65,
A0ZDN,7Q/1k2p3/1p1p1p2/1K1P1P2/1P2P3/8/8/6q1 w - - 0 49,h8h3 g1a1 b5c4 b6b5,2157,79,91,2159,crushing endgame master queenEndgame quietMove short,https://lichess.org/cesb0TmI#97,
A0d0u,2r3k1/p4pp1/1p3b1p/8/3P4/1p2PP2/5P1P/R4RK1 w - - 0 25,a1b1 c8c3 b1b2 a7a5 f1a1 f6e7,2136,75,85,301,advantage defensiveMove endgame long quietMove,https://lichess.org/NOTpA1GD#49,
A144N,3B4/8/p6p/1p3p2/6k1/1P6/6K1/8 w - - 0 59,d8f6 a6a5 f6c3 a5a4 b3a4 b5a4,2191,77,90,1082,bishopEndgame crushing endgame long quietMove,https://lichess.org/MxqaYnCT#117,
A15i0,7k/R7/3p1p1q/p2P1r1p/2P1p1pP/4P1Pn/2B1Q2K/8 w - - 0 41,c2e4 f5f2 e2f2 h3f2 a7h7 h6h7 e4h7 h8g7 h7c2 f6f5 c4c5 d6c5,2175,116,84,30,advantage endgame fork quietMove veryLong,https://lichess.org/OfGRU5Eh#81,
A1DXZ,2kr3r/2p5/p1P3q1/4pp1p/1P1b1p2/1B5P/P2Q1PP1/2R2RK1 w - - 2 30,d2e2 d8g8 b3g8 h8g8 e2a6 c8d8 a6a8 d8e7 a8g8 g6g8,2190,115,87,40,crushing middlegame quietMove sacrifice veryLong,https://lichess.org/89WuvDpb#59,
A1bn9,8/6k1/4pp2/6p1/1P4P1/2N3n1/8/1K6 b - - 0 35,f6f5 b4b5 f5f4 b5b6 f4f3 c3d1 g3e2 b6b7,2116,76,94,3098,advancedPawn crushing endgame knightEndgame quietMove veryLong,https://lichess.org/nmLRtOLS/black#70,
A1xPc,rnb1k2r/ppp2ppp/q3pn2/8/N1P5/3P1N2/PP1BKbPP/1R1Q1B1R b kq - 0 10,f2b6 b2b4 b6d4 f3d4,2139,125,30,19,advantage opening quietMove short,https://lichess.org/5pS6A2ni/black#20,Scandinavian_Defense Scandinavian_Defense_Main_Line
A24DY,4k1r1/p3p3/4Pp2/Np3P2/3p1N2/1P5p/P1r5/5R1K b - - 0 36,c2a2 f1c1 e8f8 f4h5 a2a1 c1a1,2121,74,91,1110,crushing endgame long quietMove,https://lichess.org/jI4cfmfM/black#72,
A2HLM,8/6p1/7p/8/8/8/3K1k2/5N2 w - - 6 55,f1h2 h6h5 d2d3 f2g2 d3e4 g2h2,2153,79,92,1363,crushing endgame knightEndgame long quietMove trappedPiece,https://lichess.org/8aKyhBqz#109,
A2M7G,8/8/8/4K2p/6k1/8/6P1/8 w - - 0 55,e5e4 h5h4 e4e3 g4g3 e3e2 g3g2,2119,77,86,57,crushing endgame long pawnEndgame quietMove,https://lichess.org/m8pnGwX5#109,
A3Cg0,2b1k2r/r2p1pp1/pp2pq2/2b5/2P1BB2/2N3Q1/PP3PP1/R4RK1 w k - 2 18,f4d6 f6h6 g3h2 c5d6,2138,77,91,1285,advantage middlegame quietMove short,https://lichess.org/gZiArZt3#35,Sicilian_Defense Sicilian_Defense_Kan_Variation
A3G5M,1r1q1rk1/3nbpp1/4p3/p1p1P1PQ/1p1p1BN1/P2P1KP1/1P3P2/R7 b - - 0 23,b4a3 a1h1 d7e5 f4e5 d8d5 f3f4 d5h1 h5h1,2153,141,82,8,advantage middlegame quietMove veryLong,https://lichess.org/ILMqf2Ao/black#46,
A4Sbn,r4rk1/pp5p/2p3pR/3pP3/5P2/3Q4/q5PP/3R3K b - - 1 22,g8g7 d3h3 f8h8 f4f5,2132,75,92,418,crushing endgame quietMove short,https://lichess.org/wSj2wV0g/black#44,
A4ce3,8/8/kpK5/p7/8/1P6/P7/8 b - - 1 52,b6b5 a2a3 b5b4 a3a4,2166,75,71,109,crushing defensiveMove endgame master pawnEndgame quietMove short,https://lichess.org/2soTXVfC/black#104,
A4jDh,8/1Q5p/1R2pppk/4q3/4b3/6PP/5P1K/8 w - - 1 41,b7d7 e5a1 d7d2 g6g5 f2f3 e4f3,2134,76,86,220,crushing defensiveMove endgame long quietMove,https://lichess.org/72ykZrey#81,
A55oT,8/pp1Q1k2/1qp3p1/1r3p2/8/7P/P1P3P1/5R1K b - - 1 27,f7f6 f1e1 b5e5 d7d6,2179,77,88,117,crushing endgame master quietMove short,https://lichess.org/VGKNwgKw/black#54,
A5RTP,5B2/8/4p3/1k1bKp2/7P/P7/8/8 b - - 4 68,b5a4 h4h5 f5f4 h5h6 f4f3 f8c5,2115,86,92,850,bishopEndgame crushing defensiveMove endgame long quietMove,https://lichess.org/RujzB26n/black#136,
A5X3H,6k1/6p1/5b1p/4qQ2/1p6/1P6/2B2P2/5K2 b - - 5 42,e5c3 f5e6 g8f8 c2g6 c3c1 f1e2,2197,99,88,22,clearance crushing defensiveMove endgame long quietMove,https://lichess.org/MOz6IcFD/black#84,
A5pOJ,8/7k/r7/4Bp2/1PPPbP1q/8/4QRP1/6K1 w - - 1 52,b4b5 a6h6 f2f3 e4f3 e2f3 h4e1,2155,75,93,7364,advantage endgame long quietMove,https://lichess.org/9RBXT1t8#103,
A6A62,8/pp1Rnq1p/2p3pk/4Qp2/8/bP2P2P/5PP1/6K1 b - - 4 29,b7b5 b3b4 a3b4 e5f4,2180,76,82,99,advantage endgame quietMove short,https://lichess.org/ScnUrDyC/black#58,
A6GZs,r5k1/pp3p2/b1p1rp1p/7N/1b2N3/1P2R2P/P4PP1/3R2K1 b - - 7 22,f6f5 e4f6 g8f8 e3g3 e6f6 h5f6,2154,76,85,74,crushing long middlegame quietMove,https://lichess.org/1edmA8zG/black#44,
A6aGV,r2q2k1/p2pbr2/b1n1pp1Q/1p1pP3/3P3N/2P4P/PP3PP1/R1B1R1K1 b - - 6 17,d8e8 e1e3 f7g7 e5f6 e7f6 h6f6,2160,79,87,101,advantage fork long middlegame quietMove,https://lichess.org/5WdlJZgR/black#34,French_Defense French_Defense_Knight_Variation
A6fH4,r5k1/1pBP1ppp/p4b2/8/7n/8/PPP3PP/2KR4 b - - 0 24,g7g6 d1e1 g8f8 c7d6 f8g7 e1e8,2125,76,94,2340,crushing endgame long quietMove,https://lichess.org/u5mfpZyt/black#48,
A6iU9,8/5p1p/8/1rR2pkP/1r3P2/6P1/1p2P1K1/1R6 b - - 0 40,g5h5 c5c6 b4f4 g3f4,2194,75,93,3111,crushing endgame master quietMove rookEndgame short,https://lichess.org/768atf28/black#80,
A6q3L,r2k3r/pb1p1ppp/1p3N2/4Q3/2P5/1P5P/P4PPK/RNq5 b - - 0 21,g7f6 e5f6 d8c7 b1c3 c1c3 f6c3,2155,79,90,953,advantage fork long middlegame quietMove,https://lichess.org/TXtg3131/black#42,
A7Mhc,2k4r/2p2ppp/1r6/4Q3/8/5q1P/PPP2P1K/R4R2 w - - 0 22,b2b3 b6g6 f1g1 f3f2 h2h1 f2f3,2129,95,70,31,crushing endgame long quietMove,https://lichess.org/91DPtn9r#43,
A8DoG,8/7p/2kp2p1/1p2n3/4RKPP/2P5/8/8 w - - 0 39,e4e5 d6e5 f4e5 c6c5 h4h5 c5c4 e5f6 c4c3 f6g7 b5b4 g7h7 b4b3 h7g8 b3b2 h5h6 b2b1q,2138,85,90,91,advancedPawn crushing endgame promotion quietMove veryLong,https://lichess.org/JMolp0OA#77,
A8RA1,3k4/2q2pp1/p1Pp3p/Np2pP2/1Pn1P3/2Q3PP/P3K3/8 b - - 6 34,d8e7 a5c4 c7c6 c4e3 c6c3 e3d5 e7f8 d5c3,2128,76,93,5833,crushing endgame fork master quietMove sacrifice veryLong,https://lichess.org/m2y08hhC/black#68,
A8iPO,8/6p1/5p1p/2p5/1k4P1/p2K3P/B7/8 w - - 0 46,h3h4 h6h5 g4h5 f6f5 a2g8 f5f4,2112,76,97,233,bishopEndgame crushing defensiveMove endgame long quietMove,https://lichess.org/D4i5kkVa#91,
A9Tvq,r4rk1/p1p2p1p/6p1/3p4/1Q6/3PB1q1/PPP3P1/4RBK1 w - - 0 22,b4d4 g3e1 e3h6 f7f6 d4d5 g8h8,2123,75,91,1638,advantage defensiveMove hangingPiece long middlegame quietMove,https://lichess.org/NdfDqqVO#43,
A9gFc,4r1k1/2Q2pp1/1p5p/8/4q3/1P4P1/1PPK1P1P/3R4 w - - 0 23,c7b6 e4e2 d2c1 e8a8 b6d8 a8d8 d1d8 g8h7,2113,77,77,83,advantage endgame quietMove veryLong,https://lichess.org/cvEow7qU#45,
A9lmE,1q6/1p3Q2/1kp5/4p3/4P3/2P1b1Pr/1P5N/3R3K w - - 2 40,d1d3 b8h8 f7b3 b6c7 b3c2 h3g3,2169,87,90,264,crushing defensiveMove endgame long quietMove,https://lichess.org/AIcr2O1l#79,
A9zKt,r3k2Q/ppp1n3/2npb1p1/6q1/4P3/8/PB3PPP/1R3RK1 b - - 3 19,e8d7 h8a8 e6h3 g2g3 h3f1 b1f1,2173,76,80,77,advantage hangingPiece long middlegame quietMove,https://lichess.org/yfLuJoJs/black#38,Scotch_Game Scotch_Game_Haxo_Gambit
AAYyT,8/8/5k1p/p4Pp1/2pp2P1/5K1P/1PP5/8 w - - 0 35,f3e4 d4d3 c2d3 c4c3 b2c3 a5a4 c3c4 a4a3,2150,81,71,50,crushing endgame pawnEndgame quietMove sacrifice veryLong,https://lichess.org/pYi0znoB#69,
AAl2c,r3k2r/1p2q1b1/p1npb2p/2p1pn1R/4NP2/P1PPB1P1/1P1QN1B1/R3K3 w Qkq - 1 16,e1c1 c6a5 c1b1 a5b3,2171,105,82,26,crushing master middlegame quietMove short,https://lichess.org/Dj71GF4S#31,Sicilian_Defense Sicilian_Defense_Closed
AAx8c,1rq2b1k/5Qpp/P2p4/4p3/8/5R1P/5PPK/8 b - - 0 49,c8e8 a6a7 b8c8 f7e8 c8e8 f3b3 h8g8 b3b8 e8b8 a7b8q,2140,77,97,158,advancedPawn crushing endgame promotion quietMove veryLong,https://lichess.org/eNiczjdP/black#98,
AB7n5,8/3k4/pp6/2p5/P4K2/5P2/1P6/8 b - - 0 42,d7e6 f4e4 e6d6 f3f4 b6b5 a4b5,2136,84,85,42,crushing endgame long pawnEndgame quietMove zugzwang,https://lichess.org/s46iuUXA/black#84,
ABTxf,r2q3k/ppp3pp/4B3/3n4/3P1b2/5NP1/PP5P/4RRK1 b - - 0 20,f4g5 f3e5 h7h6 e5f7,2110,85,81,39,advantage middlegame quietMove short,https://lichess.org/tvx2UJ9p/black#40,
ABUzd,8/3k3p/1pr3p1/1KPr1p1P/2R2P2/8/5P2/4R3 w - - 0 44,e1e7 d7e7 b5c6 d5c5 c4c5 b6c5 h5g6 h7h5 c6c5 h5h4,2198,77,94,542,crushing defensiveMove endgame quietMove rookEndgame veryLong,https://lichess.org/mnzQ3XJU#87,
AByES,5rk1/p2rq2p/1p3p2/2p3p1/8/1NP1p1Pb/PPQ1NP2/R3R1K1 w - - 0 22,a1d1 d7d1 e1d1 e7b7 f2f3 b7f3,2160,89,68,26,clearance crushing long middlegame quietMove,https://lichess.org/eh6l6sDV#43,
AC7Ja,r5k1/2pp1pPp/p2b4/4r3/8/2Q1B1Pq/PPP2P1P/R4RK1 w - - 3 17,e3f4 e5h5 g3g4 d6f4 c3h3 h5h3,2172,76,93,5648,crushing discoveredAttack long middlegame quietMove,https://lichess.org/kUTrZjm9#33,Ruy_Lopez Ruy_Lopez_Berlin_Defense
ACE8f,3r3k/p1p3pp/4Q1n1/2P1pN2/1q6/8/6PP/5R1K b - - 1 33,b4c5 f5h6 c5d5 h6f7,2197,77,85,123,advantage endgame quietMove short,https://lichess.org/5qY7E10C/black#66,
ACQZH,2r5/4Qpk1/5pp1/8/5B1P/1b6/q1P2PP1/3R2K1 b - - 0 28,c8c2 d1d8 a2b1 g1h2 b1g1 h2g1,2155,77,91,663,crushing defensiveMove endgame long quietMove,https://lichess.org/UJWAIgDj/black#56,
AD0CM,1r4k1/2q4p/p3p1pQ/3pP3/3P4/r1p5/1P3RP1/1R4K1 b - - 1 31,c3c2 b1f1 c7g7 h6g7 g8g7 b2a3 b8c8 f1c1,2167,76,91,358,advantage endgame quietMove veryLong,https://lichess.org/QhpMyKGA/black#62,
AD1DB,3r1rk1/pp3pp1/4p2p/2p1PqP1/7P/2P1QN2/PP1p1P2/R2K3R w - - 2 24,f3d2 d8d3 e3e2 f8d8 d1c1 d3d2 e2d2 d8d2,2168,77,87,165,clearance crushing middlegame quietMove veryLong,https://lichess.org/awMEWMyx#47,
AD3KN,r1b1rnkq/pp3p2/2p5/3p2P1/5P2/2NB1R2/PPQ3P1/R5K1 b - - 2 21,d5d4 c3e4 e8e4 d3e4,2125,76,89,401,advantage middlegame quietMove short,https://lichess.org/Z4L7m2Db/black#42,
AD7V9,8/6p1/pp5p/2p1kP1P/PP2P3/4K3/8/8 w - - 0 39,b4c5 b6c5 e3d3 a6a5 d3c4 e5e4 c4c5 e4f5,2167,80,100,70,crushing endgame pawnEndgame quietMove veryLong,https://lichess.org/JVk58NVG#77,
ADEs5,2r2r2/2q2pkp/1pN1pp2/1P1p4/7Q/4PP1P/2P3P1/1R3K2 b - - 4 29,c7h2 b1b4 h2h1 f1f2,2106,102,77,20,crushing endgame quietMove short,https://lichess.org/PC2sbDe8/black#58,
ADT3C,1r4k1/6pp/2p3b1/2B1P3/1P1P1p2/p2p2P1/P4P1P/4R1K1 w - - 1 28,e5e6 g6h5 c5d6 d3d2,2145,75,94,4623,advancedPawn crushing endgame quietMove short,https://lichess.org/r5JrNXe9#55,
ADVtn,8/1p6/1Pkbp3/5p1p/Pp1B1P1P/1P2K3/8/8 b - - 1 52,d6c5 d4c5 c6c5 a4a5 c5b5 e3d4,2115,81,100,33,bishopEndgame crushing defensiveMove endgame long quietMove,https://lichess.org/RZy7Tqmi/black#104,
ADeSu,r5k1/4b1pn/3qR2p/ppp5/3p4/PQ1P1rNP/1P3PP1/1RB3K1 b - - 0 26,f3d3 b3a2 c5c4 e6d6,2101,77,91,1575,crushing middlegame quietMove short,https://lichess.org/ltd01dK2/black#52,
ADrEr,6k1/6p1/5p1P/1p1N4/4n3/P7/5r2/K6R b - - 0 38,f2d2 h6h7 g8h8 d5f4 d2d1 h1d1,2191,76,99,194,advancedPawn advantage endgame long quietMove,https://lichess.org/uAE1y9t5/black#76,
ADyTL,8/8/3k2p1/pppP1p2/2P2P2/P2K2P1/8/8 w - - 0 39,d3c3 b5c4 c3c4 a5a4 c4b5 d6d5,2191,81,91,4048,crushing endgame long master pawnEndgame quietMove zugzwang,https://lichess.org/03gPEYOd#77,
ADyUa,8/8/pp1k3p/4p1p1/4P3/2PK1P1P/1P3P2/8 w - - 0 37,c3c4 d6c5 d3c3 a6a5 f3f4 g5f4,2133,77,89,1249,crushing endgame long pawnEndgame quietMove zugzwang,https://lichess.org/GoGNUYiY#73,
AE0tf,8/8/p4p1p/K1k1p1pP/2b1P1N1/5P2/6P1/8 b - - 1 41,c4f1 g4h6 f1g2 h6f5 g2f3 h5h6 f3e4 h6h7 e4f5 h7h8q,2114,75,71,107,advancedPawn crushing endgame promotion quietMove sacrifice veryLong,https://lichess.org/j6xfLOFQ/black#82,
AEF3B,8/8/1p6/8/5k2/P5p1/1P4K1/8 w - - 2 55,b2b4 b6b5 a3a4 b5a4 b4b5 f4e5 b5b6 e5d6 b6b7 d6c7 b7b8q c7b8,2193,75,81,113,crushing endgame pawnEndgame quietMove veryLong,https://lichess.org/gDis7r6Z#109,
AEeLE,8/8/6p1/3k3p/3p4/1P1K1P1P/P4P2/8 w - - 0 40,h3h4 g6g5 h4g5 h5h4 b3b4 h4h3 g5g6 d5e6,2134,75,96,1003,advantage defensiveMove endgame pawnEndgame quietMove veryLong,https://lichess.org/PD535Ga5#79,
AExTM,5r1k/pp2q1bp/2p1b3/2P1p3/1PB2p2/P5P1/2Q1PB1P/3R2K1 w - - 2 29,d1d6 f4g3 f2g3 e7f7 c2d1 e6c4,2189,78,91,1372,crushing long middlegame quietMove,https://lichess.org/uU8GRIlK#57,
AF5My,r5k1/P4ppp/3r4/8/2p3P1/R5K1/8/R7 b - - 0 39,d6d3 a3d3 c4d3 a1b1 g8f8 b1b8 f8e7 b8a8,2118,75,87,278,crushing endgame quietMove rookEndgame veryLong,https://lichess.org/8TikVSQB/black#78,
AFZ3L,8/2p5/8/2kp4/4n2P/1p1K4/6P1/5R2 w - - 0 45,f1b1 c5b4 h4h5 c7c5 b1f1 c5c4,2165,78,90,2224,advantage endgame long quietMove,https://lichess.org/80Kjo0tj#89,
AFwXP,8/3k4/8/1p4K1/6P1/8/8/8 w - - 0 56,g5f6 b5b4 g4g5 d7e8 g5g6 e8f8 g6g7 f8g8 f6f5 b4b3 f5e4 b3b2,2181,77,95,427,advancedPawn crushing endgame pawnEndgame quietMove veryLong,https://lichess.org/6oOT1eXe#111,
AG1hm,r4r2/1pR2ppk/p3p3/4P1Q1/1q5P/8/5PP1/2R3K1 b - - 0 23,a6a5 c7c4 b4b2 c4g4 b2c1 g5c1,2156,85,82,42,crushing endgame long quietMove,https://lichess.org/TsebENiJ/black#46,
AG4af,r6k/pp3Q2/3p3p/4q1p1/6B1/2b3PP/P5K1/5R2 b - - 3 29,a8e8 g4f5 e5e7 f7g6 e7e2 f1f2 e2f2 g2f2,2168,77,76,80,crushing defensiveMove endgame quietMove veryLong,https://lichess.org/om2EPeux/black#58,
AGLjE,5qk1/1p1r2p1/p1p1p3/2PpBnR1/1P1P1P2/P6Q/5K1P/8 b - - 4 34,f5d4 g5h5 f8f5 h5f5,2130,75,95,1343,crushing endgame quietMove short,https://lichess.org/Y7Qejp4v/black#68,
AGjCv,8/6k1/8/4KPP1/3P4/8/b7/8 b - - 6 51,a2b1 d4d5 b1c2 d5d6,2135,84,90,2016,bishopEndgame crushing endgame quietMove short,https://lichess.org/pHOq5m0K/black#102,
AGthM,8/8/3k1pp1/7p/4KP2/8/5P1P/8 b - - 0 42,d6e6 f4f5 g6f5 e4f4 h5h4 h2h3 e6d7 f4f5,2100,78,44,54,crushing endgame pawnEndgame quietMove veryLong zugzwang,https://lichess.org/ldzkWrrt/black#84,
AGwTI,8/1p6/5kp1/1r3P1R/6P1/7K/8/8 w - - 0 41,f5g6 b5h5 g4h5 b7b5 h3g3 b5b4,2132,77,92,2310,crushing defensiveMove endgame long quietMove rookEndgame,https://lichess.org/c5M4fTQ6#81,
AHF72,8/1P3k1p/5p2/4p3/3q1P2/6PK/7P/1R6 b - - 0 51,d4d7 h3h4 d7d2 h2h3 d2d8 b7b8q d8b8 b1b8,2118,79,69,94,advancedPawn crushing defensiveMove endgame promotion queenRookEndgame quietMove veryLong,https://lichess.org/qhf3mZyR/black#102,
AHLJf,r2q1rk1/pp2bp2/2p1pn1Q/3nN3/3P4/3P2NP/PP3PP1/2R2RK1 b - - 0 17,f6h7 g3h5 e7f6 e5g4 f6d4 c1c4,2151,76,85,233,advantage long middlegame quietMove,https://lichess.org/xF1qcOLD/black#34,Caro-Kann_Defense Caro-Kann_Defense_Main_Line
AI1Xj,8/6pk/p1p1r3/3p3p/PQ6/1PP3P1/4qP1P/5RK1 w - - 0 29,c3c4 d5d4 b4c5 d4d3,2100,78,85,55,crushing endgame quietMove short,https://lichess.org/0K6EnwWb#57,
AI9x4,5k2/p4p2/1pBp1Pp1/1P1P2P1/3K4/P7/8/3n4 w - - 13 57,d4c4 d1f2 c4d4 f2h3 c6d7 h3g5,2146,76,83,157,crushing endgame long quietMove,https://lichess.org/Depfg9Mg#113,
AIBnj,4r1k1/p1R1n1pp/5p2/np6/1P6/P4qP1/1B3P1P/2Q3K1 w - - 0 27,b4a5 e8d8 c7e7 d8d1 e7e1 d1c1,2188,76,95,1451,crushing endgame fork long quietMove sacrifice,https://lichess.org/aLSLUmDj#53,
AINmr,8/4b3/p3k1K1/Pp1pPp2/1PpP4/2P5/3B4/8 w - - 4 68,d2f4 e7h4 f4d2 f5f4 d2f4 h4e1,2168,80,100,62,bishopEndgame crushing endgame long quietMove,https://lichess.org/BRSao9OD#135,
AIlyB,r4r1k/4R2p/pp3p2/1Np3nQ/1nP4P/6P1/Pq1p2N1/5R1K b - - 0 27,a6b5 h4g5 b2c2 g2f4 d2d1q f1d1,2171,122,50,25,crushing long middlegame quietMove,https://lichess.org/MZgxUxSQ/black#54,
AIvK1,8/8/p1k1p2p/1p1pP1pP/nPpP2P1/P1P5/2K5/3N4 b - - 10 43,c6b6 d1f2 b6c7 f2h3 c7d8 h3g5,2106,75,91,3941,crushing endgame knightEndgame long quietMove,https://lichess.org/OzHt11xe/black#86,
AJJjC,2b5/6kp/8/8/1P6/P1nBPpP1/5P1P/6K1 w - - 1 36,b4b5 c8h3 d3f1 c3e2 g1h1 h3f1,2113,76,94,5665,crushing deflection endgame long master masterVsMaster quietMove,https://lichess.org/hoEFhjtf#71,
AJVB6,8/1b2k1r1/2qp3Q/1p6/2pRPPr1/2P3P1/P6P/5RK1 b - - 0 29,b5b4 f4f5 g7f7 h6e6 e7f8 d4d6,2180,76,92,712,crushing deflection long middlegame quietMove,https://lichess.org/ppYTsIMh/black#58,
AJXeH,1r6/ppp2Npk/2n5/8/4qPQ1/3pp2P/PP5K/4R3 b - - 0 35,d3d2 e1g1 g7g6 f7g5 h7g7 g5e4,2188,134,70,13,crushing endgame fork long quietMove,https://lichess.org/XQUimp8D/black#70,
AK71u,8/8/8/p1pk1p2/6p1/2K2P1P/P7/8 w - - 0 38,f3g4 f5f4 g4g5 f4f3 g5g6 d5e6,2125,79,85,51,crushing defensiveMove endgame long pawnEndgame quietMove,https://lichess.org/Tvw4b0Pd#75,
AKKtr,5r1k/8/pp6/2p4p/P3Q1PP/2b5/1r3p2/R4K2 w - - 0 39,g4h5 f8g8 e4g6 g8g6,2197,77,86,82,crushing endgame master quietMove short,https://lichess.org/T38pkJom#77,
AKmop,4r3/2p2pkp/3p4/1Q4p1/4PN1q/1P1P3P/P1r3P1/5RK1 w - - 0 27,b5e8 g5f4 e8d7 h7h5 d7a4 h4g3,2151,84,90,520,advantage endgame long quietMove,https://lichess.org/NhF4R3tM#53,
ALObh,8/2N5/p2p4/3P4/2K2k2/1P6/8/2n5 b - - 0 44,f4e5 b3b4 e5f6 c7a6,2100,76,92,237,crushing endgame knightEndgame quietMove short,https://lichess.org/6WGWYVqF/black#88,
ALoQq,r2qr1k1/2p2p1p/pn2p1p1/1p2P1B1/3P1Q2/2P4P/5PP1/R4RK1 b - - 0 22,d8d7 g5f6 d7e7 f6e7,2168,79,85,54,crushing middlegame quietMove short,https://lichess.org/RR7Gp00D/black#44,
ALpY8,8/5p2/1p3k2/4pn2/1PP1B1p1/6P1/6KP/8 w - - 0 41,e4f5 f6f5 h2h3 g4h3 g2h3 e5e4 g3g4 f5e5 h3g3 e5d4 c4c5 b6c5,2115,111,84,15,crushing endgame quietMove veryLong,https://lichess.org/adCpOpkQ#81,
ALtO9,8/8/8/6p1/8/4kp1P/6P1/4K3 w - - 2 55,e1f1 f3f2 g2g3 e3f3 h3h4 g5g4 h4h5 f3g3,2108,76,91,327,advancedPawn crushing endgame pawnEndgame quietMove veryLong zugzwang,https://lichess.org/UjoZq2az#109,
AM00m,6k1/7p/6p1/2R5/1P1K4/8/8/2r5 b - - 2 36,c1c5 d4c5 g8f7 b4b5 f7e7 c5c6,2183,78,74,70,crushing defensiveMove endgame long quietMove,https://lichess.org/5d7WA0fT/black#72,
AM627,1R6/p1q2ppk/7p/1Q6/4P1b1/3P2P1/P1P2PKP/5n2 w - - 0 25,g2f1 c7c2 b5b1 c2e2 f1g1 g4h3 b8b3 e2f3,2103,102,76,24,advantage endgame quietMove veryLong,https://lichess.org/UxvG8UG9#49,
AMHgD,8/p7/8/1P3kp1/P2K4/8/8/8 b - - 0 43,g5g4 a4a5 g4g3 d4e3,2113,75,87,117,crushing defensiveMove endgame master pawnEndgame quietMove short,https://lichess.org/4tRjeVP0/black#86,
AMMnb,8/5pkp/8/2R3PP/2PppP2/8/r7/4K3 b - - 1 34,a2c2 f4f5 g7f8 f5f6,2183,76,92,6272,crushing endgame quietMove rookEndgame short,https://lichess.org/rZjLRUau/black#68,
ANO45,r7/p1pn1p1k/1p5p/3P1rq1/2P5/2P2P2/P1P2Q2/1K4RR b - - 3 23,g5f4 f2g2 f5g5 g2g5 f4g5 g1g5,2101,75,92,498,advantage long middlegame pin quietMove,https://lichess.org/wlrKpGwQ/black#46,
ANadH,r2q1rk1/ppp1n1pp/1bn1p3/4P1B1/Q7/5N2/PP1N2PP/2KR3R b - - 7 14,d8d5 d2b3 b6e3 g5e3,2102,80,84,61,advantage middlegame quietMove short,https://lichess.org/vkXJFiNG/black#28,Kings_Gambit_Declined Kings_Gambit_Declined_Classical_Variation
ANc2C,6rk/5p1p/2p2p2/1pP2q2/2nPP3/5P2/5K1Q/2B1R3 b - - 0 31,f5d7 e1h1 d7d4 f2e2 g8g2 h2g2,2123,78,84,124,crushing defensiveMove endgame long quietMove,https://lichess.org/vICQv9FL/black#62,
ANnKw,8/8/p1Np4/1p3k1p/1Pp2p2/2P1p3/P5P1/5K2 b - - 3 41,f5e4 f1e2 f4f3 g2f3 e4f4 c6e7 h5h4 e7d5 f4g3 d5e3,2100,150,24,11,crushing deflection endgame knightEndgame quietMove veryLong zugzwang,https://lichess.org/vvc35wol/black#82,
ANv84,4K3/4R3/5P1k/4N2P/p7/4q3/8/8 b - - 2 50,e3b6 e5d7 b6a6 e7e1 a6c8 e8e7,2116,147,52,12,clearance crushing endgame long master quietMove,https://lichess.org/1NaDrdT4/black#100,
AO7HR,8/8/5p2/4pP1p/8/4kPPK/8/8 w - - 1 48,h3h4 e3f3 h4h5 e5e4 g3g4 e4e3 g4g5 e3e2,2162,87,91,3041,advancedPawn crushing endgame pawnEndgame quietMove veryLong,https://lichess.org/2DFWFVAX#95,
AOm21,1k1r4/pp3Q2/4p2p/6p1/6P1/3q4/PP3PP1/K1R5 b - - 2 28,d3d1 f7c7 b8a8 a2a3 d1c1 c7c1,2155,76,77,309,crushing endgame long quietMove,https://lichess.org/pWYrJ1al/black#56,
AOwR6,8/5p2/1p2p3/2p1Pk1p/2P2P2/1Pb1BK1P/8/8 b - - 3 38,c3d4 e3d4 c5d4 b3b4 d4d3 c4c5,2120,75,83,75,bishopEndgame crushing endgame long quietMove,https://lichess.org/bAA2FOl1/black#76,
AOxt9,8/2p4p/3k1pp1/pPp2P2/2P1K1P1/P3P3/8/8 w - - 0 37,a3a4 g6g5 e4d3 d6e5 d3d2 e5e4 d2e2 h7h6 e2d2 e4f3,2154,77,98,223,crushing endgame pawnEndgame quietMove veryLong zugzwang,https://lichess.org/KTSB6f2W#73,
AP0XK,r5k1/3b1pp1/7p/1nBp4/q2Pp3/2R1P3/1Q2BPPP/6K1 w - - 9 33,e2b5 a4d1 b5f1 a8a1 b2a1 d1a1,2190,79,83,198,clearance crushing long middlegame quietMove,https://lichess.org/0WVPAjft#65,
AP4IK,3R2k1/8/6p1/7p/8/8/2q1rBPP/1R4K1 b - - 3 36,g8h7 b1b7 h7h6 h2h4 c2c1 g1h2 c1f4 f2g3 e2g2 h2g2,2176,91,41,39,crushing endgame quietMove veryLong,https://lichess.org/PmwBVNE4/black#72,
APFPJ,k2q1b2/pp1n1pp1/5n2/7r/5Q2/2N2N1P/PP1B1PP1/2K4R w - - 3 23,h1e1 d7c5 e1e3 c5d3 e3d3 d8d3,2167,75,91,1390,advantage fork long middlegame quietMove,https://lichess.org/wvDJdJDD#45,
APKbV,8/8/5B2/2K1Pkpp/7P/1b6/8/8 w - - 0 54,h4g5 h5h4 c5d4 h4h3 e5e6 h3h2,2188,75,93,976,advancedPawn bishopEndgame crushing endgame long quietMove,https://lichess.org/zJdvoKBf#107,
APSSa,r7/pbp2Rk1/1b1p4/8/5R2/2Pp4/PP3PP1/6K1 b - - 2 32,g7g8 f7f5 g8h7 f5g5 h7h6 g5g3,2155,76,91,993,crushing endgame long quietMove,https://lichess.org/2tRAHInI/black#64,
APViu,8/3k4/8/pKP1p3/P7/5b2/5p2/5B2 w - - 7 53,b5a5 e5e4 a5b6 e4e3 c5c6 f3c6,2102,77,90,110,bishopEndgame crushing endgame long quietMove,https://lichess.org/DtNmS7MT#105,
AQCkh,8/8/5k2/5P2/3RKP2/6rp/8/8 w - - 0 81,d4d1 h3h2 d1h1 g3h3 e4d4 f6f5,2102,77,91,1775,advancedPawn clearance crushing endgame long quietMove rookEndgame zugzwang,https://lichess.org/xJdyV1Yb#161,
ARDJF,6R1/8/8/3K1p1p/6b1/7k/8/8 w - - 1 56,d5e5 h3g3 g8f8 h5h4 f8c8 f5f4,2125,104,25,38,crushing defensiveMove endgame long quietMove,https://lichess.org/86tRQmuh#111,
ARRAY,2r2rk1/3qb1p1/7p/1p1b1p2/2NBp3/2QnP2P/1P1N1PP1/R2R2K1 w - - 0 25,a1a7 d7e6 c4b6 c8c3,2199,85,88,528,advantage middlegame quietMove short,https://lichess.org/N60Aq2Ml#49,
ARjON,8/8/2bN4/1p6/1k2p2P/4P1p1/6K1/8 b - - 0 51,b4c5 h4h5 c6d5 h5h6 d5g8 d6e4 c5c4 e4f6 b5b4 f6g8 b4b3 h6h7 b3b2 h7h8q,2183,88,87,30,advancedPawn crushing endgame promotion quietMove veryLong,https://lichess.org/crMVofqr/black#102,
ARli7,r3rnk1/1p3pp1/1q5p/1P1b4/3P4/2NB4/1Q3PPP/1R3RK1 b - - 2 28,b6d4 f1d1 d4f6 c3d5 f6b2 b1b2,2129,79,86,71,advantage long middlegame quietMove,https://lichess.org/zi9kz5hO/black#56,
ARmmM,Q7/6pk/p4n1q/1p2N3/7P/3P2PK/8/8 w - - 7 58,a8a6 h6c1 h3g2 c1b2,2151,77,85,197,crushing endgame quietMove short,https://lichess.org/SaZAUSdX#115,
ARywf,8/8/2p5/1p6/4kP2/2Pp2K1/NP3P2/8 w - - 0 38,f2f3 e4e3 c3c4 b5b4 a2b4 d3d2,2102,109,53,15,advancedPawn crushing defensiveMove endgame knightEndgame long quietMove,https://lichess.org/4d3xA8Rs#75,
ASPRw,rn1r2k1/pb3pBp/1p2pPp1/4N3/2Pp1R1P/P5P1/2P5/2KR4 b - - 3 26,b8c6 e5g4 h7h5 g4h6 g8h7 h6f7,2129,79,89,275,advantage deflection kingsideAttack long middlegame quietMove,https://lichess.org/EwyOH8bu/black#52,
ASpmp,8/1pp5/3p1k2/p2P2p1/P1P1K1P1/1P6/8/8 b - - 1 34,c7c6 d5c6 b7c6 b3b4 a5b4 a4a5 b4b3 e4d3,2158,92,80,31,crushing defensiveMove endgame pawnEndgame quietMove veryLong,https://lichess.org/75wbeM41/black#68,
ASrlD,8/1p5p/p7/2pPkPp1/2Ppp1P1/1P5P/1P2K3/8 b - - 4 40,b7b5 b3b4 c5b4 c4c5 e5d5 f5f6 d5e6 c5c6,2192,76,93,4150,crushing endgame pawnEndgame quietMove sacrifice veryLong,https://lichess.org/NpNtQl5h/black#80,
ASt8a,8/5k1p/p1p1p1p1/4P1B1/1Pb5/5R2/2r3PP/6K1 b - - 9 35,f7g8 g5h6 c2c1 h6c1,2197,76,83,263,crushing endgame quietMove short,https://lichess.org/ZFXOZvEq/black#70,
ATORA,8/p7/1p6/1Pp3p1/2PkP1P1/P4K1p/7P/8 w - - 3 42,a3a4 d4c4 f3e3 c4b3 e4e5 c5c4 e5e6 c4c3,2126,74,91,2202,crushing endgame pawnEndgame quietMove veryLong,https://lichess.org/9vGNuQ9C#83,
ATc1K,3r2k1/p3QRp1/1p5p/8/2Pq4/1P4P1/5PK1/8 w - - 4 49,e7a7 d4e4 g2h2 d8d1 f7g7 g8h8 g7h7 e4h7,2120,76,91,1607,clearance crushing endgame quietMove veryLong,https://lichess.org/RQnzNtwE#97,
AU5EA,8/p5pp/1p2p3/3pP3/kP1Pp1PP/P2bP3/1K1N4/8 b - - 10 34,d3e2 d2b1 a4b5 b1c3 b5c4 c3e2,2124,81,90,1063,crushing endgame fork long quietMove,https://lichess.org/7YJbvgFh/black#68,
AUQSb,4r3/6pk/8/R3p1PP/3pK3/8/3B1b2/8 w - - 1 43,a5e5 e8e5 e4e5 f2e3 d2a5 d4d3 h5h6 g7g6 e5e4 d3d2 e4e3 d2d1q,2102,76,79,64,advancedPawn crushing endgame promotion quietMove veryLong,https://lichess.org/y8OrH3oU#85,
AUczh,5r2/pp4k1/b1r1p1pp/2p1P3/3nN1P1/1PR5/P4PKP/3R4 b - - 6 25,b7b6 d1d4 c5d4 c3c6 a6b7 c6c7 f8f7 c7f7 g7f7 f2f3 b7e4 f3e4,2130,130,96,36,capturingDefender equality fork middlegame quietMove veryLong,https://lichess.org/Lv6Qgb2c/black#50,
AV21B,8/b2k4/P7/5pnp/1B6/1N2pK2/1PP5/8 w - - 1 50,f3f4 h5h4 f4g5 h4h3,2105,75,84,87,advantage endgame master quietMove sacrifice short,https://lichess.org/erxUoZLm#99,
AV4Dj,6k1/5pp1/P1p1b2p/8/P3p3/7P/4rPP1/R5K1 b - - 0 29,e2d2 a6a7 d2d8 a1b1 e4e3 f2e3 g8h7 b1b8,2124,78,81,59,advancedPawn crushing endgame quietMove veryLong,https://lichess.org/SBOW9ton/black#58,
AVYfo,7r/p5p1/2P2pQ1/4p3/6P1/2P2Pk1/PP2q3/2KR4 w - - 0 38,g6g7 h8h2 d1g1 g3f2 g7a7 f2f3,2174,77,90,936,crushing defensiveMove endgame long quietMove,https://lichess.org/ui6Wurdp#75,
AVp2j,8/5p1R/4k2P/1r3p2/p4PK1/8/5P2/8 w - - 0 41,g4g5 b5b8 h7g7 a4a3,2151,95,84,39,crushing endgame quietMove rookEndgame short,https://lichess.org/kE5QOdIX#81,
AVv9q,8/p7/1p4p1/k1p2p1p/P1P1pP1P/1P2P1P1/1K6/8 w - - 5 34,b2c2 a5b4 c2b2 a7a6 b2c2 b4a3,2188,75,93,768,crushing endgame long pawnEndgame quietMove zugzwang,https://lichess.org/FPLFz50J#67,
AWsEx,8/5pp1/5k1p/8/4P3/8/5PKP/8 w - - 1 43,f2f3 f6e5 g2g3 h6h5 h2h3 g7g6 h3h4 f7f5 e4f5 g6f5 g3f2 e5f4 f2e2 f4g3,2126,149,-80,22,crushing endgame pawnEndgame quietMove veryLong zugzwang,https://lichess.org/45gHC5ru#85,
AWvl6,1r1kn3/pp6/2P1Q3/8/1N6/P5P1/5qPK/8 b - - 0 38,f2d2 b4d5 b7c6 e6e7 d8c8 e7e8 c8b7 e8d7,2103,80,74,53,crushing deflection endgame exposedKing quietMove veryLong,https://lichess.org/6MejpYmT/black#76,
AXG8R,2kr2nr/1pp3pp/p2q1p2/4p3/2P5/P2P1Q2/3B1PPP/R2R2K1 b - - 2 18,d6d3 d2e3 d3g6 d1d8,2133,79,84,81,crushing discoveredAttack middlegame quietMove short,https://lichess.org/QvcAU8P8/black#36,Nimzowitsch_Defense Nimzowitsch_Defense_Declined_Variation
AXgHG,r3r1k1/pppn1ppp/3p4/3P4/2PB1PPq/2Q4P/PP6/2KRR3 w - - 3 20,d4g7 f7f6 e1e6 g8g7,2105,79,80,60,advantage interference middlegame quietMove short,https://lichess.org/vWA0l6Od#39,
AXhLT,8/pp1k4/8/8/P7/5K1P/8/8 b - - 2 39,a7a6 a4a5 b7b6 a5b6,2156,75,87,307,crushing endgame pawnEndgame quietMove short,https://lichess.org/TJPmnz88/black#78,
AYCsw,8/8/p4N2/1b6/1k3K1P/8/8/8 b - - 0 46,a6a5 h4h5 b5d3 f6e4,2116,76,83,63,crushing defensiveMove endgame quietMove short,https://lichess.org/5lmDtDwg/black#92,
AYD3b,4k1r1/3b4/2p1p1P1/1p2Q3/3P3n/P3P1RP/8/1r4K1 w - - 2 43,g1h2 g8f8 e5b8 e8e7 b8f8 e7f8 g6g7 f8g8,2128,84,82,44,crushing endgame quietMove veryLong,https://lichess.org/OTkgsypt#85,
AYTDD,1r1q1r1k/1pb3p1/p3B3/2R5/1P1p4/PQ3N1P/6P1/7K b - - 1 34,f8f6 c5h5 f6h6 f3g5 h6h5 g5f7,2126,76,91,1151,crushing long middlegame quietMove sacrifice,https://lichess.org/7zutLya5/black#68,
AYUQX,2r3k1/3Q1p2/p5pp/1p2P3/1P6/P4NP1/4q1KP/3R4 w - - 2 42,g2g1 c8c2 d7d8 g8h7 d1d2 c2c1,2146,81,95,2755,advantage endgame long quietMove,https://lichess.org/dWqCVCr5#83,
AZGBN,8/8/8/R7/3P1k2/p1r5/5K2/8 w - - 0 66,d4d5 c3c2 f2e1 a3a2 e1d1 c2b2 d5d6 b2b1,2174,75,98,255,advancedPawn crushing endgame quietMove rookEndgame veryLong,https://lichess.org/OSt6lOfD#131,
AZMja,8/p5p1/2p4p/5Pk1/1PPr2P1/4RK2/8/8 w - - 3 48,e3e4 d4e4 f3e4 g5g4 b4b5 c6c5 e4d5 h6h5 f5f6 g7f6,2192,77,94,6275,crushing endgame quietMove rookEndgame veryLong,https://lichess.org/EojruXD4#95,
AZRv8,r3r1k1/ppb2pp1/2p4B/8/3PR3/2P2Q1P/PP1K1PPq/R7 b - - 0 21,g7h6 e4g4 g8f8 g2g3 a8d8 a1h1 h2h1 f3h1,2170,81,84,34,advantage middlegame quietMove trappedPiece veryLong,https://lichess.org/YRpIHrVU/black#42,
AZXG3,r1bq1brk/pp3Q2/4pn2/3p2B1/8/2P2N2/PP3PPP/1R2K2R b K - 7 20,f8g7 f3e5 d8e8 g5f6 e8f7 e5f7,2119,167,-45,12,advantage kingsideAttack long middlegame quietMove,https://lichess.org/eX9sJPao/black#40,
AZdRv,8/p4qpk/1pp3np/4r3/1P3p1P/1P1QBR2/2PP2P1/7K b - - 1 33,f4e3 f3f7 e3e2 f7f1 e2f1q d3f1,2146,77,92,682,advantage endgame hangingPiece long pin quietMove xRayAttack,https://lichess.org/gBx9lERb/black#66,
AZupL,rn3rk1/p3pP1p/6p1/2q5/5Q2/1PN5/P1K1N2P/5R1b b - - 0 20,g8g7 e2d4 g7h8 d4e6 c5f5 f4f5,2117,77,81,95,advantage fork long middlegame quietMove,https://lichess.org/62hWYvJc/black#40,
AaEzA,8/5p2/2N4p/3p4/3P1p2/5k2/7K/8 w - - 0 47,h2g1 f3e2 c6e5 h6h5 g1g2 h5h4,2180,127,88,17,crushing defensiveMove endgame knightEndgame long quietMove,https://lichess.org/zOfFjnx8#93,
AauwQ,5rk1/pp1n2p1/2p3b1/2P3n1/2NPp3/B3Pq2/P1Q2P2/1R2K2R w K - 4 27,h1h2 f3g4 e1d2 g5f3 d2c3 f3h2,2133,76,90,1882,advantage fork long middlegame quietMove,https://lichess.org/euz5RnYF#53,
Abf2t,6k1/1pBR1p2/2n5/p1b2q2/P5pr/2P4P/1P3PP1/3Q1RK1 w - - 0 25,h3g4 f5h7 g2g3 h4h1 g1g2 h7h3 g2f3 h1f1 d1f1 h3f1,2146,78,91,1214,crushing deflection middlegame quietMove veryLong,https://lichess.org/7S0V58rW#49,
AbiDV,1r1q2k1/5p1p/5Pp1/1pp5/7Q/PP3R2/1b1r2PP/1B3RK1 b - - 2 30,g8h8 h4h6 b2f6 f3h3 d8d4 g1h1 h8g8 h6h7,2135,153,82,25,advantage defensiveMove middlegame quietMove veryLong,https://lichess.org/ZYjqpZGx/black#60,
Ac5K1,1r4k1/pbR3pp/1p2pr2/3p4/3Pp3/PP2P1Pq/1B2QP1P/5RK1 w - - 4 23,a3a4 f6h6 f2f4 b7a6,2177,77,91,1979,crushing middlegame quietMove short,https://lichess.org/2zhpENJb#45,
Ac5Ly,r7/pp6/6p1/2bR4/Pk2N3/8/1P3PrP/2K4R b - - 1 23,c5f2 d5b5 b4c4 h1d1 f2e3 c1b1,2148,86,68,27,crushing defensiveMove endgame long quietMove,https://lichess.org/teC2zmT8/black#46,
AcA4g,3rkbnr/pp2q1pp/2p5/4Bb2/2BQ4/8/PPP2PPP/RN2K2R w KQk - 4 12,d4c3 g8f6 e1g1 f6e4 c3f3 e7e5,2123,246,82,4,advantage long opening quietMove,https://lichess.org/vQPx4PR2#23,French_Defense French_Defense_Knight_Variation
AcO6m,2r2rk1/1p2bp2/pq2pnpQ/5P2/3p4/PP4R1/1BP3PP/R6K b - - 0 22,e6f5 g3h3 f6h5 h3h5 g6h5 h6b6,2128,84,92,1293,crushing long master middlegame quietMove,https://lichess.org/dnUSFyFo/black#44,
AcVig,3r3r/3n1kpp/1pQBpp2/3p4/3P4/2P2PK1/PP2q2P/3R3R w - - 3 27,d6c7 h7h5 h2h4 h8h6 h1g1 h6g6 g3h3 e2f3,2176,97,72,20,clearance crushing deflection middlegame quietMove veryLong,https://lichess.org/bjk8cbZl#53,
Acej4,8/4p3/1p3k2/3K4/2P5/1P6/8/8 b - - 3 39,e7e5 b3b4 e5e4 d5e4,2100,80,92,1884,crushing endgame pawnEndgame quietMove short zugzwang,https://lichess.org/RG5GCRej/black#78,
AchnA,8/7p/4k1p1/1p3n2/1P2KP2/7P/3B4/8 w - - 0 54,d2e3 f5e3 e4e3 e6d5 e3d3 h7h6 h3h4 h6h5,2189,75,85,193,crushing defensiveMove endgame master quietMove veryLong zugzwang,https://lichess.org/cYqZ2dVo#107,
AcmXp,8/8/3Nk1p1/3pP1Pp/1P1P3P/P1nbK3/8/8 b - - 1 53,d3e4 b4b5 c3a4 d6e4 d5e4 e3e4 a4c3 e4d3 c3b5 a3a4,2173,75,87,102,crushing endgame quietMove veryLong,https://lichess.org/2oxBRGlF/black#106,
AdB8P,8/Q4k1p/3p1p1B/p3q3/8/P5PP/1r3P1K/8 b - - 2 30,f7g6 a7g7 g6h5 h6e3 b2f2 e3f2,2148,75,90,853,crushing endgame long quietMove,https://lichess.org/Etly0Ofx/black#60,
AdEon,r1bqk1nr/5ppp/p1pbp3/2pp4/8/1P2P2P/PBPPNPP1/R2QK1NR b KQkq - 3 8,a6a5 b2g7 d8g5 g7h8 g5g2 e2g3 d6g3 d1f3 g2f3 g1f3,2103,81,51,138,clearance crushing opening quietMove trappedPiece veryLong,https://lichess.org/b311z5TE/black#16,Nimzo-Larsen_Attack Nimzo-Larsen_Attack_Other_variations
Adb2r,6k1/5ppp/3p4/8/8/1P1K1P2/P4P2/8 b - - 1 26,h7h5 a2a4 h5h4 d3e2 g8f8 a4a5 h4h3 e2f1,2145,80,77,63,crushing defensiveMove endgame pawnEndgame quietMove veryLong,https://lichess.org/wmRr5IzX/black#52,
AddP4,2R5/p2B1pk1/6p1/1p2p2p/3pP3/P2Pq2P/1P3bQ1/7K w - - 6 43,c8c2 e3e1 h1h2 f2e3 g2h1 e3f4 h2g2 e1g3 g2f1 g3d3,2176,78,91,1422,clearance crushing endgame exposedKing quietMove veryLong,https://lichess.org/FMHcyYbA#85,
AdxaH,1R6/5ppk/p2p1bbp/4q3/6B1/8/P1r3PP/3QR2K b - - 8 26,e5d4 e1e8 g6d3 e8h8,2167,76,86,256,advantage middlegame quietMove short,https://lichess.org/7dtUzDdK/black#52,
Ae0rc,8/pp6/2p1K1k1/8/8/1P4P1/5P2/8 b - - 0 48,a7a5 f2f4 g6g7 e6e7 a5a4 b3a4,2176,76,91,4316,crushing endgame long pawnEndgame quietMove,https://lichess.org/tw4Ldlcn/black#96,
AeMnY,2r2r1k/4q1pp/5p2/p2BbP1P/3p4/3PpNPQ/2P1R3/6K1 b - - 0 38,a5a4 f3h4 h7h6 h4g6,2162,75,84,158,crushing middlegame quietMove short,https://lichess.org/stTH6ZL5/black#76,
AfE6g,8/8/2Q5/1P3p2/3k1p2/4bK2/8/8 w - - 3 58,c6c4 d4c4 b5b6 c4d5 b6b7 e3a7 f3f4 d5e6 b7b8q a7b8,2100,75,96,508,crushing endgame hangingPiece master quietMove veryLong,https://lichess.org/8eHilnBA#115,
AfTM3,4k2r/5p2/2p2n2/p1b2N1p/P3Pp2/5Pp1/1r2N3/R2B1R1K w k - 0 28,f5h4 f6g4 f3g4 h5g4 f1f4 h8h4,2160,76,82,149,crushing kingsideAttack long middlegame pin quietMove sacrifice,https://lichess.org/jw4F5c8j#55,
AfnMS,r7/r7/4p2p/1pNp1p1k/1P1P4/P4PR1/1K4P1/8 b - - 1 49,a7e7 c5d3 h5h4 g3g6 e6e5 d4e5,2134,78,91,571,crushing endgame long master quietMove,https://lichess.org/vyTjFXi5/black#98,
Afw77,4r3/1pk1P1p1/q4p1p/3Q4/2n3PK/2P4P/8/4R3 b - - 4 41,c4e5 e1d1 e5g6 h4g3 g6e7 d5d7,2137,77,90,1517,advantage endgame long quietMove,https://lichess.org/jym2TRhL/black#82,
Ag2RC,2r1r3/3kBp1p/p7/qp1P1N2/8/P2P1P2/1P5P/4RR1K b - - 4 26,e8e7 e1e7 d7d8 f1g1 c8c1 g1c1,2166,77,89,411,crushing endgame long quietMove,https://lichess.org/7REa6I7p/black#52,
Ag44T,8/4r3/1p2P3/2p3kp/P1P1np2/2P2R1B/6K1/8 w - - 0 45,g2h2 e4f6 h2g2 f6g4,2174,88,34,35,crushing defensiveMove endgame quietMove short,https://lichess.org/N0Ms8QMG#89,
AgKUo,8/8/5p1p/6P1/8/p5PP/8/k1K5 b - - 0 62,h6g5 h3h4 f6f5 h4h5 a1a2 h5h6,2156,77,89,132,crushing endgame long pawnEndgame quietMove,https://lichess.org/ZJbgfTF4/black#124,
AgWs4,8/5r2/8/5p1k/7P/6P1/4NPK1/8 b - - 12 49,h5g4 e2f4 f7f6 f2f3,2147,75,95,3069,endgame mate mateIn2 quietMove short,https://lichess.org/cBIrf066/black#98,
Aggg4,8/8/4P3/8/R4n2/6pk/7p/7K w - - 2 53,a4a2 f4d3 e6e7 d3f2 a2f2 g3f2 e7e8q f2f1q,2153,78,87,93,advancedPawn endgame exposedKing mate mateIn4 promotion quietMove veryLong,https://lichess.org/8GfOL8IP#105,
AgmY5,5k2/1p3P1p/4K2P/1r1p4/3PP3/8/1p6/1R6 b - - 0 50,d5e4 d4d5 b5b6 d5d6 e4e3 b1g1 b6d6 e6d6,2157,76,95,1133,crushing defensiveMove endgame quietMove rookEndgame veryLong,https://lichess.org/ceMRW0oz/black#100,
AgzYD,6k1/p2q1p1p/1r2b1p1/8/p7/P1Q1N2P/1P3PP1/2R3K1 b - - 12 35,e6b3 e3g4 h7h5 g4f6 b6f6 c3f6,2108,144,72,12,crushing endgame fork long quietMove,https://lichess.org/XLXszaCP/black#70,
Ah0yy,8/5k2/8/pp6/2pK4/8/PP6/8 b - - 1 42,f7e7 d4c5 c4c3 b2c3 b5b4 c3c4 e7f6 c5b5,2194,75,93,3128,crushing endgame pawnEndgame quietMove veryLong,https://lichess.org/WqdBXg8y/black#84,
AhTGz,8/R7/8/3pk3/6p1/5bKp/PP6/8 w - - 1 47,a7h7 d5d4 h7d7 f3d5,2199,79,86,803,clearance crushing endgame quietMove short,https://lichess.org/qGR5lN48#93,
AherJ,5n2/3k1K2/1p5P/8/1P2P3/8/8/8 b - - 2 46,f8h7 e4e5 b6b5 e5e6 d7d6 e6e7,2109,76,91,1195,advancedPawn crushing endgame exposedKing knightEndgame long quietMove,https://lichess.org/i9vUb3kK/black#92,
AhgI0,8/p7/8/1p1p1k1p/7P/2P1K3/PP6/8 w - - 1 33,e3f3 a7a5 f3e3 f5g4,2190,75,81,151,crushing endgame pawnEndgame quietMove short zugzwang,https://lichess.org/NynRECQ5#65,
Ahrif,5rk1/3P1pp1/1Q4b1/1p2p2p/4P3/2q2PK1/P6R/8 b - - 0 36,c3d4 b6d4 e5d4 h2c2 f8d8 c2c8 g8f8 c8d8,2186,79,88,787,advantage endgame pin quietMove veryLong,https://lichess.org/Nn6wqqc3/black#72,
AhtYy,8/1p5p/2p1kpp1/2Pp4/PP6/7P/5PP1/4K3 w - - 1 30,b4b5 c6b5 a4b5 d5d4 e1e2 e6d5 c5c6 b7c6 b5b6 d5d6,2177,84,90,1396,crushing defensiveMove endgame pawnEndgame quietMove veryLong,https://lichess.org/mg4evFhX#59,
Ai8yN,3r2k1/p4p2/1p3p2/8/8/4R2R/PP3rPK/8 b - - 4 25,d8d2 e3e8 g8g7 h3g3 g7h7 e8e4 f2g2 g3g2 d2g2 h2g2,2137,75,84,146,crushing endgame quietMove rookEndgame veryLong,https://lichess.org/PNa9LROu/black#50,
AiSRG,r4b2/3Rrp1k/2p4p/4qP2/4P3/1Q6/1P4BP/4R2K w - - 1 32,e1d1 e7d7 d1d7 a8a1 d7d1 f8d6 b3f7 h7h8 f7f6 e5f6,2150,78,93,63,crushing master middlegame quietMove veryLong,https://lichess.org/VDmv3dDe#63,
Aid9V,r2qr2k/p1pn1Qbp/1p1p2p1/6N1/3P4/6P1/PP3PbP/R1B1R1K1 w - - 1 16,g1g2 e8e1 f7c4 e1e7 g5f7 e7f7,2190,88,92,39,advantage hangingPiece long middlegame quietMove,https://lichess.org/om0lVQb4#31,Zukertort_Opening Zukertort_Opening_Queenside_Fianchetto_Variation
AidVz,8/6b1/1K5p/2p5/2P5/1P4k1/P7/8 b - - 0 40,g7f8 a2a4 f8e7 b6c7 e7f6 a4a5,2118,75,94,817,bishopEndgame crushing defensiveMove endgame long quietMove,https://lichess.org/4BLwLiEl/black#80,
Aii7L,8/p1R2kp1/p6p/3N1P2/P3n1n1/4P2N/r6P/6K1 b - - 2 35,f7f8 h3f4 a2a1 g1g2 g4e3 d5e3,2195,75,86,439,crushing endgame long quietMove,https://lichess.org/Q0lMeheP/black#70,
Aj0un,4k3/1p2r2p/2p4R/p3B3/5PP1/2P2K1P/1n6/8 w - - 0 44,f3e4 a5a4 g4g5 a4a3 g5g6 a3a2 g6h7 e7h7 h6h7 a2a1q,2196,94,80,25,advancedPawn advantage endgame promotion quietMove veryLong,https://lichess.org/8hJciPJR#87,
Aj9CN,2r5/ppq5/8/1k1Q4/1P6/P4P2/2Pb1P1P/7K b - - 0 37,b5a6 c2c4 c7c5 b4c5,2129,151,81,8,crushing endgame quietMove short,https://lichess.org/LTctHbaD/black#74,
AjCbe,8/R7/2B1bk1p/1P1p1p2/3P2p1/P3r1P1/6PK/8 w - - 0 35,a3a4 f5f4 h2g1 f4g3 g1f1 e6f5 a7f7 f6f7,2194,77,87,59,crushing endgame quietMove veryLong,https://lichess.org/htDyuqQw#69,
AjOjW,8/8/2Pk1r2/pp1PRp1p/3K2pP/6P1/P7/8 b - - 2 45,b5b4 e5e8 f5f4 e8d8 d6c7 d8d7,2198,129,84,11,crushing endgame exposedKing long quietMove rookEndgame,https://lichess.org/8oUnQsMe/black#90,
Ajzhy,1r4k1/p1p2ppp/p3qP2/4B3/4Q3/bP6/P1P3PP/1K1R4 w - - 1 25,f6g7 a3d6 d1e1 b8e8 e5d6 e6e4 e1e4 e8e4,2152,118,70,11,advantage endgame quietMove veryLong,https://lichess.org/xoNCma6t#49,
AkeSn,2r2rk1/p5pn/7p/1B3p1q/2P2Q2/8/PP3P2/R1B2RK1 w - - 2 20,c1e3 h7g5 f4g3 f5f4,2186,76,85,194,crushing middlegame quietMove short,https://lichess.org/AiIvFGaG#39,
Akz55,r1b4k/pp2bQ2/1qn2n2/3p4/2pp4/2P5/PP2BPPP/R3RNK1 w - - 0 21,c3d4 c8f5 f1g3 a8f8 f7f8 e7f8,2161,76,91,1362,clearance crushing long middlegame quietMove trappedPiece,https://lichess.org/D1Pvw5Nq#41,
Al1TF,1k5r/pp3Q2/3p4/2p1pP2/4P1n1/8/PP2K2r/R1R5 w - - 6 37,e2d3 b7b5 f7e8 h8e8,2108,119,71,14,crushing endgame quietMove short,https://lichess.org/XBCC43QF#73,
Al6pS,6k1/p5p1/2p5/3p1Qp1/2pP4/2P1q2P/PP4PK/8 b - - 0 28,e3f4 f5f4 g5f4 h3h4 g8f7 h2h3 f7e6 h3g4,2104,75,95,5143,crushing endgame queenEndgame quietMove veryLong,https://lichess.org/snj3dPLm/black#56,
Al7Kk,r7/1p2rk1p/2bQppp1/q1Nn4/P2P4/7P/2B2PP1/2R1R1K1 w - - 6 28,c5e6 a8e8 e6g5 f6g5,2166,76,85,66,crushing master middlegame quietMove short,https://lichess.org/qcwDK3PI#55,
AlHox,3b4/8/K1P4p/8/P7/kB6/8/8 b - - 0 62,a3b3 a6b5 h6h5 a4a5 h5h4 a5a6,2103,77,91,977,bishopEndgame crushing endgame long quietMove,https://lichess.org/UxdMIrnp/black#124,
AlYM6,1r3rk1/pp3ppp/4p3/2Rn2B1/1P6/P5Q1/1q3PPP/3R2K1 b - - 6 20,f8c8 d1c1 c8e8 c5c2,2114,93,18,52,advantage middlegame quietMove short,https://lichess.org/bpiNhItp/black#40,
AmZMP,5rk1/6pp/p4q2/8/3PB1nr/R4PQP/1P6/5R1K w - - 3 37,a3a5 f6h6 h1g2 g4e3,2153,99,84,36,advantage middlegame pin quietMove short,https://lichess.org/GiO4Nycj#73,
Amphk,8/1pRr4/pP2k2p/P2p4/3P1Kp1/6P1/8/8 b - - 7 45,e6d6 c7d7 d6d7 f4g4 d7e6 g4h5 e6f5 h5h6 f5e4 g3g4 e4d4 g4g5 d4c3 g5g6 d5d4 g6g7,2161,88,90,32,advancedPawn crushing endgame quietMove rookEndgame veryLong,https://lichess.org/DLfMr1gF/black#90,
AmqeA,3r1r2/pp4pk/4n2N/4P3/3p4/6QP/Pq4P1/R4R1K w - - 1 28,h6f5 f8f5 g3d3 g7g6 f1f5 b2a1,2118,76,91,886,advantage long middlegame quietMove,https://lichess.org/oCk68n59#55,
Amrx0,8/6pk/8/p2Q3p/Pp1pP3/1P1P4/1KP5/4q3 w - - 4 49,d5d4 e1c3 d4c3 b4c3 b2c3 h5h4 b3b4 h4h3,2115,108,100,19,crushing endgame queenEndgame quietMove veryLong,https://lichess.org/gfPkAsGE#97,
Amv3h,5r1k/7p/p2b2q1/1ppBpr2/4Q3/3PP3/PP1BRp2/5K1R w - - 2 31,e4h4 f5g5 e2f2 g6d3 f1e1 f8f2 h4f2 d3d5,2155,223,100,15,attackingF2F7 discoveredAttack equality exposedKing fork middlegame quietMove veryLong,https://lichess.org/U7vdxEO6#61,
AnsW8,8/8/6p1/6k1/4P2R/r4PK1/8/8 b - - 0 60,a3f3 g3f3 g5h4 e4e5 h4g5 f3e4 g5h6 e4d5,2151,102,79,38,crushing defensiveMove endgame master quietMove rookEndgame veryLong,https://lichess.org/NzAG7JoX/black#120,
AnuPB,8/2BP4/8/1pK3b1/pP6/1k6/8/8 b - - 15 59,a4a3 d7d8q g5d8 c7d8 a3a2 d8f6 a2a1q f6a1,2112,75,85,2538,advancedPawn crushing endgame promotion quietMove veryLong,https://lichess.org/aslnaimk/black#118,
Ao9h7,5knK/4r3/6R1/3pP2p/3P2p1/8/P6P/8 b - - 3 48,e7e8 g6g8 f8f7 g8e8 f7e8 a2a4 e8e7 a4a5 h5h4 a5a6,2104,76,92,576,crushing endgame master quietMove veryLong,https://lichess.org/5MN73C1o/black#96,
ApMHi,2n1rrk1/5pp1/p2q2p1/1p1P2PP/2p1B3/2P2Q2/PP6/2KR1R2 b - - 0 26,g6h5 f3h5 e8e4 f1h1 d6f4 c1b1,2107,79,83,69,crushing defensiveMove long middlegame quietMove sacrifice,https://lichess.org/4xghLqXX/black#52,
ApSpR,rn1qkb1r/pp2pp1p/2p2p2/5b2/8/1P6/PBPPQPPP/R3KBNR b KQkq - 2 7,f5c2 d2d3 c2b3 a2b3,2150,76,84,148,advantage master opening quietMove short,https://lichess.org/LQmIOalV/black#14,Caro-Kann_Defense Caro-Kann_Defense_Other_variations
ApiyT,8/8/R3Pk2/1p6/1P1P4/2P3r1/p2K4/8 w - - 1 53,d4d5 g3g1 a6a2 g1g2 d2d1 g2a2,2146,76,94,4198,crushing endgame long quietMove rookEndgame skewer,https://lichess.org/sL9MCXzY#105,
Apjck,8/5k2/1pp2P2/5K2/P7/8/8/8 b - - 2 49,b6b5 a4a5 b5b4 f5e4 b4b3 e4d3 b3b2 d3c2 b2b1q c2b1,2167,123,60,10,crushing endgame pawnEndgame quietMove veryLong,https://lichess.org/S8V9jSjU/black#98,
Apx8B,r7/p1b2pkp/1p2p3/2p3qp/3nQ3/P7/BPP3PP/3R1RK1 w - - 2 22,e4a8 c7h2 g1h1 g5h4 f1f7 g7f7,2100,87,84,29,advantage long middlegame quietMove,https://lichess.org/D6Fotsm8#43,
Aq6XF,8/8/p1p3k1/P1PpKp1p/5Pp1/6P1/7P/8 b - - 0 37,h5h4 g3h4 g6h5 e5f5 h5h4 f5e5 h4h3 f4f5 h3h2 f5f6 g4g3 f6f7,2112,75,91,1301,advancedPawn advantage endgame pawnEndgame quietMove veryLong,https://lichess.org/Gv1nC7jP/black#74,
AqCb4,4rr2/1p3n2/1p1qBP1k/1P1P1QpP/P7/8/4R1K1/8 b - - 2 40,f7h8 e2e5 d6e5 f5e5,2170,75,94,1480,crushing master masterVsMaster middlegame quietMove short,https://lichess.org/BVjGxgmR/black#80,
AqDJ2,4K3/7p/4k3/8/7P/8/8/8 w - - 1 58,e8f8 h7h5 f8e8 e6f5 e8e7 f5g4 e7e6 g4h4,2122,80,91,1170,crushing endgame pawnEndgame quietMove veryLong,https://lichess.org/v0IyH5OW#115,
AqjVa,3r4/2Q2p2/p4qpk/7p/8/PB4Pb/1P3P1P/5RK1 w - - 2 31,c7f7 f6c6 b3d5 c6d5 f7d5 d8d5,2199,83,77,84,advantage endgame long quietMove,https://lichess.org/NsmH52Mf#61,
Aqm3J,1r3rk1/2R2p2/4p1pP/1PbpP1B1/8/5N2/5PK1/8 b - - 4 40,b8b5 g5f6 g8h7 f6g7,2161,75,84,107,advantage endgame master quietMove short,https://lichess.org/O1jucZL3/black#80,
ArcNs,6r1/p4k2/4N3/4KP1p/8/1P4p1/P2B4/8 w - - 0 43,d2e3 h5h4 e6f4 g8e8,2127,104,76,31,crushing endgame quietMove short,https://lichess.org/oM3vQIif#85,
ArjEY,k7/pR3p2/P6p/8/4rP2/R5K1/1P3P2/1N1rn3 b - - 3 29,d1b1 a3c3 e4e8 c3c7 b1b2 b7b2,2117,79,91,180,crushing endgame long master quietMove,https://lichess.org/YiOVFzCz/black#58,
ArlnC,8/8/p3kpp1/2p5/1pP2KP1/1P2P3/P7/8 w - - 2 51,f4e4 g6g5 e4f3 e6e5 f3e2 e5e4,2136,77,93,2337,crushing endgame long master pawnEndgame quietMove zugzwang,https://lichess.org/9iOBoLl5#101,
ArmAG,2kr4/ppp4p/5p2/P1b2qp1/2Q5/6BP/1P3PP1/R5K1 b - - 3 26,a7a6 a1c1 d8d5 b2b4 f5e6 b4c5 d5d1 g1h2 e6c4 c1c4,2106,74,89,809,advantage endgame quietMove veryLong,https://lichess.org/xh2EYD2i/black#52,
ArnEp,6k1/8/2bb3p/1P2Nr2/4Rp2/6p1/1P4P1/5RK1 w - - 0 36,b5c6 d6c5 f1f2 g3f2 g1f1 f5h5 f1e2 h5h1 e4f4 h1e1,2187,77,88,618,advancedPawn crushing endgame quietMove veryLong,https://lichess.org/QgssjakF#71,
ArvTu,8/6pk/7p/P2R4/4B2P/r5P1/r4PK1/8 b - - 2 44,h7g8 e4g6 a2f2 g2f2,2102,90,100,25,crushing endgame master quietMove short,https://lichess.org/Amw0EqtT/black#88,
As7h8,8/p1p2p2/2p5/4Pkp1/2PK4/PP5P/8/8 b - - 1 31,a7a5 a3a4 f5e6 c4c5,2160,177,43,8,crushing defensiveMove endgame master pawnEndgame quietMove short,https://lichess.org/gLcYFpB0/black#62,
AsQBG,8/8/2B4p/1pP5/1Pnk4/p7/3NK2P/8 w - - 0 48,c6b5 c4d2 c5c6 d2e4 c6c7 e4d6,2153,76,90,660,crushing endgame long quietMove,https://lichess.org/FghkI65F#95,
Asrkw,4r1k1/1p5p/p1p1r1pP/4p3/4q3/P1P2R2/1PPQ2P1/5RK1 b - - 4 41,e4d5 d2f2 d5d8 f3f7,2143,77,83,159,crushing endgame quietMove short,https://lichess.org/U4tnsmAX/black#82,
AtMM2,8/r3r2k/2q1PR1p/pp3p1P/2p1bP2/2P1P3/PP3Q2/2K3R1 b - - 2 31,e7e6 f2g3 c6e8 g3g6 e8g6 h5g6 h7g7 f6e6,2190,79,91,348,advantage middlegame quietMove veryLong,https://lichess.org/7w9NO5nS/black#62,
AuEbW,r5k1/1R1PK3/7p/7n/3B2p1/5p2/8/8 b - - 0 58,g4g3 b7c7 g8h7 c7c8,2167,77,90,1822,crushing endgame quietMove short,https://lichess.org/l257vGhW/black#116,
AuLwD,5k2/1p2bp1p/3B2p1/P1P5/4p3/1p6/2bR1PPP/6K1 b - - 4 37,e7d6 d2d6 e4e3 f2f3 b3b2 d6b6,2181,121,70,21,advantage endgame long quietMove,https://lichess.org/c91C3iD8/black#74,
AuLzN,8/3k1p2/3P4/b1PPB3/p3PPP1/r7/4K3/8 b - - 0 47,d7d8 e5f6 d8d7 e4e5 a3c3 c5c6 c3c6 d5c6,2116,105,83,18,crushing endgame exposedKing quietMove veryLong,https://lichess.org/GfbXbK0J/black#94,
AujLY,r1bq1r1k/2p2B2/p1np1nQ1/1pb1p3/4P3/2NP1N1P/PPP2PP1/R3K2R b KQ - 0 12,d8e7 f3g5 f8f7 g5f7 e7f7 g6f7,2177,77,94,9709,crushing exposedKing kingsideAttack long middlegame quietMove,https://lichess.org/ZjEExrKd/black#24,Four_Knights_Game Four_Knights_Game_Italian_Variation
Aum2W,8/R4R2/1P4p1/5pk1/4p3/4n1rP/B7/7K w - - 7 48,f7h7 g3f3 a2c4 e3c4 b6b7 f3f1 h1h2 c4e3 a7a1 f1f2,2163,467,-50,2,endgame equality exposedKing quietMove veryLong,https://lichess.org/u9Qpw5Z7#95,
Av2OT,1R6/r4p2/4p1kp/2bn3P/2b5/2P2P2/2KB4/4R3 b - - 0 39,g6h5 b8g8 a7a2 c2b1 d5c3 d2c3 a2h2 e1e5 f7f5 e5c5,2158,75,86,122,advantage defensiveMove fork middlegame quietMove veryLong,https://lichess.org/pPzYp5AE/black#78,
Av6ym,8/2p5/8/2pP4/PpK5/2b5/8/5k2 b - - 0 48,c7c6 d5c6 c3e5 a4a5 f1e2 a5a6 b4b3 c4b3,2166,75,88,299,bishopEndgame crushing endgame quietMove veryLong,https://lichess.org/ojuahMh0/black#96,
AvC3K,2r2rk1/5ppp/8/4Q3/p1B5/1P2B1P1/PK3P1P/7q b - - 1 25,c8a8 e3d4 a4a3 b2c2 h1e4 e5e4,2172,74,94,2633,crushing endgame long quietMove,https://lichess.org/DLqwJPRE/black#50,
AvLRj,4Q3/6pk/p4b1p/1p6/8/3q2PP/4R1K1/8 w - - 6 41,e8e4 d3e4 e2e4 a6a5 e4e2 a5a4,2154,75,87,427,advantage defensiveMove endgame long quietMove,https://lichess.org/H6XTyrHt#81,
AvPOd,8/8/8/4kpp1/8/5K1P/6P1/8 w - - 2 45,g2g4 f5f4 h3h4 g5h4 g4g5 h4h3,2144,74,85,496,crushing endgame long pawnEndgame quietMove zugzwang,https://lichess.org/2sfyH4o4#89,
AvxLA,r1b1k2r/2p2p1p/4pqp1/p4n2/PpBnN3/8/1P3PPP/R1BQ1RK1 b kq - 1 16,f6g7 c1g5 e8g8 g5f6,2140,76,91,3962,advantage middlegame quietMove short,https://lichess.org/t3rVkVjI/black#32,Queens_Pawn_Game Queens_Pawn_Game_Zukertort_Variation
Aw5x9,r6r/pp4k1/2p1B3/2P5/3PpP2/4Pn2/PP3Bp1/2KQ4 w - - 0 33,c1c2 h8h1 d1e2 a8h8 c2b3 h8h2,2106,147,88,21,clearance crushing defensiveMove endgame long quietMove,https://lichess.org/SXjY5c8Q#65,
Awu3r,1r6/1P3R2/8/6pp/6k1/8/5PK1/8 b - - 3 49,g4h4 f2f3 b8d8 f7d7,2180,81,86,150,crushing endgame quietMove rookEndgame short,https://lichess.org/J6xxgQfG/black#98,
Awvjl,8/8/8/ppp1k1p1/6P1/PPP1K3/8/8 w - - 0 37,c3c4 b5c4 b3c4 a5a4 e3d3 e5f4,2126,149,83,16,crushing endgame long pawnEndgame quietMove zugzwang,https://lichess.org/kvBzfTAF#73,
Ax2yK,r4rk1/1p1b1ppp/1q2p3/p2pP3/3b1B2/PPN5/2PQ1PPP/R4RK1 b - - 1 14,d7b5 c3b5 d4a1 a3a4 a1e5 f4e5,2198,76,83,82,advantage long middlegame quietMove sacrifice,https://lichess.org/6Gxe2hEq/black#28,French_Defense French_Defense_Classical_Variation
Ax8qz,2R5/5ppk/Q4q1p/2p1pP2/3rP3/7P/6PK/8 b - - 0 34,c5c4 a6a8 g7g5 f5g6 h7g6 c8c6 f6c6 a8c6,2139,128,90,26,advantage enPassant endgame pin quietMove veryLong,https://lichess.org/ZGQ6hsp7/black#68,
AxRMB,5br1/pp3r1k/2q4p/2p1nP2/3pQN2/PP1P3P/2P5/R1B2R1K b - - 2 27,f7f5 f4d5 c6d5 f1f5 d5e4 d3e4,2181,78,91,632,crushing discoveredAttack long middlegame pin quietMove,https://lichess.org/f8tZMrUL/black#54,
AxTZm,2b2rk1/5p1p/6p1/2p1B3/4P3/1q1PQ1P1/r4PBP/2R3K1 b - - 4 26,c8e6 e5f6 b3b2 f6b2,2191,77,79,74,crushing master middlegame quietMove short,https://lichess.org/ZYqFD6kr/black#52,
Axy3I,1r2kb1r/pP1q1ppp/2P2n2/1Q6/8/4P3/PP3P1P/RNB3K1 b k - 0 14,d7c7 c1d2 f8d6 d2a5,2139,81,75,56,advantage middlegame quietMove short,https://lichess.org/mnYsq83o/black#28,Queens_Pawn_Game Queens_Pawn_Game_Krause_Variation
AxzwE,8/5p2/2p5/7p/p2k4/4N1PK/P7/8 w - - 2 58,e3d1 c6c5 h3g2 c5c4,2107,80,75,45,crushing defensiveMove endgame knightEndgame quietMove short,https://lichess.org/VXp4N8nt#115,
Ay7FP,r3q1k1/5ppp/5R2/1p3Q2/2p2B2/PpP4P/1P2rPP1/3R2K1 b - - 0 27,g7f6 f5g4 g8h8 f4h6 e2e1 g1h2,2125,85,80,38,crushing endgame long quietMove,https://lichess.org/ycITeuGS/black#54,
AyDpa,8/8/1pp5/3p1kp1/1P1P3K/2P4P/8/8 w - - 0 42,h4h5 b6b5 h5h6 g5g4 h3g4 f5g4,2149,124,84,20,crushing endgame long pawnEndgame quietMove zugzwang,https://lichess.org/Pt86ASNx#83,
AyGyp,8/8/2p4p/1p1k2p1/1P6/2PK2PP/8/8 w - - 5 40,d3d2 d5e4 d2e2 h6h5 e2f2 e4d3,2194,77,95,2383,crushing endgame long pawnEndgame quietMove zugzwang,https://lichess.org/IBdxjd3p#79,
AyLjn,8/8/ppp1k2p/4P1p1/2P1K3/1P2P2P/P7/8 w - - 0 35,a2a3 h6h5 e4d4 e6f5 b3b4 f5e6,2193,168,-14,10,advantage endgame long pawnEndgame quietMove zugzwang,https://lichess.org/Oi2kkISD#69,
AyUeS,5k2/5pp1/3q3p/8/1r6/Qp2P1PP/5P2/1R4K1 b - - 0 32,d6d2 a3a8 f8e7 b1a1 d2d7 a1a7,2121,121,69,14,advantage endgame long pin quietMove,https://lichess.org/dAAIyyPO/black#64,
Az2PI,4r1k1/2Q4p/2p2pp1/p2p1q2/P2B4/2P2b1P/2P2P1K/6R1 w - - 6 32,c7c6 f5f4 g1g3 e8e1 c6e6 e1e6,2160,74,93,5317,crushing endgame long quietMove,https://lichess.org/MKtaWcem#63,
AzDRf,8/1p5p/p1k3p1/5p2/2P1p3/1P2P1PP/P5K1/8 w - - 1 30,a2a3 c6c5 g2f2 a6a5 f2e1 a5a4,2197,76,91,924,crushing endgame long master pawnEndgame quietMove,https://lichess.org/sPihTvEx#59,
AzTcZ,8/p7/1p1k4/3Pp2p/2P5/3K1P2/P7/8 w - - 0 39,d3e4 h5h4 e4e3 b6b5 c4b5 d6d5,2128,75,91,307,crushing deflection endgame long pawnEndgame quietMove,https://lichess.org/qI9nLtjn#77,
Azfb7,5k2/5p2/p5p1/2K5/PP6/8/8/n7 b - - 0 42,a1c2 b4b5 a6b5 a4a5 f8e7 a5a6,2128,92,86,40,crushing endgame knightEndgame long quietMove,https://lichess.org/jU4u8SHT/black#84,
AzzyG,2k5/1pp4p/p6P/3p2P1/7r/2P1R3/P7/2K5 b - - 0 41,h4g4 e3e8 c8d7 e8g8 d7d6 g5g6,2193,90,91,414,crushing endgame long quietMove rookEndgame,https://lichess.org/fxQfrZh3/black#82,
B0XSu,r1b1k2r/p2p1ppp/1p2p3/4q1b1/8/P2RPN2/1PP1Q1PP/2K2B1R b kq - 1 15,e5f6 h2h4 g5h6 g2g4 c8b7 f1g2,2165,80,90,747,advantage clearance defensiveMove long middlegame quietMove,https://lichess.org/IsXInfwf/black#30,Sicilian_Defense Sicilian_Defense_Closed
B0geC,8/5R2/8/1Pr2p2/P3n1pp/6k1/8/5RK1 w - - 6 48,f7f5 c5c2 f1e1 e4d2 e1e3 d2f3 e3f3 g4f3 f5g5 g3f4,2123,124,52,14,crushing endgame exposedKing quietMove veryLong,https://lichess.org/nKqqlPOr#95,
B18CT,1R6/k1Npr2p/4p3/p7/1pP5/5P2/r6P/1R5K w - - 4 39,b8b5 d7d6 b5a5 a2a5,2141,77,90,1005,crushing endgame quietMove short,https://lichess.org/HS1vcAsy#77,
B18rz,4Q1bk/2b3pp/8/8/2r1pp2/7P/P1N2PP1/5K2 w - - 2 29,c2a3 c4c1 f1e2 c7a5 e8e4 c1e1 e2d3 e1e4,2124,77,91,547,crushing endgame master quietMove skewer veryLong,https://lichess.org/WYpWlQXC#57,
B1TjL,5R2/6pk/1p1R4/p5PP/3P4/8/r5r1/5K2 b - - 8 36,g2g5 d6d8 g5h5 f8h8 h7g6 d8d6 g6g5 d6d5,2140,107,76,24,crushing endgame quietMove rookEndgame veryLong,https://lichess.org/3huXHq4X/black#72,
B1hVn,5r2/2p2pk1/pq5p/5Qp1/2p1N3/6P1/PPp3PP/5R1K b - - 1 27,b6b2 e4f6 b2f6 f5f6,2101,86,85,42,crushing endgame quietMove short,https://lichess.org/WH4NuL6S/black#54,
B1jyS,3r1rk1/pp1b1pp1/1b5p/8/2QNqPP1/BP2P2P/P7/R3R1K1 w - - 7 26,a3f8 d7c6 c4c6 b7c6,2195,77,67,93,crushing middlegame quietMove short,https://lichess.org/5XRlsuJK#51,
B1so4,r6k/p1p4p/2pn1b1q/8/5pb1/1B1N4/P1P2P1P/1R2RQ1K w - - 0 27,f2f3 d6f5 f3g4 f5g3 h1g2 g3f1,2135,77,90,426,advantage kingsideAttack long middlegame pin quietMove sacrifice,https://lichess.org/HqSXzDMS#53,
B1tfJ,6k1/3Q1p2/pq1p2pp/1p1P2b1/2p5/P1P5/1r3PPP/1B3RK1 b - - 1 25,b2b3 b1g6 f7g6 f1e1 b6d8 e1e8 d8e8 d7e8,2187,81,86,180,crushing endgame fork quietMove sacrifice veryLong,https://lichess.org/w42mA70N/black#50,
B1ysp,5k2/6p1/R4pBp/p2p3P/Pp1PnKP1/1Pr5/8/8 w - - 12 44,a6a5 e4g5 a5a8 f8e7,2147,74,86,368,crushing endgame quietMove short,https://lichess.org/zRruyXjX#87,
B2UIm,8/1Q2rkpp/p3p1r1/P2pRp2/1P1P4/2q4P/4R1PK/8 w - - 1 33,b7a6 c3g3 h2g1 e7c7 e2f2 c7c1,2124,99,83,17,crushing endgame long quietMove,https://lichess.org/cyh0Xb4o#65,
B2rwx,5rk1/5p1p/R5p1/Q7/4q3/6P1/5PKP/8 w - - 1 35,g2g1 f8c8 a5a3 c8b8 a3c1 b8b1 a6a1 b1c1,2157,134,79,24,crushing endgame pin quietMove veryLong,https://lichess.org/LxBFbIxo#69,
B3NHo,8/2p5/3p1k2/3P3p/P1p1K2P/8/8/8 b - - 0 42,f6e7 a4a5 c4c3 e4d3 c3c2 d3c2 e7d7 a5a6,2163,78,52,54,crushing endgame pawnEndgame quietMove veryLong,https://lichess.org/kFg9L6c8/black#84,
B3mY4,8/6k1/1p3p1p/pB4p1/P2p2P1/3P1K1P/3B4/7r b - - 6 43,h1h3 f3g2 h3h4 b5d7 h6h5 d2e1 h5g4 e1h4 g5h4 d7g4,2108,75,92,5147,capturingDefender crushing defensiveMove endgame quietMove trappedPiece veryLong,https://lichess.org/iZr1hH3Y/black#86,
B3yjt,6k1/r5p1/2Bp2P1/2pP1P2/p1Pb4/2nN1K2/8/7R b - - 1 59,a4a3 h1e1 d4e5 d3e5,2181,74,91,2554,crushing endgame quietMove short,https://lichess.org/ABovAD3u/black#118,
B4MYy,8/3b1p1k/p2P2pp/1p6/5q1b/BP6/P1Q3P1/2R4K w - - 0 35,c2c3 h4f2 c1f1 f4h4 c3h3 d7h3,2166,76,87,360,advantage clearance endgame long quietMove,https://lichess.org/0LULxazH#69,
B4X59,8/8/8/3p4/1Ppk2p1/8/1PK2P2/8 b - - 1 47,d4e4 b4b5 e4e5 c2c3,2199,78,89,1055,crushing endgame pawnEndgame quietMove short,https://lichess.org/me6MdNMU/black#94,
B4pMn,4r1k1/pp3ppp/8/3Q4/2p5/2P1q3/P5PP/5R1K b - - 7 27,e3e1 d5f7 g8h8 h2h3 e1f1 f7f1,2169,76,83,82,crushing endgame long quietMove,https://lichess.org/bBSowyzW/black#54,
B51zn,6b1/6P1/8/p3k3/1p6/1P2K3/8/3B4 b - - 4 48,a5a4 b3a4 b4b3 a4a5 b3b2 d1c2,2188,77,77,229,bishopEndgame crushing defensiveMove endgame long master quietMove,https://lichess.org/dHbXL20k/black#96,
B58nc,2q1r1k1/pr4pp/2pB4/1PPp4/P3p1b1/4P1P1/5P1P/1R1Q1RK1 w - - 1 26,b5c6 b7b1 d1b1 g4f3 b1b8 c8b8 d6b8 e8b8,2144,129,67,31,advantage middlegame quietMove veryLong,https://lichess.org/JDOEDs7v#51,
B5qfi,2k5/2p1Q3/1p6/p1r2p2/P4P2/1K6/8/8 w - - 3 50,e7c5 b6c5 b3c4 c7c6 c4c5 c8c7,2121,75,94,390,crushing defensiveMove endgame hangingPiece long quietMove zugzwang,https://lichess.org/z5vwKBZx#99,
B6Dzg,r4rk1/5pp1/2p1p3/p2p4/2B4q/P1P1P1R1/2QK3P/7R b - - 0 25,h4c4 h1g1 c4h4 g3g7,2145,78,96,430,advantage endgame quietMove short,https://lichess.org/CWPHLv2d/black#50,
B6GZ7,7r/8/6R1/k4p2/5N1p/P3PK2/5P1r/8 b - - 0 37,h4h3 g6g1 a5a4 f3g3 h2f2 g3f2,2181,80,90,984,advantage endgame long quietMove trappedPiece,https://lichess.org/f3t6HhTN/black#74,
B6K41,1K6/2R5/kp6/3P4/1rP5/8/p7/8 b - - 1 47,b6b5 c4c5 a2a1q c7a7,2144,78,84,400,endgame mate mateIn2 quietMove rookEndgame short,https://lichess.org/DfrNKy5c/black#94,
B6KHn,8/R1P2p2/1K2nk1p/5rp1/B7/8/7P/8 b - - 0 38,f5c5 a4c6 e6c7 b6c5,2155,76,83,124,advantage endgame quietMove short,https://lichess.org/tlPp3R2V/black#76,
B6NIw,6k1/5p1p/6p1/3p4/4q3/4r2P/4N1P1/3QR2K w - - 0 36,d1d2 d5d4 d2d4 e4d4 e2d4 e3e1,2167,79,91,661,crushing endgame long quietMove,https://lichess.org/xGKLtHYU#71,
B6Vm0,2br1k2/qr6/p4bBQ/1p2pP2/2p3R1/P5PK/1PP4P/5R2 b - - 7 35,b7g7 g6h5 f8g8 h6f6,2131,82,85,38,crushing discoveredAttack middlegame quietMove short,https://lichess.org/weLespbO/black#70,
B7Wlg,2rr2k1/ppb2p2/3qb3/3pRp1p/3P4/P5NP/1PQ2PP1/RB4K1 b - - 0 23,c7b6 c2d2 b6d4 d2d4,2152,99,73,33,advantage middlegame quietMove short,https://lichess.org/lhXMEAYC/black#46,
B7nco,6k1/8/6p1/3r3p/PP6/2B1K3/6P1/8 b - - 0 50,d5g5 b4b5 g5g3 e3d2,2190,225,27,6,crushing defensiveMove endgame quietMove short,https://lichess.org/TZGwl1hU/black#100,
B8Q7R,5rk1/pp6/1b2p2p/3p1q2/2r4P/5RB1/4Q1P1/1R5K b - - 0 34,c4c2 e2f1 c2c3 f3f5,2109,79,50,89,advantage middlegame quietMove short,https://lichess.org/gUyt56be/black#68,
B9J7g,8/pp6/5P1R/1P4r1/P3nkBK/2P5/8/8 w - - 3 46,g4e6 e4d2 e6d5 g5d5,2173,90,80,47,advantage endgame quietMove short,https://lichess.org/1uIWZCrK#91,
B9QcO,2r5/4kp2/pp5R/3pPR2/8/2P1K1r1/PP6/8 w - - 1 38,e3d4 c8c4 d4d5 b6b5 f5f7 e7f7,2152,75,91,1137,advantage endgame long quietMove rookEndgame,https://lichess.org/v9DdvrPM#75,
B9kYm,8/6p1/5k1p/8/3pP3/6P1/4K2P/8 b - - 4 35,f6e6 e2d3 e6e5 g3g4 g7g6 h2h4,2165,82,68,48,crushing defensiveMove endgame long pawnEndgame quietMove zugzwang,https://lichess.org/hIqqqwRh/black#70,
B9l5T,1R3N2/5pk1/2R4p/p2p1rp1/3P4/r3P1P1/5PP1/6K1 w - - 1 36,f8d7 a3a1 g1h2 g5g4 d7f6 f5f6 c6f6 g7f6,2140,129,100,36,endgame equality quietMove veryLong,https://lichess.org/4GvNe61N#71,
B9vTH,8/6p1/1p6/p3Pk1p/2P4P/1P2K3/P7/8 b - - 0 36,f5e5 a2a3 e5f5 b3b4,2127,77,86,287,crushing endgame master pawnEndgame quietMove short,https://lichess.org/TNMkKPwH/black#72,
B9xQd,r2q1rk1/ppp1np1p/2npbQp1/8/2B1P3/1P3N2/P1P2PPP/R1B1K2R b KQ - 0 13,e6c4 c1b2 c6e5 f3e5,2170,87,69,44,crushing opening quietMove short,https://lichess.org/9ONnHHlX/black#26,Center_Game Center_Game_Paulsen_Attack_Variation
B9zpL,5rk1/p3p1b1/1q1p2Qp/8/1p1r4/1P3B2/P5PP/1R3R1K b - - 2 24,b6c5 f3e4 f8f1 b1f1 d4e4 g6e4,2177,76,95,3149,crushing long master middlegame quietMove,https://lichess.org/DFXFdP2d/black#48,
BASeV,8/8/8/4p3/3r2PR/5k1K/8/8 w - - 1 56,g4g5 d4d1 h3h2 d1d2,2108,146,91,10,crushing endgame quietMove rookEndgame short,https://lichess.org/CyT5jPWU#111,
BAYFO,r5k1/5ppp/2N5/8/p2K4/8/PP4PP/8 b - - 1 28,a4a3 b2b4 a8e8 b4b5 e8e2 c6b4,2173,90,71,26,advantage defensiveMove endgame long quietMove,https://lichess.org/0Df56Ftv/black#56,
BAaOD,8/2r3k1/4p2p/2PpN1pK/1p1P2P1/4P2P/4b3/2R5 w - - 0 43,c1b1 e2b5 c5c6 c7c6,2119,74,78,254,crushing endgame quietMove short,https://lichess.org/ppvDCu0Q#85,
BAwq2,4r1k1/p1p3bp/1p3pp1/2q1B3/2P2P2/1P4P1/PQ5P/3NR1K1 w - - 2 24,e5d4 e8e1 g1f2 c5e7 d1e3 e1h1,2156,82,90,1563,advantage fork hangingPiece long middlegame quietMove,https://lichess.org/virQRhp1#47,
BB6WI,4Q3/p7/2k4p/q1n1p3/3rPp2/7P/1KB2PP1/2R5 b - - 8 33,c6c7 e8e5 d4d6 c2b3 a5d2 c1c2,2190,76,94,1250,advantage endgame fork long pin quietMove,https://lichess.org/Lla8kI7r/black#66,
BBWS5,8/3R4/2p1k3/2p3P1/1rN5/2K5/8/8 w - - 3 45,g5g6 e6d7 g6g7 b4b8 c4e5 d7e6,2102,75,100,155,advantage endgame hangingPiece long quietMove,https://lichess.org/i18WvAR3#89,
BBsCR,4R3/2R3p1/3KPrk1/7p/3r4/8/6PP/8 w - - 9 42,d6e5 f6f4 c7g7 g6g7,2124,75,93,9300,advantage endgame master quietMove rookEndgame short,https://lichess.org/HzTEIsBI#83,
BCCCI,2N5/3n4/p3k3/Pp2p2p/1P2P2P/5K2/8/8 w - - 9 50,c8a7 d7b8 a7c8 b8c6 c8b6 c6b4,2188,75,93,2004,advantage endgame knightEndgame long quietMove,https://lichess.org/9yhzaIdD#99,
BCVjW,4b3/5p1p/1N4p1/1p3kP1/pK1P3P/P7/1P6/8 b - - 3 44,f5g4 b6d5 g4h4 d5f6 h4g5 f6e8,2171,120,76,20,advantage endgame long quietMove,https://lichess.org/YfDWGSHb/black#88,
BCY21,8/8/p2kpp2/1p5p/1P1K1P1P/8/P5P1/8 b - - 0 30,d6c6 g2g4 h5g4 h4h5 c6d6 h5h6 g4g3 d4e3,2158,75,82,111,crushing defensiveMove endgame pawnEndgame quietMove veryLong,https://lichess.org/8x9sTtJU/black#60,
BCmgn,4q3/pp5Q/1b1k2p1/2p5/7N/2p3NP/P5P1/6K1 w - - 0 38,h4g6 e8e1 g1h2 c5c4 g3e2 e1e2,2196,79,86,111,crushing endgame fork long quietMove,https://lichess.org/0xFr5TFA#75,
BDJgB,6k1/1p4p1/2p1r1P1/p1P5/6RK/2P5/8/8 b - - 1 51,b7b5 c5b6 c6c5 b6b7 e6b6 g4e4 g8f8 e4f4,2138,76,80,476,advancedPawn crushing enPassant endgame quietMove rookEndgame veryLong,https://lichess.org/aY55MHCb/black#102,
BEAVD,6k1/8/3BP3/p4pbp/4p3/2P5/P5P1/3K4 b - - 0 40,f5f4 c3c4 g8g7 c4c5 g7f6 e6e7 f6f7 c5c6 g5e7 c6c7 e7d6 c7c8q,2175,76,88,687,advancedPawn bishopEndgame crushing endgame promotion quietMove veryLong,https://lichess.org/773tlqQo/black#80,
BEHSG,r5k1/p1p1rppp/1p6/4Pq2/3Rb3/2P1QN2/PP4PP/5R1K b - - 5 32,e7e5 f1e1 e4f3 e3e5 f5e5 e1e5,2136,150,76,15,advantage long middlegame quietMove,https://lichess.org/duX6RomA/black#64,
BEOmY,8/p6p/2R2Rp1/k7/P3p1pP/6P1/1P2bP1K/5r2 w - - 1 45,c6e6 e2f3 e6e5 a5a4 f6f3 e4f3,2147,102,71,20,crushing endgame long quietMove,https://lichess.org/QQLksNZ4#89,
BEPA8,3rr1k1/2R2pp1/p2R2bp/1p4q1/8/1B4PP/PP3P2/3Q2K1 w - - 3 26,h3h4 d8d6 d1d6 e8e1 g1h2 g6e4 b3f7 g8h7 f7g6 g5g6,2164,78,91,1293,crushing middlegame quietMove veryLong,https://lichess.org/A0Mi3KgR#51,
BEXFm,r1bqknr1/1p3p2/2nBp3/1p1pP1p1/3P1Q2/2PB1N2/P4PP1/R3K2R w KQq - 0 21,f3g5 d8g5 f4g5 g8g5 h1h8 c6e7 d3b5 c8d7 b5d7 e8d7,2114,191,62,21,equality middlegame quietMove veryLong,https://lichess.org/AH53ptq8#41,
BEmiq,7k/1p3p1p/4bN2/5p2/P7/5r2/4K3/R7 b - - 1 36,f3b3 a1g1 e6c4 e2f2,2110,141,88,18,advantage defensiveMove endgame quietMove short,https://lichess.org/z3viXWJm/black#72,
BEsfM,1r6/R5Pp/8/5K2/8/8/pk6/8 w - - 1 59,a7a2 b2a2 f5g5 b8g8 g5h6 g8g7 h6g7 h7h5 g7f6 h5h4 f6f5 h4h3 f5f4 h3h2,2154,78,92,1197,advancedPawn crushing endgame hangingPiece quietMove rookEndgame veryLong,https://lichess.org/P23d7254#117,
BFAGJ,2r4k/1p4p1/p6p/3Q1Rn1/q2P4/3B1P1P/1P4P1/6K1 w - - 1 31,f5g5 h6g5 d5e4 g7g6 e4e5 h8h7 d3g6 h7g6,2189,161,100,21,endgame equality quietMove veryLong,https://lichess.org/CLGCuVmv#61,
BFI7K,1r1qnR2/6rk/pnbp2pN/1pp1p3/2P1P3/3B2NP/PP5K/2Q1R3 b - - 3 33,d8e7 e1f1 e7f8 f1f8,2119,78,76,49,crushing middlegame quietMove short,https://lichess.org/HtSNAz6X/black#66,
BFV8c,8/4r1p1/8/5K1k/4p1R1/4P3/8/8 w - - 4 55,g4e4 g7g6 f5f4 g6g5 f4f5 e7e4 f5e4 g5g4 e4d3 h5h4 d3e2 h4h3,2174,98,93,49,crushing defensiveMove endgame master quietMove rookEndgame veryLong,https://lichess.org/npOH4QDc#109,
BFWAa,8/3Pk3/7p/KB4p1/P5r1/1P6/8/8 b - - 0 58,h6h5 a5b6 g4d4 a4a5 g5g4 a5a6 g4g3 a6a7 g3g2 a7a8q g2g1q a8e8,2158,81,90,1175,advancedPawn crushing endgame promotion quietMove veryLong,https://lichess.org/ULPQ5USb/black#116,
BFhwd,1nr5/3n1k2/4R2p/PB3Pp1/1p1p4/1Pb3BP/6P1/6K1 b - - 1 39,d7c5 b5c4 c5e6 c4e6 f7f6 e6c8,2155,76,81,138,crushing exposedKing fork long middlegame quietMove sacrifice,https://lichess.org/I83bYVJ1/black#78,
BFq74,8/6kp/2p2p1p/R6P/P5q1/1B6/KPP3P1/8 b - - 0 33,g4g2 a5a8 f6f5 a8g8 g7f6 g8g2,2161,75,95,210,crushing endgame long quietMove skewer,https://lichess.org/bvBvhUrW/black#66,
BG5mk,3r4/8/7R/3kp3/2r4R/3p2P1/5P1P/4K3 w - - 4 47,e1d2 c4c2 d2d3 d8c8 h4d4 e5d4,2129,159,29,13,crushing endgame long quietMove rookEndgame,https://lichess.org/AXgQyjdc#93,
BG5wu,8/8/1p6/3p3p/1P1P2pP/2K3P1/k7/3b1N2 b - - 17 50,d1e2 f1e3 e2f3 e3f5 f3e4 f5d6,2162,78,82,64,crushing endgame long quietMove,https://lichess.org/xMPiMvea/black#100,
BGCV4,8/p7/1ppp4/5k1p/PPPP3P/5K2/8/8 w - - 0 39,a4a5 b6a5 b4a5 a7a6 f3e3 f5g4,2196,80,87,78,crushing endgame long pawnEndgame quietMove zugzwang,https://lichess.org/e3rcEQYF#77,
BGcKf,8/5pkp/4pNp1/3pP3/3P1PPn/4n2P/3r4/R5KB b - - 4 33,d2d4 a1a8 d4f4 g4g5,2178,79,82,57,crushing defensiveMove endgame quietMove short,https://lichess.org/cmQzQANS/black#66,
BGqE4,1kr2r2/qp4p1/4R3/3p2Np/p1nP1P1P/2Q3P1/8/KNR5 w - - 1 32,g5f3 c4a5 c3b4 a5b3 a1b2 b3c1,2195,76,91,1469,advantage exposedKing fork long middlegame quietMove,https://lichess.org/AEJobnNX#63,
BGxin,8/3k4/1p6/pNp1p3/4P3/1PP5/1b3P2/6K1 w - - 3 47,g1f1 c5c4 b3c4 a5a4 f1e1 a4a3 b5a3 b2a3,2187,83,86,60,crushing endgame quietMove veryLong,https://lichess.org/daYwTp8f#93,
BH607,5qk1/4p2p/p2pR1p1/3P4/2PQ2Pr/8/PP5P/7K w - - 0 31,h1g2 f8h6 d4e3 h4h2,2101,93,51,24,advantage endgame quietMove short,https://lichess.org/IUspSk7b#61,
BH9Xi,2r1kb1r/3n1ppp/p7/1p6/4P3/2N3qP/PPP3B1/R2Q1R1K w k - 0 17,f1f7 f8d6 e4e5 g3e5 d1g1 e8f7,2179,87,83,98,advantage long middlegame quietMove,https://lichess.org/O79IgL5d#33,Sicilian_Defense Sicilian_Defense_Closed
BHLUT,r5k1/ppp3pp/4pr2/1Np1p3/4P2q/P2P1nNP/1PP2PK1/R2Q1R2 w - - 2 17,b5c7 a8f8 c7e6 f6e6,2182,118,38,27,advantage middlegame quietMove short,https://lichess.org/GiT5COv4#33,Bishops_Opening Bishops_Opening_Vienna_Hybrid
BHLbT,r4br1/1b1q2k1/ppn2pBp/2p1pP2/P7/2PPB3/1P2Q1PP/R4RK1 b - - 5 21,c6e7 e3h6 g7h8 e2h5 e7g6 f5g6 g8g6 h5g6,2185,103,81,23,crushing middlegame quietMove veryLong,https://lichess.org/wa5ab8cQ/black#42,
BHM9x,8/8/6pk/2p5/Pp6/1P1R3P/2B3q1/1K6 b - - 7 47,g6g5 d3d7 g5g4 h3h4,2191,96,75,35,crushing defensiveMove endgame quietMove short,https://lichess.org/qRVeXt9L/black#94,
BHbMl,3r2k1/7p/p5pQ/3p4/2p4P/2Pq4/P4PP1/4R1K1 b - - 12 34,d3c3 e1e7 c3a1 g1h2 a1f6 h6h7 g8f8 e7e3 d5d4 e3f3,2110,75,92,1783,crushing defensiveMove endgame pin quietMove veryLong,https://lichess.org/Qn5deUMb/black#68,
BHeqI,r1bqn1k1/1p2p2p/pnp3pQ/4p3/2PP4/1PN3P1/P3N1BP/5RK1 b - - 3 19,e8g7 c3e4 c8f5 e4g5,2120,79,90,2040,crushing middlegame quietMove short,https://lichess.org/nMV3Jw9x/black#38,Indian_Defense Indian_Defense_Kings_Indian_Variation
BHfsp,8/1p3R2/p5pk/2p1b3/P1BnP2p/1P1P4/2PK4/8 w - - 0 37,f7b7 h4h3 c4g8 e5g7 b7g7 h6g7,2174,76,86,124,crushing endgame long quietMove,https://lichess.org/arttPcNP#73,
BIAtj,4r2k/pR6/P3p1pb/4P2p/3P1P1P/2pq2B1/5Q1K/8 w - - 0 41,b7a7 e8c8 f2g2 d3d2,2114,134,38,10,crushing endgame quietMove short,https://lichess.org/0hmtlzYl#81,
BIwSN,4rr1k/pp3p1p/2b3pR/3pq2N/4pP2/2P3Q1/PP4PP/4R1K1 b - f3 0 27,e5f5 g3h4 g6h5 h6h5 f5h5 h4h5,2177,79,88,1675,advantage long middlegame quietMove sacrifice,https://lichess.org/tv4HGATK/black#54,
BJVw5,8/8/p7/5k2/P6p/4K2P/8/8 b - - 3 67,f5e5 a4a5 e5f5 e3f3,2150,82,92,481,crushing defensiveMove endgame master pawnEndgame quietMove short zugzwang,https://lichess.org/oVxsPky8/black#134,
BJq1d,3rrk2/pp3ppp/8/3Bp1q1/1P6/PQ2P2b/5PPP/RN3RK1 w - - 1 18,f1c1 e5e4 g2g3 d8d5,2192,80,85,70,advantage middlegame pin quietMove short,https://lichess.org/bUb9QIix#35,Queens_Gambit_Declined Queens_Gambit_Declined_Other_variations
BK7e5,r3qk2/pp1nb3/5pQ1/2pP4/2P5/1P6/PB4PP/4RRK1 w - - 3 25,d5d6 e8g6 e1e7 a8d8 e7d7 d8d7 f1f6 g6f6 b2f6 d7d6,2102,77,91,1606,advantage middlegame quietMove veryLong,https://lichess.org/dUt5XBO5#49,
BKa8L,6r1/p3bqpk/6R1/r1n1pP1P/3p4/3P4/1P3R2/1KN4Q b - - 4 35,c5d3 h5h6 d3f2 h1h5 f7g6 f5g6,2114,156,100,8,clearance crushing long middlegame quietMove sacrifice,https://lichess.org/XReQHJ0Q/black#70,
BL0c9,8/2rk4/7p/2R2Kp1/4P3/8/8/8 w - - 0 49,c5c7 d7c7 f5f6 g5g4 e4e5 g4g3 e5e6 g3g2 e6e7 g2g1q e7e8q g1g5 f6f7 g5h5 f7f8 h5e8,2149,77,90,468,advancedPawn crushing endgame promotion quietMove veryLong,https://lichess.org/3Z5vZ081#97,
BL43E,8/3k3p/2p1p1p1/r3PpP1/p1R2P1P/P1P5/1PK5/8 w - - 1 60,c2d3 c6c5 d3c2 d7c6 b2b4 a4b3,2104,80,86,141,crushing enPassant endgame long quietMove rookEndgame,https://lichess.org/15goxPOR#119,
BLV1H,1R6/7p/5bk1/3Kp1n1/2P1P3/8/8/8 b - - 0 48,h7h5 c4c5 g6f7 c5c6 g5e6 b8b7 f6e7 d5e5 h5h4 c6c7 e6c7 b7c7,2158,109,84,47,advancedPawn crushing deflection endgame quietMove veryLong,https://lichess.org/H19sNaWb/black#96,
BLpnX,8/8/8/p2k3p/2p3pP/2Pp2P1/PP1K1P2/8 w - - 0 41,d2e3 a5a4 f2f4 g4f3,2155,74,78,126,crushing enPassant endgame pawnEndgame quietMove short,https://lichess.org/o4XvApvB#81,
BM4Rr,6k1/R4p1p/6p1/8/4q3/4P1P1/Q4PKP/3r4 w - - 3 34,g2h3 d1d5 a7a8 g8g7,2133,75,98,188,advantage defensiveMove endgame quietMove short,https://lichess.org/du0EedyW#67,
BMGej,8/4k3/6P1/R7/8/8/p5K1/r7 w - - 1 61,g2f2 a1h1 a5a7 e7f8 g6g7 f8g8 a7a8 g8g7,2140,79,90,746,crushing defensiveMove endgame quietMove rookEndgame veryLong,https://lichess.org/pmGjjtfQ#121,
BMKzB,5r2/1p1B1pk1/pq3nb1/3RQ3/8/4B2P/PPr2PP1/6K1 b - - 4 26,b6b2 e3d4 b2b1 g1h2 c2f2 d4f2 b1e4 f2d4 e4e5 d4e5,2186,79,87,62,advantage middlegame pin quietMove veryLong,https://lichess.org/9PwEO8Sf/black#52,
BMhPx,8/3Q3p/2p3pk/1p1p4/2nP4/5q2/PP3P1P/1K1R4 w - - 4 28,d1e1 f3d3 b1a1 c4a3 b2a3 d3c3 a1b1 c3e1,2147,137,68,23,crushing endgame fork quietMove sacrifice veryLong,https://lichess.org/w0qTr9nq#55,
BMz1s,1r3rk1/pQpnq1pp/3b4/3P2N1/4pP2/8/PPP3PP/R1B2RK1 w - - 3 15,b7c6 d7c5 g5e6 b8b6,2136,95,78,44,advantage master middlegame quietMove short,https://lichess.org/Slls0zvh#29,Kings_Gambit_Declined Kings_Gambit_Declined_Falkbeer_Countergambit
BNRfI,6k1/5p2/5Pp1/3P1p2/p6R/4PK2/1r5P/8 b - - 1 42,b2b5 d5d6 a4a3 d6d7 b5b8 h4c4 a3a2 c4c8,2176,83,91,841,advancedPawn crushing endgame quietMove rookEndgame veryLong,https://lichess.org/R77xhlCw/black#84,
BNnmz,8/p4k2/1p3p2/3PpKp1/3pP3/1PrP4/P2R4/8 b - - 1 32,a7a5 d2h2 f7e7 h2h7,2158,78,89,370,advantage endgame quietMove rookEndgame short,https://lichess.org/sBzGvoif/black#64,
BOMwa,r4q1k/1p3r1P/p1p1p3/4Q1B1/6pP/P2BP3/1PP5/3K4 b - - 1 29,f7g7 h4h5 g4g3 h5h6 g3g2 h6g7 f8g7 e5g3,2112,154,87,13,advancedPawn advantage endgame exposedKing fork quietMove veryLong,https://lichess.org/REA963AO/black#58,
BOOfJ,5r2/5p1k/8/3pR3/P2Qnq2/7P/5PP1/6K1 w - - 5 39,e5d5 f8c8 d5h5 h7g6,2180,86,90,397,crushing defensiveMove endgame quietMove short,https://lichess.org/H6YkvG5W#77,
BObl0,8/1b6/6k1/1P4pp/8/2K5/7R/8 w - - 1 50,b5b6 g5g4 c3d2 g4g3 h2h3 g3g2 h3g3 g6f5,2147,78,91,1210,advancedPawn crushing defensiveMove endgame quietMove veryLong,https://lichess.org/ud45k8c1#99,
BOvwZ,r6r/1p1b3p/1pp4R/3pkp2/4pN2/P5P1/1PP4P/2K1R3 b - - 2 26,a8g8 c2c3 d5d4 c3d4,2145,141,29,14,advantage endgame quietMove short,https://lichess.org/0Os4Is2T/black#52,
BP6dn,8/7k/2p4p/6p1/1P4K1/R5P1/P2P1r1r/3R4 w - - 0 39,a3c3 f2f6 c3f3 h6h5 g4g5 f6f3,2111,76,88,945,advantage deflection endgame long master quietMove rookEndgame,https://lichess.org/zMClza57#77,
BPFzz,r7/5pk1/2p2bp1/p3p3/q3P3/4NQ1P/6P1/1R5K b - - 5 32,a8d8 b1f1 d8d6 e3g4 a4a2 g4f6,2158,76,69,54,advantage endgame long quietMove,https://lichess.org/ezWUmhG2/black#64,
BRPCe,1rb2r2/2p3k1/2pp1np1/7P/1q2PP2/1pN5/P1PQB3/2KR3R w - - 0 21,a2b3 b4a3 c1b1 b8a8 c3a4 a8a4,2133,75,86,386,advantage long master middlegame quietMove,https://lichess.org/obqMa4VS#41,
BRmGE,8/8/6p1/1p1k1p1p/1Pp1p3/P3P2P/3K1PP1/8 w - - 2 38,d2c3 h5h4 g2g3 h4g3 f2g3 g6g5,2184,80,88,65,crushing defensiveMove endgame long pawnEndgame quietMove,https://lichess.org/PR9U8zGD#75,
BS1LF,3r1k2/p4pp1/2p1p2p/8/1b6/2R4Q/q1P2PPP/4R1K1 w - - 2 27,h3h4 a2a5 h4b4 a5b4,2135,73,94,6183,crushing endgame master quietMove short,https://lichess.org/7u1IJFD9#53,
BSHhB,2b3k1/p7/4pqp1/2QpR1Np/3P1P1P/6P1/Pr4K1/8 w - - 5 36,g2h3 c8a6 c5c1 b2f2,2102,75,91,2379,crushing endgame quietMove short,https://lichess.org/JK2gDcxb#71,
BSSab,4r1k1/1p2qp2/p3pnpb/1N1p1n2/3P1P1p/P3PR1P/1P1B2P1/R3Q2K w - - 0 21,d2b4 e7d8 b5d6 f5d6 b4d6 d8d6,2116,150,44,22,advantage long middlegame quietMove,https://lichess.org/d7LqkLeG#41,
BSTiA,8/8/1p3kPp/p5p1/4K1P1/5P2/PP6/8 b - - 2 48,f6g6 a2a4 h6h5 g4h5,2139,85,85,37,crushing endgame pawnEndgame quietMove short,https://lichess.org/vwNCHjDK/black#96,
BSX6A,8/8/p1k4p/1p4p1/1P4P1/3K1P1P/8/8 w - - 3 39,d3e4 a6a5 b4a5 b5b4 a5a6 c6b6 a6a7 b6a7,2116,75,83,308,crushing endgame master masterVsMaster pawnEndgame quietMove veryLong,https://lichess.org/YKqzOznh#77,
BSn6p,3q2k1/ppp4p/6p1/4p3/2b1P3/P1P1BPN1/1nQ3PP/6K1 b - - 1 27,b2d1 e3d2 d8f8 c2d1,2106,74,94,6551,crushing endgame interference master masterVsMaster quietMove short trappedPiece,https://lichess.org/oYvUW9iA/black#54,
BTHwc,r1bq1rk1/5ppp/p2p1P1b/1ppPp2Q/4P1PN/3P4/P5BP/4RR1K b - - 0 24,h6f4 f1f4 e5f4 e4e5 d6e5 g4g5 c8g4 h5g4,2190,116,79,73,advantage middlegame quietMove sacrifice veryLong,https://lichess.org/caA7w212/black#48,
BTNcL,1b1kr3/ppqn2Q1/2p2r2/3pp1NP/1P1P2P1/P7/1B3P2/R3R1K1 w - - 1 28,g5f7 f6f7 g7f7 e5e4 f2f4 e8f8,2104,103,74,25,crushing long middlegame quietMove sacrifice,https://lichess.org/rO31NPw4#55,
BTUCJ,r7/5k2/2b1pqp1/2Pp4/p2P1PP1/4Q1KP/1p6/R3R3 w - - 0 38,a1a2 a8b8 e1b1 b8b3 e3b3 a4b3,2190,80,91,469,advantage endgame long pin quietMove,https://lichess.org/TJG7dO89#75,
BUFEZ,8/5pkp/P1R2np1/8/8/3p2P1/1r2p1P1/R5K1 b - - 0 40,b2d2 c6c1 d2b2 a6a7 d3d2 a7a8q,2159,75,85,198,advancedPawn advantage endgame long promotion quietMove,https://lichess.org/9ICF6I9s/black#80,
BUGv7,2r3k1/1p3ppp/1Q1P4/p3p3/1n6/KP3P2/2q4P/3R3R w - - 3 30,b6a5 b4d3 d1d3 c2d3,2186,172,-50,16,crushing endgame quietMove short,https://lichess.org/Ur4RiKKn#59,
BUIyK,8/6p1/4k2p/8/1P6/6P1/6K1/8 b - - 0 69,g7g5 g3g4 e6d5 g2f3 d5c4 f3e4 c4b4 e4f5,2104,76,93,2863,crushing endgame pawnEndgame quietMove veryLong,https://lichess.org/Nb0na3yD/black#138,
BUQkk,8/8/pr4k1/R5P1/6K1/8/8/8 w - - 9 64,a5f5 b6b4 f5f4 a6a5 g4f3 b4f4 f3f4 a5a4,2193,78,96,1362,crushing defensiveMove endgame quietMove rookEndgame veryLong,https://lichess.org/SyXiMCa1#127,
BUY8F,8/7p/6p1/5p2/8/4K2P/2k2PP1/8 b - - 2 49,c2c3 h3h4 c3c4 e3f4,2128,122,76,22,crushing endgame pawnEndgame quietMove short,https://lichess.org/DMIexoAN/black#98,
BUcHT,r4rk1/bp1nqpp1/p1ppb2p/4p1N1/PPP1Q2P/4P3/1B1PBPP1/R3K2R b KQ - 0 14,h6g5 h4g5 f7f5 e4h4 g7g6 h4h8 g8f7 h1h7 f7e8 h7e7,2160,76,94,5049,advantage clearance kingsideAttack middlegame quietMove skewer veryLong,https://lichess.org/GlAvTfqB/black#28,English_Opening English_Opening_Kings_English_Variation
BUjgq,3r2k1/6pp/1Q2Rp2/3qp3/8/6P1/P4PKP/8 w - - 3 40,g2g1 d8c8 b6b1 d5e6,2139,76,95,392,crushing endgame master quietMove short,https://lichess.org/hX07RD0K#79,
BVEDI,8/1p6/2b2K2/5pp1/2P3k1/8/7P/2B5 w - - 0 45,c1g5 f5f4 h2h3 g4g3 h3h4 f4f3 g5e3 g3h4,2123,81,85,78,bishopEndgame crushing defensiveMove endgame quietMove veryLong,https://lichess.org/irja3tq5#89,
BVGqe,3r2kb/pR5p/5pp1/2qp4/5B1P/6P1/5P2/1Q4K1 b - - 0 34,f6f5 b1e1 c5c6 e1e7,2150,90,81,47,advantage endgame quietMove short,https://lichess.org/27WQqUKN/black#68,
BVVRK,r7/8/p1pb2k1/2p2pBr/3q1P2/3P2P1/P5K1/R2Q1R2 w - - 2 28,d1f3 a8h8 g5h4 h5h4 g3h4 h8h4,2175,76,92,2036,crushing long middlegame quietMove,https://lichess.org/9vKffDZj#55,
BWIFH,8/p7/1p6/4Nk2/3K2p1/P4bP1/1P6/8 w - - 7 47,e5f3 g4f3 d4e3 f5g4 e3f2 b6b5 b2b3 a7a5 b3b4 a5a4,2149,78,91,1127,crushing defensiveMove endgame quietMove veryLong zugzwang,https://lichess.org/8oGNxXrr#93,
BWIRv,8/2P5/4Bk1p/p4Pp1/1p2p3/1P6/5K2/2r5 w - - 1 49,c7c8q c1c8 e6c8 g5g4 f2e3 g4g3,2170,120,83,12,crushing endgame long quietMove,https://lichess.org/YgT6f3gb#97,
BWKXJ,8/8/3N2kp/p5p1/2p5/3b2P1/1P3PKP/8 w - - 0 40,g2f3 c4c3 b2c3 a5a4 f3e3 a4a3 e3d3 a3a2,2165,76,94,2601,advancedPawn crushing endgame quietMove sacrifice veryLong,https://lichess.org/QzcKGvD4#79,
BWTJG,rnbq1rk1/ppp2p2/4p2Q/7P/3P4/2b2N2/P1P1KPP1/R4B1R b - - 1 14,b8c6 h1h3 c6d4 f3d4 d8d4 h3g3,2196,86,88,434,advantage long middlegame quietMove,https://lichess.org/EetaZQac/black#28,French_Defense French_Defense_Chigorin_Variation
BWeSb,rn2kbnr/1p3ppp/pq2p3/3p4/3P1Bb1/2N2N2/P1P1BPPP/1R1QK2R b Kkq - 1 10,b6c6 c3b5 a6b5 e2b5 b8d7 b5c6,2113,76,72,257,advantage long opening pin quietMove sacrifice,https://lichess.org/gotYycVI/black#20,Caro-Kann_Defense Caro-Kann_Defense_Other_variations
BWgT3,5r2/p1Pk3p/3P3P/4p1p1/8/P7/2R1K3/8 b - - 3 39,g5g4 c2b2 f8c8 b2b8,2154,77,86,139,crushing endgame master quietMove rookEndgame short,https://lichess.org/7H0Siq4a/black#78,
BWmLz,8/2p2pk1/4p3/4PpP1/p3r3/R2N3K/8/8 w - - 6 48,h3g3 e4e3 g3f2 f5f4 a3a4 e3d3,2147,78,74,47,crushing endgame long quietMove,https://lichess.org/yBtdGN6z#95,
BWuLi,r4qk1/bpp2pp1/p1bprn1p/8/1PB1PB2/2P2Q1P/P2N2PK/R4R2 b - - 9 19,d6d5 e4d5 b7b5 c4b3 f6d5 b3d5 c6d5 f3d5,2138,74,91,781,advantage fork middlegame quietMove veryLong,https://lichess.org/A6KRiL4h/black#38,
BWyQ2,4r3/p2q1p1k/P1b2npp/p7/2PBp2N/2PrN1PP/4QP1K/4R3 b - - 6 37,e8e7 d4f6 d3d2 e2f1 e7e6 f6d4,2115,80,73,47,advantage hangingPiece long middlegame quietMove,https://lichess.org/LTvvcH9l/black#74,
BY6Ex,rnb2rk1/ppp2pp1/1q2p3/6NQ/2PP4/4P3/P4PPP/R3K2R b KQ - 3 14,b6b4 e1f1 b4c4 f1g1 c4d3 e3e4 d3e4 g5e4,2154,76,90,286,crushing defensiveMove middlegame quietMove veryLong,https://lichess.org/xGMuzOM8/black#28,Queens_Gambit_Declined Queens_Gambit_Declined_Other_variations
BYXoG,3rk2r/p2b1pp1/2pQpn2/7p/2qR1B2/8/P1P2PPP/4R1K1 b k - 5 19,c4c3 f4d2 c3b2 d2b4 f6d5 d4d5 b2b4 d6b4,2160,78,81,92,advantage middlegame pin quietMove veryLong,https://lichess.org/M90OkscT/black#38,Sicilian_Defense Sicilian_Defense_Classical_Variation
BYmJX,8/8/1K5p/2p1p1p1/P1k1p1P1/4P2P/8/8 b - - 2 47,c4b4 a4a5 c5c4 a5a6 c4c3 a6a7 c3c2 a7a8q c2c1q a8e4,2155,76,97,109,advancedPawn advantage endgame pawnEndgame promotion quietMove veryLong,https://lichess.org/9R3Yl8yI/black#94,
BYqaJ,6k1/5p1p/4b1p1/2B5/8/1pb1PBP1/4KP1P/8 w - - 0 31,e2d3 b3b2 d3c2 e6a2 c2c3 b2b1q,2165,77,91,414,advancedPawn bishopEndgame clearance crushing endgame long master promotion quietMove,https://lichess.org/ETQICdZs#61,
BZNiP,3r3k/6p1/p3Q3/1p6/7P/5PK1/PP1rp1P1/8 w - - 3 36,g3f2 d2d1 f2e2 d8d2 e2e3 d1e1 e3d2 e1e6,2111,77,89,187,advantage endgame queenRookEndgame quietMove skewer veryLong,https://lichess.org/uW2Z7o3H#71,
BZOkn,8/1p6/p7/4k1p1/4p2p/1P2K2P/1PP3P1/8 b - - 3 38,b7b5 b3b4 e5f5 b2b3,2198,79,91,2279,crushing defensiveMove endgame pawnEndgame quietMove short,https://lichess.org/oLKXG5Tl/black#76,
BZpoj,2k5/p1Pb3R/8/3p4/1N2p1p1/2P1P3/1qNK2P1/8 b - - 4 49,d7e6 b4a6 b2a2 h7h8 c8b7 a6c5 b7c7 c5e6,2195,82,83,98,crushing endgame exposedKing fork quietMove veryLong,https://lichess.org/6Hv33e07/black#98,
BaBjk,4R3/2N4k/3p2pB/p3b3/Pp2P3/1r5P/6P1/6K1 w - - 2 47,h6f8 e5g3 e8e7 h7g8 e7g7 g8f8,2167,110,71,17,crushing endgame long quietMove,https://lichess.org/MdqWZJLZ#93,
BaLzk,r4rk1/3q2pp/p2Pp3/1pB5/1Pn1Q3/8/P1P3PP/R1K3R1 b - - 4 30,c4d6 e4d4 a8d8 g1d1 d7c6 c5d6 f8f5 d4a7 f5d5 d1d5,2196,92,78,41,advantage middlegame quietMove veryLong,https://lichess.org/QhQqBjBs/black#60,
BahIR,3r4/4kppp/P7/3p4/KP3P2/2rB2PP/8/3R4 b - - 0 41,g7g6 b4b5 e7d6 a4b4,2165,88,66,45,crushing endgame quietMove short,https://lichess.org/h2Owbtt9/black#82,
Bb5Hk,8/8/8/2k2p1p/2Pp3P/1P1K4/8/8 w - - 0 41,d3e2 f5f4 e2d3 f4f3 d3d2 c5b4,2120,75,86,498,crushing endgame long pawnEndgame quietMove,https://lichess.org/H3F63grB#81,
BbMRS,8/6p1/5k1p/p4P2/2P3PP/2P2R2/7r/5K2 w - - 1 37,h4h5 a5a4 f1g1 h2b2,2142,77,83,321,crushing defensiveMove endgame quietMove rookEndgame short,https://lichess.org/sRSHU51f#73,
BbMy2,8/4k2p/4p1p1/4K3/5P2/6P1/7P/8 b - - 5 37,e7f7 g3g4 f7e7 g4g5,2111,76,95,406,crushing defensiveMove endgame pawnEndgame quietMove short,https://lichess.org/QqdxMhWY/black#74,
BbV4j,8/5pkp/1p6/2p2P2/2P3P1/p7/P6P/q4QK1 b - - 0 32,a1a2 f5f6 g7f8 f1e1 a2b1 e1b1,2144,76,95,98,crushing endgame long queenEndgame quietMove,https://lichess.org/3iE7ToaI/black#64,
Bbdtm,7k/ppp5/3p4/4r1p1/8/2P3r1/PP2nQ1K/R7 b - - 1 33,h8g7 a1f1 g3h3 h2h3,2114,75,91,763,crushing endgame quietMove short,https://lichess.org/vfXWddmz/black#66,
BbfAs,1r6/6p1/7p/P1k5/K1Bb4/8/7P/4R3 w - - 3 43,c4e2 d4b2 e2b5 b8b5,2161,81,90,348,crushing endgame quietMove short,https://lichess.org/1M6YcxEL#85,
Bbqhs,8/8/p5p1/1ppp1k1p/5P2/PP1P1KP1/2P5/8 w - - 0 43,b3b4 c5b4 a3b4 d5d4 f3e2 f5g4 c2c4 d4c3,2197,77,87,215,crushing enPassant endgame pawnEndgame quietMove veryLong zugzwang,https://lichess.org/NvWPA6iK#85,
Bc4Na,r2q1r1k/1b3p2/pb3P2/1p2n1B1/1P1pBR2/2P5/P1Q3KP/R7 b - - 1 23,d4d3 c2d1 b7e4 f4e4 d8d5 d1h5 h8g8 a1e1 d3d2 g5d2,2194,111,49,36,clearance crushing exposedKing middlegame quietMove veryLong,https://lichess.org/ypcm0v3U/black#46,
Bc9Z6,5rk1/3b1ppp/p2q4/1p6/8/1BR2QPP/PP3P2/6K1 b - - 0 31,d7h3 g3g4 h3g4 f3g4,2170,77,90,1319,advantage endgame quietMove short trappedPiece,https://lichess.org/ORhHNiKd/black#62,
BcJnE,8/8/p1p2p2/2p1k2p/2P4P/2P2KP1/P7/8 b - - 0 31,a6a5 g3g4 h5g4 f3g4 e5e4 h4h5 f6f5 g4h3,2193,136,-43,31,crushing defensiveMove endgame pawnEndgame quietMove veryLong,https://lichess.org/uv8YdWyx/black#62,
Bclsq,8/6pp/1Bk1p3/2n1p3/4P1K1/5PPP/8/8 w - - 0 47,b6c5 c6c5 h3h4 c5d4 g4h3 d4e3 h3g2 h7h5 g3g4 h5g4,2146,80,90,129034,crushing endgame quietMove veryLong zugzwang,https://lichess.org/AmFzNtue#93,
Bd14z,6k1/pp3p2/5Qp1/8/2pPp1P1/q1P1P3/2PK4/8 b - - 0 32,a7a5 d4d5 a3c5 d5d6,2121,76,86,185,crushing endgame queenEndgame quietMove short,https://lichess.org/hBqvHnlp/black#64,
BdKKC,r1bq4/pp4k1/5pp1/4r2p/4p2P/2QBP3/PP3PP1/2KR3R w - - 0 18,d3e4 d8e7 f2f3 e5c5,2146,76,88,288,crushing middlegame pin quietMove short,https://lichess.org/Z22TKx4w#35,Slav_Defense Slav_Defense_Schlechter_Variation
BdV68,8/2R1k3/p6r/1p2P2r/4K2p/P6R/8/8 b - - 5 51,e7d8 h3c3 h5e5 e4e5,2181,223,-30,6,crushing endgame quietMove rookEndgame short,https://lichess.org/HnrVE2d6/black#102,
BddKr,8/8/pp2p2k/2p1P2p/4P2P/PP1K4/8/8 b - - 0 35,h6g6 d3c4 g6f7 a3a4 f7e7 a4a5 e7d7 a5b6 d7c6 b6b7 c6b7 c4c5,2196,75,83,209,advancedPawn crushing deflection endgame pawnEndgame quietMove veryLong,https://lichess.org/TMqwxJ0D/black#70,
BeFGo,6k1/p2Q1pp1/1p2r1b1/7p/4p1P1/1PP2q1P/P4PN1/3R2K1 b - - 7 30,f3h3 d7c8 g8h7 d1d8 h7h6 d8h8,2120,82,48,32,advantage clearance endgame long master quietMove,https://lichess.org/KzodHDgx/black#60,
BeFfh,1k5r/ppp2pp1/2pr1n2/8/3qP1p1/2NP2Q1/PPP1BPP1/R4RK1 w - - 0 16,e4e5 f6e4 d3e4 d6h6 g3h3 g4h3,2161,77,90,1731,clearance crushing long middlegame quietMove sacrifice,https://lichess.org/LoFyLU96#31,Russian_Game Russian_Game_Stafford_Gambit
BeOWz,r1q1rk2/pp3pp1/6n1/3p2PR/1Q1P1P2/P3B3/4PK2/R7 b - - 6 26,e8e7 a1h1 f8g8 b4e7,2123,97,82,23,crushing middlegame quietMove short,https://lichess.org/2icW7d7E/black#52,
Becnx,8/8/1p6/p1pk2pp/P7/1PP1K1PP/8/8 w - - 1 42,e3d3 c5c4 b3c4 d5c5 g3g4 h5h4 d3e4 c5c4,2170,74,92,6093,crushing endgame pawnEndgame quietMove veryLong zugzwang,https://lichess.org/jCMBqRU6#83,
Bf7vr,r2q1rk1/pp5p/6p1/2p1PP2/2P1Q3/1P1p4/P2B1P1P/R5K1 b - - 0 20,g6f5 e4g2 g8h8 d2c3 d8e7 e5e6,2198,83,90,2997,advantage discoveredAttack endgame long quietMove,https://lichess.org/N14dzTI0/black#40,
BfAwP,8/8/8/2k1ppp1/BpP5/3K4/5P2/8 w - - 2 46,a4b5 e5e4 d3d2 f5f4 b5d7 c5c4,2185,79,90,406,bishopEndgame crushing endgame long quietMove,https://lichess.org/mQXpIrdA#91,
BfBkf,1k1R4/1p5p/1pp3p1/q1P2p2/P7/6P1/1b2BPK1/R7 b - - 2 32,b8c7 a1d1 b6c5 d1d7 c7b6 d8b8 a5a7 a4a5,2170,77,91,3029,advantage endgame quietMove veryLong,https://lichess.org/w7JHe1le/black#64,
BfDbQ,8/6p1/8/8/7P/p5P1/k1K5/8 b - - 1 43,a2a1 h4h5 a1a2 g3g4 a2a1 g4g5,2178,85,90,557,crushing defensiveMove endgame long pawnEndgame quietMove zugzwang,https://lichess.org/2AVmZM4o/black#86,
BfKZC,1k1r1b1r/pp3ppp/3p4/2p5/4P3/RP1Q4/1qPN2PP/R5K1 b - - 1 19,a7a6 c2c3 b2a3 a1a3,2174,75,93,6681,advantage middlegame quietMove short,https://lichess.org/Wq9MoZTV/black#38,Bishops_Opening Bishops_Opening_Urusov_Gambit
BfdNd,2QR4/pp3p2/3q1kp1/5p2/P7/6PP/5P1K/1r6 b - - 3 37,d6b6 c8c3 f6e7 d8d2 b1e1 d2b2,2158,121,85,63,advantage endgame long quietMove,https://lichess.org/pZcQoyI0/black#74,
Bg3nL,8/1p6/2p2k2/p2p3p/2PP1K1P/PP6/8/8 b - - 0 40,b7b6 c4d5 c6d5 a3a4 f6g6 f4e5,2144,85,86,34,crushing endgame long pawnEndgame quietMove zugzwang,https://lichess.org/SBPpW6u6/black#80,
BgG5I,5r2/p5pk/3p2q1/Q3p3/4b3/2P3P1/PP4BP/R1B3K1 w - - 0 23,a5a7 e4g2 a7e7 g6f5 e7f8 f5f8,2153,76,91,4771,advantage long middlegame quietMove,https://lichess.org/7AQvfHCX#45,
BgTSX,8/5p1k/1B6/P2Pp3/4Pnq1/8/P1Q3B1/4b2K w - - 0 39,a5a6 f4e2 c2e2 g4e2,2166,79,89,1082,crushing endgame quietMove short,https://lichess.org/UH9uqktg#77,
Bgfi6,r7/P6p/8/2p1p3/2Pk1p2/R2P4/5K1P/8 b - - 2 34,h7h5 f2f3 h5h4 h2h3 e5e4 d3e4,2140,76,92,2229,crushing endgame long quietMove rookEndgame zugzwang,https://lichess.org/jiFydrZK/black#68,
Bgmom,4rr2/p2p2k1/n1b3p1/bp6/3Q4/2P2B2/q4PPP/4RRK1 b - - 3 32,f8f6 e1e8 a2f7 f1e1 a6c7 e8e7,2119,78,79,127,crushing hangingPiece long middlegame pin quietMove,https://lichess.org/RalH2XuX/black#64,
BgsRh,3N4/p3r1p1/6k1/8/1P1Q4/P5PP/3p1PK1/3q4 w - - 13 50,d8c6 e7e1 c6e5 e1e5 d4e5 d1c2,2135,141,86,14,crushing defensiveMove endgame long quietMove sacrifice,https://lichess.org/qWipIIGU#99,
BgsY3,8/p7/2p5/1kp3p1/2p2PP1/3rRK2/PP6/8 b - - 2 41,g5f4 e3d3 c4d3 g4g5 c5c4 g5g6 d3d2 f3e2 f4f3 e2d2,2126,76,90,1158,crushing endgame quietMove rookEndgame veryLong,https://lichess.org/494gwxVU/black#82,
Bhgog,r1bq1rk1/5pb1/p1np2p1/1ppBp1N1/4P3/P2P4/1PP1QPPP/4RRK1 b - - 0 15,c8b7 e2g4 d8f6 g4h4 g7h6 h4h6,2101,77,78,51,advantage long middlegame quietMove,https://lichess.org/XYQGlVuG/black#30,Sicilian_Defense Sicilian_Defense_Bowdler_Attack
BhtXU,8/8/2pk1b2/3Pp1p1/4PpP1/3N1K1P/8/8 w - - 0 43,d3b4 c6c5 b4c2 c5c4 c2e1 d6c5,2184,77,87,110,crushing endgame long master quietMove,https://lichess.org/Dc9RE2QJ#85,
BiDq4,2k5/B6p/2P5/P2K4/5r1P/8/5P2/8 b - - 0 40,f4h4 a7d4 h7h5 a5a6,2181,75,90,3064,crushing endgame quietMove short,https://lichess.org/MH6kxnfG/black#80,
BiMWx,8/1PR5/2K2p2/5k2/8/8/1r6/8 b - - 3 55,f5f4 c7c8 b2b7 c6b7,2114,79,92,502,crushing endgame quietMove rookEndgame short,https://lichess.org/p1GMU8p0/black#110,
BiP2w,2N5/5k2/K5p1/pP4P1/r6P/8/8/8 b - - 1 62,a4a1 b5b6 a1b1 c8d6 f7e6 d6b5 b1f1 b6b7,2189,77,89,1039,advancedPawn crushing endgame quietMove veryLong,https://lichess.org/4ICb8GAQ/black#124,
BiPS0,8/8/5pp1/p7/1p1kPp1p/PP3P1P/3K1P2/8 w - - 0 40,a3a4 g6g5 d2c2 g5g4 f3g4 d4e4 c2d2 e4f3 d2e1 f3g2,2156,78,94,7937,crushing deflection endgame pawnEndgame quietMove veryLong zugzwang,https://lichess.org/ZeTk7nsB#79,
BibN6,8/7p/4k3/6p1/1P2K3/8/7P/8 b - - 0 55,h7h5 b4b5 g5g4 e4f4,2197,78,94,1143,crushing endgame master pawnEndgame quietMove short,https://lichess.org/t5dTkmiF/black#110,
BigxY,8/8/8/2k1p1pp/3pP2P/2pK1PP1/2P5/8 b - - 0 44,g5h4 g3h4 c5b4 f3f4 e5f4 d3d4 f4f3 d4e3 b4a3 e4e5 a3b2 e5e6 b2c2 e6e7 f3f2 e3f2,2170,84,91,115,advancedPawn crushing deflection endgame pawnEndgame quietMove veryLong zugzwang,https://lichess.org/VJfTwt8M/black#88,
Bih9n,r3r1k1/1p4n1/4P1Q1/1q1p4/3B1P2/2P2P2/p1PK4/3R4 b - - 0 36,e8e7 d1h1 b5e2 d2e2 e7e6 g6e6 g7e6 h1h8 g8f7 h8a8,2141,76,92,1295,crushing exposedKing middlegame quietMove skewer veryLong,https://lichess.org/MhjzhifA/black#72,
BijiO,r3k2r/pbppnppp/1pn1P3/8/8/2BBPN2/q1P2PPP/1N1Q1RK1 b kq - 0 12,e8g8 d3h7 g8h7 f3g5 h7g6 d1g4 c6e5 c3e5,2106,79,97,323,attraction clearance crushing kingsideAttack middlegame quietMove sacrifice veryLong,https://lichess.org/KXJ0ElKc/black#24,Englund_Gambit Englund_Gambit_Main_Line
Bj2sA,8/3Pk2p/4P1p1/7P/2pB4/2Pr4/4K3/8 w - - 0 44,h5g6 d3d4 c3d4 h7g6 d4d5 g6g5 d5d6 e7d8,2189,89,65,36,crushing endgame intermezzo quietMove veryLong,https://lichess.org/bqJXpK5B#87,
BjGRS,1r4k1/5pp1/QP2p2p/2Pq4/pP6/7P/5PPK/8 b - - 2 31,d5b7 a6b7 b8b7 b4b5 g8h7 c5c6 b7b6 c6c7 b6b5 c7c8q,2157,108,86,14,advancedPawn advantage endgame promotion quietMove veryLong,https://lichess.org/q1gValJm/black#62,
BjJgv,8/8/p6p/2p1k1p1/P3P3/3K2PP/8/8 b - - 0 46,a6a5 g3g4 e5f4 d3c4,2174,77,79,89,crushing endgame pawnEndgame quietMove short,https://lichess.org/2Cg8XYNm/black#92,
BjQv4,8/p4Nb1/3N2k1/1Pp5/3p1Rp1/1P1P4/1B2r2K/4n3 w - - 2 40,h2h1 e1f3 f4g4 g6h5 g4g5 f3g5,2162,97,45,19,crushing defensiveMove long middlegame quietMove,https://lichess.org/UIzic5VU#79,
BjZGF,1r3q2/pb1p2k1/1p5p/1Pp3p1/2PpP3/P2Q2P1/6BP/4R1K1 b - - 1 27,b8e8 e1f1 f8e7 e4e5 e7e5 g2b7 e5e3 d3e3,2194,75,66,81,advantage discoveredAttack endgame quietMove veryLong,https://lichess.org/WYbW2ioL/black#54,
BjrFy,r4rk1/p1pnqp1p/1p1p2p1/3p4/3B1P2/2P2Q2/P1PK3P/5BR1 b - - 3 17,f7f5 f3d5 e7f7 f1c4 f7d5 c4d5 f8f7 d5a8,2132,76,94,737,advantage fork middlegame quietMove veryLong,https://lichess.org/9hpOXSHq/black#34,Owen_Defense Owen_Defense_Other_variations
Bk77r,8/8/p1b5/8/1P1B2p1/P2kPp2/5K2/8 w - - 1 49,f2g3 c6e4 g3f2 g4g3 f2g3 d3e2,2194,101,85,25,bishopEndgame crushing endgame exposedKing long quietMove,https://lichess.org/SqkG1kHk#97,
BkZDS,8/3R1pk1/3RP1p1/7p/5P1P/1r4P1/r5K1/8 w - - 1 53,g2h3 b3b2 g3g4 b2h2,2182,79,53,64,advantage endgame master quietMove rookEndgame short,https://lichess.org/OUE7pwV2#105,
Bkw2t,8/4kp2/R2n2p1/4P1P1/5PK1/p7/r7/8 w - - 1 44,a6d6 a2a1 d6a6 a3a2,2160,75,92,3021,advancedPawn crushing endgame master quietMove rookEndgame short,https://lichess.org/WtnT7uFH#87,
BlK2O,3r2k1/5p2/1pq1n1pQ/p3R2p/7P/6P1/P4PK1/4R3 w - - 3 36,g2h2 e6d4 e1e3 d4f3 e3f3 c6f3,2121,76,100,86,advantage endgame fork long master quietMove,https://lichess.org/HU7dULHm#71,
BlL9V,8/5p1p/6p1/1p3P2/1k2P1P1/3K4/7P/8 b - - 0 41,b4a3 e4e5 b5b4 e5e6 f7e6 f5f6,2150,76,92,2233,crushing endgame long pawnEndgame quietMove,https://lichess.org/ei3Us2qT/black#82,
BmdCh,2kr1bnr/2pbqpp1/1pn1p2p/p2pP3/P2P4/1QP2N2/1P2BPPP/RNB2RK1 w - - 0 10,b3b5 c6b4 c3b4 d7b5,2133,77,84,60,advantage discoveredAttack middlegame quietMove short trappedPiece,https://lichess.org/FO8Uu4dU#19,French_Defense French_Defense_Advance_Variation
BnRMR,8/8/5p1p/5Kpk/5P2/8/5P2/8 w - - 0 45,f4g5 f6g5 f5f6 h5g4 f6g6 h6h5 f2f3 g4h4 g6h6 g5g4 f3f4 g4g3,2191,79,95,1653,crushing endgame pawnEndgame quietMove veryLong zugzwang,https://lichess.org/0VaFJ6ii#89,
BnReF,r2qr1k1/1pp2pp1/p4n1p/2b1B2b/P1B3P1/2NP3P/1PP5/R3QR1K b - - 0 16,f6g4 h3g4 h5g6 e1g3 e8e5 g3e5,2141,77,82,60,advantage long middlegame quietMove,https://lichess.org/mF2k1WI7/black#32,Kings_Gambit_Accepted Kings_Gambit_Accepted_Fischer_Defense
BnSxF,8/1p6/p3k1p1/2p1P3/P3K1P1/8/1P6/8 b - - 0 35,a6a5 g4g5 c5c4 e4d4 e6f5 d4d5,2132,78,98,99,crushing endgame long pawnEndgame quietMove zugzwang,https://lichess.org/QhpugDr9/black#70,
BnUF6,8/1pp5/8/pk4N1/5p2/3PpK2/7P/8 w - - 0 65,h2h4 a5a4 g5e6 a4a3 e6d4 b5a4 h4h5 a3a2 d4c2 a4b3 c2a1 b3b2 h5h6 b2a1 h6h7 a1b1,2182,83,72,54,advancedPawn crushing defensiveMove endgame knightEndgame quietMove trappedPiece veryLong,https://lichess.org/N291sqrD#129,
BnkTW,8/5kP1/7P/7K/1P6/8/1b6/8 b - - 0 45,f7g8 b4b5 g8f7 b5b6 b2d4 b6b7,2105,83,83,32,advancedPawn bishopEndgame crushing endgame long quietMove,https://lichess.org/mrDyTHzg/black#90,
BnuwA,2r2r1k/pp1R2pp/2p1B3/2q1P3/2P2P2/1P2p2P/P4QP1/5RK1 w - - 0 23,f2g3 e3e2 f1f2 e2e1q g1h2 f8g8 e6g8 c8g8,2189,80,90,4851,advancedPawn advantage deflection discoveredAttack middlegame promotion quietMove veryLong,https://lichess.org/SjGWJvhJ#45,
Bocc8,3r3r/q1k5/p1p2b1p/4pQp1/8/2P5/P4PPP/1R3RK1 b - - 0 28,d8f8 f1d1 f8f7 f5e6 h8f8 e6d6,2141,88,82,30,crushing long middlegame quietMove,https://lichess.org/4sv8YkWF/black#56,
Boldo,2R5/5P1p/1p6/2b3pk/5r2/1B5P/P5K1/8 b - - 7 38,h5h4 c8c5 b6c5 a2a4 c5c4 b3c4,2170,78,86,114,crushing endgame long quietMove sacrifice,https://lichess.org/XUhwiGhn/black#76,
BorfA,8/5B2/2p2p2/1pk1p3/p7/4P1P1/4K3/8 w - - 6 40,e2d2 c5b4 d2c2 b4a3 f7e8 b5b4 e8c6 b4b3 c2b1 a3b4,2154,111,71,22,bishopEndgame crushing defensiveMove endgame quietMove veryLong,https://lichess.org/sHqnWyPS#79,
BpNo6,8/1pR3kp/p3p1p1/Pb1p1p2/7P/1r3NP1/5P2/6K1 b - - 0 37,g7h6 f3g5 h6h5 f2f3 b3f3 g5f3,2151,79,85,149,crushing endgame long quietMove,https://lichess.org/dP4MUKlO/black#74,
Bpkzz,1k1r4/3B4/3K4/8/8/1P2P3/8/8 b - - 4 62,b8b7 e3e4 d8b8 e4e5 b7a6 d7a4,2105,90,83,22,crushing defensiveMove endgame long quietMove,https://lichess.org/tKxyur1e/black#124,
Bq0sN,6k1/pp4p1/2p4p/3p4/1PqP4/2r4b/5R1P/3RQ1K1 b - - 1 39,c4b4 e1e8 g8h7 f2f8 b4f8 e8f8,2129,92,83,30,advantage endgame long quietMove,https://lichess.org/yrkDoZDh/black#78,
BqCEP,5r1k/3P3p/P6P/2p5/3r4/8/1PKR4/8 b - - 0 41,f8d8 d2d4 c5d4 a6a7 h8g8 b2b4 d8d7 a7a8q,2128,98,91,32,advancedPawn crushing endgame promotion quietMove rookEndgame veryLong,https://lichess.org/3VaYk3vc/black#82,
BqDu4,1r6/6k1/p3R1p1/8/2p5/2P4R/PK5P/3r4 w - - 3 34,b2c2 d1b1 c2d2 b8b2 d2e3 b1e1,2164,79,89,126,advantage endgame long quietMove rookEndgame,https://lichess.org/RxKEW6i2#67,
BqRUJ,4r3/1P5p/7p/p1pk1p2/P2p1P2/3K3P/6P1/1R6 b - - 0 50,e8b8 b1b5 h6h5 h3h4 d5c6 d3c4 b8b7 b5c5,2198,74,87,150,crushing endgame quietMove rookEndgame veryLong zugzwang,https://lichess.org/v7VUjIse/black#100,
Bqa1G,6k1/5p2/4p1pK/7p/1P1q1Q2/P5P1/8/8 b - - 11 49,e6e5 f4d4 e5d4 b4b5 d4d3 b5b6 g8f8 b6b7,2152,77,94,916,advancedPawn crushing endgame queenEndgame quietMove veryLong,https://lichess.org/LkDzv4VW/black#98,
Bqk0a,8/p7/1p2kp2/1P5K/6P1/8/8/8 b - - 3 55,f6f5 g4g5 e6e7 g5g6 e7f6 h5h6,2196,81,89,383,crushing defensiveMove endgame long pawnEndgame quietMove,https://lichess.org/SHZ8N1ji/black#110,
BqqOg,8/5k2/2R5/3p3p/1p1P1bpP/1rP5/4R1K1/8 b - - 0 48,b3c3 c6c3 b4c3 e2f2 c3c2 f2f4 f7e6 f4f1 c2c1q f1c1,2122,78,68,85,crushing endgame exposedKing pin quietMove veryLong,https://lichess.org/sgorNPu6/black#96,
BqrKs,r3r2k/pb3Qp1/1bp5/3p2q1/3pn3/3N1R2/PPP3PP/RN4K1 b - - 2 20,b7c8 f7e8 h8h7 f3f8 g5e3 g1f1 e4g3 h2g3 e3e8 f8e8,2155,95,80,21,crushing hangingPiece middlegame quietMove veryLong,https://lichess.org/bCTShd5j/black#40,
Br4tB,1kq2r1r/2p3p1/2Pp4/Q2P4/1P4P1/1R5P/P5B1/2b3K1 b - - 4 40,f8f4 b4b5 c1d2 a5d2,2121,79,80,70,advantage middlegame quietMove short,https://lichess.org/nlzEl4eD/black#80,
BrVGA,2Q5/4R1pk/2p2n1p/8/8/3r1q1P/PP3P1K/5R2 w - - 5 32,h2g1 d3d5 h3h4 d5d4 e7e3 d4g4 c8g4 f3g4,2142,75,90,2176,advantage endgame quietMove veryLong,https://lichess.org/Ph5gs0DC#63,
Bs1eo,r4r1k/pp3pp1/6n1/3p2Pp/q2B4/P1P2Q2/7P/R4RK1 b - - 1 25,a4d7 f3h5 h8g8 f1f3 f8e8 f3h3 d7h3 h5h3,2125,75,91,1220,advantage middlegame quietMove veryLong,https://lichess.org/f58sWdTs/black#50,
BsJpa,r4rk1/ppp5/3p2R1/4p3/2PnP3/P3pN2/1PP3P1/2KR4 b - - 3 19,g8h7 g6g4 f8f6 d1h1 f6h6 f3g5 h7g7 g5e6,2102,100,82,56,crushing doubleCheck endgame exposedKing quietMove veryLong,https://lichess.org/QUMqD1kh/black#38,
BsPIl,2kn1b1r/ppp2ppp/4q3/6N1/2PPp3/7P/PP2bPP1/R2Q1RK1 w - - 0 17,g5e6 e2d1 e6d8 d1h5 d8b7 c8b7,2163,76,86,207,advantage long middlegame quietMove trappedPiece,https://lichess.org/VjL3ZoBu#33,Scandinavian_Defense Scandinavian_Defense_Modern_Variation
BsfO0,8/p7/2r3p1/7p/2pkP2R/P6P/2K3P1/8 w - - 0 54,g2g4 c6f6 g4h5 f6f2,2127,80,79,86,crushing endgame quietMove rookEndgame short,https://lichess.org/AXTOxCcE#107,
Bsnsg,6k1/p1r2ppp/R1N1p3/8/3P4/3QP1P1/5qPK/8 w - - 0 27,c6a7 c7c1 a6c6 f2g1 h2h3 g1h1,2170,80,72,56,crushing endgame long quietMove,https://lichess.org/jwYJ04vE#53,
BtL1F,6k1/pp3pp1/7p/1P1p4/1Pn2P2/4P2P/4B1P1/6K1 w - - 1 34,e2c4 d5c4 g1f1 f7f5 f1e2 g8f7,2135,76,83,581,crushing defensiveMove endgame long quietMove,https://lichess.org/8jyvwX2N#67,
BtXkC,4r1k1/1pp2p2/1n1p2p1/2n5/1q2PP2/1P3QN1/2P3P1/2KR3R w - - 4 28,f4f5 e8a8 h1h8 g8h8,2195,76,91,301,advantage middlegame quietMove short,https://lichess.org/UcXSj8fq#55,
BtrOQ,8/4b3/5p2/k3pP2/P2pP3/1K6/2N5/8 b - - 8 53,d4d3 c2e3 a5a6 e3c4 e7f8 b3c3 f8h6 c3d3,2154,79,85,58,crushing endgame quietMove veryLong,https://lichess.org/VUpAgSyc/black#106,
BuGyA,5r2/5p1k/p2q2p1/1p4Qp/2p4R/3p1P2/5PK1/3R4 b - - 1 42,c4c3 d1h1 f7f5 h4h5,2118,94,100,36,crushing endgame quietMove short,https://lichess.org/dvPDyYyd/black#84,
BuWm8,r2q1rk1/1b1nnp1p/1p2p1p1/8/4N3/b2B1N1P/2PBQPP1/1R3RK1 b - - 1 15,d7c5 e4f6 g8h8 d2c3 e7g8 f6d7 f7f6 d7f8,2158,78,65,61,advantage discoveredAttack kingsideAttack middlegame quietMove veryLong,https://lichess.org/CK3AS8TX/black#30,Queens_Pawn_Game Queens_Pawn_Game_Other_variations
Bucbw,2r1r1k1/2p4p/6p1/3qPp2/2R2P2/4Q1P1/7P/2R3K1 w - - 1 32,c4c7 c8c7 c1c7 d5d1 g1f2 e8d8 e3e1 d8d2 e1d2 d1d2,2172,77,92,1876,crushing endgame quietMove veryLong,https://lichess.org/czBXs4y4#63,
Buco9,7R/8/2p5/P2p4/3P4/1KP3k1/6rp/8 w - - 3 54,b3b4 g2g1 h8h2 g3h2,2188,79,85,141,crushing endgame quietMove rookEndgame short,https://lichess.org/LKvJp6qL#107,
Buewk,4r1k1/2R5/2p1qp2/1pQp1ppp/1P1P1P2/3bP1P1/5K1P/3N4 b - - 5 32,e6e4 c5a7 e8e7 c7e7 e4e7 a7e7,2100,77,84,90,crushing endgame long quietMove,https://lichess.org/xhroGf65/black#64,
BuiRo,r4rk1/pb2Q3/1p2p2p/3q1p2/3pNP2/P2B4/1P1B2PP/5RK1 b - - 0 22,f5e4 f1f3 f8f7 f3g3,2154,75,95,523,advantage middlegame quietMove short,https://lichess.org/fSF7gEcV/black#44,
Bv13U,8/8/4p1p1/3pK3/2k2PP1/8/8/8 w - - 10 50,e5e6 d5d4 f4f5 d4d3 f5f6 d3d2 f6f7 d2d1q f7f8q d1g4 e6d6 g4d4 d6c6 d4d5 c6b6 d5b5 b6c7 b5c5 f8c5 c4c5,2130,92,100,27,advancedPawn crushing endgame master pawnEndgame promotion quietMove veryLong,https://lichess.org/HccBNOgu#99,
BvDri,6N1/8/1p6/pk6/5K2/6P1/8/8 w - - 0 50,g3g4 a5a4 g8e7 a4a3 e7d5 b5c4,2137,79,91,1081,crushing endgame knightEndgame long quietMove,https://lichess.org/oAjRs3T6#99,
BvNvo,2rr2k1/1Qp1Rppp/3p4/2q5/p7/P5P1/5P1P/3R2K1 b - - 1 29,d8e8 d1e1 g8f8 b7e4 c5e5 e7e5,2117,75,91,2372,advantage endgame long quietMove,https://lichess.org/ntgcgKGb/black#58,
BvXzo,8/8/K2p4/3k1p2/8/6P1/5P2/8 w - - 0 47,a6b5 d5e4 b5c6 d6d5 c6c5 d5d4 c5c4 d4d3 c4c3 e4f3 c3d3 f3f2,2113,78,80,201,crushing endgame pawnEndgame quietMove veryLong,https://lichess.org/tVTZlzxA#93,
Bw291,2q1r1k1/1p3p1b/2p2Q2/2PpN3/3P4/r1b4P/P3RPP1/2R3K1 b - - 0 29,c8f5 e5g4 e8e2 g4h6 g8f8 h6f5,2172,78,87,536,advantage fork long middlegame quietMove sacrifice,https://lichess.org/6FZseOpN/black#58,
Bw2ZJ,8/7K/5b2/1p4k1/1B1p1p2/1P3P2/4P3/8 w - - 10 56,h7g8 g5h4 g8f7 f6h8 f7e6 h4g3 e6f5 g3f2,2131,97,38,20,bishopEndgame crushing endgame quietMove veryLong,https://lichess.org/XKukG5fn#111,
BwWIT,2r2r2/7k/1p3q2/p1p1N3/2PpR3/P2P1p2/1P3P2/3QRK2 w - - 0 41,e5d7 f6h6 d7f8 c8f8 d1f3 f8f3,2155,110,81,13,advantage long middlegame quietMove sacrifice,https://lichess.org/tK5ZuKnJ#81,
Bwtjn,r4r2/6Q1/1p6/p1b2pk1/8/3pP3/PP3PP1/1K6 b - - 0 31,g5h5 f2f4 f8g8 g7h7 h5g4 h7h3,2177,76,94,1358,endgame long mate mateIn3 quietMove,https://lichess.org/NHfidZTa/black#62,
Bx5PA,1R6/3k1pp1/p2Bp2p/4P3/4b1Pb/1P1p4/P4P2/6K1 w - - 0 38,g1f1 d3d2 f1e2 h4g5 f2f4 g5f4,2111,80,90,272,advancedPawn advantage endgame long quietMove,https://lichess.org/fLsCBbs8#75,
BxZg0,4k3/1r2P2p/3P2p1/6K1/P1r5/7P/1p1N4/4R3 b - - 1 52,c4c2 d2e4 c2c8 e4f6 e8f7 d6d7 b7d7 f6d7,2128,81,84,173,advancedPawn advantage endgame exposedKing quietMove veryLong,https://lichess.org/J7bctHwK/black#104,
Bxz6L,6r1/2R5/8/1P2pBk1/1b2P3/8/3p1P2/3K4 w - - 2 45,b5b6 g5f4 d1c2 g8g1 c7d7 g1c1,2168,77,51,61,clearance crushing endgame long quietMove,https://lichess.org/jquxF8yN#89,
By1Su,1r3rk1/3qbppp/Q4n2/4p3/2P5/6P1/PP3P1P/RNB2RK1 w - - 1 18,b1c3 d7h3 a6c6 e5e4 c3e4 f6g4,2108,84,83,41,advantage long middlegame quietMove,https://lichess.org/5bmOXD6l#35,French_Defense French_Defense_Knight_Variation
By3GS,8/1p4p1/4k3/p1p1P2p/4K3/PP4PP/8/8 b - - 0 42,g7g5 a3a4 b7b6 h3h4 g5g4 e4f4 b6b5 a4b5,2177,78,73,57,crushing endgame pawnEndgame quietMove veryLong,https://lichess.org/x2cxSEFC/black#84,
By6Od,2b5/2k5/1p1p2p1/1P3pPp/1P1N1P1P/1K6/8/8 b - - 2 42,d6d5 d4c6 c8d7 c6e7 c7d6 e7g6,2193,77,82,506,crushing endgame long quietMove,https://lichess.org/atXtYcKN/black#84,
Byk13,2r2nk1/pp4p1/2r1p3/3p2pP/1q1P4/2N1QP2/PP6/1KRR4 w - - 0 28,e3g5 c6c3 c1c3 c8c3 h5h6 c3c7 h6g7 c7g7,2108,77,91,870,crushing middlegame pin quietMove veryLong,https://lichess.org/10e5V3Ev#55,
C05DO,8/8/8/1p1k1K2/5P2/8/8/8 w - - 1 82,f5g5 b5b4 f4f5 b4b3 f5f6 d5e6,2171,81,83,51,crushing endgame long pawnEndgame quietMove,https://lichess.org/XNjm1NI3#163,
C0SAw,r4rk1/pq3p2/1p4pQ/4p3/2n2B2/bN3R2/P1P3PP/1R4K1 b - - 1 21,e5f4 f3h3 f7f5 h6h8 g8f7 h8h7 f7f6 h7b7,2115,75,90,1182,crushing kingsideAttack middlegame quietMove skewer veryLong,https://lichess.org/XGUJaNSJ/black#42,
C0V2C,8/p5p1/1p1k2P1/3PnB2/1P2K3/8/8/8 b - - 2 54,e5d7 f5d7 d6d7 b4b5 d7d6 e4d4,2176,90,73,34,crushing defensiveMove endgame long quietMove,https://lichess.org/lpEmBhs7/black#108,
C0iZv,7r/3k4/1p3p2/pPbP1P1p/3N1B2/2p5/6PP/R5K1 w - - 1 33,a1d1 c3c2 d1d3 h8e8 g1f1 e8e4,2198,83,90,745,advancedPawn advantage endgame long pin quietMove,https://lichess.org/p5cibLCB#65,
C0wip,8/2p5/8/2pP1k2/P1K4b/8/8/8 b - - 0 48,f5e5 a4a5 c7c6 a5a6,2127,75,93,3413,bishopEndgame crushing endgame master quietMove short,https://lichess.org/mFB2uBnR/black#96,
C1JqL,1kbr1r2/p3q3/1p2P2p/2p2Bp1/1BP3P1/P6P/7Q/1K2R3 b - - 1 34,b8b7 f5e4 b7a6 h2c2 c8d7 e6d7,2124,76,91,1980,advancedPawn advantage long middlegame quietMove,https://lichess.org/vsqKoW84/black#68,
C1OJF,8/p7/1p2p3/4k3/2p5/2P2P1K/P5PP/8 w - - 0 39,h3g4 b6b5 f3f4 e5e4 a2a3 a7a5 h2h4 b5b4 a3b4 a5b4 h4h5 b4c3,2133,94,89,25,crushing defensiveMove endgame pawnEndgame quietMove veryLong,https://lichess.org/awEe3iIG#77,
C1REM,R7/5Qpk/5n1p/3Pp3/2p1P3/5P1P/4b1PK/4q3 b - - 2 41,e1f2 a8a7 f6g4 f3g4 f2f7 a7f7,2115,84,78,55,crushing endgame long quietMove,https://lichess.org/tIELDRdZ/black#82,
C1ySj,r7/p4Rpk/1p2p1p1/3pP3/P2Q2Pq/1P6/5PK1/8 b - - 2 32,g6g5 f7f3 h7g8 f3h3 h4h3 g2h3,2161,75,93,4116,crushing endgame long quietMove trappedPiece,https://lichess.org/ZGy5B3j1/black#64,
C20Vl,2kr2nr/Nbp1qpbp/Bp1p2p1/8/2Q2P2/4B3/PPP3PP/2Kn3R b - - 0 18,c8b8 a7c6 b7c6 c4c6 e7e3 c1b1 e3e4 c6e4 d6d5 e4a4 g8e7 h1d1,2118,106,48,24,advantage fork middlegame quietMove sacrifice veryLong,https://lichess.org/Fm8BympC/black#36,Modern_Defense Modern_Defense_Three_Pawns_Attack
C2AHi,5rk1/2rq2pp/p1p5/1p6/1P1P2pn/P1NQP3/5PP1/2R2RK1 w - - 2 26,c3e4 h4f3 g2f3 g4f3 f1d1 d7h3 d3f1 h3h4 d4d5 f8f6 c1c6 c7c6,2152,109,65,41,crushing middlegame quietMove sacrifice veryLong,https://lichess.org/BRkSt2Q3#51,
C2HM4,2r4k/6pp/3Pp3/p7/4Pp2/PpP2P2/6PP/5RK1 b - - 0 29,c8c3 d6d7 c3d3 f1c1 g7g5 c1c8 h8g7 d7d8q d3d8 c8d8,2186,79,90,645,advancedPawn crushing endgame promotion quietMove rookEndgame veryLong,https://lichess.org/ogFnssh0/black#58,
C2W0x,1k1r4/p3q1b1/P3p2p/1NNb1pp1/1p4n1/1Pp3P1/6PP/3R1BQK b - - 5 30,d8c8 c5b7 c8c5 b7c5,2106,75,92,3934,advantage master middlegame quietMove short,https://lichess.org/vXUdleI2/black#60,
C2dFb,8/6P1/5prp/2R4k/8/5K2/8/8 b - - 4 49,h5h4 c5c1 g6g7 c1h1 h4g5 h1g1 g5f5 g1g7,2131,74,93,1801,crushing endgame quietMove rookEndgame skewer veryLong,https://lichess.org/KvSLdIqc/black#98,
C2nEs,2kr1b1r/ppp2Npp/2n1pn2/8/7q/2NP4/PPPBBP2/R2Q1RK1 w - - 0 13,f7d8 f8d6 f2f4 h4g3,2109,76,89,1343,advantage middlegame quietMove short,https://lichess.org/1ez3aNVK#25,Scandinavian_Defense Scandinavian_Defense_Main_Line
C2vya,8/8/5pk1/5r1p/P6R/6P1/6K1/8 b - - 2 48,g6g5 h4b4 g5g6 b4b5 f5e5 b5e5,2192,82,91,704,crushing endgame long quietMove rookEndgame,https://lichess.org/RIUVnMwx/black#96,
C302S,r5k1/pp3q2/3Q2p1/2p2rPn/3p4/P2P4/NPPR4/2K4R b - - 0 23,f7a2 d6g6 h5g7 d2h2 a2a1 c1d2 f5f2 h2f2 a1h1 g6f7 g8h7 g5g6 h7h6 f7f4,2155,74,88,625,crushing exposedKing fork middlegame quietMove veryLong,https://lichess.org/zUfSvIJX/black#46,
C3DFa,7k/6pp/5p2/8/P3P3/1Npn3P/5rP1/R5K1 b - - 1 40,c3c2 a4a5 f2e2 a5a6 c2c1q b3c1,2106,76,90,312,crushing endgame long quietMove,https://lichess.org/GAD4LU4O/black#80,
C3Lvq,r1b1r1k1/p1p2ppp/4p3/1p6/1P2P2Q/2q3P1/5PBP/1RR3K1 b - - 1 21,c3d3 e4e5 a8b8 g2e4 d3e4 h4e4,2116,76,91,601,clearance crushing long master middlegame quietMove,https://lichess.org/OrtENnCe/black#42,
C3dIE,2k3r1/1pp1qp1p/p1p1bn2/4Q1B1/4P1r1/2NP4/PPP2PP1/R4RK1 w - - 3 17,g5f6 g4g2 g1h1 e7f8 e5f4 g2g4,2168,111,49,25,advantage long middlegame quietMove,https://lichess.org/2gQYL87Q#33,Ruy_Lopez Ruy_Lopez_Exchange_Variation
C3eQe,8/1p6/p1pprk2/6p1/P1P3P1/1P1R1P2/5K2/8 w - - 0 39,d3e3 e6e3 f2e3 f6e5 c4c5 d6d5 a4a5 d5d4,2115,84,84,47,crushing endgame quietMove rookEndgame veryLong,https://lichess.org/JAIG5dfZ#77,
C3v5j,8/8/7p/p3k3/1P4p1/P3KpP1/7P/8 w - - 0 52,b4b5 a5a4 h2h3 h6h5 b5b6 e5d6 b6b7 d6c7 b7b8r c7b8,2165,74,82,135,crushing endgame pawnEndgame quietMove veryLong,https://lichess.org/APK5Q0Da#103,
C467z,2kr3r/pp3p1p/4b3/5p2/2P1B3/1Pb5/P3KPPP/1RB4R w - - 0 17,e4f3 h8e8 c1e3 f5f4,2138,77,91,4270,advantage middlegame quietMove short,https://lichess.org/7Laof5qC#33,Sicilian_Defense Sicilian_Defense_Open
C5AIb,8/8/7p/5k2/3p1Ppp/6P1/1P3K1P/8 w - - 0 42,f2e2 h4g3 h2g3 h6h5 b2b4 h5h4,2192,85,90,972,crushing endgame long pawnEndgame quietMove,https://lichess.org/pQ1MkZAz#83,
C5DDY,8/8/5p2/1p5K/2k4P/6P1/8/8 w - - 0 43,h5g4 b5b4 h4h5 b4b3 h5h6 b3b2 h6h7 b2b1q h7h8q b1e4 g4h3 e4h1,2187,77,87,151,advancedPawn crushing endgame pawnEndgame promotion quietMove veryLong,https://lichess.org/dX8E640u#85,
C5Rm4,8/4k3/6p1/1pNp3p/P1pP3P/2P3K1/1P3P2/2b5 b - - 0 44,c1b2 a4a5 b5b4 a5a6,2118,75,88,324,advantage endgame master quietMove short,https://lichess.org/qE7aDl32/black#88,
C5gLh,r1b3k1/1p4p1/4pr2/p2p2N1/1n1P4/q3P1Q1/P5PP/1R3RK1 b - - 1 20,f6f1 b1f1 b4c2 g3h4 a3e3 g1h1 e3g5 h4g5,2176,78,91,1296,crushing middlegame quietMove veryLong,https://lichess.org/sWoLybRD/black#40,
C6ApG,1r5r/5k1P/b1ppqp2/p3p1p1/1p2P3/5P2/PPPQ4/1NKR3R b - - 1 34,e6a2 d2d6 a2e6 d6c7 f7g6 d1d7 e6d7 c7d7,2131,78,94,424,advantage clearance middlegame quietMove veryLong,https://lichess.org/ryxT1KyP/black#68,
C6pvs,6k1/1pp2ppp/3p1n2/3PpN2/r3P3/2q4P/4Q1PK/5R2 b - - 4 28,a4e4 e2a2 h7h5 a2a8 g8h7 a8f8 e4g4 h3g4,2177,78,91,4641,crushing endgame quietMove veryLong,https://lichess.org/ThRx3dW0/black#56,
C7KGl,rn2r1k1/ppp1qppp/8/5b2/3PpB2/b7/1PPQNPPP/2KR1B1R w - - 0 14,b2a3 e7a3 c1b1 e8e6 f4c7 e6a6 d2c3 a3a2,2162,81,87,48,advantage opening quietMove veryLong,https://lichess.org/O5w76lH3#27,French_Defense French_Defense_Winawer_Variation
C7MQD,rn3rk1/ppp1ppb1/6p1/3P3P/7q/2N1BP1B/PP4K1/R2Q4 b - - 2 19,g6h5 c3e4 f7f5 e3g5 h4h3 g2h3,2116,76,93,85,advantage long middlegame quietMove trappedPiece,https://lichess.org/qHtbYxky/black#38,
C7Stl,4k3/1R6/1p6/2p5/5R2/3P1P2/1P2rr2/6K1 b - - 6 50,e2b2 f4h4 f2g2 g1h1 e8f8 h4h8,2114,76,94,5775,crushing endgame long quietMove rookEndgame,https://lichess.org/DgQTB5al/black#100,
C7gZw,1R6/6pk/1Q5p/1P6/8/7P/4qPPK/5r2 w - - 7 37,b8f8 e2e5 f2f4 e5e1 f8h8 h7h8 b6d8 h8h7,2196,78,81,160,crushing endgame quietMove veryLong,https://lichess.org/or3jliTE#73,
C7tZD,r4k1r/p3bpp1/1pp3qp/4P3/3P4/1Q2PR2/PP4PP/5RK1 b - - 1 22,f7f6 e5f6 e7f6 b3e6 g6e8 f3f6 g7f6 e6f6 f8g8 f1f3 g8h7 f6f5 e8g6 f5d7,2129,107,87,23,crushing fork middlegame quietMove veryLong,https://lichess.org/tPCKzCzj/black#44,
C8AaH,8/1K6/2pk4/3n4/P7/6pB/2P5/8 b - - 3 57,d6c5 a4a5 d5f4 h3f1,2156,77,96,138,advantage defensiveMove endgame quietMove short,https://lichess.org/HsNHuVKQ/black#114,
C8Vuy,3r1rk1/pb3ppp/2qNp3/p1P1P3/1nQ1N3/5P2/1P4PP/2B2RK1 b - - 0 23,b7a6 e4f6 g8h8 c4h4 a6d3 d6e4 d3e4 f3e4,2149,76,82,327,clearance crushing middlegame quietMove veryLong,https://lichess.org/Tk16rg0F/black#46,
C8YZ1,8/1p3k2/p4pp1/1p5p/5KPP/P1P5/1P3P2/8 b - - 0 43,h5g4 f4g4 a6a5 f2f4 f6f5 g4g5,2101,138,54,15,advantage endgame long pawnEndgame quietMove,https://lichess.org/4EnRi0ty/black#86,
C9A7Y,1r2r3/1q2b1kp/p3Qnp1/1p6/5P2/P1N2RP1/1PPB2KP/4R3 w - - 2 24,c3e4 e7d8 e4c5 e8e6 c5b7 e6e1 d2e1 b8b7,2163,79,70,41,advantage discoveredAttack master middlegame quietMove veryLong,https://lichess.org/3jquDfpW#47,
C9AQP,rnb1k2r/ppp1q1pp/3b1n2/8/2B5/4BQ2/PPP2PPP/RN3RK1 b kq - 5 9,c8g4 f3b7 e7e5 g2g3 e5e4 b7e4,2127,76,92,8452,advantage long opening quietMove,https://lichess.org/so3P35yZ/black#18,Philidor_Defense Philidor_Defense_Philidor_Countergambit
C9Hr9,2r3k1/5p2/4p1p1/1Q1pq2p/1P6/2P1P2P/5PP1/2R3K1 b - - 0 28,c8c3 c1c3 e5c3 b5b8 g8h7 b4b5 d5d4 e3d4,2104,119,73,14,crushing endgame quietMove veryLong,https://lichess.org/zcqlzlgN/black#56,
C9OmC,r1b2rk1/2Qpqppp/p1n2n2/1p2p3/4P3/2N1B3/PPP2PPP/R3KB1R w KQ - 0 11,f1d3 a8b8 c3d5 f6d5 e4d5 b8b7,2130,79,85,93,advantage long middlegame quietMove,https://lichess.org/5WTHYrBU#21,Sicilian_Defense Sicilian_Defense_Lasker-Pelikan_Variation
C9xnI,5rk1/1R3pp1/pN5p/4q3/1P3n2/P4Q1P/5PP1/6K1 w - - 3 38,b6d7 e5e1 g1h2 f4e2 f3e2 e1e2,2105,74,94,3620,crushing endgame long quietMove,https://lichess.org/CGSxXXjw#75,
CAGCN,4r2k/5r1p/p2p1P2/2pPp3/q1P5/5R2/4Q2P/6RK b - - 4 32,e8f8 e2g2 f8b8 f3g3 a4e8 g3g7,2179,119,80,13,crushing endgame long quietMove,https://lichess.org/Xmogkmoh/black#64,
CAN11,7r/5pp1/p3p3/2k1R2p/2Pp1PrP/3R2P1/PK1P4/8 b - - 3 28,c5c4 d3b3 g4g3 b3g3,2196,76,86,87,crushing endgame master quietMove rookEndgame short,https://lichess.org/cKcASxd3/black#56,
CAWuP,8/5r2/PK6/8/2P5/8/5k2/8 b - - 2 71,f2e3 c4c5 f7f1 c5c6,2184,77,84,122,crushing endgame quietMove rookEndgame short,https://lichess.org/ldLS3nuU/black#142,
CAWy6,8/8/4K2p/6k1/8/6P1/8/8 w - - 4 55,e6e5 h6h5 e5d4 g5g4,2164,77,95,404,crushing endgame pawnEndgame quietMove short,https://lichess.org/rI8Usvvw#109,
CAsLS,r1b2r2/1p1pNpkp/5np1/p2B4/P6P/5QR1/1qP3P1/5R1K b - - 0 25,d7d6 c2c3 f6d5 e7d5,2103,123,14,15,crushing middlegame quietMove short,https://lichess.org/5NTLpDfN/black#50,
CB3Y6,r4rk1/1ppb1p1p/p2p2p1/2bP2B1/P1P1P3/1q3R1P/1P1QN1P1/7K b - - 5 23,b3c4 g5f6 c4e2 d2e2,2156,76,84,157,crushing middlegame quietMove short,https://lichess.org/E5kGiDY7/black#46,
CB4M8,r4bk1/1pq2p1p/pn2bnp1/4p3/1P2P3/2N2P1P/P1NQB1P1/R4RK1 w - - 0 18,f1d1 a8c8 d1c1 c7c3 d2c3 c8c3,2154,82,91,849,advantage long middlegame quietMove,https://lichess.org/RPu76cQU#35,Modern_Defense Modern_Defense_Other_variations
CB4rR,8/5pkp/6p1/q7/3pn3/P6P/1PQ1BNP1/4K3 w - - 4 44,e1f1 e4g3 f1g1 a5e1 e2f1 e1f1 g1h2 g3e2 c2d1 f1f2,2133,76,90,226,crushing endgame interference quietMove veryLong,https://lichess.org/I6F7YLMN#87,
CB668,8/5p1p/6p1/8/2pK2P1/1kP2P1P/8/8 b - - 1 43,f7f5 g4g5 b3c2 d4c4,2178,75,94,6737,crushing endgame pawnEndgame quietMove short,https://lichess.org/Eb4X6bhl/black#86,
CC83O,2rq1r2/p4p1k/1p2p1p1/2p4p/8/2PP1Q1R/P1P2PP1/4R1K1 w - - 2 28,h3h5 g6h5 e1e5 f7f5 f3h5 h7g7,2103,79,77,57,crushing endgame long quietMove,https://lichess.org/EiFfeA9K#55,
CCBv4,7r/pp2p1k1/2p2pP1/3n4/3pNPQ1/1PbB4/q1P1KP2/8 b - - 2 28,b7b6 e4g3 a2a1 g3f5 g7g8 f5e7 d5e7 g4e6 g8g7 e6e7 g7h6 g6g7,2182,223,88,11,advancedPawn clearance equality fork middlegame quietMove sacrifice veryLong,https://lichess.org/UKx8tGgh/black#56,
CCGwO,8/3k3p/1ppP1p2/p1Pp3P/P2K1P2/1P6/8/8 b - - 0 32,h7h6 f4f5 b6c5 d4c5 d5d4 c5d4 d7d6 d4c4,2178,79,86,244,crushing defensiveMove endgame pawnEndgame quietMove veryLong zugzwang,https://lichess.org/7JmBz09G/black#64,
CDX76,2r3k1/1q3b1p/2p1p2P/2Q1Np2/p1PPp1p1/Pr2P1P1/1P1R1P2/1K1R4 w - - 5 29,e5f7 c8b8 c5b4 b3b4,2128,81,90,858,crushing master middlegame quietMove short,https://lichess.org/PUZFsbmr#57,
CDX99,8/8/1p2N2p/pk5P/4K3/8/8/8 w - - 0 53,e6g7 b5c4 g7f5 a5a4 f5h6 a4a3,2190,76,93,2584,crushing endgame knightEndgame long quietMove,https://lichess.org/F1zTe07W#105,
CDxuS,8/2p5/1p6/3k4/1P4P1/8/6K1/8 b - - 1 52,d5e5 b4b5 e5f4 g2h3 f4g5 h3g3,2147,79,67,61,crushing defensiveMove endgame long pawnEndgame quietMove,https://lichess.org/WxRKIANH/black#104,
CEYx8,4r3/p5k1/1p2P1p1/2n1P3/2B5/2P5/P2r1q2/KQ5R b - - 0 27,c5e4 b1e4 f2g2 e4h4 g2h1 h4h1,2160,76,97,77,crushing hangingPiece long middlegame quietMove,https://lichess.org/9Cf2j7BM/black#54,
CEkVX,r3r1k1/ppb2pp1/1q5P/2p5/3p1P2/P2B3R/2PQ2P1/5R1K b - - 0 25,g7h6 f4f5 e8e3 f5f6 b6a5 d2d1,2134,129,71,27,crushing defensiveMove long middlegame quietMove,https://lichess.org/Y3yrAixB/black#50,
CEqLz,4k3/4p2p/6p1/p7/4n3/P2R4/2r2P2/4K1R1 w - - 1 29,g1f1 e4c3 f1g1 c2c1 e1d2 c1g1,2187,77,93,6874,crushing endgame long quietMove skewer,https://lichess.org/AbuWrKWe#57,
CEs4O,5r1k/2N1R1p1/r2p3p/pp3p1K/5q2/1B5P/PP6/R2QnN2 w - - 2 31,e7g7 e1f3 d1e1 f3e1 a1e1 f4f3,2192,79,88,69,clearance crushing long middlegame quietMove,https://lichess.org/4y4898tA#61,
CF4yw,6k1/R4pp1/3p4/2pP3p/8/1Q3PKP/P1P3P1/4r1q1 w - - 0 32,b3d3 h5h4 g3h4 g1f2 g2g3 g7g6 d3c3 e1e5,2122,135,79,18,advantage attraction endgame quietMove veryLong,https://lichess.org/uNtGELfW#63,
CFGlF,3Q4/4r1k1/4p1p1/3pP2p/p2P4/2P1q3/5RP1/6K1 b - - 6 50,e3g5 f2f8 g5e3 g1h2 e7f7 f8g8 g7h6 g8h8 f7h7 d8f8,2168,82,83,39,crushing defensiveMove endgame quietMove veryLong,https://lichess.org/FAutM10z/black#100,
CFbxm,8/8/8/p6p/1P1K1k2/8/1P6/8 b - - 0 51,h5h4 b4b5 f4f5 b5b6 h4h3 b6b7 h3h2 b7b8q h2h1q b8e5,2158,75,97,91,advancedPawn crushing endgame pawnEndgame promotion quietMove veryLong,https://lichess.org/ADsnmcIv/black#102,
CFj8k,6rk/Q4Rb1/2p1p3/7p/3P1q2/2P3RP/Pr4PK/8 b - - 4 28,h5h4 f7f4 h4g3 h2g1 g7h6 f4f1 h6e3 g1h1,2153,75,94,460,advantage middlegame quietMove veryLong,https://lichess.org/ECfLEPV4/black#56,
CGN9K,r1b2rk1/ppb2pp1/2p4p/3pP3/3P1n2/2P2N1P/PPBQ1qPK/R3N1R1 b - - 1 20,f4h3 d2d3 g7g6 g1f1 c8f5 f1f2,2123,75,82,72,advantage long middlegame quietMove trappedPiece,https://lichess.org/ElQzf46X/black#40,
CGbli,8/6k1/6p1/6Rp/3K1P1r/4P3/8/8 b - - 1 47,h4g4 g5g4 h5g4 e3e4 g4g3 d4e3 g6g5 f4f5 g3g2 e3f2 g2g1r f2g1,2108,89,81,41,crushing endgame quietMove rookEndgame veryLong,https://lichess.org/s7XVJJ6C/black#94,
CGbzC,8/1p6/p6p/2Ppk3/1P4P1/8/P2K4/8 b - - 0 59,e5f4 a2a4 f4e5 d2e3 d5d4 e3d3 e5d5 a4a5,2125,151,68,16,crushing defensiveMove endgame master pawnEndgame quietMove veryLong zugzwang,https://lichess.org/dkYqAv9N/black#118,
CGsPA,8/4k3/4p3/7P/8/3p4/5P2/4K3 b - - 3 48,e6e5 f2f3 e7f6 e1d2 f6g5 d2d3 g5h5 d3e4 h5g6 e4e5 g6f7 e5f5,2145,76,72,96,crushing defensiveMove endgame pawnEndgame quietMove veryLong,https://lichess.org/NOknAm30/black#96,
CGuBV,8/7p/p7/1p2pp2/1Pk5/P5P1/2K2P1P/8 w - - 0 37,h2h4 e5e4 h4h5 h7h6 c2d2 c4b3 d2e3 b3a3,2150,77,91,3079,crushing endgame pawnEndgame quietMove veryLong zugzwang,https://lichess.org/ut2VtL64#73,
CH2zi,2r2rk1/pp5p/6p1/5pQ1/3p4/PP1n4/3B2PP/3K3R w - - 0 25,h1f1 f8e8 d2c1 c8c1 d1d2 c1f1,2132,79,92,5503,advantage endgame exposedKing long quietMove skewer,https://lichess.org/aNcVKJMs#49,
CH62a,8/3K4/8/5p2/p7/6kp/P1R5/8 w - - 2 60,d7e6 f5f4 c2c8 f4f3,2152,110,87,26,crushing endgame master quietMove rookEndgame short,https://lichess.org/aMQZ6Mmn#119,
CHDsf,1k5r/2p5/1p3PR1/p7/2PP2P1/1n4K1/8/8 b - - 0 34,b3d4 f6f7 h8f8 g6g8 d4e6 g4g5 b8c8 g5g6 c8d7 g8f8 e6f8 g6g7 d7e7 g7g8q,2123,80,78,56,advancedPawn crushing endgame pin promotion quietMove veryLong,https://lichess.org/pwSXhCMC/black#68,
CHGL6,8/3p4/8/4p3/Pk4P1/1p6/1K5P/8 b - - 2 44,b4a4 g4g5 e5e4 g5g6 e4e3 g6g7 e3e2 g7g8q e2e1q g8b3 a4a5 b3c3 e1c3 b2c3 a5b6 h2h4 b6c5 h4h5,2114,77,94,9165,advancedPawn crushing defensiveMove endgame pawnEndgame promotion quietMove veryLong,https://lichess.org/tcDiUYgz/black#88,
CI4UN,2r5/4rpkp/6p1/4p3/R3P3/P5P1/2p2PKP/2R5 w - - 0 30,a4b4 e7d7 b4b2 d7d2,2107,75,86,361,crushing endgame quietMove rookEndgame short,https://lichess.org/3m44mARe#59,
CI7Tq,8/8/5k2/1R2p1p1/2K1P3/1P6/1P1r4/8 w - - 10 55,b5d5 d2d5 e4d5 g5g4 c4d3 g4g3 d3e2 e5e4 b3b4 f6e5 b4b5 e5d5,2188,78,87,85,crushing endgame master quietMove rookEndgame veryLong,https://lichess.org/AEZhQaxr#109,
CIGsP,5r2/pp4k1/3p1np1/4p3/1n2P2P/2Q5/qPP2PP1/2KR1B1R w - - 0 19,f1c4 a2a1 c1d2 f6e4 d2e3 a1a5 e3e4 f8f4 e4e3 a5c5,2168,110,50,15,advantage fork master masterVsMaster middlegame quietMove sacrifice veryLong,https://lichess.org/uWZk6O6p#37,Pirc_Defense Pirc_Defense_Byrne_Variation
CIIZE,8/P7/2b5/4k1p1/3p1P2/3B4/5K2/8 b - - 0 47,e5f4 d3f1 d4d3 f1d3,2158,84,79,37,bishopEndgame crushing endgame master quietMove short,https://lichess.org/tmgZeuhB/black#94,
CIzhm,5r2/1p6/4p3/1k2K3/1p3P2/8/1PR5/8 b - - 3 47,b5a4 c2f2 a4b3 e5e6 b3a2 f4f5,2120,76,82,76,crushing defensiveMove endgame long quietMove rookEndgame,https://lichess.org/KhaV5tqw/black#94,
CJ1KP,5rk1/PK6/4p3/5ppp/8/8/8/R7 b - - 0 38,h5h4 a1c1 h4h3 c1c8 h3h2 c8f8,2114,76,94,3062,crushing endgame long quietMove rookEndgame,https://lichess.org/McQuKoRO/black#76,
CJEPc,6k1/1p4p1/8/1P2pb1p/Pp2Np1P/2pK1P2/6P1/8 b - - 1 38,f5e4 f3e4 g7g5 a4a5 g8f7 a5a6,2182,75,97,88,crushing endgame long quietMove,https://lichess.org/HVyyhHN5/black#76,
CJJhZ,8/p5kp/8/5R2/4q3/2p5/2P3PP/5RK1 b - - 0 32,e4c2 f5g5 g7h6 h2h4 c2g6 g5g6,2169,75,93,3964,crushing endgame long master queenRookEndgame quietMove,https://lichess.org/FlTubmJP/black#64,
CJMul,8/6k1/1p1pQ1pp/8/2Pq4/PP6/2K5/8 b - - 0 44,d4e5 e6e5 d6e5 c4c5 b6c5 a3a4 g7f7 a4a5 f7e6 a5a6,2179,78,98,413,crushing endgame queenEndgame quietMove veryLong,https://lichess.org/86UMIvfk/black#88,
CJN9h,4r1k1/pp4qp/3pP1p1/8/1P3Q2/3b4/4BPPP/4R1K1 b - - 0 25,e8e6 e1c1 g7f8 f4f8,2168,139,20,25,advantage endgame quietMove short,https://lichess.org/P50Pxsyc/black#50,
CJPHN,5rk1/2qp1ppp/p2b2n1/1p4B1/4b3/1P4P1/1PPQ1P1P/RN3RK1 w - - 0 17,b1c3 g6e5 c3e4 e5f3 g1g2 f3d2,2159,82,91,1895,advantage fork long middlegame quietMove sacrifice,https://lichess.org/yTRHLLzB#33,Ruy_Lopez Ruy_Lopez_Cozio_Defense
CJQAJ,5rk1/4Np1p/p4rp1/4R3/2P3Q1/1P4P1/q4PKP/8 b - - 1 36,g8h8 g4d4 f6f2 d4f2 a2f2 g2f2,2134,77,78,48,crushing endgame long quietMove,https://lichess.org/nTOtSLxO/black#72,
CKRgs,5b2/8/4p3/k3Pp1p/Pp1P1BpP/1K6/8/8 b - - 3 41,f8g7 d4d5 g4g3 f4g3 e6d5 g3f4 a5b6 a4a5,2119,134,82,12,bishopEndgame crushing endgame quietMove veryLong,https://lichess.org/MnZDs2rM/black#82,
CKUP8,r7/1p6/5kp1/3p2N1/1n2PP2/pP4P1/P1PR4/2K5 w - - 2 28,e4d5 b4a2 c1b1 a2c3 b1a1 a8h8 g5e4 c3e4,2198,81,72,50,advantage endgame quietMove veryLong,https://lichess.org/UwmVXWNc#55,
CKga7,2r4r/1p2p1b1/p3P2p/3P1Pp1/2n5/P1N3k1/1P2K3/1R3R2 b - - 0 32,h6h5 c3e4 g3g4 f1f2 h5h4 b1g1 g4h5 g1g5,2133,125,67,12,clearance crushing middlegame quietMove veryLong,https://lichess.org/jfm8mdcY/black#64,
CKpcQ,8/8/5P2/1p2K3/pPb5/P2p4/5k2/2R5 w - - 4 47,e5d4 d3d2 c1h1 c4f1 h1h2 f1g2 d4e5 d2d1q,2188,75,92,3383,advancedPawn clearance crushing defensiveMove endgame promotion quietMove veryLong,https://lichess.org/aWl2HuWo#93,
CLSVc,2r1k2r/2q1b2p/2bp1p2/2n1pP2/1p2P2P/2N1BB2/1PPQ4/2KR3R w k - 0 22,c3d5 c5b3 c2b3 c6d5 c1b1 d5b3 d1c1 c7a5 c1c8 e8d7,2110,165,82,19,advantage discoveredAttack middlegame queensideAttack quietMove sacrifice veryLong,https://lichess.org/WJbjrSxv#43,
CLqpe,7r/1p2kpp1/p3pP2/5qQp/1P5P/P4PK1/8/R7 b - - 0 32,f5f6 g5c5 e7e8 a1d1 f6d8 d1d8,2130,76,91,179,crushing endgame long quietMove,https://lichess.org/1aRrbMee/black#64,
CM3qJ,6k1/pb4pp/2q4r/2p1p3/3p1b2/3B1R2/PPP1Q1PP/4R2K w - - 2 25,d3e4 h6h2 h1g1 c6h6 f3h3 h2h3,2179,81,78,61,crushing kingsideAttack long middlegame quietMove,https://lichess.org/duR1jmXP#49,
CM4yJ,r4rk1/pb3p1p/2q3pQ/4p3/3p4/P4PN1/1P4PP/3R1RK1 b - - 0 21,b7a6 g3h5 g6h5 h6c6,2157,122,64,13,crushing middlegame quietMove short,https://lichess.org/UNiyvi4A/black#42,
CMFS1,2k2r1r/p3b1pp/1pQ1p3/3pP3/3P2P1/2P4q/P4B2/1R3RK1 b - - 1 25,c8b8 b1b6 a7b6 c6b6 b8c8 b6e6 c8d8 f1b1 h3g4 e6g4,2184,122,83,12,crushing fork middlegame quietMove sacrifice veryLong,https://lichess.org/Mc2R7RRI/black#50,
CMeUm,5rk1/R4pp1/5n1p/8/1p2q3/1P2B3/1Pr1QPPP/3R2K1 w - - 2 26,d1d2 c2d2 e2d2 e4b1 d2c1 b1c1 e3c1 f8d8 g1f1 d8d1 f1e2 d1c1 a7a8 g8h7,2143,85,84,57,advantage clearance defensiveMove fork middlegame quietMove veryLong,https://lichess.org/fEvgCB8K#51,
CN370,8/5pk1/2R4R/5r1p/8/6PK/r5P1/8 w - - 4 39,h6d6 a2a1 h3h2 f5f1 g3g4 h5h4,2123,75,95,783,crushing defensiveMove endgame long quietMove rookEndgame,https://lichess.org/Q0sSD4VC#77,
CNaSQ,r2q1r2/pp1b2pk/4p1Rp/3pNp2/3P4/2P4Q/PP4PP/5RK1 b - - 1 23,f8f6 h3g3 d8g8 g6f6,2150,151,-82,24,crushing middlegame quietMove short,https://lichess.org/jaCRYI8t/black#46,
CNk4R,8/pp6/3n4/6P1/1P2k3/3pp3/7R/4K3 w - - 2 46,g5g6 d3d2 e1e2 d6f5 g6g7 f5g7,2188,81,79,176,advancedPawn advantage endgame long quietMove,https://lichess.org/kvraRB40#91,
CNlNw,8/1p6/p5R1/4k3/Pn2pp2/3p3P/3K1P1P/8 w - - 0 39,g6g5 e5d4 g5g4 b4d5 h3h4 d5b6 g4f4 b6c4,2101,158,88,10,crushing defensiveMove endgame quietMove veryLong,https://lichess.org/OUlkiaHp#77,
CNwye,8/7Q/5qp1/3p1pk1/8/7P/5PP1/6K1 b - - 0 46,d5d4 g2g3 f5f4 h7h4 g5f5 h4f4 f5e6 f4f6,2125,78,90,538,crushing endgame queenEndgame quietMove veryLong,https://lichess.org/ZdERgXu0/black#92,
COCpR,8/2b5/8/p1p1NK2/2P2p2/1P6/Pk4P1/8 w - - 5 42,f5f4 b2a2 g2g4 a2b3 g4g5 a5a4 g5g6 a4a3 g6g7 a3a2 g7g8q a2a1q,2186,85,86,62,advancedPawn crushing endgame promotion quietMove veryLong,https://lichess.org/uFCGkVGq#83,
COF4X,r3r1k1/5p1p/p4Qq1/1p1PP3/8/2N4P/PP4P1/5RK1 b - - 2 24,b5b4 c3e4 g6e4 f6f7 g8h8 f7f6,2145,76,83,107,crushing deflection endgame long quietMove sacrifice,https://lichess.org/Zv9OVgda/black#48,
COFcL,2Q5/5pk1/7q/3r4/8/2P2P1N/5PKP/2R5 w - - 5 48,g2f1 h6c1 f1g2 d5d6 c8f5 d6g6,2123,102,90,40,crushing endgame hangingPiece long quietMove,https://lichess.org/tjkoLSGi#95,
COkxC,8/8/2R3PB/5k2/r7/6K1/4p3/8 w - - 0 58,c6e6 f5e6 g3f2 a4e4 f2e1 e6f6 g6g7 f6f7 g7g8q f7g8,2127,77,86,101,crushing endgame hangingPiece quietMove veryLong,https://lichess.org/RjX8Heti#115,
COnYt,3B4/8/1p6/2n1pPpk/1P1pP3/5PK1/8/8 b - - 0 38,c5d3 b4b5 d3b2 d8b6,2188,78,90,844,crushing endgame quietMove short,https://lichess.org/mpT7My0y/black#76,
COvEG,3rkr2/pQ6/2pq2p1/3pn1P1/1b3B1P/2p3K1/PPP1N3/R6R w - - 1 27,b2c3 d6e6 b7b4 e6g4 g3f2 g4f3,2111,165,65,8,crushing fork long middlegame quietMove sacrifice,https://lichess.org/ugmzedhK#53,
CP0hn,4k3/5p2/3K2pp/5P2/6PP/8/8/8 b - - 0 48,h6h5 f5g6 e8f8 g4g5 f8g7 g6f7,2116,134,55,13,advancedPawn crushing endgame long pawnEndgame quietMove,https://lichess.org/SazqbNjL/black#96,
CPncs,5rk1/pp3p1q/5Qp1/3pB2P/5P2/8/8/6K1 b - - 0 35,g6h5 f4f5 f8e8 f6g5 h7g6 f5g6,2107,76,83,167,crushing endgame long quietMove,https://lichess.org/JByylr2U/black#70,
CPsu6,8/p7/8/1P1k3p/P3pKpP/8/5P2/8 b - - 1 38,d5d4 a4a5 d4c5 b5b6 a7b6 a5b6,2161,76,66,82,crushing endgame long pawnEndgame quietMove,https://lichess.org/1d2V6nzz/black#76,
CQ2Cs,8/5k2/3R4/2p2P1p/Pr2K3/8/8/8 w - - 1 57,e4d5 b4d4 d5c6 d4d6 c6d6 h5h4 a4a5 h4h3 a5a6 h3h2,2149,79,90,1323,advancedPawn crushing endgame quietMove rookEndgame veryLong,https://lichess.org/oiXJe4Fi#113,
CQ7VX,1R6/8/2P5/1P6/6P1/1k2p3/2r5/1K6 w - - 0 57,b8e8 c2e2 e8e3 e2e3,2184,79,90,269,crushing endgame quietMove rookEndgame short,https://lichess.org/VmYKVVZD#113,
CQ9ec,r1bq1rk1/4bp1p/1p3np1/p1pP4/1n2p2Q/1PN1P3/PB2NPPP/1B1R1RK1 w - - 6 20,b1e4 f6h5 h4h5 g6h5,2177,79,91,2293,advantage middlegame quietMove short trappedPiece,https://lichess.org/Z42gsj9Z#39,
CQGzF,6k1/6p1/2p3K1/1pPp4/4p3/7B/pr6/R7 b - - 3 43,b5b4 a1f1 b2g2 h3g2,2149,78,93,998,crushing endgame master quietMove short,https://lichess.org/KgGDKFLY/black#86,
CQI5k,2r1r1k1/2q4p/4P1p1/2bp1p2/pp3P2/4Q1P1/P5KP/B1RR4 w - - 0 34,c1c5 c7c5 e3e5 d5d4 a1d4 c5e5,2193,76,92,383,advantage discoveredAttack long middlegame quietMove,https://lichess.org/8CcitUVh#67,
CQQqO,3qr1k1/4pp2/1p3npQ/3PR1N1/2P3P1/3r3P/5P2/6K1 b - - 1 32,d8d6 g5e6 f7e6 h6g6 g8f8 d5e6,2125,159,79,15,crushing deflection fork intermezzo long middlegame quietMove sacrifice,https://lichess.org/ApeUIVvd/black#64,
CQXjC,rnb2b1r/ppp2qpp/3p1k2/8/1Q2RB2/2PP4/PP1N1PPP/R5K1 b - - 5 14,d6d5 b4d4 f6g6 d2f3 h7h6 f3e5 g6h7 e5f7,2130,153,100,27,crushing exposedKing fork middlegame quietMove veryLong,https://lichess.org/6we4YfAi/black#28,Petrovs_Defense Petrovs_Defense_Italian_Variation
CRIaq,8/8/1pp1k3/2P4n/P3K2P/8/2P5/8 b - - 0 47,b6b5 a4a5 h5f6 e4d4 e6d7 d4e5,2179,83,78,31,crushing defensiveMove endgame knightEndgame long quietMove,https://lichess.org/MH7dIHsN/black#94,
CRXjT,8/4kp2/1K2p3/4N1p1/P6p/8/8/8 w - - 0 53,e5f3 h4h3 f3h2 f7f5 a4a5 g5g4 h2f1 f5f4 a5a6 g4g3 a6a7 g3g2,2185,77,98,167,advancedPawn crushing endgame knightEndgame quietMove veryLong,https://lichess.org/CkrW0YgI#105,
CRwD0,5rk1/3b2p1/1q1Bp3/1N5Q/P2bP3/1P1n2PP/6BK/8 w - - 1 28,d6f8 d4g1 h2h1 e6e5 h5f3 d3f2 h1g1 f2h3 g1f1 d7g4 g2h3 g4f3,2163,179,25,12,crushing doubleCheck master masterVsMaster middlegame quietMove sacrifice veryLong,https://lichess.org/kdJPDWVT#55,
CS8Jz,8/8/7P/8/3p4/k2P4/1pr2PPK/1R6 w - - 1 46,h6h7 c2c8 g2g4 c8h8,2123,76,90,1037,crushing endgame quietMove rookEndgame short,https://lichess.org/YLWYRcUn#91,
CS8QZ,5rk1/7R/3pp1p1/p5N1/R2P1P2/4n2P/1r4P1/6K1 w - - 0 29,g5e6 b2g2 g1h1 f8b8 h7g7 g8h8 a4a1 b8b2 g7g6 g2g6,2156,74,92,5647,crushing endgame quietMove veryLong,https://lichess.org/5TSxRXPz#57,
CSNqS,8/1p6/p2pk1p1/3p2p1/3K1pP1/PPP2P1P/8/8 b - - 0 53,b7b6 a3a4 e6d7 d4d5,2125,83,81,45,crushing endgame master masterVsMaster pawnEndgame quietMove short zugzwang,https://lichess.org/lU0o4qg7/black#106,
CSOqq,8/8/4k1P1/2n5/p1p1n3/4K3/1BB5/8 b - - 3 43,e4d6 g6g7 e6f7 c2h7 d6f5 h7f5,2106,75,87,108,advancedPawn clearance crushing endgame long master quietMove,https://lichess.org/TyMUUcRx/black#86,
CSgYx,5k2/ppp1p2p/3rPp1b/5P2/4P3/3r3P/PP1B2R1/2KR4 b - - 0 24,d3h3 d2h6 h3h6 d1g1 h6g6 f5g6,2100,75,84,87,crushing endgame long quietMove,https://lichess.org/3kaGHDfz/black#48,
CSsiC,8/8/7R/6p1/3nkbP1/6rP/R5K1/8 w - - 5 43,g2f1 f4e3 a2g2 g3f3,2109,76,76,68,crushing endgame master quietMove short,https://lichess.org/tRBJgEsJ#85,
CSuSF,r5rk/ppp2pp1/1b1p3p/7P/3PPN2/2B1PK2/b5R1/6R1 b - - 5 30,a2c4 d4d5 a8e8 g2g7 g8g7 g1g7,2116,87,80,36,advantage long middlegame quietMove,https://lichess.org/oPEnSC3P/black#60,
CT1y5,8/8/8/8/1R6/1P3kpn/P1P5/2K5 w - - 0 41,b4d4 h3f2 d4d6 g3g2 d6f6 f3g3,2128,75,93,422,advancedPawn advantage defensiveMove endgame long quietMove,https://lichess.org/wW0MH69T#81,
CTCag,8/8/8/1p6/8/P1pk4/1P6/3K4 w - - 2 52,d1c1 c3c2 b2b3 d3c3 a3a4 b5b4 a4a5 c3b3,2112,77,92,337,advancedPawn crushing endgame pawnEndgame quietMove veryLong zugzwang,https://lichess.org/aBhTjxqk#103,
CTU1Z,8/p7/1p3k2/1P3p1K/P6P/8/8/8 b - - 0 42,f5f4 h5g4 f6e5 g4f3 e5f5 h4h5 f5g5 h5h6,2161,75,80,108,crushing endgame pawnEndgame quietMove veryLong,https://lichess.org/V5NveY5t/black#84,
CTd1O,2r3k1/pb2Qp2/1p6/3p4/3P4/P6P/5PP1/2q1R1K1 b - - 0 26,c1d2 e1e3 c8c1 g1h2,2110,77,88,71,advantage endgame quietMove short,https://lichess.org/hLwRVfMa/black#52,
CUPUm,r2q1rk1/1b3pp1/p1n2b2/1p2pN1Q/1P6/P1R5/1B3PPP/5RK1 b - - 5 22,c6d4 c3h3 d4e2 h5e2,2105,76,83,111,advantage middlegame quietMove short,https://lichess.org/dd5asPJc/black#44,
CURXr,1R6/5kp1/7R/2P1B3/3pb2P/6PK/P3r3/5n2 w - - 3 48,h6d6 e4f3 b8b7 f3b7,2148,180,43,5,crushing endgame master quietMove short,https://lichess.org/cYeLPlBh#95,
CUhmf,8/1p4p1/p6p/2kR2r1/2P1K1P1/7P/P7/8 b - - 2 41,g5d5 c4d5 c5d6 e4f5 a6a5 f5g6 a5a4 g6g7 b7b5 g7h6 b5b4 g4g5 b4b3 a2b3 a4b3 g5g6 b3b2 g6g7 b2b1q g7g8q,2163,78,87,111,advancedPawn crushing endgame promotion quietMove veryLong,https://lichess.org/UYHWIuH3/black#82,
CV0JF,8/8/1p2p1B1/3p3p/P4P1P/1p4P1/3k2K1/8 w - - 1 42,g6h5 d5d4 h5g6 d4d3 h4h5 b3b2,2116,75,92,7040,advancedPawn bishopEndgame crushing endgame long quietMove,https://lichess.org/JT6rzBBy#83,
CV1dY,5k1r/p3bppp/2qp4/2p5/1r2n3/2N5/PPP1QPPP/R1B1K2R w KQ - 0 18,c3e4 b4e4 c1e3 d6d5 e1c1 d5d4,2143,88,82,45,advantage long middlegame pin quietMove,https://lichess.org/XT9nbdGW#35,Scotch_Game Scotch_Game_Benima_Defense
CVSJT,8/1p4b1/3B3p/1k1KpP1P/p2p4/8/2P5/8 b - - 3 44,b5a5 d6e7 d4d3 c2d3,2127,123,74,13,bishopEndgame crushing endgame quietMove short,https://lichess.org/zFxtM4ZO/black#88,
CVv1d,3r2k1/5ppp/p7/5N2/2p1P2P/2P2P2/b1K2P2/7R b - - 1 26,d8d3 f5d4 a2b3 d4b3,2151,75,86,563,advantage endgame quietMove short,https://lichess.org/xDZ0lCYU/black#52,
CX606,8/3k4/2rp4/2pK4/5R2/8/8/8 b - - 3 59,c6c8 f4f7 d7e8 f7h7 e8f8 h7h8 f8f7 h8c8,2148,75,91,317,crushing endgame quietMove rookEndgame skewer veryLong,https://lichess.org/cECLqZhE/black#118,
CX9Ea,2r4k/p5pp/P1p5/NpP1P3/1P1Pp3/4bp1P/7K/4R3 b - - 1 42,e3d4 e1e4 c8f8 e4d4 f3f2 d4d1 f2f1q d1f1,2190,76,91,193,advantage endgame quietMove veryLong,https://lichess.org/R5RBau9V/black#84,
CXYdp,3r3r/3P1pbk/2BBp2p/3n2pP/1p3P2/qNp5/PnP3P1/1KQR3R w - - 1 32,f4g5 d8a8 g5g6 f7g6 h5g6 h7g6 c6a8 h8a8 c1h6 g7h6,2108,80,91,1152,crushing middlegame quietMove veryLong,https://lichess.org/GVDZzT0m#63,
CXsk9,3r2n1/p1kb2Q1/B3Rn2/3p2N1/8/2q5/P1P2PPP/5RK1 w - - 6 30,f1a1 c3a1 a6f1 d8b8 e6e3 b8b1,2112,138,68,14,crushing hangingPiece long middlegame quietMove,https://lichess.org/w4q2WgkD#59,
CYLvY,r4r1k/p1p3pp/1pP3nb/1Q6/3N4/1P4Pq/PB3P1P/3R1RK1 w - - 0 23,b5c4 g6f4 g3f4 h6f4,2123,167,56,8,crushing master middlegame quietMove sacrifice short,https://lichess.org/1FJcIuwq#45,
CYNeD,3r3k/1p2qBpp/p5P1/3Q1R2/4p3/2Pn4/PP4PP/6K1 w - - 1 27,d5c4 e4e3 f5h5 h7h6 c4h4 e7h4,2180,76,81,331,crushing endgame long quietMove,https://lichess.org/h9PWV4pi#53,
CYkNX,2r4k/pp3Q1p/4p1p1/8/3qp3/BP5P/P4nPK/3R4 b - - 1 28,f2d1 a3e7 d4e5 h2g1,2182,96,80,29,advantage defensiveMove endgame quietMove short,https://lichess.org/WkbUPIpt/black#56,
CYztZ,1k1r4/p1p3r1/1bQp4/1P3pq1/2P4p/P6P/5PPB/R4R1K w - - 1 26,a3a4 d6d5 f1g1 g7g6 h2f4 g5h5 a4a5 g6c6,2166,76,90,623,advantage middlegame quietMove trappedPiece veryLong,https://lichess.org/n2NLnHEe#51,
CZ4j7,r3r1bQ/1pq1k1p1/p3pb2/3p1p2/8/2P1B2R/PPB2PP1/4R1K1 w - - 14 33,c2f5 g8f7 h8h7 e8h8 h7h8 a8h8 h3h8 g7g6,2137,76,90,657,clearance crushing master middlegame quietMove trappedPiece veryLong,https://lichess.org/RRRhkjtV#65,
CZFhs,r3rk2/5p2/2p5/5Pp1/1p4P1/pP1PpP2/P3R1K1/7R b - - 0 32,a8d8 f5f6 f8g8 g2g3 e8e6 e2h2 e6f6 h2h8 g8g7 h8d8,2172,77,96,117,advantage clearance endgame quietMove rookEndgame skewer veryLong,https://lichess.org/vGdUfi73/black#64,
CZd2B,8/8/p2p4/1p1k1ppp/1P1P4/P2K2PP/5P2/8 w - - 0 36,f2f4 g5f4 g3f4 h5h4 d3c3 d5e4,2128,77,94,3266,crushing endgame long pawnEndgame quietMove zugzwang,https://lichess.org/d0DPKf2s#71,
CZfHF,4r1k1/2Q2pp1/2p4p/4p3/Np4n1/1P1PBq2/1PP2P1P/4R1K1 w - - 2 26,c7d7 e8e6 d7d8 g8h7 d8h4 e6g6,2143,78,92,320,advantage defensiveMove long middlegame quietMove,https://lichess.org/0fXwW727#51,
CZiSr,8/8/1p6/p1ppk1p1/6P1/PPP1PK2/8/8 b - - 0 43,d5d4 e3d4 c5d4 c3c4 d4d3 f3e3 d3d2 e3d2,2147,75,92,1740,crushing endgame pawnEndgame quietMove veryLong zugzwang,https://lichess.org/7WF1C7rY/black#86,
CZt2G,r1b1kb1r/pp3ppp/1q2p3/3pP3/2Bn4/P4N1P/1P1N2P1/R1BQ1K1R w kq d6 0 13,c4a2 d4f5 d2b3 f5g3 f1e1 g3h1,2117,172,29,28,crushing fork long opening quietMove,https://lichess.org/bLKrX9kP#25,Sicilian_Defense Sicilian_Defense_Franco-Sicilian_Variation
Ca5Ya,3r4/7k/pq4p1/3B1p2/1P2rP2/P1Q5/7P/3R3K b - - 4 40,e4e8 d1d3 e8e1 c3e1,2126,74,90,115,advantage endgame quietMove short,https://lichess.org/OyvbLbQe/black#80,
CaSOe,r2q1rk1/bp3pp1/p2p3p/2p2N2/PP2Pp2/2PPn2Q/1B1KB3/R7 b - - 1 22,c5c4 f5h6 g7h6 h3h6 e3g2 a1h1 d8h4 h1h4,2113,85,77,54,crushing kingsideAttack middlegame quietMove veryLong,https://lichess.org/d6l9fut4/black#44,
CaXqS,8/kp6/p5Q1/P7/8/5p1P/5qPK/8 b - - 0 48,f3g2 g6b6 f2b6 a5b6 a7b6 h3h4 b6c5 h4h5,2149,76,95,562,crushing defensiveMove endgame queenEndgame quietMove veryLong,https://lichess.org/fDBlatzQ/black#96,
CacDp,8/7p/4K3/6kP/8/8/8/8 w - - 1 41,e6f7 g5h5 f7g7 h7h6 g7f6 h5g4,2121,75,85,146,crushing endgame long pawnEndgame quietMove,https://lichess.org/0KyZMHN5#81,
CaiNj,6r1/1p6/p3k1p1/2p1p1Rp/2P1Pp2/P2P1K2/1P4PP/8 w - - 2 32,g2g4 h5h4 g5g6 g8g6,2181,92,84,54,crushing endgame quietMove rookEndgame short,https://lichess.org/vu4tVkby#63,
CaxII,7b/1k3K2/6p1/1PB1pp1p/4P3/5P2/5P2/8 b - - 6 40,f5e4 f3e4 h5h4 f2f3 h4h3 c5g1,2191,78,94,1115,bishopEndgame clearance crushing defensiveMove endgame long quietMove,https://lichess.org/qvzIVqOQ/black#80,
CbO24,rn4k1/1p3ppp/p1pb2q1/3b1NB1/3P2QP/8/PP2rPP1/R4RK1 w - - 0 18,g4e2 g6f5 e2e8 d6f8 g5e7 b8d7 e8a8 f5e4,2186,77,91,1618,advantage hangingPiece middlegame quietMove sacrifice veryLong,https://lichess.org/hTTlzoyD#35,Slav_Defense Slav_Defense_Chameleon_Variation
CbQ38,8/p4qk1/2p3rp/4P2P/3P4/2PQ4/6P1/6K1 w - - 0 30,d3g6 f7g6 h5g6 a7a5 g1f2 a5a4 d4d5 c6d5,2168,76,84,424,crushing endgame queenEndgame quietMove veryLong,https://lichess.org/Rig0MjWb#59,
CbR7t,8/8/8/6k1/2P5/5Kp1/8/8 b - - 3 65,g5h4 c4c5 h4h3 c5c6 g3g2 c6c7 g2g1q c7c8q h3h4 c8h8,2159,74,93,7765,advancedPawn crushing endgame master pawnEndgame promotion quietMove veryLong,https://lichess.org/NHIQ1SqJ/black#130,
CbYi4,r1b2rk1/pp3pp1/8/3pqPPQ/8/1P3R2/P1P4P/5R1K b - - 2 24,c8d7 f3h3 e5e4 h1g1 f7f6 g5g6 e4g4 h5g4,2171,77,90,573,crushing defensiveMove middlegame quietMove veryLong,https://lichess.org/jyWUlQKt/black#48,
CbcGz,8/8/8/3p2KP/p2P4/1b6/4k3/2B5 b - - 0 63,e2d3 h5h6 d3c2 c1a3 b3c4 h6h7,2132,80,91,998,advancedPawn bishopEndgame crushing endgame long quietMove,https://lichess.org/AfgiRkV9/black#126,
Cbor7,8/6pp/p7/2K5/kP6/7P/6P1/8 w - - 2 45,g2g4 g7g5 c5c4 h7h6 c4c5 a4b3 b4b5 a6b5,2110,75,92,2822,crushing endgame pawnEndgame quietMove veryLong zugzwang,https://lichess.org/IpTNLomr#89,
Cbz7S,3R4/5pp1/4b2p/4p3/k3P3/b1K2P1P/Pr4P1/7R b - - 5 29,b2a2 h1b1 a3b2 b1b2,2121,75,92,2034,crushing endgame master quietMove short,https://lichess.org/pkfHSLPL/black#58,
Cc6Lu,8/8/8/6kp/R6N/6p1/1r6/6K1 w - - 4 51,h4g2 b2b1 g2e1 b1e1 g1g2 h5h4 a4g4 g5h5,2145,73,95,10739,advantage endgame exposedKing quietMove veryLong,https://lichess.org/nzBglJI7#101,
CcGBJ,6r1/5p2/4pk2/3p3R/3P3P/4PK2/5P2/8 w - - 1 38,h5h6 f6g7 h6h5 f7f6 e3e4 g7g6,2179,88,42,32,advantage defensiveMove endgame long quietMove rookEndgame,https://lichess.org/GaS6og8i#75,
Ccuot,4n3/1p1k2p1/p1p2p2/P2P1Pp1/2P3P1/3K1B1P/8/8 b - - 0 36,d7c7 c4c5 c6d5 f3d5,2125,85,50,53,crushing endgame master quietMove short,https://lichess.org/z9dEv60k/black#72,
Ccxg6,6k1/1pp3pp/p3p3/3bP3/3P4/2PBq3/P5PP/5Q1K b - - 2 23,h7h6 d3g6 d5g2 f1g2 e3e1 g2g1,2182,74,88,586,advantage endgame long quietMove,https://lichess.org/73f0wDYF/black#46,
Cd1wH,2r5/p4kb1/q2r1p2/1p2pQ1p/1P4pP/4B1P1/P2N1P2/3R2K1 b - - 5 33,c8h8 d1c1 a6b7 d2e4 b7d7 e4d6,2129,75,91,416,crushing long master middlegame quietMove,https://lichess.org/ODVgwGhx/black#66,
CdLBW,8/8/p7/2P1kPK1/7p/8/8/8 w - - 0 42,g5h4 e5f5 c5c6 f5e6 h4g3 a6a5 g3f2 a5a4 c6c7 e6d7 c7c8r d7c8,2128,75,87,180,crushing endgame pawnEndgame quietMove veryLong,https://lichess.org/XMy3Penh#83,
CdlMp,7r/p1p4k/3pP3/2pBp1q1/4P3/7P/PP3Q1K/8 b - - 3 39,g5f4 f2f4 e5f4 d5c6 h7g6 e6e7,2105,77,91,1102,advancedPawn advantage endgame long quietMove,https://lichess.org/hSpMVFsy/black#78,
CdtKN,6k1/6pp/1N6/5p2/5P1P/2p1P1P1/8/2n2K2 w - - 0 39,b6d5 c1a2 d5c3 a2c3,2125,76,95,1865,crushing endgame knightEndgame quietMove short,https://lichess.org/dBcnjI8c#77,
CeIOL,2b1rrk1/ppb5/2p2n2/2q3p1/3p1NP1/3P1Q1P/PP1B2B1/4RR1K w - - 0 24,f4g6 c5d6 d2f4 g5f4,2182,77,90,1770,crushing master middlegame quietMove short,https://lichess.org/z1pyAIHl#47,
CeL2l,8/8/1p2k3/1P3p1p/2P1pB2/2b2P1P/4K3/8 b - - 0 45,c3d4 f3e4 f5e4 f4e3 e6e5 h3h4 d4c5 e3c5,2135,107,71,14,bishopEndgame crushing endgame quietMove veryLong,https://lichess.org/mM8PpK8B/black#90,
CeQMi,r5k1/4bpp1/7p/1R1p1Q2/3Pn3/4PNBP/5PPK/2q5 w - - 5 25,b5d5 a8a1 f5c8 c1c8,2194,79,85,78,crushing master middlegame quietMove short,https://lichess.org/S2RH5Vt6#49,
CeRBp,3r3k/Q2b2b1/1p5p/5pp1/1qP1P3/5P2/PP3BPP/2K2B1R w - - 0 27,a7a3 d7a4 f1d3 b4a3 b2a3 d8d3,2131,107,79,22,advantage capturingDefender long middlegame quietMove,https://lichess.org/FJqivZNp#53,
Cf5Tz,8/p4p2/5kbR/1p4R1/3P1P2/2P5/Pr6/4rNK1 w - - 0 33,g5g2 b2b1 g2f2 f6g7,2171,76,86,77,advantage endgame quietMove short,https://lichess.org/zrT84tQM#65,
CfP9R,8/8/1q4pk/2R2p1p/3P1PrP/8/P1Q4K/8 w - - 5 46,h2h3 b6b7 d4d5 b7e7 c2f2 e7e4 h3h2 g4f4 f2d2 h6h7 c5c7 h7g8,2151,132,81,21,crushing defensiveMove endgame quietMove veryLong,https://lichess.org/PEMXzTgf#91,
Cfmep,8/1p6/p1p5/2P5/PPK1k3/8/8/8 w - - 0 61,b4b5 a6a5 b5c6 b7c6,2125,121,85,19,crushing endgame pawnEndgame quietMove short,https://lichess.org/Qlx6rDJi#121,
CfsHY,2n1kb2/2p2p1r/p3bq1p/4N1pQ/N2rPp2/1P6/P1P3PP/R1B2RK1 w - - 0 17,c1b2 f6e5 a1d1 c7c5 b2d4 c5d4,2100,77,92,3258,advantage hangingPiece long middlegame quietMove,https://lichess.org/V9ZeZA1S#33,Kings_Gambit_Accepted Kings_Gambit_Accepted_Becker_Defense
Cg0OB,r5k1/pp2r1p1/2p1P1Q1/8/4R1R1/2q5/5P1K/8 b - - 1 35,a8f8 g4h4 f8f2 h2g1,2102,123,71,23,crushing defensiveMove endgame quietMove short,https://lichess.org/Qbu6zHbW/black#70,
CgVcd,r4rk1/pp4pp/2pq4/3n3P/1b1P2R1/5P1N/PP1B1K2/RN1Q4 w - - 1 20,f2g2 b4d2 d1d2 a8e8 b1c3 d5e3,2191,75,97,210,advantage long middlegame quietMove,https://lichess.org/qmx2RjiS#39,
CgWfr,8/p2K4/8/Pk6/8/8/8/8 w - - 8 58,d7c7 b5a5 c7b7 a7a6 b7c6 a5b4,2198,75,87,75,crushing endgame long pawnEndgame quietMove,https://lichess.org/BnAVjNRb#115,
CgtF9,8/6pk/4P2p/1R6/1p3K2/5P1P/8/1r6 b - - 0 37,h7g6 b5e5 g6f6 e6e7,2178,78,91,218,advancedPawn crushing endgame master quietMove rookEndgame short,https://lichess.org/RzByK0i9/black#74,
Ch9TJ,4b1rk/1p4p1/4N2p/1q1p1Q2/p2Pp3/8/PP4PP/5RK1 b - - 9 36,e4e3 e6g5 e8g6 f5g6,2102,76,92,6251,crushing endgame quietMove short,https://lichess.org/8jmvwhvv/black#72,
ChV8V,3rr1k1/pp3bp1/2pb3p/2N2p2/1q1Pp3/4P1P1/PPQ2P1P/2RR1BK1 b - - 7 21,f7a2 b2b3 d6c5 f1c4 g8h8 d4c5,2174,78,87,576,advantage intermezzo long middlegame quietMove sacrifice,https://lichess.org/2FL4fOL7/black#42,
ChXEa,8/pp5p/2p3p1/4k3/2P3PP/1P2PK2/8/8 b - - 0 30,b7b5 c4b5 c6b5 b3b4 h7h5 g4h5,2148,81,87,455,crushing endgame long pawnEndgame quietMove,https://lichess.org/ITwX4YPc/black#60,
ChsmM,8/2b4N/2p2kp1/1pPp1p1p/1P1P1P1P/4K1P1/8/8 b - - 9 56,f6f7 h7g5 f7e8 g5f3 e8d8 f3e5,2143,72,92,8102,crushing endgame long quietMove,https://lichess.org/jazAZDIL/black#112,
Chsyf,4rk2/5p2/pb3q2/5P2/3p2Q1/1B1R2P1/P4P2/6K1 w - - 1 35,g4f3 e8e1 g1g2 f6h6 f3a8 f8g7 f5f6 g7h7 a8e4 e1e4,2147,75,85,228,crushing endgame master quietMove veryLong,https://lichess.org/tZHDat92#69,
CiQFe,8/p7/4K3/2k5/3p4/3B4/8/8 w - - 0 49,e6d7 a7a5 d3c2 c5b4 d7e6 a5a4,2150,78,84,89,bishopEndgame crushing defensiveMove endgame long quietMove,https://lichess.org/fz65diNr#97,
CiRpK,2r5/R7/4p3/1P2P2p/5P1P/P1kp4/4K3/8 w - - 0 41,e2d1 c8g8 a7c7 c3d4 d1d2 g8g2,2194,77,87,172,crushing defensiveMove endgame long quietMove rookEndgame,https://lichess.org/b8wEcJCj#81,
CiRvB,7k/6p1/p3R1p1/6P1/3Pp2P/P1p5/r4P2/5K2 w - - 2 36,e6e4 c3c2 e4e1 a2b2 e1e8 h8h7 e8c8 b2b1,2172,78,90,750,advancedPawn crushing endgame quietMove rookEndgame veryLong,https://lichess.org/hyJflXoG#71,
CiyGH,4r2k/1R5p/1pN1n2P/p3Ppp1/2P5/1P6/1P6/2K5 w - - 0 32,b7b6 g5g4 c6e7 g4g3,2117,82,91,689,crushing endgame master quietMove short,https://lichess.org/BBIN2NA9#63,
CjFaP,7B/1p3n2/p3p3/P1Pk4/3P4/3K4/8/8 w - - 10 62,h8g7 f7d8 g7e5 d8c6,2191,75,94,2244,crushing endgame quietMove short,https://lichess.org/M3rzaJu0#123,
Cjrdv,r2qrk2/1b1nn1b1/pp1pp1pN/5P2/3p4/1P1B1N2/P1P1QPPP/1RB2RK1 b - - 0 17,e6f5 f3g5 g7h6 g5e6,2137,90,89,1504,crushing opening quietMove sacrifice short,https://lichess.org/7u0YJoqi/black#34,Rat_Defense Rat_Defense_Small_Center_Defense
Cjv8x,8/5pp1/3Pp1kp/8/1n1p1PP1/4P2P/8/5BK1 b - - 0 38,d4e3 f1b5 e3e2 g1f2,2104,76,90,925,crushing endgame master quietMove short,https://lichess.org/SY0QphbP/black#76,
CkJWG,8/2k2p2/ppPp2p1/3K3p/P1P1P3/7P/6P1/8 b - - 0 46,a6a5 h3h4 f7f6 d5e6 c7c6 e6f6,2159,84,82,57,crushing endgame long master masterVsMaster pawnEndgame quietMove zugzwang,https://lichess.org/hH56dGzq/black#92,
Cl3E7,8/8/7p/3k4/p1p2PP1/P3K3/8/8 w - - 0 50,g4g5 h6h5 g5g6 d5e6 g6g7 e6f7 g7g8r f7g8,2133,76,92,1630,crushing endgame pawnEndgame quietMove veryLong,https://lichess.org/shD8WjUd#99,
Cl5HQ,6k1/pp4p1/2p4p/2P1PR2/5P2/6P1/4r2P/6K1 w - - 1 34,h2h4 a7a5 g1f1 e2e4 f1g2 a5a4,2182,82,91,1626,crushing defensiveMove endgame long quietMove rookEndgame,https://lichess.org/t6r9si3o#67,
ClxPy,6k1/1pb3pp/p2q4/2rp3Q/4n3/BP4P1/P6P/5R1K b - - 4 29,h7h6 h5e8 g8h7 f1f8 d6f8 e8f8,2167,74,84,336,advantage long middlegame quietMove,https://lichess.org/joqZw2EJ/black#58,
Cm99O,2r3k1/pQ3ppp/6r1/n4b1q/3PN3/P3P3/1B3PPP/R5RK w - - 1 21,b7b5 g6h6 h2h3 f5e4 b5h5 h6h5,2125,77,91,1818,advantage long middlegame quietMove,https://lichess.org/Sj15G5P0#41,
CmCWd,1b6/p7/8/5K2/4P3/1k2N3/8/8 w - - 4 47,e3d5 a7a5 e4e5 a5a4 e5e6 b8d6 e6e7 d6e7,2165,74,79,414,crushing endgame quietMove veryLong,https://lichess.org/bRktTRaQ#93,
CmGSN,8/p7/8/1p3p2/1P2k3/P7/6KP/8 w - - 1 52,h2h4 e4f4 g2h3 a7a6 h4h5 f4g5 h3g3 g5h5 g3f4 h5g6,2183,81,89,305,crushing defensiveMove endgame pawnEndgame quietMove veryLong zugzwang,https://lichess.org/SHRbWJ6b#103,
CmhhH,8/4k1p1/1K2p3/5p1p/P7/1Pn2P2/5N2/8 b - - 2 39,c3d5 b6b7 d5b4 a4a5 e6e5 a5a6 b4a6 b7a6 e5e4 f3e4,2122,80,79,72,advantage defensiveMove endgame knightEndgame quietMove veryLong,https://lichess.org/RGfY43u4/black#78,
Cn5PA,r5k1/p1p3pp/b1pn2q1/3p4/3QPr2/4RB2/PPPB1PPP/R5K1 w - - 3 20,d4e5 a8f8 e4d5 f4f3 e3f3 f8f3,2126,79,84,137,advantage long middlegame pin quietMove,https://lichess.org/OEMEVgMq#39,
CnDWv,6k1/1p5p/2nQ2p1/3b1p2/4q3/4B2P/5PP1/5RK1 w - - 3 27,d6g3 f5f4 e3f4 c6d4 g1h1 d4e2 g3g5 e2f4,2198,76,91,1211,advantage endgame fork master quietMove veryLong,https://lichess.org/Tna1vFOa#53,
CnPwa,r4r1k/p1p2qp1/1pb1p1Rp/4Pp1Q/2PB1P2/3R4/P5PP/6K1 b - - 1 28,a8d8 d3h3 f7g6 h5g6,2170,78,91,1084,advantage middlegame quietMove short,https://lichess.org/J6hWqKFr/black#56,
CnWeZ,r4rk1/2pq1p2/p2b2nQ/1p1p4/3P4/6NN/PPb2PPP/R3R1K1 b - - 0 22,d7g4 g3h5 g4d4 h3g5,2145,76,86,200,advantage middlegame quietMove short,https://lichess.org/RiOC4pzT/black#44,
Cng4C,7r/r7/3k4/8/PN2p1p1/1Pn1P1P1/5PK1/R1N5 w - - 1 43,b4a2 a7h7 c1e2 c3e2,2137,81,84,88,crushing endgame master quietMove short,https://lichess.org/1dicZS4N#85,
CoEJ5,r7/6R1/P1k5/3p4/4p3/4K3/6P1/8 b - - 12 49,a8a6 g7g6 c6b5 g6a6 b5a6 g2g4 a6b5 g4g5 b5c5 g5g6 c5d6 g6g7,2181,78,93,9593,advancedPawn crushing endgame master quietMove rookEndgame veryLong,https://lichess.org/JUe5oGQM/black#98,
CoP9j,k2r4/b4pr1/N2p1p2/3Pp3/P1q5/2P4P/2Q2PP1/1RR3K1 w - - 1 31,a6b4 d8g8 g1h1 g7g2,2108,77,86,88,crushing middlegame quietMove short,https://lichess.org/I4vMVBrK#61,
CovWz,6kb/p1qb1r1p/3p2p1/1p2P1P1/2rNP3/4B3/PPP4Q/1K1R3R b - - 0 23,d6e5 d4f5 d7f5 e4f5,2165,98,71,23,crushing middlegame quietMove short,https://lichess.org/ZinzIK03/black#46,
CozXK,r4rk1/1R5p/2pq1ppP/3b4/6P1/1P1PQp2/1PPK1P2/7R b - - 0 20,a8e8 b7g7 g8h8 e3a7 d5f7 g7f7 f8f7 a7f7,2131,76,92,2391,crushing kingsideAttack middlegame quietMove veryLong,https://lichess.org/5KghHSBJ/black#40,
CpAdv,8/8/6k1/6p1/1P6/2P2p1p/7P/6K1 b - - 1 47,g5g4 b4b5 g4g3 h2g3 f3f2 g1f2 h3h2 f2g2 h2h1q g2h1,2162,76,91,849,crushing endgame pawnEndgame quietMove veryLong,https://lichess.org/K3Ncdc1w/black#94,
CpOp4,5rk1/6p1/4P2p/8/p1pPpB1P/PrP3PK/8/2R5 b - - 0 38,f8e8 d4d5 b3b5 c1d1,2133,75,85,115,advantage defensiveMove endgame quietMove short,https://lichess.org/iNZ8ZqRX/black#76,
CpenX,6k1/pp3pp1/7p/3b4/6Q1/P2n4/5PPP/4rNK1 w - - 0 28,g4d4 d3c1 f2f3 c1e2 g1f2 e2d4,2156,97,73,36,crushing endgame fork long quietMove,https://lichess.org/D57236CQ#55,
CpoIF,8/5p1k/p2r3r/3P2p1/2P1qPRp/R6P/5PK1/Q7 w - - 1 41,g2g1 d6b6 a1f1 b6b1,2148,86,72,40,advantage endgame pin quietMove short,https://lichess.org/rp29PP01#81,
Cr64U,3k4/4P1Np/p4P2/8/P3r3/7P/2n3PK/8 b - - 0 40,d8d7 g7f5 c2d4 f6f7 d4f5 f7f8q,2155,92,59,30,advancedPawn advantage endgame long promotion quietMove,https://lichess.org/DoIuUrlJ/black#80,
CrS2X,3r1k2/1p2N1p1/p3KpP1/8/1nP5/4R3/P7/8 b - - 1 57,d8e8 e3h3 e8e7 e6d6 f8g8 d6e7,2136,76,93,4378,crushing endgame long quietMove sacrifice,https://lichess.org/nREkOqMY/black#114,
Cs9F5,k1r4r/pR4Qp/2n2p2/2q1p3/4B1p1/2P2N2/PP3PPP/2K4n b - - 2 23,g4f3 b7b3 c5b6 b3b6,2171,133,79,38,crushing middlegame quietMove short,https://lichess.org/O3DS4eL9/black#46,
CsP5r,8/p3r2k/5p1p/4nP2/2ppPK1P/1R6/P1P5/4R3 w - - 0 39,b3b4 e7g7 b4b7 g7b7,2188,112,78,15,crushing endgame quietMove short,https://lichess.org/YiQsydXG#77,
CsQC3,R7/5pk1/4p3/4P1P1/1b6/4K1P1/p5r1/2N5 w - - 2 46,c1a2 b4a3 a2c3 g2g3,2172,123,76,15,crushing endgame quietMove short,https://lichess.org/UtuKApje#91,
CsTFJ,8/7p/6p1/p2k4/2pP2P1/2K5/P6P/8 w - - 3 41,h2h4 a5a4 g4g5 a4a3,2165,92,89,630,crushing endgame pawnEndgame quietMove short zugzwang,https://lichess.org/B7SaJv4m#81,
CsoZ3,r3kb1r/pp1b1p2/1qn1p2p/3pP1pQ/3N4/5NB1/PPP2PPP/R2K1B1R w kq - 3 13,d4c6 b6b2 a1c1 f8a3 f1d3 b2c1 d1e2 c1h1,2155,76,93,970,advantage middlegame quietMove skewer veryLong,https://lichess.org/8fFfv2Q5#25,French_Defense French_Defense_Burn_Variation
Cu9is,5k2/pp3q2/3p1P1Q/3P4/bPp1r3/6P1/P6P/5RK1 b - - 4 33,f8g8 f1f5 e4e1 g1f2 e1e5 f5f4 a4d7 f4h4,2153,78,90,43,advantage defensiveMove endgame quietMove veryLong,https://lichess.org/C2Co1HVB/black#66,
CuOTP,8/5B1k/6p1/4Bbbp/1RPP4/5K1P/3r4/8 b - - 5 46,f5h3 b4b8 h3g4 f3e4,2128,75,87,209,advantage endgame master quietMove short,https://lichess.org/6DXApwca/black#92,
CuXRl,6k1/8/7p/3p2p1/P2Kb3/2B5/1P6/8 b - - 0 43,g8f8 a4a5 e4f5 a5a6 f5c8 a6a7 c8b7 d4c5,2123,76,84,113,advancedPawn advantage bishopEndgame endgame quietMove veryLong,https://lichess.org/aminEjst/black#86,
CuYRF,r3r1k1/5ppp/bqp2n2/1p2N3/3nP3/P1N1R1P1/1PQ2PBP/3R2K1 w - - 1 21,c2d3 a8d8 c3d5 c6d5 d3d4 b6d4,2183,96,82,26,advantage long middlegame quietMove,https://lichess.org/Uj09tdsJ#41,
CuZAU,4k3/1R3Np1/1p1Kp1p1/8/1P1b4/8/8/2r5 b - - 7 40,e6e5 f7g5 c1c6 d6c6,2114,123,53,15,crushing endgame quietMove short,https://lichess.org/QhtXrkMl/black#80,
CupA2,8/p4pP1/4p3/4Pk1P/5n2/P2q4/1P3P2/K6R b - - 3 42,d3d5 h1g1 f4h3 g7g8q,2183,76,90,1221,advancedPawn advantage endgame promotion quietMove short,https://lichess.org/9pVrLwmS/black#84,
Cv0XW,8/1p6/1Pp2k2/p1P1pb1p/P5pP/2N1K1P1/8/8 b - - 1 45,f6e6 c3b5 e6d5 b5d6 d5c5 d6f5,2157,75,99,253,advantage endgame long quietMove,https://lichess.org/LJ0zdiJG/black#90,
Cv8gf,3r4/8/PR3pk1/8/1P4p1/8/8/2K5 w - - 0 37,b4b5 g4g3 b6e6 g3g2 e6e1 d8h8 c1d2 h8h1 a6a7 h1e1 a7a8q g2g1q,2140,75,100,93,advancedPawn crushing endgame promotion quietMove rookEndgame veryLong,https://lichess.org/htE4wYuA#73,
CvUfP,2bq1br1/2N2p1p/2kp4/1P1Npp1Q/P1Pn3r/8/5PPP/R4RK1 b - - 0 19,c6b7 a4a5 b7b8 a5a6,2111,76,90,677,advantage master middlegame quietMove short,https://lichess.org/wlMSpa9g/black#38,Sicilian_Defense Sicilian_Defense_Lasker-Pelikan_Variation
CvY6J,r3k3/pbp1p3/1p2p1p1/4N3/6R1/8/P1P1K1P1/8 b - - 3 23,a8d8 g4h4 e8f8 h4h8 f8g7 h8d8,2123,76,85,220,advantage endgame long master quietMove skewer,https://lichess.org/cHcacZmR/black#46,
CwA72,7k/6p1/p3P2p/1p3r1N/3pB3/P2Pq2P/7K/Q7 b - - 8 35,f5h5 a1f1 e3d2 h2h1 h5h3 f1h3,2124,78,86,62,advantage defensiveMove endgame long quietMove,https://lichess.org/ML0Bl5R1/black#70,
CwB6e,r5k1/5pp1/p1p3p1/3p2n1/P1P4q/4rP2/1BQ3PP/R2R2K1 w - - 0 22,c4d5 a8e8 c2f2 h4f2 g1f2 e3e2,2175,75,94,4345,advantage attraction kingsideAttack long middlegame quietMove,https://lichess.org/GVqUyMbc#43,
CwMFs,8/1p5p/p3k3/2p1P3/2P2K1P/P7/8/8 b - - 0 37,h7h5 a3a4 b7b6 f4e4 a6a5 e4f4,2197,75,91,3653,crushing defensiveMove endgame long pawnEndgame quietMove,https://lichess.org/ILO48fJE/black#74,
CwQG6,1r6/1p3pk1/p3P1p1/2NP4/6n1/P4pPb/1P3P2/R2R2K1 w - - 1 29,e6e7 h3g2 c5e6 f7e6 d5e6 b8h8,2163,107,83,28,crushing defensiveMove endgame long quietMove,https://lichess.org/IYCFYvHW#57,
CwiTa,8/2R2pk1/6p1/p1p5/P7/3p1P2/2n4P/6K1 w - - 0 37,c7c5 c2e3 g1f2 d3d2 f2e3 d2d1q,2104,76,90,169,advancedPawn crushing endgame long promotion quietMove,https://lichess.org/nys7iaPe#73,
Cwtio,3rk3/Q2b3p/3p2r1/3Np3/4P3/6Pq/PP3P1P/R4RK1 w - - 3 20,a1c1 g6h6 f1d1 h3h2 g1f1 h2h1 f1e2 h1e4,2168,76,92,341,advantage middlegame quietMove veryLong,https://lichess.org/8IluTInV#39,
Cx65j,6b1/1p4bk/8/1P1p2p1/3Pp3/B1Q1PqP1/1R3PK1/8 w - - 1 34,g2g1 g8e6 g3g4 e6g4 c3c7 f3d1 g1h2 g4f3 b2b1 d1b1,2140,75,95,770,clearance crushing endgame quietMove veryLong,https://lichess.org/BsEeX2vo#67,
CxaZs,5rk1/1RB2pb1/p3p1p1/8/P1Q4p/1P2qP1P/6PK/8 w - - 0 33,c4h4 g7d4 h4d4 e3d4,2127,76,77,54,crushing endgame master quietMove short,https://lichess.org/rKEGpfEt#65,
Cxi0k,8/p3Bpkp/2q3p1/4p3/8/5PP1/1P1nP1KP/3Q4 b - - 0 30,d2c4 d1d8 c4e3 g2f2,2144,79,86,41,crushing defensiveMove endgame master quietMove short,https://lichess.org/bgZrzsXO/black#60,
Cy0Zt,r2r2k1/1p1nRp2/p1p4Q/8/8/7P/q4PP1/4R1K1 b - - 0 23,a2b2 e1e4 b2b1 g1h2 b1e4 e7e4,2124,90,85,39,crushing defensiveMove long middlegame quietMove,https://lichess.org/g73vWR2S/black#46,
Cy4j0,r1b3R1/pp1k4/2p5/8/1P2P2P/P7/7K/8 b - - 2 36,d7c7 h4h5 a7a5 h5h6 a5b4 h6h7,2136,80,88,231,advancedPawn advantage endgame long quietMove,https://lichess.org/RalmtyWX/black#72,
CyIch,5k2/1p3q2/p1p1R1r1/3p2P1/1PnP2QP/P1N5/2Pb1P2/6K1 w - - 6 37,e6e2 d2c3 h4h5 g6d6 g5g6 f7d7,2175,106,33,29,advantage hangingPiece long middlegame quietMove,https://lichess.org/kuLQRnP2#73,
CyZxi,8/5p2/4k3/3p1b2/1P1P2p1/2p1PPNp/5KPP/8 w - - 0 38,g2h3 f5d3 h3g4 c3c2,2161,112,56,22,advancedPawn crushing endgame master quietMove short,https://lichess.org/wEvwr9z6#75,
CybL2,6k1/pb4pp/1p2pr1r/2p1N3/2P2P2/qP2P1Q1/P4K1P/RR6 b - - 0 27,a3b4 b1d1 b4c3 d1d8 f6f8 a1d1,2141,96,77,32,advantage clearance defensiveMove long middlegame quietMove,https://lichess.org/HEKvNMRX/black#54,
CytiP,4r3/4pk1p/4R1p1/4Rp2/P3bP2/3p4/1P4PP/6K1 w - - 0 30,g1f2 d3d2 f2e2 e8d8 e6e7 f7f8 e7e8 d8e8 e5e8 f8e8,2174,78,88,188,advancedPawn advantage defensiveMove endgame quietMove veryLong,https://lichess.org/0N5CrHTy#59,
CyxwZ,8/8/1KPk4/P5r1/8/8/8/3B4 b - - 0 48,g5c5 d1a4 c5g5 a5a6,2134,77,91,3785,crushing endgame quietMove short,https://lichess.org/tQK8hh9S/black#96,
CzFgA,6k1/5r1p/p2p2p1/2pQ2B1/1p4q1/1P4N1/P4r1P/4R1K1 b - - 6 34,f2f5 g5h6 g4d4 d5d4,2159,76,92,187,advantage middlegame quietMove short,https://lichess.org/l1LUIdYb/black#68,
CzK0l,8/8/8/4p1p1/5p2/1Pk4P/4KPP1/8 w - - 2 38,e2f3 c3d3 f3g4 e5e4 b3b4 e4e3,2104,76,84,119,crushing endgame long pawnEndgame quietMove,https://lichess.org/5jzO3req#75,
Czmo0,8/p2K2kp/r5p1/2B1P3/8/1P4P1/8/8 b - - 3 41,g7f7 c5d6 a6b6 e5e6 f7f6 e6e7 b6b7 d7d8,2109,77,92,214,advancedPawn advantage defensiveMove endgame quietMove veryLong,https://lichess.org/FOjFLhch/black#82,
D00bA,2r3k1/8/4Pp1p/1p1R1Pp1/1P6/p7/2p3PP/2B3K1 w - - 0 31,d5b5 c8a8 c1a3 a8a3 b5c5 a3a1,2142,75,97,257,crushing endgame long quietMove,https://lichess.org/bqXj0Xv4#61,
D0GW8,8/2p3k1/3p4/1P4b1/P1K4p/7P/8/1B6 b - - 0 75,g5e3 a4a5 g7f6 c4d5,2163,76,81,348,bishopEndgame crushing endgame master quietMove short,https://lichess.org/VmpWAg4Y/black#150,
D0JtA,4rk2/1p4p1/p1pq1n1p/3p1Pn1/1P1Pp3/PB5P/2P1Q1P1/4RRK1 w - - 1 24,h3h4 d6g3 h4g5 f6g4 e2g4 g3g4,2150,75,92,1835,crushing long middlegame quietMove sacrifice,https://lichess.org/R3cSQaGD#47,
D0aOe,rnbq1r2/ppp2pk1/3p4/4n2Q/4PR2/1BN5/PPP3P1/R5K1 b - - 0 15,f8h8 f4f7 e5f7 h5f7 g7h6 a1f1 h8f8 f7f8 d8f8 f1f8,2127,75,90,158,advantage middlegame quietMove veryLong,https://lichess.org/FOIkTVCQ/black#30,Kings_Gambit_Accepted Kings_Gambit_Accepted_Kings_Knights_Gambit
D0iDc,8/8/p5p1/3k4/P2bp1P1/1P2B3/8/3K4 w - - 5 39,d1d2 d4e3 d2e3 a6a5 g4g5 d5e5,2178,80,92,451,bishopEndgame crushing defensiveMove endgame long quietMove,https://lichess.org/qPQIhWsy#77,
D15Ei,1k1r4/pb3p2/1p1p1q2/2pPp3/Q1P1PBrp/1RP5/P4PP1/1R3BK1 b - - 0 26,f6f4 b3a3 g4g2 f1g2 d8g8 a4a7,2131,77,88,149,advantage long middlegame quietMove,https://lichess.org/mEkqEUB5/black#52,
D1eNf,r1bq1rk1/1ppn2bp/3p4/p1nPppN1/2P5/2N1B2P/PPB2PP1/R2Q1RK1 b - - 1 13,f5f4 c2h7 g8h8 d1h5 d8g5 h5g5,2107,77,91,1831,crushing kingsideAttack long opening quietMove,https://lichess.org/43vFuyeA/black#26,Kings_Indian_Defense Kings_Indian_Defense_Normal_Variation
D2NAm,2r2rk1/p2Qpp1p/6p1/8/3PN3/5P2/qP3P1P/2KR3R w - - 1 19,e4c3 c8c3 b2c3 f8b8 d7e8 b8e8,2163,75,93,4647,clearance crushing long middlegame quietMove sacrifice,https://lichess.org/1gSuA71p#37,Zukertort_Opening Zukertort_Opening_Tennison_Gambit
D2rMf,5r1k/p4p2/1p3RPp/2p5/4P3/3r2PK/P7/5R2 b - - 0 37,d3d7 e4e5 h8g7 e5e6 f7e6 f6f8,2184,79,90,404,advantage endgame long quietMove rookEndgame,https://lichess.org/y2ZOknlk/black#74,
D2xpp,8/pp1kr3/4p1q1/3pR3/P1pP2PK/2P1Q3/1P6/8 w - - 1 39,e5g5 g6h6 h4g3 e7h7 g5d5 e6d5 e3h6 h7h6,2170,80,90,269,crushing endgame quietMove veryLong,https://lichess.org/qqmodKvu#77,
D3CHE,8/8/P3R2K/6rp/7k/8/8/8 b - - 10 59,g5g8 e6e4 h4g3 h6h5 g3f3 e4a4 f3e3 a6a7,2154,78,82,57,advancedPawn crushing deflection endgame quietMove rookEndgame veryLong,https://lichess.org/26RyGA51/black#118,
D3Jj9,8/8/7p/6p1/4p2P/3k2P1/5P2/3K4 w - - 0 65,d1e1 g5g4 h4h5 e4e3 f2e3 d3e3,2127,139,89,22,crushing endgame long pawnEndgame quietMove,https://lichess.org/9edBmEuW#129,
D3TAx,2r3k1/1R4P1/4p3/3rPp2/p7/3P4/1K4R1/8 b - - 2 56,d5d3 g2h2 d3b3 b7b3,2161,78,92,6480,crushing endgame quietMove rookEndgame short,https://lichess.org/TCajZQTx/black#112,
D3yaG,r5k1/p3p1bp/bp4p1/2n1q3/2p5/Q1N1B3/PP3P2/2KR3R b - - 1 20,c5d3 d1d3 a6b7 d3d1 b7h1 d1h1,2194,80,90,750,advantage long middlegame quietMove,https://lichess.org/SsrWUZo5/black#40,
D3ztr,8/8/7p/4K1pP/1p1p4/2kB4/2P5/8 w - - 0 49,e5e4 g5g4 d3b5 g4g3 e4f3 c3c2,2197,78,89,848,bishopEndgame crushing endgame long master quietMove,https://lichess.org/y1oFW3um#97,
D47kp,r1b1rk2/1p1p2pp/p7/3B3P/2n2B2/P7/1PP5/2KR4 b - - 0 26,c4e5 d1f1 f8e7 f4e5,2143,297,100,8,equality interference middlegame quietMove short,https://lichess.org/9FhzHlzk/black#52,
D4G8h,8/P2k2p1/3P3p/1N6/1P3P2/4K3/r7/8 w - - 1 43,e3d4 h6h5 d4e4 h5h4 e4f3 h4h3 f3g3 h3h2 a7a8b a2a8 g3h2 a8b8 b5d4 b8b4 d4f3 b4f4,2126,77,83,236,advancedPawn crushing endgame quietMove skewer veryLong,https://lichess.org/mmyWJXmt#85,
D4RVH,8/8/8/1p6/2p5/8/1k2K3/4B3 w - - 7 49,e2e3 c4c3 e3d3 b5b4 e1f2 c3c2,2133,84,90,601,advancedPawn bishopEndgame crushing endgame long quietMove,https://lichess.org/8zb1MWdm#97,
D4Vxp,5r2/6k1/p1r2p2/3p2R1/2bBp3/2P5/P4RP1/6K1 b - - 0 35,g7h6 g5g3 f6f5 d4g7,2192,79,82,68,crushing endgame quietMove short,https://lichess.org/ztS42UM1/black#70,
D4YcV,8/8/1p3R2/p4p1p/P3k2P/4P1P1/6K1/5r2 b - - 4 47,f1f3 f6e6 e4d5 e6e8 f3e3 e8e3,2194,108,72,15,crushing endgame long quietMove rookEndgame trappedPiece,https://lichess.org/nh91MYvQ/black#94,
D569I,8/p3k3/npp5/4BPK1/2P5/P7/8/8 b - - 4 40,e7f7 e5d6 b6b5 c4b5,2120,77,79,53,crushing endgame master quietMove short,https://lichess.org/hWEY2Tyf/black#80,
D5UNT,8/2r5/P7/3p4/2pKpP2/4Pk2/R7/8 b - - 0 51,c7a7 f4f5 c4c3 f5f6,2124,76,83,70,crushing endgame quietMove rookEndgame short zugzwang,https://lichess.org/iRNuAB2S/black#102,
D5VOO,4r1k1/p1p2p1p/2R3p1/3Pq3/8/P2Q4/1r3PPP/2R3K1 w - - 0 25,c6c7 e5c7 c1c7 e8e1 d3f1 b2b1 g2g4 e1f1,2176,74,94,1609,clearance crushing endgame pin quietMove sacrifice veryLong,https://lichess.org/heE30Ymn#49,
D5cKc,2r3k1/2rq3p/p1pb1pp1/Np6/1P1QPP2/P6R/1B4PP/5K2 b - - 0 31,c8f8 h3d3 d6e5 d4d7 c7d7 d3d7,2181,223,88,8,equality long middlegame quietMove,https://lichess.org/wecdnUN1/black#62,
D5u05,8/8/p2p3p/1p1N2kP/2p3B1/5P2/P5PK/r7 b - - 6 44,a1a2 h2h3 a2a3 g2g3 a3f3 g4f3,2168,78,96,84,advantage endgame long quietMove,https://lichess.org/0oA3Aze2/black#88,
D61iQ,8/2k5/1prp2p1/p5R1/2P1KP2/1P6/8/8 w - - 8 44,g5g6 d6d5 e4f5 c6g6 f5g6 d5d4 f4f5 d4d3 f5f6 d3d2 f6f7 d2d1q,2105,75,73,126,advancedPawn crushing discoveredAttack endgame promotion quietMove rookEndgame veryLong,https://lichess.org/NkGwLxpx#87,
D6UR5,4rrk1/pp2qppp/2pp1n2/8/2B1PQ2/2BP4/PPP3PP/4R1K1 b - - 3 15,e7d7 c3f6 g7f6 e1e3 e8e5 f4f6,2196,79,75,53,crushing intermezzo long middlegame quietMove,https://lichess.org/M2OYjwbJ/black#30,Bishops_Opening Bishops_Opening_Other_variations
D6bos,r4rk1/p3qppp/1p6/2p5/P2NP3/2PQ4/5RPP/R6K w - - 0 20,d4c6 e7c7 d3d5 a8c8 c6a7 c7a7,2149,155,100,18,equality long middlegame quietMove,https://lichess.org/PhQEfcJX#39,
D6fjv,6B1/1p6/p1p4p/8/1kP4K/8/7P/8 w - - 0 38,h4h5 c6c5 g8e6 a6a5 h5h6 a5a4,2136,77,79,51,bishopEndgame crushing defensiveMove endgame long quietMove,https://lichess.org/X2jAYWWj#75,
D6mTr,6k1/1p4p1/2p1r1Q1/3pq3/p5R1/P1P4P/1P4P1/6K1 w - - 2 29,g6c2 e5e1 g1h2 e6f6 c2d3 f6f1 d3f1 e1f1,2189,91,45,34,crushing endgame quietMove veryLong,https://lichess.org/spBSIU2s#57,
D7IbK,k6r/1R2pp1p/B2p4/3Pn3/3q4/p1P5/P7/1K3Q2 b - - 0 32,d4d2 f1g1 d2d3 a6d3,2188,83,68,31,advantage endgame master quietMove short,https://lichess.org/zYyopmbq/black#64,
D7g7T,8/8/8/1p6/3k4/1P4K1/P7/8 w - - 3 50,g3f2 b5b4 f2e2 d4c3,2173,77,94,135,crushing endgame pawnEndgame quietMove short,https://lichess.org/v3l7m64o#99,
D8Rc6,8/8/8/6p1/7k/2P5/P1K5/8 w - - 0 46,c2d2 g5g4 d2e2 h4h3 e2f1 h3h2,2120,77,89,480,crushing defensiveMove endgame long pawnEndgame quietMove,https://lichess.org/jvP383Yv#91,
D8UAe,r6k/p2n2p1/3P1q1p/2p5/8/brPQ1NN1/3R1PPP/K3R3 w - - 0 29,d2c2 a8b8 f3d2 a3b2 c2b2 b3b2,2186,87,82,29,advantage exposedKing long middlegame quietMove,https://lichess.org/GKDoSZ81#57,
D8vUq,r4rk1/4Bppp/p1pp4/5P2/4p3/2N5/PPP2PPP/2KR3n b - - 1 16,f8e8 e7h4 h1f2 h4f2,2115,76,91,1108,advantage endgame quietMove short trappedPiece,https://lichess.org/3DHeN6do/black#32,Sicilian_Defense Sicilian_Defense_Lasker-Pelikan_Variation
D90JH,8/7p/8/4kpp1/6P1/4KP1P/8/8 w - - 6 61,e3f2 f5f4 f2e2 e5d4,2177,77,92,5101,crushing defensiveMove endgame pawnEndgame quietMove short,https://lichess.org/nQECfLoW#121,
D9HDi,8/8/5k2/4r3/PPBK4/8/8/8 b - - 3 66,e5g5 a4a5 g5g7 a5a6,2182,78,91,282,crushing endgame quietMove short,https://lichess.org/ZBPnC3y4/black#132,
D9MNB,2r1r1k1/5p1p/6p1/Q7/4q3/2B5/PP5P/2K2RR1 w - - 0 25,a5g5 c8c3 b2c3 e8b8 g5d8 b8d8,2106,76,90,471,clearance crushing long middlegame quietMove sacrifice,https://lichess.org/nceLcFky#49,
D9vbI,8/5k1p/p3p1p1/1p2R3/1P3P2/P2P4/2rP2PP/6K1 w - - 1 28,e5c5 c2c5 b4c5 a6a5 g1f2 b5b4 a3b4 a5a4,2104,75,93,3483,crushing defensiveMove endgame quietMove rookEndgame veryLong,https://lichess.org/uwtbKePe#55,
D9zMD,8/6p1/3b3p/3P2k1/Pp2K1P1/1P6/8/8 b - - 0 49,g5g4 a4a5 g4g5 a5a6 d6b8 d5d6 g5f6 e4d5 g7g5 d5c6 g5g4 c6b7 b8d6 a6a7,2150,78,92,7896,advancedPawn advantage bishopEndgame endgame quietMove veryLong,https://lichess.org/FzANuiWZ/black#98,
DA7Vh,r2B1rk1/1b3ppp/8/pN2p3/P2p4/1B6/1PPn1PPP/R4RK1 b - - 0 17,d2f1 d8g5 h7h6 g5c1,2157,80,91,1267,advantage middlegame quietMove short,https://lichess.org/p587q07g/black#34,Sicilian_Defense Sicilian_Defense_Other_variations
DABUG,1k5r/2p1P2P/1p5R/p2brp2/8/6P1/5P2/2R2K2 b - - 0 40,e5e6 h6e6 d5e6 c1d1 b8c8 d1d8,2145,86,80,39,crushing endgame long master quietMove,https://lichess.org/ZCscKA8Y/black#80,
DAHoZ,4rk2/p1P2p1p/3Pp1p1/8/2rp3P/6PK/P7/4R3 b - - 0 33,e8a8 e1b1 d4d3 b1b8 f8g7 d6d7 c4c7 d7d8q,2191,122,52,17,advancedPawn advantage endgame promotion quietMove rookEndgame veryLong,https://lichess.org/H1CgZXUD/black#66,
DAkqe,r2q1rk1/pppbbp2/4pn1Q/6N1/2Bn4/2N5/PPP2PPP/R4RK1 b - - 1 13,d7c6 c4d3 d4f5 d3f5,2190,81,84,59,advantage middlegame quietMove short,https://lichess.org/mfPysmj0/black#26,Scandinavian_Defense Scandinavian_Defense_Mieses-Kotroc_Variation
DB7ss,8/2p5/1p1p4/2nPp3/2P2pP1/P1K2Pk1/2B1R1P1/6r1 w - - 2 38,a3a4 g1g2 e2g2 g3g2 g4g5 g2f3 g5g6 c5d7 g6g7 d7f6,2111,77,91,533,crushing endgame master quietMove veryLong,https://lichess.org/O7z8VhDo#75,
DB8AC,2kr3r/ppp1bNp1/5n2/8/3pP2p/PP1P1PPq/1BP4P/1R1Q1RK1 w - - 0 18,f7d8 h4g3 d1e2 g3h2 g1h1 f6h5 e2g2 h5g3 g2g3 h3g3,2167,78,87,110,advancedPawn advantage fork middlegame quietMove veryLong,https://lichess.org/5XsO3R6I#35,Nimzo-Larsen_Attack Nimzo-Larsen_Attack_Classical_Variation
DBAFc,8/2k3p1/4p1P1/p2pP3/p1pP4/K1P5/1P6/8 w - - 6 49,a3a4 c7b6 a4a3 b6b5 a3a2 b5a4 a2a1 a4b3 a1b1 a5a4 b1a1 b3c2,2106,174,-86,11,crushing endgame pawnEndgame quietMove veryLong zugzwang,https://lichess.org/xNlKOEGH#97,
DBHiq,1r4k1/8/p7/2pP4/2P1p3/4Pq2/P2KRpr1/3Q1R2 w - - 1 41,d2c2 f3f6 d1a1 f6a1,2143,76,91,1161,crushing endgame quietMove short,https://lichess.org/V86XUmV6#81,
DBhig,3r3k/pb2bprp/3q1p2/3N4/2B4R/7Q/PPP3PP/3R3K w - - 3 24,c4d3 f6f5 d3f5 e7h4,2146,78,91,3439,advantage discoveredAttack middlegame quietMove short,https://lichess.org/UXVUrXHk#47,
DBnjq,8/p4k2/1p2p3/6K1/5P1P/8/P7/8 b - - 0 46,a7a5 a2a4 b6b5 a4b5 a5a4 b5b6 a4a3 b6b7 a3a2 b7b8q,2154,77,84,67,advancedPawn crushing endgame pawnEndgame promotion quietMove veryLong,https://lichess.org/wDhnds82/black#92,
DCDBb,8/8/7k/p6P/1nP1P1K1/p7/N7/8 w - - 1 50,e4e5 b4a2 e5e6 a2c3 e6e7 c3e4,2191,74,92,5354,crushing defensiveMove endgame hangingPiece knightEndgame long quietMove,https://lichess.org/pQhTwkoL#99,
DCS0W,1r1qr1k1/p3p3/3pp1pB/2p1P3/3bQ1P1/2N5/PPP4P/R6K b - - 1 23,g8h7 a1f1 e8g8 f1f7,2135,77,90,1146,advantage middlegame quietMove short,https://lichess.org/RoX6GXuz/black#46,
DCnjA,8/8/p4p2/5k2/2PP4/5PK1/8/8 w - - 0 47,c4c5 a6a5 d4d5 f5e5 d5d6 e5e6 g3f4 a5a4,2160,76,94,2323,crushing defensiveMove endgame pawnEndgame quietMove veryLong,https://lichess.org/m69gam05#93,
DCq1I,8/8/p2p3p/4k1p1/4P1P1/P1P2K2/8/8 b - - 0 47,d6d5 f3e3 d5e4 c3c4 a6a5 a3a4,2165,105,52,16,crushing defensiveMove endgame long pawnEndgame quietMove zugzwang,https://lichess.org/Oo9RSP9k/black#94,
DCqhf,8/pp2b1pk/2n4p/4PQ2/4N2R/3p2PK/4q3/8 b - - 3 37,h7h8 e4f6 e7f6 e5f6,2144,74,100,111,advantage endgame master masterVsMaster quietMove short,https://lichess.org/VE6FSQ1T/black#74,
DCxAD,8/8/bP4P1/2B5/P3k3/3pp3/8/4K3 w - - 0 46,g6g7 d3d2 e1d1 a6c4 d1c2 c4b3,2137,96,76,29,advancedPawn bishopEndgame crushing endgame long quietMove,https://lichess.org/rfdNwHjF#91,
DD1A8,6k1/5b2/6p1/p1Q2pPp/2P2P2/3P1BK1/P2q4/8 w - - 1 40,c5d4 h5h4 g3h3 d2e1 h3g2 e1g3 g2f1 g3f3,2123,74,94,3475,crushing deflection endgame quietMove veryLong,https://lichess.org/rzrVxi8a#79,
DD8Mi,2k2bnr/1p2PNp1/p7/5B1p/q4rb1/2P5/6PP/1N3RK1 b - - 0 28,f4f5 e7f8q c8d7 f1e1 f5f7 f8e8 d7c7 e8a4,2139,111,52,24,advancedPawn advantage fork hangingPiece middlegame promotion quietMove skewer veryLong,https://lichess.org/rs2f2C6v/black#56,
DDCZs,8/2B2p2/p1P1k3/1bK1P3/6p1/6P1/8/8 b - - 2 53,f7f6 e5f6 e6f6 c7a5 f6e6 c5b6 e6d5 c6c7,2192,138,38,16,advancedPawn bishopEndgame crushing endgame quietMove veryLong,https://lichess.org/mPg4HYjU/black#106,
DDOqu,6k1/pp3ppp/3q1n2/2p5/8/1P1rPN1P/P1Q2PP1/2R3K1 b - - 4 24,b7b6 f3d4 d3d4 e3d4,2158,77,91,453,crushing endgame quietMove short trappedPiece,https://lichess.org/z0S1f9ZX/black#48,
DEAKP,r4rk1/pp3p2/2p4Q/2p2RB1/8/2PP4/P1q3PP/6K1 b - - 0 22,c2d3 g5f6 d3b1 f5f1 b1h7 h6g5 h7g6 g5h4,2155,75,94,622,crushing defensiveMove endgame quietMove veryLong,https://lichess.org/vKKbSP8f/black#44,
DEDZ7,8/p3k1K1/Pp5P/1PpBp3/2P3p1/6n1/8/8 b - - 3 47,g3f5 g7g6 f5h6 g6h6 e7f6 d5e4 g4g3 h6h5,2171,78,87,220,advantage defensiveMove endgame quietMove veryLong,https://lichess.org/JV1mgpkd/black#94,
DEI7b,2k3r1/1pp1N1Pp/p7/8/P7/6P1/1r5P/4nK2 b - - 1 32,c8d8 e7g8 b2b6 g8e7 d8e7 g7g8q,2199,82,82,40,advancedPawn advantage clearance endgame hangingPiece long promotion quietMove,https://lichess.org/RjM5k04w/black#64,
DEIhK,r4rk1/4bp2/p2p1n1Q/q1pPp3/Np4PP/1P3N2/P1P2P2/2KR4 b - - 0 21,f6g4 d1g1 f7f5 h6g6 g8h8 f3g5 e7g5 h4g5,2161,77,82,79,crushing middlegame pin quietMove veryLong,https://lichess.org/8FGowoSp/black#42,
DEQkW,r7/PK3k2/R4P2/6p1/7p/8/8/8 b - - 1 52,a8h8 a6c6 h4h3 c6c8 h8c8 b7c8,2143,107,81,27,crushing endgame long master quietMove rookEndgame,https://lichess.org/Kx21Y0Ky/black#104,
DEngK,8/8/6Rp/8/P3p1P1/5k1P/r7/5K2 w - - 1 59,f1e1 a2a1 e1d2 e4e3 d2c2 a1f1 g6f6 f3g2,2190,166,83,7,crushing endgame exposedKing quietMove rookEndgame veryLong,https://lichess.org/pR1HMMur#117,
DFa3b,8/7p/p4p1k/1p2pP2/1P2P2P/2P2KN1/8/6b1 b - - 6 35,g1h2 g3e2 h6h5 f3g2 h5h4 g2h2,2193,81,83,47,advantage endgame long quietMove,https://lichess.org/cgO688uF/black#70,
DFnMQ,8/1p4pk/4Q2p/3Pp2P/3bb1P1/P2p1r2/1P1B4/R2K4 w - - 7 37,d5d6 f3f1 d2e1 d4e3 e6g6 e4g6,2164,77,82,81,crushing endgame long quietMove,https://lichess.org/O1uucQlm#73,
DFykl,5rk1/6pp/3b4/2p2p2/p2p2K1/P1q2Q2/6B1/1R4R1 w - - 0 40,g4h3 f8f6 h3h4 f6h6,2104,85,84,46,crushing master middlegame quietMove short,https://lichess.org/USaweJQ1#79,
DH5ap,r2q1r1k/1bpn1p1p/p2pp2Q/7P/1p1P4/3B2N1/PPP2PP1/R3K2R b KQ - 3 17,d7f6 h1h4 f8g8 h4f4,2182,76,79,208,crushing master masterVsMaster middlegame quietMove short,https://lichess.org/2klkN1Om/black#34,Pirc_Defense Pirc_Defense_Classical_Variation
DH6Lo,4r1k1/p4p1p/2r5/5n2/3Bp3/2P3Pq/P1Q1PP1P/1R1R2K1 w - - 5 25,c2a4 f5h4 g3h4 c6g6 g1h1 h3g2,2144,76,92,1515,long mate mateIn3 middlegame quietMove sacrifice,https://lichess.org/UM6t59lt#49,
DHTr6,8/6p1/3p1p1p/r2k4/P1R2P2/K5P1/1P5P/8 w - - 5 42,a3b4 a5a4 b4a4 d5c4 b2b3 c4c3 b3b4 d6d5 a4a5 d5d4,2167,79,90,1013,crushing defensiveMove deflection endgame quietMove rookEndgame veryLong,https://lichess.org/k8TEVUKw#83,
DHcAQ,6k1/5pbp/4p1p1/1B1p3n/2P2q2/1P1Q1P1P/r4BP1/3R2K1 w - - 0 29,c4d5 g7e5 g2g3 h5g3,2137,84,78,33,crushing middlegame quietMove short,https://lichess.org/Js7dbIBp#57,
DI9p9,5r1k/6p1/1R1b2q1/2PBp3/3p4/3P1pPb/1B3P2/5QK1 w - - 1 37,b6d6 g6h5 d6d8 f8d8,2195,79,88,1869,advantage master middlegame quietMove short,https://lichess.org/XwpBIqQ3#73,
DIBVz,1k6/p1p1b2p/1pP2pp1/4p3/PP2Q3/4B2P/5PPK/3q4 b - - 1 25,d1a4 e4c4 a7a5 c4g8 b8a7 e3b6,2194,277,63,16,advantage endgame long queensideAttack quietMove,https://lichess.org/fTSNdizv/black#50,
DIEUv,8/b7/p4N2/4p3/8/1k1KP3/7P/8 w - - 2 39,f6d7 e5e4 d3e4 a6a5 d7e5 a5a4,2192,93,29,26,crushing defensiveMove endgame long master quietMove,https://lichess.org/BM6j9YfV#77,
DIj4w,8/8/R7/7p/5K2/p4P1k/5P2/r7 w - - 4 53,a6a5 h5h4 f4g5 a3a2 g5h5 h3g2,2160,83,90,908,advancedPawn crushing endgame long master quietMove rookEndgame,https://lichess.org/rgd2CJOX#105,
DIqV7,3k4/8/1pB5/p3K3/2P5/6p1/8/8 w - - 0 59,e5f4 a5a4 c4c5 a4a3,2190,75,98,210,bishopEndgame crushing endgame quietMove short,https://lichess.org/NFYUCpIu#117,
DIuau,7k/7p/3N2p1/3P2Pn/pp6/8/1PP1r3/1K3R2 b - - 1 32,e2d2 d6f7 h8g7 f7h6 d2d1 f1d1,2169,77,92,5009,crushing endgame long quietMove,https://lichess.org/3wehPWSK/black#64,
DJ6oK,5r2/2R2p2/4pk2/3p4/R3n3/5p1P/PPP5/6K1 w - - 0 33,a4a3 f8g8 g1f1 e4d2 f1e1 g8g2 a3f3 d2f3,2117,166,0,15,advantage endgame exposedKing quietMove veryLong,https://lichess.org/ygqlYQtW#65,
DJD8w,8/8/ppR3p1/6Kp/8/rk4PP/5P2/8 b - - 1 39,a3a5 g5g6 b6b5 f2f4 b5b4 f4f5,2109,75,93,4829,advantage defensiveMove endgame long quietMove rookEndgame,https://lichess.org/xaCcBHAL/black#78,
DJNvz,8/6pk/p6p/5p2/P2p4/1P2qQ1P/6P1/5K2 b - - 1 41,f5f4 f3e3 f4e3 b3b4 h7g6 b4b5 a6b5 a4b5,2136,99,-3,27,crushing endgame queenEndgame quietMove veryLong,https://lichess.org/3dlI0ypF/black#82,
DJwqV,8/8/8/2p2kP1/7K/8/8/8 w - - 0 52,h4h5 c5c4 g5g6 f5f6 h5h6 c4c3 g6g7 c3c2 g7g8q c2c1q h6h5 c1h1,2128,75,95,5613,advancedPawn crushing endgame pawnEndgame promotion quietMove veryLong,https://lichess.org/kgQzZbhj#103,
DKRff,2r4k/5prp/4p3/1p1p1p1B/1q1P3P/2P1RQ2/2K2P2/R7 w - - 0 31,a1a7 g7g1 f3d1 g1d1,2163,76,86,121,advantage middlegame pin quietMove short,https://lichess.org/hMAGEzeO#61,
DKqWK,8/6R1/1N1pk3/4p3/4K1p1/5rP1/8/4b3 b - - 8 50,f3g3 b6d5 g3e3 d5e3,2100,76,94,1704,crushing endgame quietMove short,https://lichess.org/QFEC1ohr/black#100,
DL4mL,8/p4pp1/2k4p/2Pp4/3K3P/6P1/P4P2/8 b - - 7 35,g7g5 h4g5 h6g5 g3g4 a7a5 a2a4 f7f6 f2f3 c6c7 d4d5,2163,78,92,1964,crushing endgame pawnEndgame quietMove veryLong zugzwang,https://lichess.org/TAXaFAdo/black#70,
DLNPo,r1b4k/3nnr1P/p2p2pR/4p1P1/1p2P3/q2P2N1/P1PB4/R2QK3 b Q - 1 22,f7h7 d1f3 a3b2 h6h7 h8h7 f3f7,2142,142,79,11,advantage attraction exposedKing intermezzo kingsideAttack long middlegame quietMove,https://lichess.org/WFbZP6Ly/black#44,
DLZRi,8/2p5/4K3/2kB4/8/p7/8/8 w - - 0 46,d5a2 c5d4 e6d7 c7c5 d7c6 c5c4,2100,76,90,248,bishopEndgame crushing defensiveMove endgame long quietMove,https://lichess.org/jd5WbIdE#91,
DLfkF,3r2k1/5pp1/2P3bp/1pN5/1P1P4/6P1/5P1P/5BK1 b - - 0 37,d8d4 f1h3 d4d1 g1g2,2107,105,84,18,crushing endgame quietMove short,https://lichess.org/odAAK2QP/black#74,
DLh5p,8/2pb4/4p2p/4K3/1P6/P2B1Pk1/8/8 w - - 2 42,d3e4 h6h5 a3a4 d7a4 e5e6 g3f4,2148,100,76,27,bishopEndgame crushing endgame long quietMove,https://lichess.org/OEV0s9Lk#83,
DMHps,r1b5/1p4R1/1k2p3/p4p2/7R/2pn4/P1P2PPP/6K1 w - - 0 35,c2d3 c8d7 h4c4 a8c8 c4c3 c8c3,2176,80,91,696,clearance crushing endgame long quietMove,https://lichess.org/WWTleCns#69,
DMI21,8/8/1p1n2K1/2k5/8/7P/8/5B2 b - - 2 56,b6b5 h3h4 d6e4 h4h5 e4g3 h5h6,2168,77,90,1561,crushing endgame long quietMove,https://lichess.org/d9uc8yvq/black#112,
DMMRR,2k5/pp2n1p1/8/2p2p2/4rK2/P1N3P1/1PP4P/3R4 w - - 4 34,f4g5 e4g4 g5h5 e7g8 d1d6 g8f6 d6f6 g7f6,2189,75,94,1423,advantage endgame quietMove veryLong,https://lichess.org/RolyW1E4#67,
DMWkT,8/p7/3p3p/P1pP1B1k/5K2/2P5/2b5/8 b - - 3 44,c2b3 f5e4 h5h4 f4f5,2129,74,90,2187,advantage bishopEndgame defensiveMove endgame quietMove short,https://lichess.org/dday4KOw/black#88,
DMiqO,R7/3k4/2pp4/1n5p/3PK1pP/1P3rP1/3B4/8 w - - 8 43,a8h8 d6d5 e4e5 b5d6 h8h7 d6f7 h7f7 f3f7,2134,81,81,39,crushing endgame quietMove veryLong,https://lichess.org/KDBJ3W0g#85,
DNC6t,2r3k1/p2b1p2/1p2pBp1/3pP3/3P2P1/1Pq5/P3Q3/5RK1 b - - 1 27,c3d4 g1g2 d4e4 e2e4 d5e4 f1h1 c8c2 g2g3,2160,76,97,299,advantage defensiveMove endgame quietMove veryLong,https://lichess.org/WZTAU7NW/black#54,
DNlNm,r4rk1/1pqb1ppp/p1n1p1n1/3pP2Q/8/2NBR3/PPPB1PPP/R5K1 b - - 4 14,d5d4 e3h3 h7h6 d2h6 c7e5 h6g5,2130,75,95,7518,crushing defensiveMove long middlegame quietMove,https://lichess.org/j57RxYiM/black#28,Caro-Kann_Defense Caro-Kann_Defense_Other_variations
DNopo,6k1/5r1p/3p2p1/1K1P2P1/1b2P2R/5r2/8/7R w - - 0 53,b5b4 f7b7 b4c4 f3b3 e4e5 b7b4,2163,83,85,226,endgame long mate mateIn3 quietMove rookEndgame,https://lichess.org/S5U0ojbh#105,
DNwHB,r1b1r1k1/pp3pp1/2p2q2/3pN1BQ/8/2P5/P1P2bPP/R3R2K b - - 3 17,f6f5 e5g6 e8e1 a1e1 f7g6 e1e8,2135,77,91,383,advantage long middlegame quietMove sacrifice,https://lichess.org/n9rknQdT/black#34,Four_Knights_Game Four_Knights_Game_Scotch_Variation
DOAMB,8/8/2B3pk/7p/2p5/7K/8/8 w - - 0 56,c6d5 c4c3 d5e4 g6g5 h3g3 h6g7,2135,131,-8,16,advantage bishopEndgame defensiveMove endgame long quietMove,https://lichess.org/F1f8JnEG#111,
DOXIB,3Q4/p7/2q3p1/5pkP/8/2p5/5P1K/8 b - - 5 46,g5h5 f2f4 h5g4 d8g5 g4f3 g5g2 f3e3 g2c6,2103,76,93,7387,crushing endgame queenEndgame quietMove skewer veryLong,https://lichess.org/AqJoNKBK/black#92,
DPDcw,8/p7/1p2k1p1/2p1p2p/2PpK2P/1P1P1PP1/P7/8 w - - 2 40,g3g4 g6g5 h4g5 h5h4 f3f4 h4h3,2147,75,94,1528,crushing endgame long pawnEndgame quietMove,https://lichess.org/mRLihj1f#79,
DPgmu,2r1k2r/3p1ppp/p4n2/qp1Pp3/1b6/3QBP2/PPP3PP/1K1R1B1R b k - 0 14,c8c3 b2c3 b4c3 e3c5 d7d6 c5d6 e8d7 d6c5,2123,80,79,43,advantage defensiveMove middlegame quietMove veryLong,https://lichess.org/juyhVh07/black#28,Sicilian_Defense Sicilian_Defense_Lowenthal_Variation
DQThF,7Q/3r1pp1/4pkqn/2Bp4/8/6Pp/P4P1P/R1R3K1 w - - 3 30,h8e8 g6e4 f2f3 e4e2 c5f2 e2f3,2123,77,81,116,advantage long middlegame quietMove,https://lichess.org/mT8YT3aH#59,
DQvna,8/4pk1p/3p2p1/2p2PP1/P1pb3P/4nR1K/1P6/8 b - - 2 35,e3f5 a4a5 d4e3 a5a6 c4c3 b2c3 c5c4 f3e3 f5e3 a6a7 e3d5 a7a8q,2121,76,87,245,advancedPawn crushing endgame promotion quietMove veryLong,https://lichess.org/3u6qEv0c/black#70,
DQzeu,8/p6k/1p5p/3r3P/1P6/2K3r1/P5P1/6RR w - - 1 37,c3c4 g3d3 a2a4 a7a6 h1h4 b6b5 a4b5 a6b5,2144,75,94,3586,endgame mate mateIn4 quietMove rookEndgame veryLong,https://lichess.org/E3nDSscO#73,
DR7GA,3qrk2/2p5/1p2P1R1/p4p2/2PBbP2/4P3/P2KR3/8 b - - 4 38,c7c5 e2h2 c5d4 h2h8 f8e7 h8h7 e7d6 e6e7,2197,90,74,37,advancedPawn advantage discoveredAttack endgame exposedKing quietMove sacrifice veryLong,https://lichess.org/m2lRRJbU/black#76,
DRBRd,5k2/5ppp/b7/1p2pN2/2p1Pb2/2P2P1P/BP4P1/3K4 w - - 4 28,f5d6 g7g6 b2b3 f8e7 d6c4 b5c4,2112,78,94,3937,crushing endgame long quietMove trappedPiece,https://lichess.org/Lcecv1c2#55,
DRD7X,8/4k3/2p2pp1/K1P1p3/4P1P1/R3B3/pr6/8 w - - 1 47,e3c1 b2b8 a3a2 b8a8 a5b6 a8a2,2197,75,92,767,crushing endgame long quietMove skewer,https://lichess.org/7BV1UNqI#93,
DRDyA,2rqr1k1/pp3p1p/n5p1/3P1bN1/3Q1P2/P1N4P/1P1R2P1/2K4R w - - 3 19,g2g4 a6c5 g4f5 c5b3 c1b1 b3d4,2102,76,80,98,advantage fork long middlegame quietMove sacrifice,https://lichess.org/9yj9VbiU#37,
DRZ69,8/1kp5/8/6K1/8/7P/8/8 b - - 1 51,c7c5 h3h4 c5c4 g5f4 c4c3 f4e3 c3c2 e3d2 c2c1q d2c1 b7c6 h4h5,2101,76,92,109,crushing defensiveMove endgame pawnEndgame quietMove veryLong,https://lichess.org/0MaNEeyx/black#102,
DS5FC,8/8/7p/3kbN2/p6P/3K4/1P6/8 w - - 1 49,d3c2 h6h5 f5e3 d5e4,2106,77,87,69,crushing defensiveMove endgame master quietMove short,https://lichess.org/y2E8C4Lp#97,
DS6Ae,6r1/2R5/8/8/6P1/4k1K1/3p4/8 w - - 0 54,c7d7 g8e8 d7d2 e3d2,2193,81,86,40,crushing endgame master masterVsMaster quietMove rookEndgame short,https://lichess.org/GUNYOCr3#107,
DS9i7,8/p3p3/3p1p2/2p5/1q2PQ2/3k1P2/4N1P1/4K3 w - - 2 39,e1f2 b4d2 f4d2 d3d2 f3f4 a7a5 g2g4 a5a4 e2c3 d2c3,2160,75,96,410,crushing endgame quietMove veryLong,https://lichess.org/5Kr3p30n#77,
DSW9G,r4b1r/ppP1kppp/4p3/1B2P1N1/5B2/7P/bP2K1P1/n6R b - - 1 17,a1b3 h1d1 b3c5 f4e3 a2c4 b5c4,2177,86,87,40,crushing long middlegame quietMove,https://lichess.org/jfiJlcuT/black#34,Alekhine_Defense Alekhine_Defense_Four_Pawns_Attack
DSbpX,8/8/6P1/1B6/P6p/r6P/2pk3K/5R2 b - - 0 50,c2c1q f1c1 d2c1 b5d7 a3g3 d7g4,2115,91,70,31,crushing defensiveMove endgame long quietMove,https://lichess.org/THrMw7wl/black#100,
DScKZ,r4rk1/p4pp1/3bbn2/1p2p1N1/4P1PQ/2Rq4/5P1P/2R3K1 b - - 2 22,d3d2 c3h3 d2f2 g1f2,2178,75,93,9375,crushing middlegame quietMove short,https://lichess.org/qOOuWGEh/black#44,
DTAe1,r3k2r/2p1bpp1/3p3p/1p1P1b1n/p7/P1P1RPB1/BP1N2PP/R5K1 b kq - 3 19,h5g3 a1e1 g3e4 d2e4 e8c8 e4g3,2189,76,94,5862,advantage long middlegame quietMove,https://lichess.org/bUXqxuOK/black#38,Italian_Game Italian_Game_Anti-Fried_Liver_Defense
DTXbk,1r3rk1/2p2p2/p1p1pPp1/6Bp/2P2Q2/2q4P/P5PK/5R2 b - - 1 24,b8b4 g5h4 g8h7 h4e1 c3c4 e1b4 c4f4 f1f4,2136,75,93,1273,advantage endgame quietMove skewer veryLong,https://lichess.org/1jr1lIFk/black#48,
DTpWF,8/2k5/6R1/1pP5/1P4p1/3K2Pp/7r/8 w - - 0 67,g6g4 h2h1 g4h4 h3h2,2130,80,76,59,advancedPawn advantage endgame quietMove rookEndgame short,https://lichess.org/bO46XUUR#133,
DTqQ9,8/8/8/6pk/1K6/P7/8/8 w - - 0 40,b4c3 g5g4 c3d2 h5h4 a3a4 g4g3 d2e2 h4h3 a4a5 g3g2 e2f2 h3h2,2190,77,91,177,advancedPawn crushing defensiveMove endgame master pawnEndgame quietMove veryLong,https://lichess.org/AytesRzj#79,
DTrLC,8/3bk1p1/8/5pPP/1p6/8/2K1B3/8 b - - 0 49,e7d6 h5h6 f5f4 e2d3 g7h6 g5h6,2167,124,83,14,bishopEndgame crushing endgame long quietMove,https://lichess.org/u2oTHtCG/black#98,
DU5ca,3rnrk1/5p1p/1p2p1pQ/pq2P3/3B4/PB3R2/6PP/6K1 b - - 0 32,d8d4 f3h3 d4h4 h3h4,2152,77,81,200,crushing master middlegame quietMove short,https://lichess.org/hlztc3wP/black#64,
DUGIP,8/6pk/3Bp2p/4P3/5n2/3pp2P/6PK/1R6 w - - 0 39,d6c5 f4d5 c5e3 d5e3 b1b3 d3d2 b3e3 d2d1q,2140,118,37,18,advancedPawn crushing endgame promotion quietMove veryLong,https://lichess.org/pPbjtFE6#77,
DUHHB,4r2k/p5bp/5pp1/4r3/P1Q5/BP2P1Pq/5P1P/2R2RK1 w - - 3 24,c4d4 e5h5 f1d1 h3h2 g1f1 h5f5,2115,77,86,81,advantage kingsideAttack long middlegame quietMove,https://lichess.org/WsMFKRcG#47,
DUk90,8/5p2/3k2p1/2p5/1pK2PP1/4P2P/8/8 b - - 0 32,d6e6 e3e4 g6g5 f4g5 e6e5 h3h4,2125,77,92,2201,crushing defensiveMove endgame long pawnEndgame quietMove,https://lichess.org/94hanboX/black#64,
DVEeM,6k1/pp2rp1p/2pp2P1/8/3qP3/nPN4Q/P1P4P/2K4R b - - 0 24,f7g6 h3c8 g8g7 h1f1 e7f7 f1f7 g7f7 c8b7,2141,78,85,251,advantage attraction endgame quietMove veryLong,https://lichess.org/Q4Z1IV3r/black#48,
DVLIJ,1r2k1r1/ppp1b3/3p2q1/1P6/2bP1B1p/4RQ1P/P4PBK/3R4 b - - 1 26,c4b5 d1e1 g6g2 f3g2 g8g2 h2g2 e8d7 e3e7,2168,77,86,135,crushing middlegame quietMove veryLong,https://lichess.org/z0miTGjU/black#52,
DVQej,4rrk1/pp4pp/3Qb3/2p1np2/2P1q3/1P2B3/P3BPPP/R4RK1 w - - 1 18,d6c5 f5f4 c5d4 e4f5 d4f4 f5f4 e3f4 f8f4,2188,77,84,164,advantage clearance middlegame quietMove veryLong,https://lichess.org/JLduTgJc#35,Benoni_Defense Benoni_Defense_Old_Benoni
DVqLj,r2q1rk1/2p2ppp/p1p1pn2/3p1b2/Q1PP1B2/2P1P3/P4PPP/R3KB1R w KQ - 0 11,a4c6 d8b8 f1e2 b8b2,2167,91,77,41,advantage middlegame quietMove short,https://lichess.org/YmXewtid#21,Queens_Pawn_Game Queens_Pawn_Game_Chigorin_Variation
DWHtX,1k6/1p6/p4P2/P7/1PpB2pp/2P5/5K1P/4r3 b - - 1 49,e1e8 d4c5 e8e6 c5e7 g4g3 h2g3,2103,74,91,3549,advantage endgame long quietMove,https://lichess.org/kUq0nQIa/black#98,
DWvkq,7k/R4R2/4pn2/7p/4r3/4r3/3K4/8 b - - 3 45,e3f3 f7f8 f6g8 f8f3 e4g4 f3f7 g8h6 f7h7 h8g8 h7h6,2183,133,83,12,crushing endgame exposedKing fork quietMove veryLong,https://lichess.org/vbKH0ICQ/black#90,
DX2Qy,2k4r/pp2r3/2p5/3p1PP1/1P2p3/6Q1/Pq4P1/3R1RK1 w - - 1 41,f5f6 e7h7 g3g4 c8d8,2168,78,91,594,crushing defensiveMove endgame quietMove short,https://lichess.org/W1WH2IPA#81,
DXM42,1k1r3r/pp3p1p/5p1b/q3p3/5P2/4B1P1/PPP1Q2P/1K1R3R w - - 4 19,f4e5 a5e5 d1d8 h8d8 h1d1 d8e8 e3a7 b8a7,2165,108,78,23,advantage middlegame quietMove veryLong,https://lichess.org/r4BKhuwc#37,Sicilian_Defense Sicilian_Defense_McDonnell_Attack
DXhez,8/p7/8/3p3p/P3p3/2P1K3/6k1/2B5 w - - 2 41,e3d4 h5h4 c3c4 h4h3,2186,80,90,1769,bishopEndgame crushing endgame quietMove short,https://lichess.org/vSoQdiQB#81,
DYb9T,2k3r1/1bpp3R/p6p/1p2b3/4p3/2P3P1/PP5P/4R1K1 b - - 1 26,g8h8 h7h8 e5h8 e1f1 h8g7 f1f7,2145,93,79,62,advantage endgame long quietMove,https://lichess.org/l9W27i4A/black#52,
DYsXm,8/pN6/8/4p3/4P3/P2qk3/KP2n3/4Q3 w - - 2 46,b7c5 d3c4 c5b3 a7a5 e1a5 e2c1 a2b1 c1b3,2189,76,93,1698,crushing deflection endgame fork pin quietMove veryLong,https://lichess.org/dfA02RBk#91,
DYwtk,8/7p/8/5p2/1pP1kP2/pP2p3/P3K2P/8 w - - 2 44,e2e1 e4f4 e1e2 f4e4 c4c5 f5f4 c5c6 f4f3,2133,79,87,1079,crushing endgame master pawnEndgame quietMove veryLong,https://lichess.org/tS0EBsOk#87,
DZ8xN,2k4r/ppp5/2br4/3p1pq1/P2P2Np/1PQ1P2P/5PP1/2R2RK1 w - - 0 20,g4e5 h8g8 g2g4 h4g3 f2f4 g5h5,2132,80,87,492,advantage enPassant long middlegame quietMove,https://lichess.org/q4Aw70q4#39,
DZWA8,8/8/8/1ppp4/6k1/1P4P1/2P3K1/8 w - - 0 44,g2f2 b5b4 f2g2 c5c4 g2f2 c4c3,2199,201,43,5,crushing endgame long pawnEndgame quietMove zugzwang,https://lichess.org/b1WcPLv8#87,
DZZZF,6k1/5p2/4pPpb/2p1P3/1pPp1P1P/1P3K2/3B4/8 b - - 2 53,g8h7 d2b4 c5b4 c4c5 d4d3 c5c6 h6f4 c6c7 d3d2 f3e2 f4e5 c7c8q,2136,83,82,54,advancedPawn bishopEndgame crushing endgame promotion quietMove sacrifice veryLong,https://lichess.org/RPGu97tk/black#106,
DZkDd,8/8/4P3/p1b2K2/7P/1k4P1/8/8 b - - 1 38,c5e7 h4h5 a5a4 h5h6 a4a3 h6h7 e7f6 e6e7 a3a2 e7e8q,2105,77,90,288,advancedPawn bishopEndgame crushing endgame promotion quietMove veryLong,https://lichess.org/THv80mhc/black#76,
DZlpQ,8/1R4pp/p3Np1k/8/8/1P5P/r4nPK/8 b - - 3 32,g7g5 e6f8 g5g4 h3h4 g4g3 h2g3,2128,72,94,10217,advantage endgame long quietMove,https://lichess.org/0ZKK1DGZ/black#64,
DaCZF,8/p5p1/1p3k1p/5P2/5K1P/2P5/1P6/8 b - - 0 57,h6h5 c3c4 g7g6 f5g6,2110,75,87,152,crushing endgame pawnEndgame quietMove short,https://lichess.org/QG7VtkkD/black#114,
DaFcr,8/8/8/5pp1/6k1/6Pp/5PKP/8 w - - 0 51,g2g1 g4f3 g1f1 g5g4 f1e1 f3g2 e1e2 g2h2 e2f1 h2h1 f2f4 g4f3 f1f2 h1h2,2174,77,81,117,crushing enPassant endgame pawnEndgame quietMove veryLong zugzwang,https://lichess.org/pTLeICYE#101,
DaRYh,8/6p1/p2k3p/P1p5/2K4P/6P1/5P2/8 w - - 0 53,f2f4 h6h5 f4f5 d6c6 g3g4 h5g4 f5f6 g7f6 h4h5 g4g3 h5h6 g3g2 h6h7 g2g1q,2108,74,79,102,advancedPawn crushing endgame pawnEndgame promotion quietMove veryLong,https://lichess.org/m8oxA0nA#105,
DaTok,6R1/5p2/3k1p2/4r3/6PP/4p3/4K3/8 b - - 0 52,d6d5 h4h5 d5e4 h5h6 e5a5 g8e8 e4f4 h6h7,2176,79,93,7870,advancedPawn crushing endgame quietMove rookEndgame veryLong,https://lichess.org/n9phl2qg/black#104,
DafNO,8/4p3/p1r1p3/3pP1Pk/R7/1Pr2P2/2P1R3/3K4 b - - 0 36,h5g5 e2g2 g5f5 f3f4 c3c4 b3c4,2185,104,82,31,crushing endgame long quietMove rookEndgame,https://lichess.org/zVhoddkw/black#72,
DaiaX,5rk1/p4pp1/2R4p/2Q5/3Pn3/4P1BP/1q3PP1/6K1 w - - 3 27,c5a7 b2b1 g1h2 e4d2 g3f4 d2f1,2189,80,89,1039,crushing endgame long master quietMove,https://lichess.org/Ms6WCDWS#53,
Daop1,b3r1k1/5pp1/8/2RP3p/p1R4P/Pr3QP1/2N2PK1/2q5 w - - 8 36,f3h5 b3b1 h5f7 g8f7,2106,74,94,859,crushing master middlegame quietMove short,https://lichess.org/eTu7ezvH#71,
DbIFK,8/1p6/2p5/1PP5/3P1k2/1P3p2/5K2/8 b - - 0 45,c6b5 d4d5 f4e5 d5d6,2189,76,98,323,crushing endgame pawnEndgame quietMove short,https://lichess.org/YYH3PS9w/black#90,
DbM5z,b7/p4p1K/1p2p2P/1B3pk1/8/8/P1P5/8 b - - 0 33,f5f4 b5d3 e6e5 h7g7,2121,85,68,44,bishopEndgame crushing endgame quietMove short,https://lichess.org/uE4ZqXgN/black#66,
DbcS9,r3q2k/2p3pp/pp6/6Q1/8/bP6/P3nPPP/R3R2K b - - 1 26,a3b2 a1d1 b2c3 e1e2 e8e2 d1d8 e2e8 d8e8,2154,76,98,75,advantage middlegame quietMove sacrifice veryLong,https://lichess.org/GP0mEByX/black#52,
DbxMD,2kr4/1p1np1r1/p1p1N1q1/3p4/7P/4Q1P1/P1P2P2/4R1K1 b - - 2 27,d8g8 e3f4 g6e6 e1e6,2114,73,93,8359,advantage middlegame quietMove short,https://lichess.org/jluIXfbp/black#54,
DcPCf,8/pk2p3/5pp1/KP1P4/5P1p/7P/6P1/8 b - - 0 35,g6g5 f4f5 b7c7 a5a6 c7b8 b5b6 a7b6 a6b6 b8c8 b6c6,2147,76,83,74,crushing defensiveMove endgame pawnEndgame quietMove veryLong zugzwang,https://lichess.org/nj1ppjsQ/black#70,
DcXd9,3r1rk1/1p4pp/p1p3q1/4P3/4bB1P/2P1Q3/P3BRP1/7K b - - 6 24,d8d7 h4h5 g6f5 f4g3 f5h3 h1g1,2110,76,91,1007,advantage long master masterVsMaster middlegame quietMove,https://lichess.org/hL6UwQKe/black#48,
Dcdfo,8/8/5kp1/p1P3P1/P2PK3/8/5P2/4b3 b - - 0 44,f6e7 f2f4 e7e6 d4d5 e6e7 f4f5,2168,76,92,3102,bishopEndgame crushing endgame exposedKing long master masterVsMaster quietMove,https://lichess.org/hjsiO2Xn/black#88,
Dd9W1,5bk1/r7/1R1p2qn/P3p3/1BPnPp2/3B1PpQ/3N2P1/5K2 w - - 3 41,d3b1 a7h7 b4d6 f8d6,2198,82,77,46,crushing middlegame quietMove short,https://lichess.org/BPJzvL7P#81,
DdBGf,2r1r1k1/q2b1ppp/4p3/1pPpP3/1P1P4/6R1/3Q1PPP/4R1K1 b - - 0 25,c8a8 d2h6 g7g6 g3h3 d7c6 h6h7 g8f8 h7h4,2186,137,18,27,crushing defensiveMove middlegame pin quietMove veryLong,https://lichess.org/n2fTjkNn/black#50,
Ddwky,3b2k1/2N2ppp/1pn5/3p4/3P1P2/2PB1Q1P/PP4PK/4q3 w - - 3 24,f3d5 d8h4 d5f3 h4f2 f3f2 e1f2,2145,99,71,21,advantage endgame long quietMove,https://lichess.org/5F8wsOFJ#47,
DeGmr,8/4k3/1p3p2/pPp2P1p/2Pp1K1P/1P4P1/8/8 w - - 3 41,f4e4 e7d6 e4f4 d4d3 f4e3 d6e5 e3d3 e5f5 d3e3 f5g4 e3f2 f6f5 f2g2 f5f4 g3f4 g4f4,2158,79,90,1767,crushing endgame master pawnEndgame quietMove veryLong zugzwang,https://lichess.org/iqOUdlkR#81,
DeUSj,8/8/pp1b4/2p1pk1p/P1P2p2/1P1K1P1P/5BP1/8 b - - 1 43,a6a5 f2h4 d6c7 h4e7 e5e4 f3e4,2194,79,86,725,bishopEndgame crushing endgame long master quietMove,https://lichess.org/aWp5kkrf/black#86,
DejrG,5rk1/pp3N2/1p4P1/n7/1R2P1PR/4r3/1K6/8 b - - 2 38,a5c6 h4h7 e3h3 h7h3,2117,103,82,18,crushing endgame quietMove short,https://lichess.org/98NNaS8c/black#76,
Dethm,3q2n1/1Qp3k1/1p1p2b1/3Pp3/BP2Pp2/2P2Pp1/P2N2P1/4K3 w - - 5 36,d2c4 d8h4 b7c7 g7h6,2152,92,75,41,advantage defensiveMove endgame quietMove short,https://lichess.org/yF9Ru61E#71,
Df2rU,5rk1/1p1n1pb1/pq2p3/3p2PR/3P2p1/2P1BP2/n1PKQ3/7R b - - 1 23,f8c8 e2h2 g8f8 h5h8 f8e7 h8c8,2119,103,71,38,advantage long middlegame quietMove skewer,https://lichess.org/jlEpCLqR/black#46,
Df9Tg,r1b3k1/pp2Qpp1/2p2r1p/3qN3/3P4/8/P4PPP/3RR1K1 b - - 1 23,d5e6 e7d8 g8h7 e5g6 f6g6 e1e6,2147,76,92,3335,crushing discoveredAttack kingsideAttack long middlegame quietMove,https://lichess.org/pwDAhUDx/black#46,
DfmjJ,8/8/8/2p5/2k5/6P1/5PKP/8 w - - 0 40,g2f1 c4b3 f1e2 c5c4 g3g4 c4c3,2172,77,94,566,crushing endgame long pawnEndgame quietMove,https://lichess.org/todzEtoA#79,
DgKLN,3R4/p4pkp/5p2/2p2b2/2p2NP1/1r3P2/2nKB2P/R7 w - - 1 27,a1a7 c4c3 d2c1 c2a3 a7f7 g7f7 e2c4 a3c4,2166,81,91,3994,crushing middlegame quietMove veryLong,https://lichess.org/2AbwIxYl#53,
DgoA1,6k1/3K4/3PR1P1/2p5/2P5/4pr1p/8/8 w - - 0 58,d7c6 h3h2 d6d7 f3f8 c6c5 h2h1q,2136,81,86,272,advancedPawn crushing endgame long master promotion quietMove rookEndgame,https://lichess.org/FKhM2s0l#115,
Dh95O,8/4k1pp/8/2NP1p2/4pP2/4P3/6PP/n5K1 w - - 1 34,c5b7 a1b3 g1f1 e7d7 f1e1 d7c7,2114,149,67,10,crushing endgame knightEndgame long quietMove,https://lichess.org/H6KUeFxv#67,
DhKLl,2r1q1k1/p4ppp/2bb1n2/1B1p4/P7/5N1P/1PQB1PP1/4R1K1 b - - 1 20,e8d7 e1c1 c6b7 b5d7 c8c2 c1c2,2128,76,91,1929,crushing long middlegame quietMove,https://lichess.org/OctqczOi/black#40,
DhZOg,8/4p3/pp3kpp/2p2p2/P1P1PP1P/P2K4/6P1/8 b - - 0 31,f5e4 d3e4 e7e6 g2g4 a6a5 g4g5 h6g5 f4g5,2134,76,84,146,crushing endgame pawnEndgame quietMove veryLong,https://lichess.org/n2bDB0S9/black#62,
DiUqM,8/3r1pk1/3P1bp1/2NR3p/1p5P/3Q1PPK/8/q7 w - - 2 51,h3g2 d7a7 d3d1 a7a2 g2h3 a1b2,2135,76,91,1445,crushing defensiveMove endgame long master quietMove,https://lichess.org/Oqs7xYCK#101,
DiX7G,1B4k1/pp5p/2p2p2/6p1/3p4/Pn4P1/1P2BP1P/1b4K1 b - - 1 29,a7a6 e2c4 g8g7 c4b3 d4d3 b8a7 b1c2 b3c2 d3c2 a7e3,2177,75,91,6571,advantage endgame fork quietMove veryLong,https://lichess.org/BAJu67CC/black#58,
DiY1x,8/8/p5p1/1p6/3p2PP/1k1K4/8/8 b - - 0 46,a6a5 h4h5 g6h5 g4g5 b3a3 g5g6 b5b4 g6g7 b4b3 g7g8q,2138,76,91,260,advancedPawn crushing endgame master pawnEndgame promotion quietMove veryLong,https://lichess.org/uGd0WqkN/black#92,
Dibyj,rnb2k2/ppp2ppp/8/6q1/3P4/4Q3/PPP2PPP/2KR3R b - - 3 14,g5g2 h1e1 c8e6 d4d5,2144,84,90,645,crushing middlegame quietMove short,https://lichess.org/n8v8p4tf/black#28,Russian_Game Russian_Game_Nimzowitsch_Attack
DieVy,8/p6p/2b5/1p1pk1p1/1P4P1/P1PKPp1P/B7/8 w - - 0 35,a2b1 c6e8 d3d2 e8g6,2174,77,90,697,bishopEndgame crushing endgame quietMove short,https://lichess.org/PUBQeMN3#69,
Dj0B6,8/2b5/p6p/2P2k2/1P6/P2K3P/8/8 b - - 4 50,f5f4 d3d4 h6h5 a3a4 h5h4 a4a5,2176,135,83,12,bishopEndgame crushing defensiveMove endgame long quietMove,https://lichess.org/TN2JE2yw/black#100,
Dj4pH,r4bk1/1p1q1pp1/3p1np1/p2P2N1/1pPQ4/7P/PB3PP1/4R1K1 b - - 1 24,d7f5 d4h4 f6h5 g2g4 f5f4 e1e4 f4d2 g4h5,2175,77,90,596,crushing fork middlegame quietMove veryLong,https://lichess.org/cNIdEzyw/black#48,
Dj8Zj,8/8/4p1k1/1pB1Pn2/pP3K2/P7/8/8 w - - 42 74,c5d6 f5d4 f4e4 d4c2,2157,77,91,5833,crushing endgame quietMove short,https://lichess.org/V3DljDZ3#147,
Dj9jv,6k1/2p3pp/p4p2/1P6/P1p1p2N/2P1P1nP/2K3P1/8 b - - 0 29,a6b5 a4a5 g3f1 h4f5,2134,76,97,226,advantage endgame knightEndgame quietMove short,https://lichess.org/P9kaZbnx/black#58,
DjD4J,r4r1k/p2QP2p/1p4p1/8/5p2/7K/P1q5/R4R2 b - - 0 27,c2f5 d7f5 f8f5 a1d1 h8g7 d1d8,2157,76,82,54,advantage endgame long quietMove,https://lichess.org/tcFlZOju/black#54,
DjGRe,Rnq1r1k1/6rp/3p2p1/2pP4/1p6/1P2N3/5QPP/5RK1 b - - 3 28,c8b7 e3g4 g8h8 g4h6,2161,76,90,1688,advantage defensiveMove middlegame quietMove short,https://lichess.org/0ohJamq6/black#56,
DjGWZ,3r1rk1/p2p1ppp/2p2b2/4pQ2/4P3/1Pq3N1/P1P2PPP/2KRR3 w - - 7 18,g3h5 f6e7 d1d3 c3e1,2156,74,93,3018,crushing middlegame quietMove short,https://lichess.org/idie1CZG#35,Sicilian_Defense Sicilian_Defense_Open
DjIxJ,8/5k2/2p2P2/2P1P3/5K1p/1b4pB/8/8 w - - 0 50,f4g4 b3d5 g4h4 g3g2 h3g2 d5g2,2193,75,96,261,advancedPawn bishopEndgame crushing endgame long quietMove,https://lichess.org/FL2xzV0n#99,
DjrrO,3q1rk1/p2npp1p/6pQ/1p2PP2/2rP4/8/PP3P1P/3R1RK1 b - - 0 19,d7b6 d1d3 f7f6 f5g6,2172,91,68,33,crushing middlegame quietMove short,https://lichess.org/ovD8MNst/black#38,Owen_Defense Owen_Defense_Other_variations
Dk1Gb,8/5R2/8/pp5p/5R1k/P7/1p5K/2q5 b - - 1 51,c1f4 f7f4 h4g5 f4f1 b5b4 a3a4,2160,76,93,2163,crushing defensiveMove endgame hangingPiece long quietMove,https://lichess.org/VOIz8IXQ/black#102,
Dk7nF,r4r1k/4R1N1/2p4p/p1n1P3/1p5P/3p2P1/PP6/5RK1 w - - 0 36,g7h5 f8f1 g1f1 d3d2 f1e2 a8d8 e7e8 d8e8,2176,78,90,710,advancedPawn crushing endgame master quietMove veryLong,https://lichess.org/Vl3F3Z6g#71,
Dk9Zl,8/3R4/7r/8/7P/2k4K/3p2P1/8 w - - 0 55,g2g4 h6e6 h3g3 e6e3 g3f4 e3d3,2120,77,90,674,crushing endgame long master quietMove rookEndgame,https://lichess.org/CkzKjqPx#109,
DkUVa,5rk1/pp1b1ppp/2nq4/2pN2B1/2B5/1Q1P4/PP4Pb/R3R2K w - - 2 20,g5e7 d6h6 e7g5 h6h5 b3d1 d7g4 d1g4 h5g4,2184,76,91,891,crushing middlegame quietMove veryLong,https://lichess.org/Gls0ScBR#39,
DkZae,3r2k1/pp6/2p2p2/3rpppR/P2P4/2P4P/1P3PP1/3R2K1 w - - 0 30,h3h4 g5g4 h5f5 g8f7 f2f4 f7g6 f5f6 g6f6,2131,133,-75,19,advantage endgame quietMove rookEndgame trappedPiece veryLong,https://lichess.org/0KXtTEDj#59,
Dkj9p,8/7p/3K4/6k1/8/6P1/8/8 w - - 4 53,d6e5 h7h5 e5d4 g5g4,2180,77,89,492,crushing endgame pawnEndgame quietMove short,https://lichess.org/0J8Sn9J2#105,
Dku6v,8/6k1/1r1PKpB1/5P2/8/8/8/8 b - - 0 72,b6a6 e6e7 a6a3 g6f7 a3a7 d6d7,2183,80,70,47,advancedPawn crushing defensiveMove endgame long quietMove,https://lichess.org/rea2zy1j/black#144,
Dkxal,rn2kb1r/ppp1pppp/5n2/8/3N4/2P3NP/PP1P1Pq1/R1BQK2R b KQkq - 1 10,b8d7 d4f3 f6e4 h1h2 e4f2 h2g2,2189,74,97,1081,advantage long opening quietMove trappedPiece,https://lichess.org/hrTEKqJj/black#20,Scandinavian_Defense Scandinavian_Defense_Modern_Variation
DkyL3,8/2k4p/p3p1p1/PpK2P2/1Pn3P1/4r3/7P/1NR5 w - - 0 40,f5f6 e3d3 c1d1 d3d1,2103,76,92,1158,crushing endgame master masterVsMaster quietMove short,https://lichess.org/XP66Uri1#79,
Dl89O,5r1k/p1p3p1/2p3rp/3p4/Q2Pq3/2P1N3/PP4RP/4R2K b - - 2 27,e4e3 a4d1 e3e4 e1e4,2157,80,77,35,crushing endgame master quietMove short,https://lichess.org/lN0rfPLC/black#54,
DlHLX,6k1/ppp2p2/7p/4r3/3b4/P4P1Q/1PKB2PP/R4q2 b - - 4 37,f1a1 h3g4 e5g5 g4d4 g5g2 d4d8 g8h7 d8d3 g2g6 h2h4 a1g1 d3f5 h7g7 d2c3 f7f6 f5d7,2176,424,25,3,endgame equality fork quietMove veryLong,https://lichess.org/YFEIN3an/black#74,
DlIFF,r4r1k/pbq2ppB/1p2p3/2ppP3/3P4/2P1P3/PPQ2BPP/5RK1 b - - 0 18,g7g6 f2h4 f7f5 h7g6,2157,80,76,61,advantage middlegame quietMove short,https://lichess.org/5SU2lfjK/black#36,Indian_Defense Indian_Defense_Other_variations
DlttZ,8/4k3/p3p1p1/1pp1K1P1/5P2/8/PPP5/8 w - - 0 35,b2b3 b5b4 e5e4 e7d6 e4d3 d6d5,2131,76,95,1258,advantage defensiveMove endgame long pawnEndgame quietMove,https://lichess.org/BYjljztH#69,
Dm7Bc,8/7p/2p1k3/pp4p1/5PP1/P1P3KP/8/8 w - - 1 42,f4g5 c6c5 g3f4 b5b4 a3b4 a5a4,2163,114,44,18,crushing defensiveMove endgame long pawnEndgame quietMove,https://lichess.org/9n9hPRdV#83,
DmEyw,8/8/8/4kP2/6PP/5K2/8/1b6 b - - 0 49,e5f6 f3f4 f6g7 g4g5 b1c2 h4h5 c2d1 h5h6,2198,81,90,2173,bishopEndgame crushing endgame quietMove veryLong,https://lichess.org/isbo2fqs/black#98,
DmRz9,3n4/2R2pk1/p2p2p1/3P3p/8/P1PB4/KP3P2/4r3 w - - 1 44,c7d7 h5h4 d3g6 g7g6,2193,154,-11,29,advantage endgame quietMove short,https://lichess.org/NHy36fbj#87,
DmSuk,1R6/2rb2pk/4p2p/3pPp2/p2P3P/P4N2/4QPPK/2q5 b - - 9 37,c1a3 f3g5 h7g6 b8h8 a3c1 g2g3 c1g5 h4g5,2145,151,85,8,crushing endgame quietMove veryLong,https://lichess.org/WJoprk58/black#74,
Dmicw,N4b1r/3k1ppp/p3p3/3n4/1n1p4/6B1/PP3PPP/R2R2K1 w - - 6 20,a2a3 b4c6 a8c7 d5c7,2104,78,86,59,advantage middlegame quietMove short,https://lichess.org/aGVcrPry#39,
DnA1T,r1b2n1r/1p4k1/p1p1pn1p/6p1/3P4/2NB2PP/PPP2RP1/R5K1 b - - 3 22,f8g6 a1f1 h8f8 d3g6,2182,78,85,311,advantage middlegame quietMove short,https://lichess.org/lm8PeCzk/black#44,
DnnhA,r2k1b1r/1p3ppp/5n2/1Bpq1b2/p2P4/P3PN2/1BQ2PPP/R3K2R w KQ - 4 15,c2d2 c5c4 b5c4 d5c4,2152,76,90,958,advantage middlegame quietMove short trappedPiece,https://lichess.org/HYjQL3kF#29,Tarrasch_Defense Tarrasch_Defense_Other_variations
DpC0U,8/5k2/1p2p3/2p1Pq2/1P3r2/2P1QPp1/4K1R1/8 w - - 1 36,b4c5 f4a4 e3d2 f5e5,2176,96,70,20,crushing endgame quietMove short,https://lichess.org/4x9zCc4o#71,
DpK1N,8/1p6/p2p1k2/2pP2p1/P1P1P1K1/1P6/8/8 b - - 1 35,f6g6 a4a5 g6f6 g4h5,2187,80,89,1002,crushing endgame pawnEndgame quietMove short zugzwang,https://lichess.org/rWxdQqdC/black#70,
DpUHG,r3r3/4q1kp/2p1Ppp1/p2p4/1pnP3P/5NQ1/PPB2PP1/4RK2 b - - 1 31,c4b2 h4h5 g6g5 f3h4 g7h8 h4f5,2118,78,69,86,advantage long middlegame pin quietMove,https://lichess.org/Kb1FvLbd/black#62,
DpVng,5rk1/R4pb1/7p/2p2p2/P5pN/4P1P1/r1PR1PP1/7K w - - 2 33,h4f5 a2a1 h1h2 f8b8 a7a8 b8a8,2106,76,95,679,advantage endgame long quietMove,https://lichess.org/ZGYCj1Cl#65,
DprQL,8/6k1/4bp1p/3p4/5KP1/3BP2P/8/8 b - - 4 49,g7f7 d3f5 f7e7 f5e6 e7e6 h3h4 e6e7 f4f5 e7f7 h4h5,2182,88,67,35,bishopEndgame crushing defensiveMove endgame quietMove veryLong zugzwang,https://lichess.org/XJxyiHdR/black#98,
Dq8hN,6k1/5pp1/1q6/1Bb4p/4PP2/r1PQ2PP/7K/4R3 w - - 5 31,e1b1 a3a2 h2h1 c5g1 b1g1 b6f2 d3e2 a2e2,2179,75,93,600,clearance crushing endgame quietMove sacrifice veryLong,https://lichess.org/60PcWahA#61,
DqpRz,8/5p2/7p/2k3p1/p6P/P1K2PP1/8/8 b - - 0 39,f7f6 h4g5 f6g5 g3g4 c5d6 c3b4,2190,84,80,45,crushing endgame long pawnEndgame quietMove zugzwang,https://lichess.org/wKAfKHmF/black#78,
DqxB9,r4rk1/p1pb1p1p/1p2p1pB/3P4/2P5/1Q3PR1/PP2q3/2K3R1 b - - 1 19,f8e8 b3c3 e6e5 g3g2 e2g2 g1g2,2121,78,91,704,advantage long middlegame quietMove trappedPiece,https://lichess.org/B9iKwVt4/black#38,Nimzowitsch_Defense Nimzowitsch_Defense_Scandinavian_Variation
Dr19Y,r1bQ4/3p1rkp/ppq3p1/2p1p3/2P1N1B1/1P4P1/P4P1P/R4RK1 w - - 4 28,e4g5 c8b7 g4f3 f7f3 d8e7 g7h6,2141,88,76,45,crushing long middlegame quietMove,https://lichess.org/rmPmEN5q#55,
DrFqt,3R4/3n3k/4p2P/1p1pP1p1/3Pr1P1/2PQ1K2/2R5/7q w - - 7 34,c2g2 d7b6 f3f2 h1e1,2100,116,11,38,crushing endgame quietMove short,https://lichess.org/vyARAVVV#67,
Drj64,8/8/3n2p1/pp6/4kPP1/PP2p2N/4K3/8 w - - 0 47,b3b4 a5a4 f4f5 g6f5,2125,77,85,849,crushing endgame knightEndgame quietMove short,https://lichess.org/J89fxwPy#93,
Drm6J,8/8/k7/2Pp4/2b2Np1/1pK3P1/8/8 b - - 1 53,a6b5 f4e6 b5c6 c3b2 d5d4 e6d4 c6c5 d4f5,2129,269,100,5,defensiveMove endgame equality quietMove veryLong,https://lichess.org/c6M3IaXn/black#106,
Drsb5,2b1r2k/6q1/p7/PpN1p3/1Pn4Q/2P3PP/5R1K/8 b - - 2 42,h8g8 c5e4 e8f8 e4f6,2170,74,80,75,crushing master middlegame quietMove short,https://lichess.org/OBYxuRKK/black#84,
DryAn,8/8/6pk/pP5p/Pb3r2/5B1K/2R3P1/8 w - - 12 55,c2c6 b4e1 h3h2 e1f2 g2g3 f4f3,2108,99,81,28,crushing endgame long quietMove,https://lichess.org/B146H0pP#109,
DsPep,8/3k1pp1/p3p2p/1p2PPPP/1P3K2/8/P7/8 b - - 0 38,e6f5 g5h6 g7h6 f4f5 d7e7 a2a3 e7e8 f5f6 e8f8 e5e6 f7e6 f6e6,2106,78,92,2012,crushing endgame intermezzo pawnEndgame quietMove veryLong zugzwang,https://lichess.org/fwsVmyof/black#76,
DsW0t,8/7p/5pp1/3k4/5KPP/5P2/8/8 w - - 3 46,g4g5 f6f5 h4h5 d5d4 h5h6 d4d5 f4e3 d5c4,2118,138,37,8,crushing defensiveMove endgame pawnEndgame quietMove veryLong zugzwang,https://lichess.org/VIbO2WQN#91,
DslOp,1r6/1p1q2k1/3p2p1/3Bpb1p/2P4P/1R2B1P1/3R1P1K/8 b - - 0 35,b7b5 d2a2 f5e6 a2a7 d7a7 e3a7,2195,90,74,29,advantage long middlegame pin quietMove,https://lichess.org/A0YVzDrc/black#70,
DsoCz,8/5r1p/2k2P2/1p1p1K2/pRpPrP2/2P5/8/R7 b - - 2 39,f7f8 a1b1 e4e7 b4b5,2135,75,79,108,crushing endgame quietMove rookEndgame short,https://lichess.org/g75hj4fw/black#78,
Dss37,2r3k1/5p2/p3pQ2/1p6/7P/r5P1/2P3PK/8 b - - 0 34,a3c3 h4h5 c8c5 g3g4,2191,109,88,22,crushing defensiveMove endgame queenRookEndgame quietMove short,https://lichess.org/SmlToaIZ/black#68,
DsscL,8/4p3/3p1kp1/3Pn3/1pN1P3/1P3P2/3K4/8 w - - 8 37,c4e5 f6e5 d2e3 g6g5 e3d3 e5f4 d3e2 g5g4 f3g4 f4e4,2132,89,74,37,crushing deflection endgame quietMove veryLong zugzwang,https://lichess.org/EKdXlN3P#73,
DtVtP,1q6/2pk4/3p4/Qp6/5r2/P1P5/1P6/K3R3 w - - 3 45,e1h1 f4a4 h1h8 b8b7 a5a4 b5a4,2150,76,84,119,advantage endgame long quietMove trappedPiece,https://lichess.org/c3I8rx4I#89,
DtYOh,6k1/q4p1p/4pQp1/1b1pN3/3P4/2P3RP/1r4P1/6K1 b - - 9 30,b5e2 f6d8 g8g7 e5d7 a7d7 d8d7,2132,80,63,41,crushing endgame long master quietMove,https://lichess.org/bC1k8iru/black#60,
Dted1,8/4k3/8/1p1K4/nP1P4/R1p5/P7/8 w - - 0 50,a3b3 c3c2 b3e3 e7d7 e3e1 a4c3 d5e5 c3d1 e1h1 c2c1q,2198,76,78,221,advancedPawn crushing defensiveMove endgame promotion quietMove veryLong,https://lichess.org/XFzT9FTv#99,
Dtxjh,2k5/5rp1/1PK4p/4P3/5P1P/6P1/8/8 b - - 0 45,g7g5 e5e6 f7e7 f4f5 g5h4 g3h4,2195,78,76,67,crushing endgame long quietMove rookEndgame,https://lichess.org/Jdl5DwWd/black#90,
Du9NP,8/4n1k1/p3p1P1/1p1pP3/1P1P1K2/8/2B5/8 w - - 9 42,f4g5 e7c6 c2d1 c6b4 d1g4 a6a5 g4e6 a5a4 e6f5 b4c6,2119,123,77,18,crushing endgame quietMove veryLong,https://lichess.org/H9k6d33R#83,
DuX2U,3q3r/5pkp/1b4p1/1r1P4/4PP1P/2Q2BP1/4R1K1/8 b - - 2 36,g7h6 g3g4 f7f6 e4e5,2143,112,51,22,advantage middlegame quietMove short,https://lichess.org/3zO1uc3V/black#72,
DuX45,8/5pkp/4p1p1/1Q6/4P3/2b2PN1/q5PP/2nB1K2 w - - 2 33,g3e2 a2d2 e2c3 c1d3 b5d3 d2d3,2159,74,95,189,crushing endgame long quietMove sacrifice,https://lichess.org/RRFHjDLG#65,
DuaRF,3k4/p4p2/1p1Pp1p1/1P2P2p/n1K1N2P/6P1/8/8 b - - 1 54,d8d7 c4b4 a4b2 e4f2 b2d1 f2d1,2185,111,67,33,crushing endgame knightEndgame long master quietMove,https://lichess.org/nMVBBrlm/black#108,
DugsT,3Q4/4N3/4pp1k/6pp/q2P4/4p2P/1K6/8 b - - 15 49,a4b5 b2c3 g5g4 h3h4 b5a5 d8a5,2163,77,91,453,crushing defensiveMove endgame long quietMove,https://lichess.org/IvssW5yS/black#98,
DuhE0,8/4RR2/1q5p/8/5P2/7P/5kPK/8 w - - 11 60,h3h4 b6b1 e7e2 f2e2,2109,77,91,594,crushing endgame master queenRookEndgame quietMove short,https://lichess.org/j1bfTRl8#119,
Dui0i,8/8/p6p/3pkp2/6p1/1PP1K1P1/P6P/8 b - - 0 35,h6h5 b3b4 f5f4 g3f4,2181,75,94,193,crushing endgame pawnEndgame quietMove short,https://lichess.org/AsHp6tj3/black#70,
Dujrh,3r2k1/5p2/p1p1b1p1/7p/2p1P1qP/PnN5/1P3BB1/1Q3RK1 w - - 0 26,b1c2 d8d2 c2b1 b3d4 f1d1 d4f3,2117,97,78,28,crushing long middlegame quietMove,https://lichess.org/lhCNdFGD#51,
DuygD,8/2P5/R7/5kp1/P4p2/7r/5K2/8 b - - 0 51,h3h8 a6c6 h8c8 a4a5,2126,81,91,1100,crushing defensiveMove endgame quietMove rookEndgame short,https://lichess.org/WpvZUaOq/black#102,
DvJnv,8/5k2/1B3ppb/4p2p/Pp2P2P/6P1/b3KPB1/8 w - - 0 30,e2d3 b4b3 d3c3 h6c1 g2f1 b3b2,2108,78,91,930,advancedPawn advantage bishopEndgame endgame long quietMove,https://lichess.org/4nLQc2WJ#59,
DvP9V,8/5p2/6pp/5k2/7P/6P1/5PK1/8 w - - 2 48,g2f3 h6h5 f3g2 f5e4 f2f4 e4e3,2147,78,95,594,crushing endgame long pawnEndgame quietMove zugzwang,https://lichess.org/2WyExN7o#95,
DvXGV,3q3r/2p1k1bP/r1Bp1p2/p2P4/Np2PPb1/8/PPP5/1K4RR b - - 1 24,g4f3 g1g7 e7f8 h1g1 h8h7 g7h7,2124,78,90,1241,crushing hangingPiece long middlegame quietMove,https://lichess.org/HrvSt2oJ/black#48,
DvXNo,2k5/2P1R3/6p1/1P3p2/2K2P2/r6p/8/8 b - - 0 53,h3h2 b5b6 c8b7 e7e8 b7b6 c7c8q,2167,74,92,1098,advancedPawn crushing endgame long promotion quietMove rookEndgame,https://lichess.org/WHZ1kogb/black#106,
DvaIT,r1b1r1k1/ppb2ppp/8/3pq3/8/2PQ1N1P/P3B1P1/4RR1K b - - 3 22,e5e4 e2d1 c8f5 e1e4,2197,82,91,569,advantage discoveredAttack master middlegame quietMove short,https://lichess.org/TO7VVUjX/black#44,
Dw2MB,8/8/1p4p1/2pk1p1p/5P1P/PP1K2P1/8/8 b - - 0 40,d5d6 d3c4 d6c6 a3a4 c6d6 c4b5 d6c7 a4a5 b6a5 b5c5,2145,82,91,1955,crushing deflection endgame master masterVsMaster pawnEndgame quietMove veryLong zugzwang,https://lichess.org/xU8sarxR/black#80,
DwSpq,r3r1k1/2p2p2/bp1q1Bp1/p1nP4/3Q4/6N1/PP4BP/R5K1 b - - 2 28,c5d3 d4h4 d6c5 f6d4 c5d4 h4d4,2114,76,94,555,advantage defensiveMove long middlegame quietMove,https://lichess.org/XrgvdFmh/black#56,
Dx5NK,8/pp6/5k2/3P1p2/5K2/P7/1P6/8 b - - 0 51,a7a5 a3a4 f6g6 f4e5 f5f4 e5f4,2112,76,90,928,crushing endgame long master pawnEndgame quietMove zugzwang,https://lichess.org/frSsEWnT/black#102,
DxaFX,8/6p1/6k1/ppp2pP1/5K2/1PP5/P7/8 b - - 0 43,b5b4 c3c4 g6h5 f4f5 h5h4 f5g6 h4g4 g6g7 g4g5 g7f7,2152,75,93,1924,crushing defensiveMove endgame pawnEndgame quietMove veryLong zugzwang,https://lichess.org/5cfR03aO/black#86,
DxeuL,8/2Pk4/p4p1p/Bb1Np1p1/3b2P1/5P2/3K3P/8 b - - 10 50,e5e4 d5e7 d7e7 c7c8q,2127,75,98,195,advancedPawn crushing deflection endgame master promotion quietMove short,https://lichess.org/v9aaFTa5/black#100,
Dxwnv,r7/8/5pk1/P7/1PR5/2P3pP/4pnP1/R5K1 w - - 0 41,c4f4 a8d8 f4f2 d8d1,2101,100,74,24,crushing endgame quietMove sacrifice short,https://lichess.org/n2zwmnGN#81,
DyG5J,6Q1/8/6k1/1p4p1/3P2q1/1P3p2/5P1K/8 b - - 6 48,g6f5 g8c8 f5f4 c8g4 f4g4 d4d5 g4f5 h2g3,2143,159,88,8,crushing endgame queenEndgame quietMove veryLong,https://lichess.org/D89dvnhW/black#96,
DyGBE,8/8/2p2k2/2P2p2/3K1p2/7P/8/8 b - - 1 40,f6e6 h3h4 e6f6 d4d3 f6g6 d3e2,2176,75,81,108,crushing defensiveMove endgame long pawnEndgame quietMove,https://lichess.org/WiDB0TK1/black#80,
DyPkJ,8/8/pp2p3/4Pp2/kP3Pp1/Pb2N1P1/1K6/8 b - - 7 38,a6a5 b4b5 b3d5 e3d5,2174,106,72,53,crushing endgame master quietMove short zugzwang,https://lichess.org/q6jhXwqC/black#76,
DyQlo,3r1q2/2k5/p4r2/2Q1Rp2/2pp1R2/1p6/1P3P1P/7K b - - 12 38,c7b8 e5e7 d8d7 c5e5 b8c8 e7e8 f8e8 e5e8,2141,74,96,4122,clearance crushing endgame exposedKing fork quietMove veryLong,https://lichess.org/r4SxTucI/black#76,
DyXWK,3r3r/3P2k1/p7/P5R1/B7/4P1p1/8/6K1 b - - 2 44,g7f7 g5e5 h8h2 e5e8 d8d7 a4d7,2163,84,77,43,crushing endgame long quietMove,https://lichess.org/N6raYf5n/black#88,
DyoWG,3b4/8/8/1K1k1p1p/5P1P/P7/5B2/8 w - - 3 52,f2b6 d8h4 a3a4 h4e1 a4a5 e1a5,2121,81,89,149,bishopEndgame crushing endgame long master masterVsMaster quietMove,https://lichess.org/EFNLkKd0#103,
DyuwE,8/8/8/3K2p1/2pR2B1/2Pb2kP/8/4r3 b - - 17 50,g3h4 g4f5 h4h5 f5d3 c4d3 d4d3 e1e8 c3c4 e8d8 d5e4,2134,77,91,4000,crushing defensiveMove discoveredAttack endgame quietMove veryLong,https://lichess.org/Yr5SkDyI/black#100,
Dz3wO,r4rk1/ppp1b3/4P2p/3qBpp1/8/1PQ5/P1PN1PPP/R5K1 b - - 0 20,a8d8 e5h8 e7f6 h8f6 d5d2 e6e7,2113,78,94,839,advancedPawn advantage long middlegame quietMove,https://lichess.org/QTXmXJov/black#40,
E00Xq,8/2qr4/2Qp1k2/P2P4/KP6/8/1P6/8 b - - 4 47,f6e5 b4b5 c7d8 b5b6,2136,77,91,524,crushing endgame master quietMove short,https://lichess.org/znJgzDkc/black#94,
E015U,7k/1p1N1Q2/p2q3p/P3b1p1/8/5RPP/1P4PK/4r3 b - - 2 31,e5b2 d7f6 b2f6 f3f6 d6f6 f7f6,2106,85,78,37,crushing endgame long quietMove,https://lichess.org/ls4J1BRe/black#62,
E05AA,2r2rk1/3q1pp1/pp5p/2b1P3/P2N4/8/1PQ2PPP/R2R2K1 w - - 0 20,c2e4 c8d8 d1d2 c5d4,2147,87,58,38,advantage middlegame quietMove short,https://lichess.org/H7BFpYqP#39,
E0DC9,4nr2/3R1bk1/pR3b1p/3pBPp1/3P2P1/5BKP/r7/8 b - - 3 49,a6a5 f3d5 a2d2 b6b7 f6e5 d4e5,2167,78,85,56,advantage long middlegame quietMove,https://lichess.org/vaCCVx4y/black#98,
E0PMr,8/p1p3k1/1pnp1p2/4p1p1/PPB1Pqr1/1KPP3Q/8/8 b - - 13 46,g4h4 h3d7 g7h6 c4g8 c6e7 d7e7 h6h5 g8e6 f6f5 e6f5 f4f5 e4f5,2184,137,65,19,crushing endgame fork quietMove veryLong,https://lichess.org/QxcgsN0T/black#92,
E0ehc,8/8/3pk3/1p1b4/3P3p/2P1K2P/p7/5R2 w - - 2 42,e3d2 d5e4 f1a1 e4b1,2135,82,82,35,crushing defensiveMove endgame quietMove short,https://lichess.org/vNPqCeFg#83,
E0rQ5,4k3/R4p2/3p1P1p/3N4/6P1/p1P2PK1/4r3/2b5 b - - 4 50,a3a2 d5b6 a2a1q a7a1,2176,76,87,137,crushing endgame quietMove short,https://lichess.org/DxN5G8ob/black#100,
E1Laz,r2q3r/pp1nbQ2/2p2ppk/8/3P4/5N1P/PPP2PP1/R1B3K1 b - - 5 21,g6g5 f3h4 d8g8 h4f5,2120,75,92,1248,mate mateIn2 middlegame pin quietMove short,https://lichess.org/www373VF/black#42,
E1VuH,8/7p/8/5Kp1/8/4k2P/6P1/8 b - - 6 46,h7h6 g2g4 e3f3 f5g6 f3g3 g6h6,2165,76,94,1251,crushing endgame long pawnEndgame quietMove,https://lichess.org/4FJkIF2g/black#92,
E1Y71,4r3/1R4pk/Q4npp/2p5/8/2P3NP/PP3qPK/8 w - - 0 30,a6a7 e8e1 b7g7 h7h8 g7h7 f6h7,2160,77,83,137,crushing endgame long quietMove,https://lichess.org/AOBEgAc4#59,
E1g39,5rk1/3b1ppp/3p2n1/1ppPp3/4P3/1PP2q1P/3B1PB1/Q3R1K1 b - - 1 21,f3d3 a1d1 d7h3 e1e3,2117,146,82,16,crushing middlegame quietMove short,https://lichess.org/yZCS0ywH/black#42,
E1kQb,8/8/3N4/p2p1k2/1p1Pbp2/1P4pP/P5P1/5K2 b - - 9 42,f5g5 d6e4 d5e4 d4d5 g5f6 h3h4,2121,77,90,75,crushing defensiveMove endgame long quietMove,https://lichess.org/xtmj9uhn/black#84,
E1uxT,6rk/p4R2/3p1p1P/3P2p1/1p3r2/1P6/1PP5/1K5R b - - 0 39,g5g4 h1e1 g4g3 e1e7,2112,76,91,969,crushing endgame quietMove rookEndgame short,https://lichess.org/2ABFSqBQ/black#78,
E24d3,8/8/1p4p1/6pp/P3k3/2P3PP/4K3/8 w - - 0 42,h3h4 g5g4 e2d2 e4f3 a4a5 b6a5,2127,78,87,336,crushing endgame long pawnEndgame quietMove zugzwang,https://lichess.org/6Y2RTf5g#83,
E277e,8/6p1/8/5k2/5P2/R4KPp/1r5P/8 b - - 4 54,b2h2 a3a6 h2f2 f3f2,2179,76,95,1287,crushing endgame master quietMove rookEndgame short,https://lichess.org/yn9CzAhP/black#108,
E2FFo,2r2rk1/1b2qp1R/p2pn1p1/4p1P1/2B1P1P1/PP3Q2/5PK1/2BR4 b - - 0 32,g8h7 f3h3 h7g8 d1h1 b7e4 f2f3 e4f3 g2f3,2172,77,92,2100,crushing middlegame quietMove veryLong,https://lichess.org/qo7uZKoV/black#64,
E2I1J,8/pp6/2p1k1P1/6Pp/5K2/PP6/8/8 b - - 2 61,b7b5 b3b4 e6e7 f4g3 e7f8 g3h4 f8g7 h4h5,2192,146,42,12,crushing endgame pawnEndgame quietMove veryLong,https://lichess.org/4ylJcQmH/black#122,
E2W9t,8/1p5p/p7/8/4K1k1/1P4P1/P6P/8 w - - 1 37,a2a4 a6a5 e4e3 g4h3 e3f4 h3h2,2172,80,90,763,crushing endgame long pawnEndgame quietMove,https://lichess.org/4NCVeylM#73,
E2dnq,8/7p/2p1p3/pBPpPp2/Pp1P1Pk1/1K3b2/1P5P/8 b - - 2 34,g4f4 b5c6 f3d1 b3a2 f4e3 c6b5 f5f4 c5c6,2192,86,86,160,advantage bishopEndgame endgame quietMove veryLong,https://lichess.org/BG840RoG/black#68,
E2dof,4r1k1/q3rp1p/p3bQp1/1pR5/4N3/P7/1P3PPP/3R2K1 w - - 9 29,d1c1 e6c4 c5c4 b5c4,2158,77,87,303,crushing middlegame quietMove short,https://lichess.org/V3u3jMSx#57,
E2env,r7/1pp2pkB/1b1p4/3P4/p1qn2P1/P1N5/1P5Q/1K1R4 b - - 1 37,a8h8 d1h1 c4d3 h7d3 h8h2 h1h2,2107,77,73,55,advantage long middlegame quietMove,https://lichess.org/QJtcBmac/black#74,
E2ot1,8/4k3/P7/6p1/1PB3P1/4n3/2P1Kp2/8 b - - 4 41,e3c4 a6a7 c4b6 c2c4 f2f1b e2f1 e7d7 c4c5 b6a8 b4b5,2163,78,90,1445,advancedPawn crushing defensiveMove endgame knightEndgame quietMove veryLong,https://lichess.org/Bi9Hmnht/black#82,
E3lvK,r3r1k1/ppp2p1q/5Qp1/3P4/1B4P1/PP6/2P5/2K2R2 b - - 4 27,h7g7 b4c3 g7f6 c3f6 e8e6 d5e6,2165,82,84,43,crushing endgame long quietMove,https://lichess.org/VCF2mEUf/black#54,
E3tT4,nk1r3r/1p1q4/p7/P7/1QPP2p1/5p2/1P1N1BK1/4R2R w - - 0 35,g2g1 h8h1 g1h1 d7h7 h1g1 h7h3 d2f3 g4f3 b4d6 d8d6,2129,76,87,726,attraction crushing exposedKing middlegame quietMove veryLong,https://lichess.org/JxAzrIQF#69,
E4LG4,8/8/8/bP2kB2/P1p1P3/4Kp2/8/8 w - - 0 46,e3f3 c4c3 b5b6 c3c2 b6b7 a5c7 b7b8q c7b8,2186,78,85,71,advancedPawn bishopEndgame crushing endgame quietMove veryLong,https://lichess.org/4KOo3KZ8#91,
E4Ljw,8/4Q3/P7/3p4/3P1n2/2K1nk2/1P4p1/8 w - - 0 53,e7g5 e3g4 g5e7 g2g1q,2171,117,82,28,advancedPawn crushing endgame master promotion quietMove short,https://lichess.org/gcHHCoEj#105,
E4MuM,8/8/8/6p1/P1R2p2/r1P3k1/1K6/8 b - - 5 48,a3a4 c4a4 f4f3 c3c4 f3f2 a4a1 g5g4 c4c5 g3h2 c5c6 g4g3 c6c7 g3g2 c7c8q g2g1q c8h8,2181,75,92,439,advancedPawn crushing endgame hangingPiece promotion quietMove rookEndgame veryLong,https://lichess.org/kqngTduV/black#96,
E4Qjy,r3r1k1/1ppn1ppp/1b3q2/pP1pP3/P2P2b1/2P2N2/5PPP/RN1QKB1R w KQ - 1 14,b1d2 d7e5 d4e5 e8e5 f1e2 a8e8 e1g1 e5e2,2188,77,94,4828,clearance crushing middlegame quietMove veryLong,https://lichess.org/1RcBOXKg#27,Kings_Pawn_Game Kings_Pawn_Game_Leonardis_Variation
E4Uze,8/8/2p3K1/2B5/p2P2P1/2kn4/8/8 w - - 1 56,c5e7 d3b4 g6f7 a4a3 g4g5 a3a2,2111,79,92,3013,advancedPawn crushing endgame long master quietMove,https://lichess.org/5yLehLrM#111,
E5A7h,8/1p6/7p/p1p5/P1P1kpPP/1P6/5K2/8 w - - 0 36,f2e2 f4f3 e2f2 e4f4 g4g5 h6g5 h4h5 g5g4 h5h6 g4g3 f2f1 f4e3 h6h7 g3g2,2172,78,92,2414,advancedPawn crushing endgame exposedKing pawnEndgame quietMove veryLong,https://lichess.org/T7f9tiOt#71,
E5m9O,8/3k4/3P4/2P4R/4K3/2r5/8/5b2 b - - 7 56,c3c4 e4d5 f1d3 h5g5 c4c1 c5c6 c1c6 g5g7,2151,131,70,32,crushing defensiveMove endgame exposedKing quietMove veryLong,https://lichess.org/PwjycZA9/black#112,
E5nZt,8/1R3k2/6p1/r1R2n1p/2P2P1P/2b2K2/8/8 b - - 3 35,f7e6 c5c6 f5d6 b7b6 c3b4 b6b4,2188,75,76,145,crushing endgame long master quietMove,https://lichess.org/5A8HiqGF/black#70,
E5ygv,1r4rk/5p1p/pq1p1PpQ/2pPn3/3pPRP1/1p4N1/P5P1/1B1R2K1 b - - 0 25,b3a2 g4g5 e5g4 f4g4,2123,77,92,83,crushing middlegame quietMove short,https://lichess.org/sn2lllcZ/black#50,
E635C,8/p1pk1r2/2ppp2Q/8/6q1/4B3/PPP2R1P/6K1 w - - 2 26,g1h1 f7g7 h6g7 g4g7,2125,73,93,10683,advantage endgame quietMove short,https://lichess.org/GaFrUHkE#51,
E79Kd,8/1B3pk1/1R5p/5Pp1/1pb5/6P1/6KP/1r6 b - - 1 43,b4b3 f5f6 g7f8 b7c6 c4d5 c6d5,2143,108,91,31,crushing endgame long quietMove,https://lichess.org/JNlfvoev/black#86,
E7GLP,2b5/1pp1pQ1p/1p3bpk/r5N1/8/8/PPP3PP/1K6 w - - 6 26,g5h7 a5e5 b1c1 c8e6 f7e8 h6h7,2196,77,79,141,crushing endgame long quietMove,https://lichess.org/MUmSKvQo#51,
E7RWS,8/8/5Rp1/7k/5Prp/5K2/8/8 b - - 9 76,h4h3 f6f8 h5h6 f3g4,2133,84,91,533,crushing endgame quietMove rookEndgame short,https://lichess.org/g3jR2FGQ/black#152,
E7gIC,8/8/8/5p2/4p2P/2k5/5PK1/8 b - - 0 38,c3d4 h4h5 d4e5 h5h6 e5f6 g2g3,2160,78,85,49,crushing defensiveMove endgame long pawnEndgame quietMove,https://lichess.org/MCUjgL1O/black#76,
E7jak,5R2/1Pk2p2/4p3/3p3p/6pP/4P1P1/1r3P2/5K2 b - - 2 52,b2b7 f8f7 c7c6 f7b7 c6b7 f2f3 b7c7 f3g4 h5g4 h4h5 c7d6 h5h6 d6e7 h6h7,2154,78,81,63,advancedPawn crushing endgame quietMove rookEndgame veryLong,https://lichess.org/hPXy3Niv/black#104,
E7sgh,r2q1r2/1R2bpk1/2R5/p1Pp2p1/3Pp1n1/P3P3/2QBNP2/6K1 w - - 0 28,a3a4 f8h8 e2g3 h8h1 g3h1 d8h8 d2c3 h8h2,2173,85,79,49,clearance crushing middlegame quietMove sacrifice veryLong,https://lichess.org/YcmXO6y3#55,
E8127,8/5k2/4bP2/4P1K1/2p5/1p6/8/1R6 w - - 2 43,g5f4 c4c3 b1b3 e6b3 f4e3 b3c4 e3d4 c3c2,2153,75,95,327,advancedPawn crushing endgame quietMove veryLong,https://lichess.org/638ubVFq#85,
E8Bhg,8/8/p3k1p1/3p2Pp/PP1PpK1P/8/8/8 b - - 3 46,e6f7 b4b5 a6b5 a4a5 b5b4 a5a6 b4b3 a6a7 b3b2 a7a8q b2b1q a8d5,2135,80,90,713,advancedPawn crushing endgame pawnEndgame promotion quietMove veryLong,https://lichess.org/vm4PDTuL/black#92,
E93nO,8/8/2p5/4k2p/5pp1/P2K3P/2P3P1/8 w - - 0 35,h3h4 c6c5 c2c4 g4g3 d3e2 e5d4,2180,121,90,11,crushing endgame long pawnEndgame quietMove,https://lichess.org/lA1k4Pl3#69,
E9fJW,8/R7/1p1pP3/3Pb2p/8/6rk/P7/3B3K w - - 1 37,e6e7 e5d4 a7a3 d4e3 a3e3 g3e3 e7e8r e3e8,2109,75,93,1507,crushing endgame quietMove veryLong,https://lichess.org/R6mhB9uB#73,
EAUXg,8/1p6/4k3/1P1p2p1/p3K3/P5P1/7P/8 w - - 0 37,e4d4 g5g4 b5b6 e6d6,2145,73,93,7481,crushing defensiveMove endgame pawnEndgame quietMove short,https://lichess.org/mDvv4mJu#73,
EAlLo,8/6pk/7p/6r1/3Rpr2/2P1Q1Pq/PP3P1P/5RK1 w - - 7 28,d4e4 g5h5 f1d1 h3h2 g1f1 h2h1 f1e2 f4e4 d1h1 e4e3 e2e3 h5h1,2117,74,84,261,advantage endgame pin quietMove veryLong,https://lichess.org/joxb2uWE#55,
EB2Vu,8/8/5p1p/1pk3p1/2pp2P1/P4P1P/1PPK4/8 b - - 2 35,b5b4 a3a4 c4c3 b2c3 d4c3 d2d3 c5d5 a4a5 d5c5 a5a6,2161,78,93,1029,crushing endgame pawnEndgame quietMove veryLong zugzwang,https://lichess.org/4mKE8hOG/black#70,
EBXh5,8/1R3ppp/1pr1k3/8/3p4/P5PP/1P3P2/6K1 w - - 0 33,g1g2 d4d3 g2f3 c6d6 b7b6 d6b6,2190,75,98,279,crushing endgame long quietMove rookEndgame,https://lichess.org/UJBoKph3#65,
EC0uH,4rk2/8/p1p1p1Q1/1p2P3/3PP2P/P1P5/8/2q2BK1 w - - 1 30,h4h5 e8e7 g6f6 e7f7,2153,79,91,615,crushing defensiveMove endgame quietMove short,https://lichess.org/gEkxBmGC#59,
ECRd2,2r5/8/7p/3pP1pk/3Q1p2/R6P/3BqP1K/8 w - - 0 44,h2g1 e2d1 g1g2 c8c1 d2c1 d1d4,2155,77,90,1173,crushing endgame long quietMove,https://lichess.org/Nzjxesbc#87,
ECp4F,r6k/6Rp/3p3B/p1n1p2P/P1P1q3/8/2Q2PP1/5K2 w - - 3 36,c2a2 a8b8 f1g1 b8b1 a2b1 e4b1,2186,77,92,5109,crushing endgame long quietMove,https://lichess.org/LLrhBU2S#71,
ECpjO,8/5k2/p7/2P4r/4P3/8/P4p2/K2R4 w - - 0 54,c5c6 h5g5 c6c7 g5g1 c7c8q g1d1 a1b2 f2f1q,2112,75,77,230,advancedPawn crushing endgame promotion quietMove rookEndgame veryLong,https://lichess.org/OXYEjNAI#107,
ED7ll,8/4rpk1/7p/5Kp1/6P1/5R2/5R2/8 w - - 8 53,f2f1 f7f6 f1e1 e7e1 f3e3 e1f1,2178,78,90,648,crushing endgame long quietMove rookEndgame,https://lichess.org/Eq2v4VoQ#105,
EDLhz,8/2k3p1/4Pp2/5P2/pB1P2P1/5b2/pK6/8 b - - 0 43,f3g4 d4d5 c7c8 d5d6 g4f5 d6d7 c8d8 b4a5,2112,75,94,1271,advancedPawn bishopEndgame crushing endgame exposedKing quietMove veryLong,https://lichess.org/BYnyOcDy/black#86,
EDdnL,8/3k2p1/2p4p/2K5/8/6P1/2P3P1/8 w - - 2 46,c2c4 h6h5 c5d4 d7d6 c4c5 d6e6,2136,77,100,58,crushing defensiveMove endgame long pawnEndgame quietMove zugzwang,https://lichess.org/WOl6Ab4B#91,
EEB5s,1r3rk1/4p1bR/p1p3p1/q2nP1N1/3P2b1/2NB4/PP1Q4/R3K3 b Q - 2 21,a5b4 d2h2 g4h5 h7h5,2156,96,78,20,crushing middlegame quietMove short,https://lichess.org/sxFknUUS/black#42,
EESOZ,8/8/K1k1PPn1/6Bp/8/2p5/8/8 w - - 0 49,e6e7 g6e7 f6e7 c6d7 a6b5 c3c2 b5c4 h5h4 c4b3 h4h3,2187,76,89,229,advancedPawn crushing endgame quietMove sacrifice veryLong,https://lichess.org/puQiqknz#97,
EESVK,8/7p/p4p2/1p3Pp1/3kP1P1/PP3KP1/8/8 w - - 0 36,a3a4 b5a4 b3a4 a6a5 f3e2 d4e4,2153,79,91,725,crushing endgame long pawnEndgame quietMove zugzwang,https://lichess.org/6BIpKV7f#71,
EEbw6,8/5kp1/8/p1pp1PP1/1p3K1P/P1P5/1P6/8 w - - 1 42,f4e5 d5d4 c3d4 c5c4 a3b4 a5b4,2138,77,90,1128,crushing endgame long pawnEndgame quietMove,https://lichess.org/vQruwpVN#83,
EElCO,8/8/p6p/1p2k3/1Pbp3P/P2B2P1/3K4/8 w - - 1 41,d2c2 c4d3 c2d3 h6h5 g3g4 h5g4,2136,79,86,258,bishopEndgame crushing endgame long quietMove,https://lichess.org/tAXBxTrM#81,
EFRyD,8/2K5/1p2P3/p7/1bP5/1P6/Pk6/8 b - - 0 55,b2a2 c7b6 a2b3 c4c5 b3c4 c5c6,2151,75,94,2563,bishopEndgame crushing endgame long quietMove,https://lichess.org/BOc2G0aD/black#110,
EFYA7,krq4r/p1p1np2/2P5/Q2pN1n1/3P2P1/1RP2P2/P6p/5R1K b - - 9 29,g5h3 b3a3 h3f2 h1g2,2131,89,80,30,crushing middlegame quietMove short,https://lichess.org/putRiwZr/black#58,
EFhmh,8/8/3kP3/1K3P1p/P6n/8/1P6/8 w - - 0 51,a4a5 h4f5 b5c4 h5h4 c4d3 h4h3,2185,76,95,249,crushing endgame knightEndgame long quietMove,https://lichess.org/x74PLAl9#101,
EGADH,4r3/1p6/2k5/PR3p2/2PP1P1P/3K2p1/8/8 w - - 0 43,b5f5 e8g8 f5f6 c6c7 f6f7 c7b8 f7e7 g3g2,2141,77,91,2261,advancedPawn crushing endgame master quietMove rookEndgame veryLong,https://lichess.org/ODdv7Stb#85,
EGINa,8/8/2p5/3p1k2/r2P4/4P3/p3K3/R7 b - - 9 52,f5e4 a1f1 a4d4 e3d4,2154,77,94,3644,crushing endgame quietMove rookEndgame short,https://lichess.org/75jUEQRz/black#104,
EGKe6,8/8/5P2/p4K2/2pn4/2k5/P7/2N5 w - - 5 50,f5g6 c3d2 f6f7 d4e6 g6f5 e6f8 c1b3 c4b3,2192,78,81,100,crushing endgame knightEndgame quietMove trappedPiece veryLong,https://lichess.org/xe6su6Xy#99,
EGbv6,8/8/2p2N1P/p1Pk4/5n2/8/8/7K b - - 2 42,d5c5 f6d7 c5d6 d7f8 d6e7 h6h7 e7f8 h7h8q,2109,74,96,2639,advancedPawn crushing endgame knightEndgame promotion quietMove veryLong,https://lichess.org/08NN4rim/black#84,
EGmMb,6k1/q4pp1/7p/3QPN2/1p3PK1/7P/5bP1/8 b - - 2 35,b4b3 d5d8 g8h7 f5e7 a7e7 d8e7,2102,77,93,3042,crushing endgame long quietMove,https://lichess.org/ZO1CwVnZ/black#70,
EHD3L,8/5p2/4bKp1/4P1P1/5P2/2pk4/1B6/8 w - - 0 54,b2c3 d3c3 f4f5 g6f5 g5g6 f7g6 f6e6 f5f4 e6d6 f4f3 e5e6 f3f2 e6e7 f2f1q e7e8q f1a6,2107,137,84,12,advancedPawn bishopEndgame crushing endgame hangingPiece promotion quietMove veryLong,https://lichess.org/42doXmuU#107,
EHfrd,q7/3Q1p1k/4pBpr/4P3/p6P/5PK1/6P1/8 b - - 1 52,h7g8 f6d8 g8f8 d7e7 f8g7 e7e8 a8d8 e8d8,2186,77,84,118,crushing endgame quietMove veryLong,https://lichess.org/5Krk71L1/black#104,
EHrlH,4r1k1/pB1r1p1p/4b1p1/4n3/8/2P4P/PP1N1PP1/3R1RK1 w - - 3 22,b7e4 e8d8 f2f4 e5c4 d2c4 d7d1,2184,78,86,92,advantage long middlegame quietMove,https://lichess.org/yreaxsHX#43,
EI1Ia,3r4/P4R1p/4p3/8/8/3p2P1/2pK1PkP/8 w - - 1 43,f7b7 d8c8 b7c7 c8c7,2122,104,100,21,crushing endgame quietMove rookEndgame short,https://lichess.org/f9zWMG90#85,
EILSi,8/7p/1K1pk2p/p1p5/5p2/2P2P2/1P4P1/8 b - - 0 42,e6d5 b6a5 d5c4 b2b4 d6d5 b4b5 d5d4 c3d4 c5d4 b5b6 d4d3 b6b7 d3d2 b7b8q,2187,341,68,4,advancedPawn endgame equality pawnEndgame promotion quietMove veryLong,https://lichess.org/WeNujwZA/black#84,
EISrm,6k1/5r2/2R1p2p/1n1pP1p1/1Q1P2PN/7P/5PK1/q7 b - - 0 39,b5d4 c6c8 g8g7 b4b8 f7f2 g2f2 a1a2 f2e3,2122,85,75,50,advantage endgame quietMove veryLong,https://lichess.org/sYlwrGFJ/black#78,
EIUPC,3r3k/6p1/3bR2p/pp1p4/2nq1PQ1/6RP/2P3PK/2B5 w - - 0 38,e6g6 d6c5 c1e3 c4e3 g3e3 d4e3,2169,99,85,30,crushing long middlegame quietMove,https://lichess.org/Lqhgabba#75,
EIgOF,8/8/P1p5/3k4/3p2KR/8/5rr1/RN6 w - - 3 51,g4h5 f2f8 h4g4 f8h8 h5g5 h8g8,2137,125,83,28,crushing endgame long quietMove,https://lichess.org/mxTHBBwn#101,
EIied,8/5p2/5k1p/5P2/1r3P1P/4RK2/8/8 w - - 7 46,e3e4 b4e4 f3e4 h6h5 e4e3 f6f5,2171,76,89,1293,crushing endgame long quietMove rookEndgame zugzwang,https://lichess.org/gP5VsYLF#91,
EJNNb,8/8/4p3/p3N2P/5P2/k3K3/8/1b6 b - - 4 42,a3b3 e5d3 b3c4 f4f5,2154,75,98,499,crushing endgame quietMove short,https://lichess.org/FJHc6acd/black#84,
EJQHl,8/p7/2p1p3/2p2k2/2P2p1p/1P2PK2/P4P1P/8 b - - 3 26,e6e5 e3f4 e5f4 h2h3 f5e5 f3g4,2154,84,74,44,crushing endgame long master pawnEndgame quietMove zugzwang,https://lichess.org/63Crlyzp/black#52,
EJc2B,r3r3/p4pkp/1p4p1/3RN3/2q5/7P/PP1Q1PP1/6K1 b - - 4 25,c4a2 e5g4 a2d5 d2d5,2185,90,68,35,advantage endgame quietMove short,https://lichess.org/K8SbCCxq/black#50,
EJgri,3r1k2/Q2q1p1p/3p1PpN/4p1Pn/8/8/PP5P/K2R4 w - - 1 42,d1d6 d8c8 a7a8 d7c7 d6c6 c7c6 a8c6 c8c6,2137,94,86,23,crushing endgame quietMove veryLong,https://lichess.org/7gim59Rd#83,
EK9ZZ,8/r4p2/3k4/P2p4/1P5p/1NPKPr2/R4P2/8 b - - 0 44,h4h3 b3d4 h3h2 a2a1 f3h3 d4b5 d6d7 b5a7,2129,181,82,6,crushing endgame fork quietMove veryLong,https://lichess.org/L44ygBrE/black#88,
EL2st,8/1p3pp1/1p6/1Pp2k1P/2P5/P4KP1/8/8 b - - 1 40,f5e5 g3g4 f7f6 f3e3,2173,75,85,178,crushing defensiveMove endgame pawnEndgame quietMove short zugzwang,https://lichess.org/x7W6QnpK/black#80,
ELDDF,r4rk1/1bp2ppp/p7/1p2q3/4N3/1B6/P5PP/1R1QR2K w - - 3 19,d1c2 a8e8 e4f6 e5f6,2160,76,92,1043,crushing middlegame quietMove short,https://lichess.org/1hOovQEI#37,Ruy_Lopez Ruy_Lopez_Morphy_Defense
ELHxF,1r6/2q3k1/2pp3p/2n4p/2Q2PPb/1P5P/2P5/1K1RR3 w - - 1 33,c4d4 h4f6 d4d6 c7a7 e1e5 b8a8,2124,178,73,16,crushing defensiveMove long middlegame quietMove,https://lichess.org/Nr35XtvQ#65,
EM1MA,7k/p1b3rp/4p2q/PQ3p2/1PPR1P2/3B3p/6PK/5R2 w - - 0 38,g2h3 h6g6 b5b8 c7b8 d4d8 g7g8,2154,77,83,100,crushing long middlegame quietMove,https://lichess.org/7QGlD3WV#75,
EMFgq,7r/7P/3p1kPK/3P4/8/8/8/8 b - - 2 58,h8e8 g6g7 e8e3 g7g8n f6f7 g8f6 f7f6 h7h8q,2135,72,92,155608,advancedPawn attraction crushing endgame exposedKing promotion quietMove rookEndgame underPromotion veryLong,https://lichess.org/bUm1ZBqs/black#116,
EMUER,8/8/1p6/1P4pb/Pk6/6K1/2B5/8 b - - 10 46,b4c3 a4a5 h5f7 c2e4 b6a5 b5b6,2114,116,100,22,advantage bishopEndgame endgame long quietMove,https://lichess.org/qzMCFTkh/black#92,
EMtWJ,r4rk1/p5p1/7p/2p5/6R1/2P1ppN1/PPR4P/7K w - - 0 29,h1g1 a8d8 c2c1 e3e2 g1f2 d8d1 g3e2 f3e2 f2e2 d1c1,2105,263,-100,6,advancedPawn crushing discoveredAttack endgame quietMove veryLong,https://lichess.org/ZdioRezM#57,
ENBvk,r5k1/pp1q3p/8/3p1p2/3Q4/8/PP4PP/4R2K b - - 3 25,b7b6 e1e3 a8e8 e3g3,2138,77,90,259,crushing endgame master quietMove short,https://lichess.org/K9OmviBa/black#50,
ENM6S,r1b3k1/pp3p2/3Pq2p/1B2Q1p1/4R3/8/5PPP/6K1 b - - 4 27,a7a6 e5d4 a6b5 e4e6,2131,133,51,16,advantage discoveredAttack endgame quietMove short,https://lichess.org/YP2M4yko/black#54,
ENW9L,3r1rk1/4qp2/p1p1b1pQ/4p3/Pp2P3/2N2RR1/1P3PPP/6K1 w - - 0 26,g3h3 e6h3 f3h3 f7f6 h6g6 e7g7 g6h5 b4c3,2130,78,44,69,advantage middlegame quietMove veryLong,https://lichess.org/BbyAK6iu#51,
ENrRK,8/8/4p3/p1k4p/1pP1pPpP/1P2P1P1/2K5/8 b - - 3 62,a5a4 b3a4 c5c4 c2b2 c4d3 a4a5 d3e3 a5a6 e3f3 a6a7,2197,80,87,215,advancedPawn crushing endgame pawnEndgame quietMove veryLong zugzwang,https://lichess.org/GAwgtfLN/black#124,
ENxR4,8/5pp1/2N1p3/2kpP3/1p2bP2/p5P1/B2K3P/8 w - - 2 47,c6d8 d5d4 f4f5 b4b3 a2b3 e4d5,2191,136,68,25,crushing endgame long quietMove,https://lichess.org/H3tayTL3#93,
EOPZH,8/pp4p1/4k1p1/4p1P1/4K2P/2P5/PP6/8 w - - 1 32,b2b4 b7b5 e4e3 e6f5 c3c4 b5c4,2188,91,90,1117,crushing endgame long pawnEndgame quietMove zugzwang,https://lichess.org/mLRdGGPk#63,
EOqMR,5rk1/pp4p1/3q1n2/6QP/3PR1P1/1P1R2NK/P4r2/8 w - - 1 34,e4e5 d6c6 d4d5 c6c2 e5e2 f2e2,2197,75,91,224,crushing long middlegame quietMove,https://lichess.org/K4sOzZrQ#67,
EPOEN,r3r2k/1p3p2/6p1/2Pp1pPp/p2P3q/P1B1PP1P/4R1QK/8 b - - 0 28,f7f6 f3f4 e8e3 e2e3 h4f4 g2g3,2186,82,82,86,advantage endgame long quietMove,https://lichess.org/8WlTxRqV/black#56,
EQ0DH,3K4/R7/2p3pk/8/1pb5/8/5P2/8 w - - 1 42,a7c7 c4b5 c7d7 b4b3 d7d1 c6c5,2199,75,81,125,crushing defensiveMove endgame long quietMove,https://lichess.org/2dJ2hZTr#83,
EQ8wc,8/4N1k1/8/5Kp1/8/5p1P/6n1/8 w - - 0 65,f5g5 g2e3 g5f4 f3f2 f4e3 f2f1q,2194,74,92,3338,advancedPawn crushing endgame knightEndgame long master promotion quietMove,https://lichess.org/DEO42Vv3#129,
EQDoY,1k1r2b1/1pp3pp/p1np1p2/4r3/4B1PP/qPP1B3/2P1QP2/1K1RR3 w - - 3 23,e4c6 e5a5 c6a4 a5a4 b3a4 g8a2,2165,89,81,33,crushing long middlegame queensideAttack quietMove sacrifice,https://lichess.org/NAR5x0xx#45,
EQQsO,8/8/5p2/2p5/8/2p4P/1k3PP1/R3K3 w - - 8 40,a1d1 c3c2 d1d2 c5c4 e1e2 c4c3,2197,79,87,229,advancedPawn crushing endgame long quietMove rookEndgame,https://lichess.org/PLzZnD8S#79,
EQfM4,2r2r1k/2Q3p1/p2p3p/1p1Rp3/4P3/P4PqP/1PPR2P1/6K1 w - - 1 29,c7d6 f8f3 d2e2 c8f8 d5d1 f3f2 d6f8 f2f8,2106,74,94,4242,clearance crushing endgame pin quietMove veryLong,https://lichess.org/ln05CLT3#57,
EQmRg,8/p3k3/1p2P3/2r5/2PKR3/8/8/8 w - - 2 45,e4e5 c5e5 d4e5 a7a5 e5d5 a5a4 d5d4 e7e6 d4c3 e6e5,2118,103,58,35,crushing defensiveMove endgame quietMove rookEndgame veryLong,https://lichess.org/uMy0ceQH#89,
ERI9U,8/1K1Pk3/R7/7p/2r5/2P5/PP6/6b1 w - - 1 48,a6c6 c4c6 b7c6 h5h4 c6c7 g1b6,2117,79,89,352,crushing endgame long quietMove,https://lichess.org/TS7nZGXu#95,
ERZzn,r4rk1/p1p3pp/3p4/BR1Pp3/4Pn2/3B1p1q/P1QK1P2/6R1 w - - 4 28,c2c7 h3h6 g1g7 h6g7,2144,75,91,775,advantage middlegame quietMove short,https://lichess.org/mrHJMBN4#55,
ERcsp,8/5p1p/2p1k1p1/4n3/8/1KP1N2P/4r1B1/3R4 w - - 6 34,e3g4 e2g2 d1e1 f7f6 g4e5 f6e5,2116,78,86,162,crushing endgame hangingPiece long quietMove,https://lichess.org/F8uFvZM9#67,
ERfZ2,8/7p/3R3k/1B4p1/P4p2/4rP1P/1r4PK/8 b - - 3 41,h6h5 b5d7 b2g2 h2g2,2162,76,92,205,advantage endgame quietMove short,https://lichess.org/pnB0Cdxs/black#82,
ESEC5,r2q1r2/pp1b4/2pb2k1/3p1pN1/2nP1P2/2N2Q1P/PP3P2/2K1R2R b - - 7 22,f8e8 e1g1 e8e1 g1e1,2168,77,82,107,advantage middlegame quietMove short,https://lichess.org/hcXr9bQx/black#44,
ESQ3C,r2r2k1/5pp1/p3pq2/1p1p3R/8/P1P3Q1/1P3PP1/5RK1 b - - 0 27,f6g6 g3h2 g6h5 h2h5,2130,184,0,14,advantage endgame quietMove short,https://lichess.org/DC9M7juv/black#54,
ESrMJ,2k5/8/pBP3p1/P2pb1P1/4p2P/2P5/5K2/8 w - - 1 50,f2g2 e5c3 g2f2 d5d4 h4h5 g6h5,2103,89,55,27,bishopEndgame crushing endgame long quietMove,https://lichess.org/ccPy7DPO#99,
ET8vO,2k5/1pp2r2/p1b1pp1p/3q2p1/1P1Pn3/3NP1P1/P1Q2PPK/R5R1 w - - 6 27,d3c5 g5g4 g1h1 e4c5,2156,75,71,89,advantage middlegame quietMove short,https://lichess.org/bb6UXoQP#53,
ETjRc,8/p2rk2p/2R2p2/4q3/6r1/6P1/P2p1P1P/3R1QK1 w - - 2 33,c6c2 g4e4 d1d2 d7d2 c2d2 e4e1,2159,76,90,601,crushing endgame long master pin quietMove,https://lichess.org/KqdW1ENx#65,
ETp7M,6k1/2p2pp1/p3q3/1bQ5/3B2np/6P1/PPP2P1P/R5K1 w - - 2 27,d4c3 h4g3 h2g3 e6h6 g1g2 b5c6,2166,88,83,50,advantage endgame long quietMove,https://lichess.org/brL2kCds#53,
EU6nk,2kr1b1r/ppp1qp2/3p1n1p/3P2p1/2B1P3/1QN1Bb2/PP3P1P/R4RK1 w - - 0 14,e3a7 e7d7 c3e2 d7h3 b3f3 h3f3,2155,77,91,802,crushing long middlegame quietMove,https://lichess.org/ab1m65Sn#27,Italian_Game Italian_Game_Other_variations
EUIqz,1k5R/p1p2pp1/1p3n2/2q2P2/8/P1NP1Q2/1PP3K1/4r3 b - - 2 35,f6e8 c3e2 c5e5 g2f2,2194,129,85,24,crushing endgame pin quietMove short,https://lichess.org/BtU8fYuc/black#70,
EUXyW,3r2k1/1p3p1p/1r2pQp1/1P6/8/q2P4/5PPP/1R1R2K1 b - - 0 28,d8d3 d1d3 a3d3 b1a1 b6a6 b5a6,2152,81,84,60,crushing endgame long quietMove,https://lichess.org/6evL2eHS/black#56,
EVfRg,8/4k1K1/3p1RP1/p1p5/P7/1P6/6r1/8 w - - 9 58,f6f8 g2g6 g7g6 e7f8 g6f6 d6d5 f6e5 d5d4,2106,75,94,3178,crushing defensiveMove deflection endgame quietMove rookEndgame veryLong,https://lichess.org/8oNumQpV#115,
EVgqa,4kr2/ppp5/2n1pr2/8/3PQ3/2P3PR/PP1q2PK/R7 b - - 1 27,f6f2 e4e6 c6e7 a1e1 f2g2 h2h1 d2e1 e6e1,2103,76,82,112,crushing middlegame quietMove veryLong,https://lichess.org/Zx8gSjLa/black#54,
EWCcM,r4k2/8/5p2/p2n4/R3PP2/2pK4/1p4PP/R7 w - - 0 35,a1b1 a8c8 e4d5 c3c2,2172,76,92,4919,advancedPawn crushing endgame master quietMove sacrifice short,https://lichess.org/IVzNVOED#69,
EWTaZ,8/1R6/8/8/P2p3k/4p3/1P1r4/4K3 b - - 0 52,d2g2 b7h7 h4g3 h7g7 g3f3 g7g2 f3g2 e1e2 g2g3 a4a5 g3f4 a5a6,2150,75,96,509,crushing endgame quietMove rookEndgame veryLong,https://lichess.org/R4uGjOj1/black#104,
EWVfR,Q4bk1/2p2p1p/p4p2/1p6/1P6/P1pq4/5PPP/4R1K1 w - - 0 21,a8f3 d3f3 g2f3 f8h6 e1e8 g8g7,2128,75,94,9544,crushing endgame long quietMove,https://lichess.org/IAwm6mR8#41,
EWn3Z,8/1pp5/p7/2k5/2Pp2P1/3K4/P7/8 b - - 0 43,b7b5 c4b5 a6b5 g4g5 c5d6 g5g6 d6e6 d3d4,2184,82,67,73,crushing endgame pawnEndgame quietMove veryLong,https://lichess.org/os5qFTM5/black#86,
EXELx,bb2k2r/3p1ppp/6n1/1N6/2B1P3/4Q1Pq/1PP2P1P/2B2RK1 w k - 1 19,e3a3 g6h4 b5c7 b8c7 a3a8 e8e7 a8a3 c7d6 c1g5 f7f6 a3d6 e7d6,2187,89,82,31,advantage middlegame quietMove veryLong,https://lichess.org/1JW1WPD0#37,Ruy_Lopez Ruy_Lopez_Cozio_Defense
EXS4O,r3k2r/p2p1p2/b1p1pq2/4N1b1/3P1n2/2N1BP2/PP1Q2P1/R4RK1 w kq - 9 22,f1e1 f6h6 e3f4 g5f4 d2f4 h6f4,2139,99,68,27,crushing long middlegame quietMove,https://lichess.org/xJpz14rY#43,
EXf1n,8/1p3qk1/2p3pp/2P2p2/1P6/6PP/3Q2P1/7K b - - 1 39,f7d5 d2d5 c6d5 b4b5 d5d4 h1g1,2156,75,92,5009,crushing defensiveMove endgame long queenEndgame quietMove,https://lichess.org/qBS2p8vN/black#78,
EYU4J,6k1/5pp1/1P6/8/P3r3/7p/R7/K7 b - - 2 45,e4b4 a4a5 g8h7 a5a6 b4b6 a6a7 b6e6 a7a8q e6e1 a1b2 h3h2 a2a1 h2h1r a8h1 e1h1 a1h1,2132,76,81,306,advancedPawn clearance crushing endgame master promotion quietMove rookEndgame veryLong xRayAttack,https://lichess.org/yMlli005/black#90,
EYUm1,8/1pkr4/p1n1Q3/8/3PN3/4P3/Pr5b/R4K2 w - - 0 26,e4c5 d7g7 e6d7 g7d7,2140,77,90,1798,crushing middlegame quietMove short,https://lichess.org/KLV565Qk#51,
EYYn8,8/p7/2K2R2/rP3P2/8/6k1/7p/8 w - - 0 52,f6h6 a5a4 h6h2 g3h2,2199,78,91,521,crushing endgame master quietMove rookEndgame short,https://lichess.org/5gpieQbS#103,
EYiGq,r1q2r2/2p2k2/p2pnN1Q/1p2p1p1/4P1P1/2PP3P/PP3P2/R3K2R w KQ - 1 24,f6d5 c8d8 h6h5 f7g7 h3h4 f8h8,2137,76,91,2112,advantage long middlegame quietMove,https://lichess.org/HS6UNSNH#47,
EYldm,8/8/2p2k2/pp1n2P1/P4P2/5K2/2B5/8 b - - 0 52,f6g7 f4f5 b5a4 c2a4,2157,75,60,100,crushing endgame quietMove short,https://lichess.org/yDJv1y0i/black#104,
EYrJY,4rrk1/p1q2p1p/1p4p1/2pnN3/7P/1P6/PQ3PP1/R3R1K1 b - - 8 23,d5b4 e5g4 e8e1 a1e1 c7f4 g4f6,2157,97,71,19,advantage long middlegame quietMove,https://lichess.org/jAIjtdJa/black#46,
EZKVq,8/4k1pp/1p2P3/p4K2/4P2P/1PP5/8/8 w - - 1 34,f5e5 b6b5 e5d4 a5a4,2175,82,88,739,crushing endgame pawnEndgame quietMove short,https://lichess.org/UPDzOzuY#67,
EZNaU,3r1k2/1p3p1p/6p1/R5P1/7P/P3R3/1r3PK1/8 b - - 3 33,d8d2 a5a8 f8g7 e3e8 d2f2 g2g1,2157,74,89,1864,crushing endgame long quietMove rookEndgame,https://lichess.org/J5Vv8B24/black#66,
EZeLG,2r1k2r/pp1b1pp1/1q2p1p1/2bpP1B1/1P6/P4N2/2Q2PPP/2R1R1K1 b k - 0 18,c5f8 c2c8 d7c8 c1c8 e8d7 e1c1 f8b4 c8h8,2142,89,87,1110,crushing middlegame quietMove veryLong,https://lichess.org/EXRDXUAv/black#36,French_Defense French_Defense_Tarrasch_Variation
EZlHu,6k1/3b1pp1/7p/2Q5/p2P4/3qPPP1/6KP/2R5 w - - 7 42,c5c3 d3e2 g2h1 d7h3 c3c2 e2f3 h1g1 f3e3,2155,76,91,1686,crushing endgame quietMove veryLong,https://lichess.org/IS8KsHTF#83,
EZoTF,r2r2k1/1p3ppp/p1nbpq2/2p5/8/2N1B1P1/PP3PQP/3R1RK1 w - - 5 17,d1d6 d8d6 c3e4 f6d8 e4d6 d8d6,2166,79,78,50,crushing hangingPiece long middlegame quietMove,https://lichess.org/C8WT9HRc#33,Scandinavian_Defense Scandinavian_Defense_Other_variations
EZoWP,8/8/p3p3/1pK1Pk2/8/1P6/P7/8 w - - 4 55,c5d6 b5b4 d6c5 f5e5 c5b4 e5d4,2151,76,95,4507,crushing defensiveMove endgame long pawnEndgame quietMove,https://lichess.org/06OM0Jix#109,
EZqsT,1r6/6p1/P3k1p1/8/1P6/3p2K1/3B1P2/8 b - - 2 41,b8b6 b4b5 b6b8 a6a7 b8a8 b5b6,2106,74,92,1111,advancedPawn crushing endgame long quietMove,https://lichess.org/cjl0olKL/black#82,
EZtMq,r4rk1/pQ2bp1p/2p2p2/7q/4N1b1/4P1P1/PP3PBP/R1B3K1 b - - 0 20,g4c8 b7e7 h5d1 g2f1 c8a6 e4d2 a6f1 d2f1,2150,81,86,42,crushing hangingPiece master middlegame quietMove veryLong,https://lichess.org/mPNM1JFq/black#40,
EZwMC,r6r/p3kbQ1/2pp4/4p3/2P1P2b/1P1K4/P2N1PP1/R7 w - - 6 31,a1h1 a8g8 g7g8 f7g8 g2g3 h4f6 h1h8 f6h8,2172,77,92,6132,advantage middlegame quietMove trappedPiece veryLong,https://lichess.org/3RdfDOyL#61,
EZzCN,5r2/1Q5p/4p1pk/4Pb2/6q1/4P1P1/P4P1P/R4RK1 w - - 1 27,e3e4 f5e4 b7a7 e4f3 a7a3 f8f4 a3e3 g6g5 a2a4 g4h3 e3f3 f4f3,2133,150,60,25,advantage endgame pin quietMove veryLong,https://lichess.org/U3gamYyA#53,
EaD5o,r1b1k2r/pp1p1ppp/2N1pn2/4P1q1/1b6/2N5/PPP1BPPP/R2QK2R b KQkq - 0 9,f6e4 c6b4 g5g2 h1f1 e4c3 b2c3,2110,75,90,377,crushing long opening quietMove,https://lichess.org/7wta9LoY/black#18,Sicilian_Defense Sicilian_Defense_Four_Knights_Variation
EaTXI,8/8/2k3p1/3p1pP1/p2BbK2/P6P/1P6/8 b - - 4 47,c6b5 h3h4 b5c4 h4h5 g6h5 g5g6 c4d4 g6g7,2172,75,95,75,advancedPawn bishopEndgame crushing endgame quietMove sacrifice veryLong,https://lichess.org/dZg5PDn3/black#94,
EabV2,6k1/4Qp2/7p/q7/p7/1r4P1/5P1P/3R2K1 b - - 4 36,g8g7 d1d8 b3b1 g1g2 a5d8 e7d8,2187,83,80,52,advantage defensiveMove endgame long quietMove,https://lichess.org/ZBy2O0M6/black#72,
EbaUM,8/8/7K/6pP/pb4P1/2k5/8/1B6 b - - 0 70,c3b2 b1f5 a4a3 f5e6 b4d2 h6g6,2114,76,89,759,bishopEndgame crushing endgame long quietMove,https://lichess.org/P9Y2WVmc/black#140,
Ebfpv,7r/1p2q1k1/6p1/1N1p1p1r/P2Pp3/2P3P1/1P2KPQ1/3R3R w - - 0 32,g3g4 f5f4 e2d2 f4f3 g2g3 h5h1 d1h1 h8h1,2198,84,87,38,advantage middlegame quietMove veryLong,https://lichess.org/yvmoVIQG#63,
Ec5Lc,8/6Kp/6p1/2p5/1k4P1/1P6/7P/8 w - - 1 41,g7h7 g6g5 h7g6 b4b3 g6g5 c5c4 g5f6 c4c3 g4g5 c3c2 g5g6 c2c1q,2176,76,93,1201,advancedPawn crushing endgame master masterVsMaster pawnEndgame promotion quietMove veryLong,https://lichess.org/9jh9jY4b#81,
EcFWL,8/8/6p1/7p/4NKnk/8/6P1/8 b - - 3 66,g4h6 e4g5 h6g4 g2g3,2145,75,95,9993,endgame knightEndgame mate mateIn2 quietMove short,https://lichess.org/d7ge7bc2/black#132,
Ed0uD,8/1b6/4p3/p3P3/2pPk1p1/P1P1N1P1/5K2/8 w - - 3 45,e3g4 e4d3 d4d5 b7d5 g4f6 d5c6 g3g4 d3c3,2173,79,84,53,crushing endgame quietMove veryLong,https://lichess.org/FoLZiGYN#89,
Ed5jk,8/8/1p5p/p3k1p1/P1Kp4/1P3PPP/8/8 w - - 0 42,c4d3 h6h5 h3h4 g5h4 g3h4 e5f4 d3d4 f4f3,2125,74,84,150,crushing endgame pawnEndgame quietMove veryLong,https://lichess.org/f6E4evu4#83,
EdMbY,r1bq1r1k/ppp3p1/2np2Qp/4pn2/2B5/3PPN1P/PPP3P1/RN3RK1 b - - 1 12,f5e3 f3g5 f8f1 g1h2 d8g8 c4g8 c8f5 g5f7 h8g8 f7h6,2191,75,91,1289,advantage kingsideAttack middlegame pin quietMove sacrifice veryLong,https://lichess.org/AXDHlCfW/black#24,Bishops_Opening Bishops_Opening_Other_variations
EeAmg,2kr1b1r/1p1q1pp1/p5b1/n2p3p/2pP1BP1/2N4P/1PP2P2/RB1Q1RK1 b - - 1 18,a5c6 c3a4 f8d6 a4b6 c8c7 b6d7,2169,76,93,2720,crushing fork long middlegame quietMove,https://lichess.org/qoiOk0gM/black#36,Sicilian_Defense Sicilian_Defense_French_Variation
EeSwu,8/2p2p2/p2p1p2/2kPpP2/2P1P1P1/1P6/2K5/8 w - - 9 53,c2c3 a6a5 c3d3 c5b4 d3c2 a5a4 b3a4 b4c4,2102,78,90,1578,crushing deflection endgame pawnEndgame quietMove veryLong zugzwang,https://lichess.org/S4lJdUfS#105,
EecP2,8/8/2K5/p1p5/1k1p4/1P1P4/2P5/8 b - - 2 56,b4c3 c6c5 c3c2 c5c4 c2b2 b3b4 a5a4 b4b5 a4a3 b5b6 a3a2 b6b7 b2c1 b7b8q a2a1q b8f4,2115,76,90,984,advancedPawn crushing endgame pawnEndgame promotion quietMove veryLong zugzwang,https://lichess.org/4bUaZ5ww/black#112,
Eed5O,8/8/1pp2p2/1pP2kp1/P4p2/5K1P/6P1/8 b - - 0 41,b6c5 a4a5 b5b4 f3e2,2192,77,81,47,advantage defensiveMove endgame pawnEndgame quietMove short,https://lichess.org/Y1yDasXo/black#82,
EewwF,8/8/6p1/4K2p/5Pk1/8/6P1/8 w - - 2 51,e5e4 h5h4 e4e5 g4g3 f4f5 g6f5,2161,83,91,121,crushing endgame long pawnEndgame quietMove,https://lichess.org/Mnt5DFmx#101,
EfHtn,r5k1/3n1pp1/3N3p/3P4/4P3/8/2p2PPP/2R3K1 w - - 0 38,d6f5 a8b8 f5d4 b8b1,2107,78,92,6392,crushing endgame pin quietMove short,https://lichess.org/YHDywlYY#75,
EfMTt,8/8/4p2p/5pp1/5P2/K5P1/7P/Nk6 b - - 0 48,b1a1 f4g5 h6g5 h2h4 g5h4 g3h4 f5f4 h4h5 f4f3 h5h6 a1b1 h6h7 b1c2 h7h8q,2130,78,93,118,advancedPawn crushing endgame pawnEndgame promotion quietMove veryLong,https://lichess.org/fnszBEa6/black#96,
EfVUR,8/8/8/p7/N1k1p1p1/1p4P1/3K1P2/8 w - - 2 61,a4b2 c4b4 d2c1 a5a4 b2d1 a4a3 d1e3 b4c3,2150,76,92,1254,crushing defensiveMove endgame knightEndgame quietMove veryLong,https://lichess.org/SvzdW1lj#121,
EgLve,8/p1K5/1p6/1P1p1k2/P2P1p1p/7P/6P1/8 w - - 2 35,c7d6 f5e4 d6c6 e4d4 c6b7 d4c5 b7a7 d5d4 a4a5 d4d3 a5b6 d3d2 b6b7 d2d1q b7b8q d1a4 a7b7 a4b5,2174,75,93,493,advancedPawn crushing endgame interference pawnEndgame promotion quietMove veryLong,https://lichess.org/jptMHQuP#69,
EgjND,8/4B3/p7/Pp6/1P6/K1kn4/8/8 w - - 21 67,e7f8 d3e1 f8d6 e1c2,2169,76,93,1586,crushing endgame master quietMove short,https://lichess.org/5RjcGU9A#133,
EhHwS,8/nN6/P1p5/3k1p2/1K4p1/8/6PP/8 w - - 0 45,b4a5 f5f4 a5b4 f4f3 g2f3 g4f3,2104,77,92,6953,crushing endgame knightEndgame long quietMove,https://lichess.org/SaBeZicX#89,
Ehqlo,8/8/3p4/p2P1k2/P1K2P2/8/8/8 b - - 13 47,f5f4 c4b5 f4e4 b5a5 e4d5 a5b6 d5c4 a4a5 d6d5 a5a6,2165,81,91,2267,crushing endgame pawnEndgame quietMove veryLong,https://lichess.org/gU3oBUTX/black#94,
EhtYO,rn3Rk1/ppp1p1b1/8/4qbN1/2p1N3/8/PPP1QPP1/4K2R b K - 0 16,g8f8 e2h5 e5e4 g5e4,2137,75,91,918,advantage master middlegame quietMove short,https://lichess.org/BTX9Dhdw/black#32,Modern_Defense Modern_Defense_Standard_Defense
Ei4jU,8/8/p7/5k2/4pp1P/1Pp5/P1P1K1P1/8 w - - 0 42,a2a4 a6a5 b3b4 a5b4,2146,76,85,399,crushing endgame pawnEndgame quietMove short,https://lichess.org/exbtGVnr#83,
EiXr5,8/8/8/pp6/2k5/P1P1K3/8/8 w - - 0 54,e3d2 c4b3 a3a4 b3a4 d2c2 a4a3 c3c4 b5c4 c2c3 a5a4 c3c4 a3b2,2107,116,52,24,crushing endgame pawnEndgame quietMove veryLong,https://lichess.org/14KHK1B1#107,
EikdV,8/2b2k2/6p1/P6p/1B6/2P5/4K3/8 b - - 0 61,c7b8 b4c5 h5h4 a5a6,2125,76,88,254,bishopEndgame crushing endgame quietMove short,https://lichess.org/EeCPbcWM/black#122,
EixPs,2r5/7p/4kp2/2pR2p1/1p2P1P1/pP1K1P1P/P1P5/8 w - - 1 29,c2c3 c5c4 b3c4 b4b3 a2b3 c8a8 d3e2 a3a2,2106,75,96,1277,advancedPawn advantage endgame quietMove rookEndgame sacrifice veryLong,https://lichess.org/r3ioy2iz#57,
Ej05i,r6k/pR6/4r2p/8/7R/2P1p3/P5PP/6K1 w - - 0 25,g1f1 e3e2 f1e1 a8f8 h4h6 e6h6,2199,86,79,46,advancedPawn advantage endgame long quietMove rookEndgame,https://lichess.org/mvbqKUIK#49,
EjYXJ,8/3p4/5pkb/B4p2/P1P1p3/1K3P1r/1P6/5R2 w - - 0 42,a5c7 h3f3 f1f3 e4f3 c7b6 h6d2 b3c2 d2a5,2145,133,83,36,advantage endgame quietMove veryLong,https://lichess.org/BBKgYaoU#83,
Ejy7j,6k1/8/6p1/7p/3P4/rp2R1P1/2K5/8 w - - 0 38,e3b3 a3b3 c2b3 g6g5 b3c4 h5h4 c4d3 h4h3,2125,79,77,65,crushing endgame quietMove rookEndgame veryLong,https://lichess.org/aeqHYDJQ#75,
Ekbzl,8/1p1bkN1R/6p1/p7/P2p1K2/1Pr5/2P3P1/8 b - - 2 33,e7f6 f7g5 d7e8 g5e4 f6e6 e4c3,2178,75,87,278,crushing endgame fork long quietMove,https://lichess.org/8zA5A8Cs/black#66,
Ekn2x,4r2k/6p1/p7/8/1p3P2/2P3Pp/PP3Q1P/3q1B1K w - - 0 39,c3b4 e8c8 h1g1 c8c2 f2c2 d1c2,2105,168,-32,13,advantage endgame long pin quietMove,https://lichess.org/67nsrFgl#77,
El7DD,5rk1/p1p2ppp/3b1n2/3PN1q1/1PP5/P2Q1P2/1B1P1K1P/RN6 w - - 5 18,e5c6 f8e8 b2f6 g5f6 d3d4 f6h6,2125,139,75,27,advantage long middlegame quietMove,https://lichess.org/za0fIv7O#35,Polish_Opening Polish_Opening_Other_variations
ElBIL,8/1p6/4p3/4p3/pb1kP2P/2pP4/4K1P1/2R5 w - - 0 40,h4h5 b4f8 c1f1 f8h6,2163,76,88,263,advantage defensiveMove endgame quietMove short,https://lichess.org/DNCSQVL4#79,
ElKpn,8/3k1p1p/3p4/1p1K4/6P1/P6P/8/8 b - - 0 49,h7h6 h3h4 d7e7 d5c6 f7f5 g4f5,2140,77,91,2652,crushing endgame long pawnEndgame quietMove zugzwang,https://lichess.org/tiLlibu4/black#98,
ElQET,4k3/7p/6p1/p1P5/2K3P1/8/8/8 b - - 4 55,e8d8 g4g5 d8e7 c4b5 e7d7 b5a5 d7c6 a5b4 c6d5 b4b5,2179,76,97,180,crushing defensiveMove endgame pawnEndgame quietMove veryLong,https://lichess.org/iVvtNslH/black#110,
ElQx7,7r/5Q2/6pk/6p1/3q4/1B4P1/Pr3PPK/5R2 b - - 4 33,h8c8 f1h1 d4f2 f7f2 b2f2 h2g1 h6g7 g1f2,2173,78,91,1101,attraction crushing discoveredAttack endgame quietMove veryLong,https://lichess.org/q5FtezEx/black#66,
Elc6P,1r4k1/bPB3pp/P3p3/8/1p1q4/3p3P/1P4P1/R4R1K b - - 0 26,e6e5 c7b8 a7b8 a1c1 h7h6 c1c8 g8h7 c8b8,2117,75,88,182,crushing endgame fork quietMove veryLong,https://lichess.org/mPCk9uIy/black#52,
ElcLq,8/6pk/3R1p2/p3p2p/1p5P/1P2P1P1/P1r1KP2/8 w - - 1 42,d6d2 c2d2 e2d2 e5e4 d2e2 h7g6,2141,77,56,294,crushing defensiveMove endgame long quietMove rookEndgame,https://lichess.org/JVeOrCTu#83,
Elhly,8/1p5p/pN2b1p1/Pk2p1P1/2p1Pp1P/2K2P2/1PP5/8 w - - 1 38,b6a8 b5a5 a8c7 e6f7 c7d5 f7d5,2158,82,56,41,crushing endgame long quietMove,https://lichess.org/smhYPM6o#75,
Em7kd,8/6p1/1p3p1p/p1k3P1/P1P2P1P/5P2/5K2/8 b - - 0 35,h6g5 f4g5 f6g5 h4g5 c5c4 f3f4 c4d5 f2e3 d5e6 e3e4,2185,91,-9,35,crushing defensiveMove endgame pawnEndgame quietMove veryLong,https://lichess.org/ph9vBUX0/black#70,
EmNLd,8/4rk2/1p1q1p2/p1pP1r1p/P1P1pPpb/1P2B2P/4R1P1/2Q2R1K w - - 0 53,h3g4 h5g4 g2g3 h4g3 h1g2 g3h4 f1h1 f5h5,2105,115,100,43,equality middlegame quietMove veryLong,https://lichess.org/xGYJ8RtX#105,
EmeQG,3q1k2/6p1/p1R5/1p1PPbb1/1P4n1/PN6/1B1Q2B1/6K1 w - - 1 40,d2e2 g5e3 g1f1 d8h4 c6c8 f5c8,2118,204,-39,8,advantage clearance long middlegame quietMove,https://lichess.org/wo4R6V1O#79,
EmjC5,5rk1/5p1p/Q4qp1/4n3/8/P2B3b/1P3PP1/R4RK1 w - - 0 22,g2h3 e5f3 g1h1 f6f4 a6d6 f4d6,2141,80,84,78,crushing long middlegame quietMove,https://lichess.org/a2l5R2r0#43,
EmsUf,2r1r1k1/pp3p1p/4p1pB/3pP3/3P1R2/1Pb1q3/P1P3PP/1R3Q1K b - - 5 21,c8c7 f4h4 e3h6 h4h6,2180,78,87,253,advantage middlegame quietMove short trappedPiece,https://lichess.org/MvfjMV6J/black#42,
Emxkb,5k2/R7/1p1Kp3/6R1/1Pbp4/5r2/8/8 b - - 0 43,d4d3 a7a8 f8f7 g5g8 d3d2 a8f8,2195,384,37,5,endgame long mate mateIn3 quietMove,https://lichess.org/VA4HQ8vF/black#86,
EnOKd,r7/p2kq3/1p2pr2/2pnR1Np/3p3P/2PP2P1/PP1Q3K/4R3 b - - 0 26,a8f8 e5d5 d7c6 d2g2 e6d5 e1e7,2157,90,61,34,crushing long middlegame quietMove,https://lichess.org/pIGkE4Li/black#52,
EnbBi,8/8/1p6/pP6/k7/2PK4/8/8 w - - 0 50,c3c4 a4b4 d3d4 a5a4 d4d3 a4a3 d3c2 b4c4,2174,77,87,76,crushing endgame pawnEndgame quietMove veryLong,https://lichess.org/qzY4BFD8#99,
Enn5A,8/7p/1p2k1p1/1p6/1P2K2P/6P1/P7/8 b - - 2 39,h7h6 g3g4 h6h5 g4h5,2110,78,90,290,crushing endgame pawnEndgame quietMove short,https://lichess.org/NDxG53YK/black#78,
EoNOd,2kr3r/pp3ppp/2p1bn2/q1b5/3NP3/P1N1B3/1P3PPP/R2Q1RK1 b - - 0 12,h8f8 b2b4 a5c7 b4c5 f6g4 g2g3 g4e3 f2e3,2127,79,90,1463,advantage fork middlegame quietMove veryLong,https://lichess.org/1HCdE8lj/black#24,Sicilian_Defense Sicilian_Defense_Nyezhmetdinov-Rossolimo_Attack
EoOow,4r1k1/6pp/p3q3/2p5/3p4/1P3Q2/P1P3PP/5R1K b - - 1 27,e6e1 f3f7 g8h8 h2h3 h7h6 f1e1 e8e1 h1h2,2189,76,93,226,crushing endgame quietMove veryLong,https://lichess.org/JLUKWxrU/black#54,
Eoq2q,8/p7/5p2/1p4p1/1P4P1/Pk2PK2/7P/8 w - - 0 33,f3e4 b3a3 e4f5 a3b4 e3e4 a7a5 h2h4 g5h4 g4g5 f6g5,2164,80,90,103,crushing endgame pawnEndgame quietMove veryLong,https://lichess.org/Kf5ffzgh#65,
EosdB,r4rk1/ppp3pp/3p4/2bP1p1q/2P1P3/3Q3P/PP6/RNB2R1K w - - 0 18,e4f5 a8e8 b1c3 e8e3 d3e3 c5e3,2147,75,95,803,advantage long middlegame quietMove,https://lichess.org/oMTvEs78#35,Nimzowitsch_Defense Nimzowitsch_Defense_Kennedy_Variation
EpOoS,8/1p6/3k2p1/p7/3K2P1/PP6/8/8 b - - 0 38,b7b5 g4g5 d6e6 d4c5 e6f5 c5b5,2165,80,84,64,crushing endgame long pawnEndgame quietMove zugzwang,https://lichess.org/De97Sk8a/black#76,
EpYVC,r6k/8/p1p2p2/1p3r2/3PRP1q/5P1P/PP1Q2K1/2R5 w - - 0 34,g2h2 f5h5 d2g2 a8g8 c1g1 g8g2,2148,81,83,53,advantage endgame long quietMove,https://lichess.org/eLL8CUC7#67,
EpccA,r4r2/5p1p/p3p2k/1p2P2P/4P1n1/PK6/6R1/2R3N1 b - - 0 41,h6h5 g1f3 f7f5 e5f6,2197,78,85,98,advantage enPassant endgame quietMove short,https://lichess.org/cLFGiFZp/black#82,
EpnUU,8/p1p1Qpkp/1pp3p1/3r4/q7/P4R2/1PP2PP1/6K1 b - - 1 29,d5d1 g1h2 a4c4 e7f6 g7g8 f3e3 c4c5 e3e8,2157,86,90,313,crushing endgame quietMove veryLong,https://lichess.org/r9pDKy02/black#58,
EpulQ,2r2k1r/1p2np2/p1q3pp/5b2/3R4/1B3PB1/PPP2P1P/R2Q3K w - - 0 25,d1d2 c6f3 h1g1 f5h3 d4d8 f8g7,2196,78,89,996,advantage long middlegame quietMove,https://lichess.org/3EkM0uzP#49,
Eq5iv,6k1/p4ppp/4p3/1rb1P3/7P/qPp2RP1/P1Pp4/1K1Q1R2 w - - 2 34,f3c3 b5a5 d1d2 a3a2 b1c1 a2a1,2170,85,81,247,endgame long mate mateIn3 queensideAttack quietMove,https://lichess.org/RLUcYEnh#67,
Eq60D,8/2p4p/1p1p1kp1/3P1b2/2P2P1P/P3K3/2B5/8 w - - 3 36,c2f5 f6f5 e3f3 h7h6 f3g3 f5e4,2193,76,85,565,advantage endgame long quietMove zugzwang,https://lichess.org/E5jyTSJR#71,
Eq8yb,5rk1/2P2ppp/8/p3p3/4p3/2p1P3/P5PP/2R3K1 b - - 1 29,f8c8 c1d1 g8f8 d1d8 f8e7 d8c8 c3c2 c8e8,2133,74,95,2977,crushing endgame quietMove rookEndgame veryLong,https://lichess.org/yLUxmTPi/black#58,
EqVvu,2r2rk1/pb2qp1p/1p2p1p1/3pP1bN/3P4/P2B3P/1P3PP1/R2QR1K1 w - - 5 20,d1g4 g6h5 g4h5 f7f5 e5f6 g5f6,2187,74,87,131,advantage long middlegame quietMove,https://lichess.org/rBBf1CM8#39,
EqgLL,5r1k/1p2Q1p1/pB5p/P3pr2/4N3/2P2pPq/1P3P1P/6RK w - - 0 32,e4d6 f5h5 e7f8 h8h7 f8f5 h5f5 d6f5 h3f5,2106,76,91,698,advantage middlegame quietMove sacrifice veryLong,https://lichess.org/GU0IMkEm#63,
ErCtz,4r3/8/1p2r1k1/4Pp2/4nPpR/P5P1/6K1/7R b - - 5 40,e8g8 h4h7 g8g7 h1h6 g6f7 h7g7 f7g7 h6e6,2100,75,91,1739,clearance crushing endgame quietMove veryLong,https://lichess.org/YyuOhzZ2/black#80,
EreDw,6k1/pp3p1p/5pp1/1PpPn3/P3P3/6P1/3b2BP/5R1K w - - 0 31,f1f6 c5c4 b5b6 a7b6 f6b6 c4c3 b6b7 c3c2,2163,94,63,35,advancedPawn advantage endgame quietMove veryLong,https://lichess.org/1lBU2N8U#61,
ErgKF,4r2k/2b3p1/ppp4p/2P5/6q1/1P2BpP1/P4P1P/3R1QK1 w - - 5 32,f1a6 b6b5 a6c6 e8e3,2129,164,86,13,crushing endgame master quietMove short,https://lichess.org/jglTNn0i#63,
EruFO,r4rk1/1b3pp1/p3n2p/1p1q4/3b2N1/5N1P/PPB3P1/3RQR1K b - - 5 24,a8d8 e1g3 g8h8 g4e5 d4e5 f3e5,2118,132,76,23,advantage long middlegame quietMove,https://lichess.org/U7Wl31tN/black#48,
Es6Jl,2Q2r1k/6pp/4p3/p7/P3Nq2/4nP1P/6P1/2R4K w - - 11 34,c8e6 e3g4 h3g4 f4c1,2100,75,96,1587,advantage discoveredAttack endgame quietMove short,https://lichess.org/7iTYgnuN#67,
EsIj7,4r1k1/3Q1p2/6p1/p5q1/2P2bP1/5p2/2P3K1/3R3R w - - 0 33,g2f1 g5e5 d7d3 e5e2 d3e2 f3e2,2199,107,80,23,advancedPawn crushing endgame exposedKing long quietMove,https://lichess.org/cCgxRhXb#65,
EsXlD,r3r1k1/pp3p1p/2q1p1p1/2n5/P1P4R/6P1/1BQ2P1P/4R1K1 b - - 1 23,c6a4 c2c3 e6e5 e1e5 f7f6 e5c5 a4d1 g1g2,2121,77,90,420,crushing middlegame quietMove veryLong,https://lichess.org/Y8CkIuJb/black#46,
EssnU,3r4/4k3/2p5/pp2B2P/8/P3pPP1/1P2B1K1/3n4 b - - 1 50,e7e6 f3f4 d1b2 h5h6,2115,105,57,17,crushing endgame quietMove short,https://lichess.org/0E2pQmdx/black#100,
EtBbQ,8/8/1p6/pK6/PPP5/4b3/8/7k b - - 0 44,h1g2 b4a5 b6a5 c4c5 g2f3 c5c6,2150,87,73,25,bishopEndgame crushing endgame long quietMove,https://lichess.org/8FhnzwRo/black#88,
EtSqQ,r1bq1rk1/p2p1pp1/2p1p2p/4P3/6QP/2nB4/PPP2P1P/R3K2R b KQ - 0 14,c3d5 h1g1 g7g5 g4h5,2113,163,48,24,advantage middlegame quietMove short,https://lichess.org/6m5W7N3w/black#28,Sicilian_Defense Sicilian_Defense_French_Variation
EtYWp,8/p6p/1p1p2p1/r1k1p3/PRP1P1P1/2K2P2/7P/8 w - - 2 28,b4b5 a5b5 c4b5 g6g5 c3b3 c5d4,2123,75,86,479,crushing endgame long master quietMove rookEndgame zugzwang,https://lichess.org/VjvCNGcY#55,
Ets3v,8/pp3k2/3K4/5P2/P7/8/8/8 b - - 0 54,a7a6 a4a5 f7f6 d6c7,2134,76,91,2648,crushing endgame pawnEndgame quietMove short,https://lichess.org/P4bvwmIY/black#108,
EtvzC,8/5b2/5p1N/8/2k1p1P1/4K2P/8/8 b - - 0 37,f7g6 h6g8 f6f5 g4g5 f5f4 e3f4 g6f5 g8h6,2189,133,67,22,crushing endgame quietMove veryLong,https://lichess.org/OJwazP3f/black#74,
EtyqN,8/5p2/P5p1/6k1/r6p/2K4P/2P1B3/8 b - - 0 56,a4a3 c3b4 a3a1 e2b5 g5f4 b5a4,2180,78,80,80,crushing defensiveMove endgame long quietMove,https://lichess.org/IsqcHvnG/black#112,
Eu2iD,4r1k1/p4p2/2pq3p/2pp3P/Q5p1/2Pn4/PP1N1P2/R4KN1 w - - 2 27,a4c2 c5c4 d2c4 d5c4,2150,78,81,51,crushing middlegame quietMove short,https://lichess.org/A3Ufp030#53,
EuM76,8/8/p4p2/1p3k2/1P5K/P6P/8/8 w - - 0 43,h4h5 f5e4 h5g6 f6f5 h3h4 f5f4 h4h5 f4f3 h5h6 f3f2 h6h7 f2f1q,2188,75,80,166,advancedPawn crushing endgame pawnEndgame promotion quietMove veryLong,https://lichess.org/JSTN1tz3#85,
EujEr,8/8/8/2b3kp/2N5/7P/6K1/8 b - - 14 49,g5h4 c4d2 h4g5 d2e4 g5f5 e4c5,2122,72,94,8705,crushing endgame fork long quietMove,https://lichess.org/T65MTOIl/black#98,
EuptN,8/p7/p5p1/3k3p/3P4/1rP2R1K/5P2/8 b - - 3 46,g6g5 c3c4 d5c4 f3b3 c4b3 d4d5 a6a5 d5d6 a5a4 d6d7 a4a3 d7d8q,2149,77,94,8008,advancedPawn crushing discoveredAttack endgame promotion quietMove rookEndgame veryLong,https://lichess.org/REYCoZtu/black#92,
EuqV3,2r4k/ppq3p1/5r1p/B1Pn4/5pQP/P4P2/1KP3P1/4R2R b - - 0 31,c7a5 g4c8 h8h7 e1e8 a5c3 b2b1,2168,82,90,2264,crushing defensiveMove hangingPiece long middlegame quietMove,https://lichess.org/4RW6tqhd/black#62,
EvBSd,5rk1/ppp2p2/2b1rBp1/7p/2p3P1/7Q/PPq1BP1P/4RKR1 w - - 1 20,f6c3 f8e8 e2f3 e6e1,2126,78,80,192,advantage middlegame quietMove short,https://lichess.org/wN2a1OG1#39,
EvYJz,8/8/4N1Kp/3p2p1/2k1n3/6P1/5P1P/8 w - - 6 53,g6h6 g5g4 h6h5 e4f2,2105,77,73,64,crushing endgame knightEndgame quietMove short,https://lichess.org/uhsAX2CG#105,
Evawa,6k1/p4pbp/2p2pp1/1pP5/1Pn5/PQ2P2P/1B1qBPP1/5K2 w - - 3 24,e2c4 b5c4 b3c3 d2d1 c3e1 d1d3 f1g1 f6f5 b2g7 g8g7,2127,78,82,57,advantage endgame quietMove veryLong,https://lichess.org/7GyIbYkE#47,
EvkhS,8/4k3/p1p2rRp/1p5P/3K4/1P6/1PP5/8 w - - 2 35,d4c5 f6g6 h5g6 h6h5 c5d4 e7f6 g6g7 f6g7,2133,78,92,533,crushing endgame quietMove rookEndgame veryLong,https://lichess.org/pqNgtOc3#69,
Ew37K,r3kbnr/ppp2ppp/3p4/6Bq/3nP1bP/5N2/PPP1B1P1/RN1Q1RK1 b kq - 4 10,d4f3 g2f3 g4d7 f3f4 h5e2 d1e2,2128,79,91,1010,advantage long opening quietMove,https://lichess.org/4GCxMpJ4/black#20,Kings_Gambit_Accepted Kings_Gambit_Accepted_MacLeod_Defense
Ew8Tm,r5k1/pp4pp/3br3/3Rp3/5p2/2B5/PP3PPP/2K1R3 w - - 0 21,c3e5 a8e8 d5d6 e6d6 e5d6 e8e1,2182,93,86,34,advantage endgame long quietMove,https://lichess.org/UEQfCnnV#41,
EwSkU,8/1p6/p1pp2p1/3P1k1p/P4P1P/5K2/1PP5/8 w - - 0 33,c2c4 c6d5 c4d5 a6a5 f3e3 f5g4,2163,94,88,41,crushing endgame long pawnEndgame quietMove zugzwang,https://lichess.org/LWIzJn4m#65,
Ewbre,8/8/8/2n1kP2/1pB5/pP2pK2/P7/8 w - - 4 41,f3e3 c5e4 e3d3 e4c3,2108,103,87,16,crushing endgame master quietMove short,https://lichess.org/7n8e13EI#81,
ExP24,5rk1/1br2pp1/p2p3p/4p1q1/1PB1P3/P6P/4QPP1/2R2RK1 w - - 1 24,e2f3 f8c8 c4f7 c7f7 c1c8 b7c8,2194,80,87,45,advantage long middlegame quietMove,https://lichess.org/Rq6BFkZb#47,
ExktT,rn2kb1r/pp3pp1/2p1pn2/4Nq1p/3P4/2N5/PPPBQPPP/R3K2R b KQkq - 1 10,f5c2 e5d3 b8a6 a1c1,2135,78,89,739,advantage middlegame quietMove short,https://lichess.org/VGgVdK2r/black#20,Scandinavian_Defense Scandinavian_Defense_Classical_Variation
Ey9Ci,8/1q3ppk/p6p/4P3/1pr1PQ2/6P1/5PP1/3R2K1 b - - 1 36,c4e4 f4f5 g7g6 f5f6 b7c7 d1d8 c7d8 f6d8,2156,78,91,2991,advantage endgame quietMove veryLong,https://lichess.org/laDG7uzc/black#72,
EyIpb,4r1rk/1p1b2pp/2p1p3/p1PpQ1R1/3P1PBP/6P1/1q3NK1/8 b - - 0 31,a5a4 h4h5 h7h6 g5g6 h8h7 g4e2,2140,146,6,12,advantage defensiveMove long middlegame quietMove,https://lichess.org/Xtex0mmJ/black#62,
EyOdx,8/p1k5/1p5K/1Pp5/8/4P3/5nP1/5B2 w - - 0 44,f1e2 c5c4 e2c4 f2g4 h6g5 g4e3 c4d3 e3g2,2150,176,85,10,crushing endgame quietMove veryLong,https://lichess.org/sIBiEKJV#87,
EyfXP,8/8/1k5p/8/8/6Kn/P3Bp2/8 b - - 1 51,h3g1 e2f1 g1e2 f1e2,2132,83,82,41,crushing endgame quietMove short,https://lichess.org/Llj7Efr1/black#102,
EzLel,2r5/7R/k4p2/8/2p1PP1P/pPK3P1/8/8 w - - 0 37,b3c4 c8b8 h7d7 a3a2 d7d1 b8b1,2101,76,95,1722,advancedPawn crushing endgame long master quietMove rookEndgame,https://lichess.org/czkQdcnQ#73,
EzeS1,8/7p/1p2k3/6p1/2p5/6P1/PP1K1P2/8 w - - 0 40,d2c3 h7h5 c3c4 h5h4 g3h4 g5h4,2144,75,87,302,crushing endgame long master pawnEndgame quietMove,https://lichess.org/aF6G0oDE#79,
Ezg4i,8/3Rnkp1/4p2p/1p2P2P/2p3P1/8/5PK1/8 w - - 0 41,d7d6 c4c3 d6d7 b5b4 d7c7 f7e8,2191,75,97,248,crushing defensiveMove endgame long quietMove,https://lichess.org/Phr1CvZJ#81,
EzyaL,8/1K4p1/7p/8/7P/8/P5k1/8 b - - 0 45,g2h3 h4h5 h3h4 a2a4 h4h5 a4a5,2168,82,80,42,crushing defensiveMove endgame long pawnEndgame quietMove,https://lichess.org/Vh8NUyol/black#90,
F04Yd,8/4k2p/5p2/pP3P2/3p4/6P1/5K1P/8 w - - 1 38,f2e2 a5a4 e2d3 a4a3,2117,74,83,228,crushing endgame pawnEndgame quietMove short,https://lichess.org/sa0DRaF3#75,
F0Wa9,6k1/3bB3/2pPr2p/ppP3p1/6P1/3R3P/P4K2/8 b - - 1 34,b5b4 d3f3 g8g7 f3f8,2135,75,93,8998,advantage defensiveMove endgame master quietMove short,https://lichess.org/xiYU53Ng/black#68,
F0mVx,7k/2B3bp/3p2p1/P1p1p3/4n1P1/1P5P/8/6K1 b - - 0 36,c5c4 a5a6 g7h6 c7b6 c4b3 a6a7 h8g7 a7a8q,2193,75,91,3754,advancedPawn advantage endgame master promotion quietMove veryLong,https://lichess.org/fy9hDfZY/black#72,
F1zi6,8/1p6/5p1p/pk1p1P1P/3P4/2K5/PP6/8 w - - 0 43,b2b3 a5a4 b3b4 a4a3 c3b3 b7b6 b3a3 b5c4,2125,77,90,546,crushing endgame pawnEndgame quietMove veryLong zugzwang,https://lichess.org/Yx0NAKl4#85,
F2HRx,8/5b2/4p3/3pP1p1/3P2P1/3N1K2/8/5k2 b - - 0 42,f7g6 d3f2 g6c2 f2h3,2166,76,91,93,crushing endgame quietMove short,https://lichess.org/hQDmmkvI/black#84,
F2O6u,r5k1/1p2p2p/p2p1rq1/2p5/2P1P1bQ/2N3P1/PPP2P1P/R4K1R w - - 1 19,a1e1 a8f8 f2f4 f6f4 g3f4 f8f4,2163,80,89,656,advantage long middlegame quietMove sacrifice,https://lichess.org/wQVsdjLk#37,Sicilian_Defense Sicilian_Defense_Modern_Variations
F2YkW,8/6p1/p3ppp1/1p1kP3/1P1P1PPP/3K4/8/8 w - - 0 44,g4g5 f6f5 d3e3 d5c4 d4d5 c4d5 e3d3 d5c6,2193,75,83,79,crushing endgame pawnEndgame quietMove veryLong zugzwang,https://lichess.org/HiA6sqIh#87,
F2fDy,8/3k3p/6p1/BR1Pb3/Pp6/1Pr5/1K6/8 w - - 3 44,a5b4 c3c5 b2b1 c5b5 a4b5 h7h5 b1c2 h5h4 c2d3 h4h3,2110,75,91,612,crushing discoveredAttack endgame master quietMove veryLong,https://lichess.org/ywICcCtJ#87,
F2hj0,r2qk1r1/p1p1bp1p/1n5p/4Q3/8/2N5/PPP2PPP/3R1RK1 b q - 5 14,d8c8 f1e1 c8e6 e5c7,2188,100,74,30,crushing middlegame quietMove short,https://lichess.org/DduC5BEO/black#28,Scotch_Game Scotch_Game_Other_variations
F2pyv,8/8/8/5k1p/2K5/2P5/1P6/8 w - - 1 48,b2b4 h5h4 b4b5 f5e6 b5b6 e6d7 c4b5 d7c8 b5a6 c8b8,2191,87,69,38,crushing defensiveMove endgame pawnEndgame quietMove veryLong,https://lichess.org/eoMB1Ry7#95,
F39FQ,4rk1r/1p2bp2/p1qp1p1p/3N1P2/2n2P2/8/P2B2QP/4RR1K b - - 1 23,c4d2 f1g1 c6d5 g2d5,2112,85,79,39,crushing middlegame quietMove short,https://lichess.org/SmLN1Ipb/black#46,
F3Am1,8/8/8/6pp/5k2/5P1P/3K4/8 w - - 1 45,d2e2 f4g3 h3h4 g3h4 e2f2 h4h3 f3f4 g5f4 f2f3 h5h4 f3f4 h3g2,2115,80,90,776,crushing endgame pawnEndgame quietMove veryLong,https://lichess.org/bWEiegAZ#89,
F3AoE,6k1/pb2r3/1p5p/4b1p1/4p3/1P2P2P/P1R2PP1/5RK1 b - - 0 37,e7c7 c2c7 e5c7 f1d1 b7a6 d1d7,2131,97,76,16,crushing endgame long quietMove,https://lichess.org/ZWYt9UvO/black#74,
F3EQK,1r6/4ppkp/3p2p1/q2Pn3/P2Q1P2/1Pp5/4B1PP/3R2K1 b - - 0 24,b8b4 e2c4 f7f6 f4e5,2109,91,85,33,crushing endgame master quietMove short,https://lichess.org/JFoyCYeA/black#48,
F3ce8,r5k1/1b4pp/2p1p3/1qPp4/3Pp3/pQP1P1P1/5P1P/R3N1K1 w - - 2 25,a1a3 a8a3 b3a3 b7a6 a3a6 b5a6,2104,75,83,61,crushing endgame long quietMove,https://lichess.org/gWxFEsd8#49,
F49tH,3r3k/6pp/R7/4R3/2p5/5rqP/P1Q3P1/6K1 w - - 0 42,e5e2 f3d3 a6a8 d8a8,2165,84,79,39,crushing endgame quietMove short,https://lichess.org/NlmMH5Py#83,
F4CdZ,8/1b1B4/P1p2k2/1p1p2p1/1P1Pp2p/4P2P/6K1/8 b - - 0 53,b7a8 d7c8 c6c5 d4c5,2174,78,90,1070,bishopEndgame crushing endgame quietMove short,https://lichess.org/zKzWgX5r/black#106,
F4E3M,2r5/2R5/p2kp3/3p1p2/1P1P2pP/1N2P1P1/p3n2K/2R5 b - - 0 38,c8c7 c1c7 d6c7 h4h5 e6e5 h5h6 e5d4 h6h7,2184,82,90,503,advancedPawn advantage endgame quietMove veryLong,https://lichess.org/CKUY9umc/black#76,
F4M6i,3k1bnr/2p2ppp/p1Bp1q2/1p2p3/4P3/3P1P1b/PPP2P1P/RNBQ1RK1 w - - 3 12,d1d2 h7h6 d2g5 h6g5,2186,77,86,201,crushing opening quietMove short,https://lichess.org/JTgx8pHJ#23,Ruy_Lopez Ruy_Lopez_Morphy_Defense
F4RT0,5rk1/4pp1p/3p1npQ/7P/3pP3/qp3PN1/7R/1K3RN1 w - - 0 23,h5g6 f8a8 g6h7 g8h8 h6g7 h8g7 h7h8q a8h8,2171,79,85,68,crushing master masterVsMaster middlegame quietMove veryLong,https://lichess.org/ORIVdzqU#45,
F4cz6,6kb/5p1p/p1q3pB/1pp5/7P/P7/1PP2PP1/4Q1K1 b - - 0 28,h8b2 c2c3 b2c3 e1c3,2123,98,87,17,advantage endgame quietMove short,https://lichess.org/EW7cuNZy/black#56,
F52yg,8/4b3/p1p2p2/k3p1p1/2P1P3/PK1N1PP1/8/8 b - - 0 56,e7f8 c4c5 f8c5 d3c5,2123,76,91,181,crushing endgame quietMove short,https://lichess.org/d3NFW34A/black#112,
F53oc,6k1/1p1b1p2/1p5p/3R2p1/6P1/P1P4P/1P1r2BK/8 b - - 6 29,d2g2 h2g2 d7c6 c3c4 g8g7 g2f3,2120,75,67,209,advantage defensiveMove endgame hangingPiece long quietMove,https://lichess.org/aVfV8TeC/black#58,
F54dH,5rk1/5p2/1pq1pQp1/p5P1/2P3R1/1P6/P2r2PP/5R1K b - - 2 28,d2a2 f1g1 a2f2 f6f2,2170,76,96,346,crushing endgame quietMove short,https://lichess.org/jfeYmAvp/black#56,
F59aO,6B1/8/8/8/4k2P/p1n5/8/6K1 w - - 1 66,h4h5 c3d5 g8h7 e4e5 h7b1 d5c3 h5h6 e5f6 h6h7 f6g7 h7h8r g7h8,2166,75,87,183,crushing defensiveMove endgame quietMove veryLong,https://lichess.org/8K1YQSH7#131,
F5Lhk,8/8/pK6/P1pk3p/1p4p1/2B3P1/6P1/8 w - - 0 49,c3b2 c5c4 b2g7 c4c3 b6a6 d5c4 a6b7 b4b3 b7c7 b3b2,2101,75,91,1310,advancedPawn bishopEndgame crushing endgame quietMove veryLong,https://lichess.org/oXhKzkTL#97,
F5cqG,3r2k1/pp3pp1/2n3r1/8/2qPp3/2P1B3/3R1P1Q/3KR3 b - - 2 32,c6a5 e1h1 g8f8 h2e5,2162,76,97,269,advantage middlegame quietMove short,https://lichess.org/QSjYkgoL/black#64,
F6dEk,5k2/6p1/1p4Kp/2p2P2/P6P/1Bn5/8/8 b - - 1 42,b6b5 a4a5 c5c4 a5a6 c3d5 a6a7,2183,76,86,216,advancedPawn crushing endgame long quietMove,https://lichess.org/kPjl94v9/black#84,
F6eby,8/8/7p/5pp1/4k2P/4P1P1/4K3/8 w - - 0 47,e2f2 g5g4 f2e2 h6h5 e2f2 e4d3,2131,76,39,51,crushing endgame long pawnEndgame quietMove zugzwang,https://lichess.org/PT4a5S0l#93,
F72Ns,r1b1r1k1/1p3p1p/2p2Qp1/p5B1/q1n1P1PP/2P2P2/P6R/2K2R2 b - - 1 21,c8d7 g5h6 a4a3 c1b1 a3f8 h6f8,2106,77,89,1017,crushing defensiveMove long middlegame quietMove,https://lichess.org/oIwZwg9D/black#42,
F73I7,8/3b1pk1/p3q1p1/2Rp4/1p1P4/1Q2P1P1/P4PK1/8 w - - 2 42,b3b4 e6h3 g2g1 d7g4 c5c8 g4c8,2121,79,80,54,advantage clearance endgame long master quietMove,https://lichess.org/25fz7JH6#83,
F74Q4,8/8/8/6pp/4p3/6P1/4k1K1/5N2 w - - 0 63,f1h2 g5g4 h2f1 e4e3,2106,76,91,677,crushing endgame knightEndgame quietMove short,https://lichess.org/2W42NOhm#125,
F7WDt,8/3b3p/6p1/3Pk3/4B3/5PKP/5P2/8 w - - 3 53,g3h4 e5f4 d5d6 d7e8 e4g6 h7g6 d6d7 g6g5,2113,74,93,3785,bishopEndgame endgame mate mateIn4 quietMove veryLong,https://lichess.org/wWD7iI97#105,
F7os6,8/8/5n2/2k5/2P2p1p/1B1K1Pp1/6PP/8 w - - 0 43,h2h3 f6g4 h3g4 h4h3 g2h3 g3g2,2191,76,99,154,advancedPawn crushing endgame long quietMove sacrifice,https://lichess.org/WB9uSSxF#85,
F7pHR,r5k1/1pp4p/3p4/pN1Pp1b1/2P1P1q1/PP4P1/6Q1/1R2K3 w - - 0 32,b5c7 a8f8 c7e6 f8f3,2113,86,81,25,crushing endgame quietMove short,https://lichess.org/QiIGtIrW#63,
F7vBV,Qnk4r/1p2n1p1/3q2p1/Pp1p4/1P2P3/2P3p1/6BP/R3R1K1 w - - 0 27,e4d5 g3h2 g1h1 e7f5 e1e3 f5e3,2195,77,91,671,advancedPawn crushing kingsideAttack long middlegame quietMove,https://lichess.org/Qn5f5B7U#53,
F84rV,3r4/8/8/1p3B1k/4pp2/1rB5/1P4RK/8 b - - 5 43,e4e3 c3g7 d8d6 f5g4,2115,132,84,44,crushing endgame quietMove short,https://lichess.org/4W3DsE0Q/black#86,
F8Yui,2bq4/p3n1k1/1p2pr1p/3pQ1p1/3P1pP1/2P2B1P/PP3PK1/3RR3 w - - 3 33,e5b8 e7c6 b8a8 d8d7 a8c6 d7c6,2191,76,97,144,advantage long middlegame quietMove,https://lichess.org/Jf5LVjfD#65,
F8nPV,8/8/8/1P1k1p2/1K6/8/8/8 w - - 0 41,b4a5 f5f4 b5b6 d5c6 a5a6 f4f3 b6b7 f3f2 b7b8q f2f1q a6a5 f1a1,2196,75,94,9284,advancedPawn crushing endgame pawnEndgame promotion quietMove veryLong,https://lichess.org/HkUBK3z2#81,
F91V1,2R3k1/R4pp1/1p2r1rp/2b5/3p1q2/3Q2P1/3N3P/6K1 b - - 1 36,g8h7 a7a8 e6e1 g1g2,2116,75,90,486,crushing defensiveMove middlegame quietMove short,https://lichess.org/nd1QpE41/black#72,
F9F4j,r5k1/4R2p/3B2p1/p2p4/2b5/5P2/2r3PP/3R2K1 b - - 1 25,a8a6 d1b1 c2c1 b1c1,2182,73,93,7776,advantage endgame master masterVsMaster quietMove short,https://lichess.org/eWUq7ubW/black#50,
F9M3L,8/2B5/2p1K3/1b2P3/1P6/P5p1/8/5k2 w - - 1 56,e6d6 c6c5 c7b6 c5c4 d6c5 c4c3 c5b5 c3c2,2102,78,90,132,advancedPawn advantage bishopEndgame endgame quietMove sacrifice veryLong,https://lichess.org/8mhjikWo#111,
F9PzU,r4r1k/pp2N2p/3p1p1n/2p4q/7R/6Q1/P1P3P1/R5K1 b - - 1 27,h5e8 a1e1 e8f7 h4h6,2189,73,93,7963,crushing middlegame quietMove short,https://lichess.org/MpK21dkc/black#54,
F9aiL,8/8/6p1/6Np/6kP/6P1/2r2PK1/8 b - - 5 47,c2c4 g5f7 g4f5 f7d6 f5e6 d6c4,2158,92,83,55,crushing endgame fork long master quietMove,https://lichess.org/wmFcb3ZM/black#94,
F9dad,1rrq2k1/4bpp1/b1n1p1n1/p1ppP1PQ/1p3BN1/2PP1BP1/PP3PK1/3RR3 b - - 5 22,b4c3 e1h1 e7g5 f4g5 d8g5 h5g5,2146,76,89,530,crushing long master middlegame quietMove,https://lichess.org/FbpAHhqR/black#44,
F9jRE,2kr1b1r/2n1p1pp/2p5/p1B2pN1/P4n2/8/1P5P/2RN1RK1 b - - 1 26,d8d5 f1f4 e7e5 f4c4 f8c5 c4c5,2121,76,93,2825,advantage hangingPiece long middlegame quietMove,https://lichess.org/9sh9fnZR/black#52,
F9oXg,8/8/1p1p4/p6p/2Pk3K/1P3P2/6P1/8 b - - 0 48,a5a4 b3a4 d4c4 g2g4 h5g4 f3g4 d6d5 g4g5 d5d4 g5g6 d4d3 g6g7 d3d2 g7g8q,2184,82,92,4793,advancedPawn crushing endgame pawnEndgame promotion quietMove veryLong,https://lichess.org/WVZf9WcD/black#96,
F9uOh,1r3k2/3R1pp1/p2pr1p1/1p6/8/6K1/PP6/3R4 b - - 1 37,b8b6 d1h1 f8e8 d7a7 e8d8 h1h8 e6e8 a7a8,2164,75,94,6665,advantage endgame quietMove rookEndgame veryLong,https://lichess.org/Sgst9urY/black#74,
FAId7,1r3rk1/pb5p/1p3ppq/2p5/6P1/2P1Q1B1/PP3P1P/3RR1K1 b - - 1 24,h6h3 f2f3 f8f7 g3b8,2136,76,78,295,crushing middlegame quietMove short,https://lichess.org/EEXffuN0/black#48,
FAzE6,5k2/ppR2p1p/b7/8/1P3P2/5n2/P1P5/1K6 b - - 0 26,f3d2 b1c1 d2e4 c2c4 h7h5 b4b5 a6b5 c4b5,2100,75,90,426,advantage defensiveMove endgame quietMove trappedPiece veryLong,https://lichess.org/66I88QLR/black#52,
FBQAU,8/p2pk1p1/1p1Rp2p/4Pp2/7P/Pr3r2/5PK1/3R4 b - - 1 36,f3f4 d6d7 e7e8 d7d8 e8f7 h4h5 f4g4 g2f1 b3b1 d1b1,2165,80,91,969,crushing endgame quietMove rookEndgame veryLong,https://lichess.org/nTpiIk9C/black#72,
FBTRA,8/7p/6p1/P4p2/1R3b2/2P3kP/1P2r1P1/3R3K w - - 5 43,a5a6 f4e3 b4d4 e2g2 d4d2 e3d2 d1g1 g2g1,2178,81,87,57,crushing endgame quietMove veryLong,https://lichess.org/SarqnRCm#85,
FBXSx,8/6kp/2p1prp1/4Q3/2Pp4/1q4P1/5P1P/5RK1 b - - 0 30,b3c4 f1a1 c4c2 a1a7,2169,77,95,4264,crushing endgame master quietMove short,https://lichess.org/2SvcpisJ/black#60,
FBeT4,2k4r/ppp2p2/8/8/5PP1/2P1BRQ1/PP6/1q3K2 w - - 1 28,f1e2 h8h1 e3d2 b1d1 e2e3 h1h8 g3e1 h8e8 e3f2 e8e1,2137,126,84,49,advantage endgame exposedKing quietMove skewer veryLong,https://lichess.org/iKcTAErJ#55,
FBhm7,r4k2/2p2p1p/1pPp4/p3r3/P3PpR1/5Q2/2Pq2PP/6RK b - - 6 30,a8e8 g4f4 e8e7 g1f1 d2f4 f3f4,2113,93,84,20,crushing endgame long quietMove,https://lichess.org/g0l8usRa/black#60,
FBq5p,6k1/2q1n2p/3b1p2/1p2pP2/n2pP1QN/1b1P4/3N2BP/2r3RK b - - 1 29,g8h8 g2f1 e7g8 d2b3,2103,79,76,55,advantage middlegame quietMove short,https://lichess.org/Jp6n0e08/black#58,
FBxnC,8/5pk1/3P2p1/p3N1P1/1pP2K2/1r6/8/8 b - - 0 38,g7f8 c4c5 b3b1 c5c6,2149,75,90,2385,advantage endgame quietMove short,https://lichess.org/3yoWFppD/black#76,
FC3gE,8/8/p1p2kp1/1pP2p2/3P2p1/6K1/P4N2/8 b - - 1 44,g6g5 f2d3 f6e6 d3b4 e6d7 b4a6,2183,76,85,455,crushing endgame knightEndgame long quietMove,https://lichess.org/IHfaDlsM/black#88,
FC9h4,8/8/6Kp/6p1/N1P2pP1/3P3P/k4b2/8 w - - 0 39,g6h6 f2d4 h6g5 f4f3 g5f4 f3f2,2140,76,93,890,advancedPawn crushing endgame long quietMove,https://lichess.org/FtQHSG5U#77,
FCFgZ,r4rk1/1b4p1/p1p1q2p/1pP1p3/8/3B1NP1/PP2Q1PK/5R2 b - - 0 23,e6d5 d3c2 e5e4 c2b3,2190,99,62,38,advantage middlegame pin quietMove short,https://lichess.org/ZfGmQCAz/black#46,
FCVZ4,2kr2r1/pp1b1p1p/3Q4/q1pN1B2/6n1/P1P2nP1/1BP2P1P/R3K2R w KQ - 5 21,e1d1 g8e8 d6d7 d8d7,2182,114,81,27,advantage middlegame pin quietMove short,https://lichess.org/iXE5gBWC#41,
FCaIa,2r2k2/5pp1/4p2p/PP6/2r5/8/2pR1PPP/2R3K1 w - - 2 31,b5b6 c4b4 d2e2 b4b1 e2e1 b1c1 e1c1 c8d8 h2h3 d8d1 g1h2 d1c1,2125,80,100,38,crushing endgame quietMove rookEndgame veryLong,https://lichess.org/7KU0LjzY#61,
FD41r,8/5B2/1kP2n2/1P6/8/P4pp1/8/6K1 w - - 0 47,a3a4 f6g4 f7d5 f3f2 g1g2 g4e3,2102,98,83,42,advancedPawn crushing endgame exposedKing long quietMove,https://lichess.org/qj0tpxxw#93,
FD9vS,r3r1k1/1bq2p2/p2bp2Q/1pp1n3/3p3P/P2P2N1/BPP2PP1/4RRK1 b - - 0 22,e5g6 g3h5 d6h2 g1h1 h2e5 f2f4 e5h8 f4f5,2126,79,75,36,crushing middlegame quietMove veryLong,https://lichess.org/uX4pGnn3/black#44,
FDEQ0,8/8/4k1p1/pp5p/2pK1P2/P1P3P1/7P/8 b - - 1 37,e6d6 h2h3 d6c6 g3g4,2166,77,92,3891,crushing endgame pawnEndgame quietMove short zugzwang,https://lichess.org/i8GmKyZW/black#74,
FDLT7,5rk1/p1q3pp/2p1p1r1/2pnbp2/8/P2P3P/1PPQNPP1/1RB2RK1 w - - 3 20,c2c4 f5f4 c4d5 f4f3,2187,106,83,19,advantage middlegame quietMove sacrifice short,https://lichess.org/HW1MwFMq#39,
FDlHl,8/8/b3Pk1p/p1pP1p2/B1P1pK2/7P/P7/8 w - - 3 41,a4b5 a6b5 c4b5 c5c4 b5b6 c4c3 f4e3 f5f4 e3d4 c3c2 b6b7 c2c1q,2137,83,78,37,advancedPawn bishopEndgame crushing endgame promotion quietMove veryLong,https://lichess.org/SJticuP0#81,
FEUsF,r1b1k2r/p2p1ppp/2p1p1q1/6B1/4n2Q/2PB4/P1P2PPP/R3K2R b KQkq - 1 12,h7h6 g5d8 f7f6 d3e4 g6g5 h4g5,2138,74,92,7217,advantage long middlegame quietMove,https://lichess.org/rqBtheSA/black#24,Sicilian_Defense Sicilian_Defense_Taimanov_Variation
FEY3h,r1bq1rk1/1pp4p/3p1np1/p1nPp3/1PP1Pp2/P1N1bP2/3NB1PP/1RBQ1R1K w - - 0 16,b4c5 f6h5 g2g4 f4g3,2185,78,86,205,crushing enPassant master middlegame quietMove short,https://lichess.org/ErqIsdmp#31,Kings_Indian_Defense Kings_Indian_Defense_Orthodox_Variation
FEbt3,8/8/p2kpp2/1p5p/1PpK1P1P/P1P3P1/8/8 b - - 5 38,d6c6 g3g4 h5g4 h4h5 g4g3 d4e3 g3g2 e3f2,2183,74,95,8525,crushing endgame pawnEndgame quietMove veryLong,https://lichess.org/gPySG5vs/black#76,
FEqW7,2q1brk1/2r3pp/p3p3/1p1pPp2/3P4/P2QP2R/1PB2RPP/6K1 w - - 7 23,g2g4 e8g6 h3f3 f5f4,2114,103,84,21,crushing middlegame quietMove short,https://lichess.org/yfzslKgU#45,
FF4t4,8/R5p1/5nk1/2Rp4/1P1P4/P3nP1P/1r4P1/7K w - - 3 46,c5c7 f6h5 c7g7 h5g7,2137,80,78,50,advantage endgame quietMove short,https://lichess.org/ic1Gt495#91,
FFARg,2kr3r/2p2pp1/Pp3n1p/1QBpq3/6b1/2PB4/1P1N1PPb/R4R1K w - - 0 22,c5b6 e5h5 d3f5 g4f5,2159,237,-64,8,crushing middlegame quietMove short,https://lichess.org/rum2MqQe#43,
FFCkJ,5bk1/R7/5R2/8/2pq1B1p/7P/6PK/8 w - - 2 50,a7f7 f8c5 f7f8 c5f8,2155,75,92,1958,crushing endgame master quietMove short,https://lichess.org/ERFxug8t#99,
FFczc,8/4kp2/7p/2p1P1p1/1q1pK3/pP1P2P1/P1Q4P/8 b - - 1 31,e7e6 c2c4 b4c4 b3c4 h6h5 h2h3 f7f5 e5f6 e6f6 e4d5,2192,77,90,953,crushing enPassant endgame queenEndgame quietMove veryLong zugzwang,https://lichess.org/yUgz5pRz/black#62,
FFxNe,8/7p/3k2p1/2p2p2/1PPp1P2/3K2P1/7P/8 b - - 0 45,d6c6 b4c5 c6c5 h2h3 h7h6 g3g4 f5g4 h3g4,2180,76,94,322,crushing endgame pawnEndgame quietMove veryLong,https://lichess.org/eiOhUqqH/black#90,
FGNYr,6k1/5p2/1R2p3/3rP1p1/PP2K3/2r5/5P1P/5R2 w - - 0 35,a4a5 c3d3 b6d6 f7f5,2166,87,89,62,advantage endgame quietMove rookEndgame short,https://lichess.org/BXfMANQe#69,
FGNp6,8/6p1/pp2k2p/3p4/1P1P1PPP/3K4/P7/8 w - - 1 51,d3c3 h6h5 b4b5 a6a5 c3d3 h5g4,2155,77,89,883,crushing endgame long pawnEndgame quietMove,https://lichess.org/pq0WCpUN#101,
FGnXF,6r1/P1R1kp2/4p3/5p2/5P1p/8/KP6/8 b - - 2 46,e7f6 b2b4 h4h3 b4b5 h3h2 c7c1,2194,77,90,145,advantage defensiveMove endgame long master quietMove rookEndgame,https://lichess.org/vDtQBR8x/black#92,
FGql2,6k1/2p2pp1/7p/2R5/2P5/pr5P/R4PPK/1r6 w - - 0 32,c5c7 b1b2 a2a1 b2f2 c7a7 b3b2 a7a3 f2g2,2193,76,72,181,advantage endgame interference quietMove rookEndgame veryLong,https://lichess.org/Rd99Mewc#63,
FH8r1,8/8/7p/2pk1Pp1/p5P1/P3K3/7P/8 b - - 0 39,d5e5 e3d3 h6h5 h2h3 h5g4 h3g4,2151,76,92,2079,crushing endgame long pawnEndgame quietMove,https://lichess.org/N1SqzeSZ/black#78,
FHfS5,8/5p2/8/p2p1P2/8/4K2P/Pk6/8 b - - 0 41,b2a2 h3h4 a2b3 h4h5 a5a4 h5h6 a4a3 h6h7 d5d4 e3d3,2162,76,87,134,advancedPawn crushing defensiveMove endgame pawnEndgame quietMove veryLong,https://lichess.org/PAwU4UOK/black#82,
FHgiY,8/8/5p1p/3p1KP1/2kP4/7P/6P1/8 b - - 0 36,f6g5 f5e5 h6h5 g2g3 g5g4 h3h4 c4d3 e5d5,2110,75,93,3687,crushing endgame pawnEndgame quietMove veryLong zugzwang,https://lichess.org/LPjRIGRi/black#72,
FIWla,8/R7/p5pp/P5k1/3B4/3n1p2/4p2P/6K1 w - - 0 62,d4f2 d3f4 h2h4 g5g4,2103,75,92,2526,crushing defensiveMove endgame master quietMove short,https://lichess.org/wwDr4mOC#123,
FJLmT,q4rk1/p3b2p/1p2Rpp1/2r5/2P5/1PQB4/PB3PbP/3R2K1 w - - 0 20,d1e1 c5g5 d3e4 g2e4,2120,83,70,49,crushing discoveredAttack kingsideAttack middlegame quietMove short,https://lichess.org/olnxdNyq#39,
FJTJT,8/6pk/7p/P4R2/5PKP/2Q3P1/r3q3/8 w - - 3 51,g4h3 h6h5 f5h5 e2h5,2150,76,100,335,crushing endgame master quietMove short,https://lichess.org/Qzd2wBb5#101,
FKUrS,8/2q4p/3R2pk/7P/pp6/6K1/P2R1P2/8 b - - 0 44,h6h5 f2f4 h5h6 d6d7 c7d7 d2d7,2195,77,92,6414,crushing endgame long queenRookEndgame quietMove,https://lichess.org/kzqOD9uk/black#88,
FKfHe,8/6R1/1R6/p4p1r/P4k2/7r/5PK1/8 w - - 1 40,b6b5 h3h1 b5f5 f4f5,2181,85,84,49,crushing endgame quietMove rookEndgame short,https://lichess.org/bMFmFYh4#79,
FKfn9,8/8/1p1k3p/p4pp1/P1PK4/6PP/6P1/8 w - - 0 43,g3g4 f5f4 d4d3 d6e5,2122,77,91,1750,crushing defensiveMove endgame pawnEndgame quietMove short zugzwang,https://lichess.org/5OLeJnps#85,
FLnJT,8/1p4k1/p1p1p1p1/6K1/1P1PP3/3P4/1P6/8 b - - 0 45,b7b6 e4e5 a6a5 b4a5 b6a5 b2b3 g7f7 g5h6,2145,77,91,1697,crushing endgame master pawnEndgame quietMove veryLong zugzwang,https://lichess.org/UblWAqGx/black#90,
FMFKg,3r3k/pp5p/8/4qb2/7p/1P1p1Q1P/P4PP1/2RR2K1 w - - 0 29,d1e1 d3d2 e1e5 d2c1q g1h2 d8d1 e5e8 h8g7 g2g4 h4g3 f3g3 f5g6 g3e5 g7h6,2193,93,71,63,advancedPawn advantage enPassant endgame fork promotion quietMove veryLong,https://lichess.org/Pf61Mg30#57,
FMMHQ,6k1/2Q2p2/2p2PpK/3pr2p/P5b1/1B1P4/1PP1r3/8 w - - 12 38,c7c6 h5h4 c6a8 e5e8 a8d5 g4e6,2101,77,80,71,advantage endgame long quietMove,https://lichess.org/oD8S3a9s#75,
FMP9W,5rk1/p5b1/1p5p/2p1p3/2P1R1p1/3PBrPq/PP2QP1P/5RK1 w - - 0 28,e3d2 f8f5 e4g4 h3g4,2112,77,78,58,crushing middlegame quietMove short,https://lichess.org/Z9q1vNR1#55,
FNBlY,8/5r2/6pk/6p1/3R2P1/5p1P/5P1K/8 b - - 2 57,f7f4 d4f4 g5f4 h3h4 h6g7 g4g5 g7g8 h2h3 g8f7 h3g4,2189,75,94,2682,crushing endgame quietMove rookEndgame veryLong,https://lichess.org/NSdDdtlj/black#114,
FND6e,8/8/2Pk3p/3B1KpP/2P5/2P1n3/8/8 w - - 2 61,f5g6 e3d5 c4d5 g5g4 g6f7 g4g3 c6c7 d6c7 f7e7 g3g2 d5d6 c7c6 d6d7 g2g1q,2123,78,81,161,advancedPawn crushing endgame promotion quietMove veryLong,https://lichess.org/2KnGUmkW#121,
FNMPf,1r2r1k1/5pp1/3P1b1P/p4b2/2p1n3/K4QB1/P7/3R2NR w - - 1 33,f3f5 f6b2 a3a4 b8b4 a4a5 b2c3 f5b5 e8a8 a5b6 a8b8,2183,123,100,16,advantage exposedKing middlegame pin quietMove veryLong,https://lichess.org/E6vq5Tpk#65,
FO1sE,8/8/3n4/6p1/1k3pP1/1P3K2/4B3/8 w - - 0 47,e2d1 d6b5 f3f2 b5d4,2156,88,90,965,crushing endgame master quietMove short superGM zugzwang,https://lichess.org/pvzGFzm8#93,
FOFUa,8/1pp5/4K3/p2P4/P1P5/1k6/8/8 b - - 1 57,b3a4 c4c5 c7c6 d5d6,2139,75,95,1000,crushing endgame pawnEndgame quietMove short,https://lichess.org/nFr6UV4U/black#114,
FOJss,8/8/8/6pp/5k2/3K1P1P/8/8 w - - 7 51,d3e2 f4g3 h3h4 g3h4 e2f2 h4h3 f3f4 g5f4 f2f3 h5h4 f3f4 h3g2,2165,75,87,125,crushing endgame pawnEndgame quietMove veryLong,https://lichess.org/wjx8HXPp#101,
FOjUy,8/p3b1k1/2p5/P3P1p1/2QPPp2/1R4Pr/5KNq/8 w - - 2 44,g3f4 g5g4 b3h3 g4h3,2188,74,82,378,crushing endgame master quietMove short,https://lichess.org/pjxRJ5rV#87,
FPqX4,8/8/5k2/7p/ppK2P1P/8/P7/8 b - - 1 41,f6f5 c4b4 f5g4 f4f5 g4f5 b4a4,2197,84,89,233,crushing endgame long pawnEndgame quietMove,https://lichess.org/oQF6py45/black#82,
FQ6ZW,6rk/q6p/2p1p2r/p7/4NQP1/7P/PP3R1K/8 b - - 0 39,a7g7 e4d6 h6f6 f4f6 g7f6 f2f6,2158,77,67,72,advantage endgame long quietMove,https://lichess.org/brA1wF3T/black#78,
FQDIQ,1r3q2/QP3p1k/2Bp1n2/2p1p2p/4P3/3P1PK1/1PP5/5R2 w - - 1 30,f1a1 f8g7 g3f2 b8g8 a1f1 g7g2 f2e1 g2c2,2186,109,79,24,clearance crushing endgame quietMove skewer veryLong,https://lichess.org/HKbLEXdo#59,
FQMdX,r5k1/4rppp/8/1p5P/4bR2/1B6/1PP2P2/1K5R w - - 0 27,b3f7 e7f7 f4e4 f7a7 b2b4 a7a1 b1b2 a1h1,2116,76,99,404,advantage endgame master quietMove skewer veryLong,https://lichess.org/W9Buickt#53,
FQNir,8/6pp/5p2/6PP/4kP2/2b2N2/6K1/8 w - - 1 51,g2g3 f6f5 g5g6 h7h6 f3g1 c3e1 g3g2 e4f4,2141,79,92,3608,crushing deflection endgame quietMove veryLong zugzwang,https://lichess.org/2XN8hQD6#101,
FQQ6t,8/8/B2N1k2/P1pPpb2/5b2/8/8/6K1 b - - 0 48,f5g6 a6c4 e5e4 a5a6 f4d6 a6a7,2190,87,90,77,advancedPawn crushing endgame long master quietMove sacrifice,https://lichess.org/MSZx6ZM5/black#96,
FQaFi,8/8/2p1K3/1bP5/1P6/4k3/1R1p2P1/8 w - - 0 51,b2d2 e3d2 g2g4 d2c3 g4g5 c3b4 e6d6 b5a4 g5g6 b4b5 g6g7 a4b3,2195,77,95,2501,crushing defensiveMove endgame hangingPiece quietMove veryLong,https://lichess.org/ZeayRKum#101,
FQwPg,2r3k1/5ppp/2N1p3/p2n4/3P4/P5P1/1r3P1P/R4RK1 w - - 1 23,c6a5 b2b5 f1c1 d5c3 a3a4 b5a5,2168,77,87,177,crushing endgame long quietMove trappedPiece,https://lichess.org/gO4E51Rq#45,
FRezb,5r2/6pk/6R1/p3q3/6P1/1Q3p1K/5P1P/8 w - - 2 47,b3a3 f8h8 g6g5 e5g5,2194,77,91,973,crushing endgame quietMove short,https://lichess.org/nTv2b42N#93,
FRk7K,3r2k1/pp2Qpp1/4p2p/6P1/8/8/PPPqN3/R4K2 w - - 0 27,g5h6 d8d5 e7e8 g8h7 e8f7 d5f5 f7f5 e6f5,2120,77,90,1306,crushing endgame exposedKing fork quietMove veryLong,https://lichess.org/phqDUp01#53,
FRlEb,3r2k1/2R3pp/8/p2p1p2/4bQ2/P5KP/1q4P1/4R3 w - - 2 31,e1c1 b2g2 g3h4 h7h6 c7g7 g2g7,2133,77,90,2114,crushing endgame long quietMove,https://lichess.org/EeFRORFl#61,
FRtz9,8/8/p4B1p/2b3p1/1p1pP1P1/3P3P/k1P5/2K5 w - - 0 37,f6g7 a6a5 e4e5 a5a4 e5e6 b4b3 c2b3 a4b3 g7d4 c5d4,2188,83,88,35,bishopEndgame crushing endgame quietMove veryLong,https://lichess.org/Ay0kPUzY#73,
FS0Fg,8/8/8/1r3pp1/4p1k1/R3KnP1/R4P2/8 w - - 14 64,e3e2 b5b1 a3f3 e4f3,2103,77,86,224,crushing endgame quietMove short,https://lichess.org/ir8e0kau#127,
FSEUx,1B1K4/2P5/4k3/2N4p/6b1/8/r6P/8 b - - 4 53,e6d5 c5d7 a2c2 d7f6 d5c6 f6g4,2148,75,93,7652,crushing endgame long quietMove,https://lichess.org/j7eW2jpo/black#106,
FSLSl,8/2k5/5Kp1/8/1R2PP2/8/1p6/1r6 b - - 9 55,g6g5 f4f5 b1e1 b4b2,2125,117,87,25,advantage endgame master quietMove rookEndgame short,https://lichess.org/S7deKSwY/black#110,
FSbyV,5k2/6p1/3KP2p/1p6/1P6/P6P/8/6b1 b - - 2 43,g1d4 d6d7 d4f6 a3a4 b5a4 b4b5 g7g5 b5b6,2195,93,9,31,bishopEndgame crushing endgame quietMove veryLong,https://lichess.org/p17h0bPR/black#86,
FShFy,8/8/pK6/1p6/2k3p1/P7/8/6B1 w - - 6 55,g1c5 a6a5 c5f2 b5b4,2104,75,94,994,bishopEndgame crushing endgame quietMove short,https://lichess.org/l1HHaHNE#109,
FShK0,3k4/3P1p1p/2B3p1/p7/3n1P2/r4P2/1K5P/2R5 b - - 2 39,a3f3 c6a4 f3b3 a4b3 d4b3 b2b3,2135,85,66,31,crushing endgame long quietMove,https://lichess.org/uluhYMTT/black#78,
FT7Mw,8/1p6/1P2k2p/3p2p1/4bPp1/4PB2/5K1P/8 w - - 0 37,f3e4 d5e4 f4g5 h6h5 f2g3 e6f5,2107,79,85,37,crushing endgame long quietMove,https://lichess.org/ss53JzPM#73,
FTS6W,8/4k3/4P2R/1p3r1p/3K2p1/PP6/8/8 w - - 2 44,d4e4 f5g5 e4f4 g4g3 f4g5 g3g2 g5f5 g2g1q,2167,75,95,435,advancedPawn advantage endgame promotion quietMove rookEndgame sacrifice veryLong,https://lichess.org/P1QnIs2W#87,
FTWD0,8/6p1/p4k1p/Pp1K3P/1P3P2/8/8/8 b - - 0 52,g7g6 h5g6 h6h5 f4f5 h5h4 d5e4 h4h3 e4f3 h3h2 f3g2 h2h1r g2h1,2124,76,86,199,crushing endgame master pawnEndgame quietMove veryLong,https://lichess.org/5SZYMCkO/black#104,
FUHSz,1r3rk1/pp2R3/2p2nBp/2Pp4/3P2PN/5P1b/PP5P/6K1 b - - 0 25,h6h5 g6f5 f8f7 f5e6 b8f8 h4f5,2109,96,84,35,advantage defensiveMove long middlegame pin quietMove,https://lichess.org/mnyM6Jh8/black#50,
FUQmW,5R2/5ppk/1q3n1p/3pQ3/1Pr5/3N1P1P/6PK/8 b - - 4 37,b6e6 e5b8 f6d7 f8h8,2102,76,79,309,crushing endgame quietMove short,https://lichess.org/YqglRWNc/black#74,
FUV0E,r7/p7/b1p1p1k1/3p1q2/2PP2p1/6P1/PP1N2K1/5R1Q b - - 2 23,f5c2 f1f2 a8f8 f2f8 c2d2 f8f2,2119,77,91,585,crushing endgame long quietMove,https://lichess.org/oMlvBXKg/black#46,
FV3br,3r1r2/p5k1/1p3pPp/2pqp2P/3pR1Q1/3P1N2/PPP2P2/6K1 b - - 1 28,d5d7 g4d7 d8d7 f3h4 f6f5 e4e5,2173,78,75,271,advantage endgame long quietMove,https://lichess.org/GuMfQxkG/black#56,
FV5fL,3r3k/p2P2pp/1p5b/8/2P2P2/5K2/PP5P/3R4 b - - 2 37,h8g8 b2b4 g8f8 c4c5 b6c5 b4c5,2113,75,93,5639,crushing endgame long quietMove,https://lichess.org/jdiremY1/black#74,
FVYCr,8/8/pp3p1k/4p3/P1PpP3/1P1Pn1K1/4B3/8 b - - 13 55,h6g5 a4a5 b6a5 c4c5 f6f5 c5c6,2115,79,89,531,crushing endgame long quietMove,https://lichess.org/svevEkXl/black#110,
FVc9g,8/8/8/6k1/r4Pp1/PR4K1/8/8 b - - 0 56,a4f4 b3b5 f4f5 a3a4 g5f6 b5f5 f6f5 a4a5 f5e4 a5a6,2176,78,91,3257,crushing endgame quietMove rookEndgame veryLong,https://lichess.org/R1QV8SKf/black#112,
FVhhn,8/8/2p1p3/6k1/PKp3P1/2Pb1P2/8/8 b - - 0 44,d3e2 b4c5 e2f3 a4a5 g5g4 a5a6 e6e5 a6a7,2158,78,91,653,advancedPawn bishopEndgame crushing endgame quietMove sacrifice veryLong,https://lichess.org/md5LTRV9/black#88,
FVirL,8/pB3qkp/4r1p1/2b5/8/P2Q2P1/5P1P/3R2K1 w - - 0 27,b7d5 f7f2 g1h1 e6e2 d3e2 f2e2,2160,78,100,60,crushing endgame long quietMove,https://lichess.org/swWxFtU5#53,
FVs9j,8/8/3k4/1p1p1ppp/1P1Kp3/P3PPP1/6P1/8 b - - 0 38,g5g4 f3f4 d6e6 d4c5 d5d4 c5d4 e6d6 d4c3,2136,78,91,1982,crushing endgame pawnEndgame quietMove veryLong zugzwang,https://lichess.org/qxqL8dvh/black#76,
FVwsg,8/8/1r1p2R1/2p1p3/3kPp2/5P2/1PK2P2/8 w - - 2 46,g6e6 c5c4 e6g6 d4c5 g6g1 b6b3,2107,75,86,150,crushing endgame long quietMove rookEndgame,https://lichess.org/ZvLmfll4#91,
FWFfF,r3k2r/3n1pb1/p3q3/4p1p1/2N1p1Pp/2P2P2/PP1KQ1P1/1R4NR w kq - 1 24,e2e4 a8d8 d2e1 d7c5,2149,90,78,27,crushing middlegame quietMove short,https://lichess.org/BSN1leA6#47,
FWMan,5k1r/p4p1p/bp1b1p2/8/3p4/PP2PqP1/4NP1P/RN1Q2KR w - - 2 19,d1d4 a6b7 e3e4 b7e4 d4e4 f3e4,2161,76,92,2629,advantage long middlegame quietMove,https://lichess.org/e5ObSXSH#37,Saragossa_Opening Saragossa_Opening_Other_variations
FXFg4,8/p6R/8/3bPk2/1r3P2/6PK/8/8 w - - 0 45,h7a7 b4b1 g3g4 f5f4 a7a4 d5e4,2192,78,91,862,crushing defensiveMove endgame long quietMove,https://lichess.org/pFAyy7Kq#89,
FXp2d,4Q3/6k1/2p5/1p4p1/p7/P1P2qP1/1P3P1K/8 w - - 5 39,e8e3 f3e3 f2e3 g5g4 h2g1 g7f6,2186,77,91,875,crushing defensiveMove endgame long queenEndgame quietMove,https://lichess.org/daqF2fZq#77,
FXrtT,8/7R/8/3bpp2/3kp2P/1p6/5PP1/2K5 w - - 2 54,c1b2 f5f4 h7a7 e4e3,2184,76,86,184,crushing endgame quietMove short,https://lichess.org/qH77Cgu9#107,
FYKZ8,8/p6p/Kp6/8/8/7k/P1P5/8 w - - 0 39,a6a7 b6b5 a7b6 b5b4,2178,80,72,206,crushing defensiveMove endgame master pawnEndgame quietMove short,https://lichess.org/hvB0NN4u#77,
FYLwq,6k1/p4p2/1p1rnQ1p/2q3p1/3p4/1B5P/PP3PP1/4R1K1 w - - 1 35,f6h6 e6g7 b3f7 g8f7,2174,82,93,4626,crushing endgame quietMove short,https://lichess.org/84oLQFJ7#69,
FYYW2,q3N3/2r2pkp/3Pp1p1/1p6/2p5/2P5/1P3PPP/5RK1 b - - 2 26,g7g8 d6c7 a8e8 f1d1 g8g7 d1d8 e8c6 c7c8q,2152,77,86,297,advancedPawn advantage endgame promotion quietMove veryLong,https://lichess.org/1vyoiZvP/black#52,
FYj5y,r4rk1/pb4pp/1bpq4/1P1p4/P5n1/2N1PN2/5PPP/R1BQ1RK1 w - - 1 15,h2h3 f8f3 h3g4 b6c7 f1e1 d6h2,2108,75,90,1285,crushing long middlegame quietMove,https://lichess.org/DUPOeIzh#29,Englund_Gambit_Declined Englund_Gambit_Declined_Reversed_French
FYowK,2n5/8/2bk4/p2p3p/P2PpPpP/1B2K1P1/1N6/8 w - - 10 65,b2d1 c8e7 e3f2 e7f5,2138,75,93,2891,crushing endgame quietMove short,https://lichess.org/RwvygvW2#129,
FYuvs,8/8/p1p1p3/1pP5/1P5k/2B3bP/P5K1/8 b - - 3 43,e6e5 c3d2 e5e4 d2g5 h4h5 g2g3,2151,76,53,91,bishopEndgame crushing deflection endgame long master quietMove,https://lichess.org/y0J13uxJ/black#86,
FZ1av,3r2k1/pp1b1p2/1bpN4/6Q1/1P6/P5P1/q4P1P/3R2K1 b - - 8 33,g8h7 d6e4 b6f2 e4f2,2142,90,73,28,crushing middlegame quietMove short,https://lichess.org/kjMbDs4E/black#66,
FZ1vj,3rr1k1/p1p1ppb1/1p2q1p1/3P4/1nP5/3BPP2/PBQ2P2/3RK2R w K - 1 21,c2c3 g7c3 b2c3 b4d3 d1d3 f7f6 d5e6 d8d3,2108,75,94,2762,crushing master middlegame quietMove veryLong,https://lichess.org/Wg9SBb0I#41,
FZZoI,r5k1/pp4p1/3p3p/2pPp3/2P1Nr2/1P2KP1q/PB2Q3/R7 w - - 1 34,e4d6 a8f8 a1f1 e5e4,2128,85,71,29,advantage middlegame quietMove short,https://lichess.org/F0nOww0Y#67,
FZdy3,8/1Rp1r1p1/ppp1P1pk/6p1/8/2K2P2/P1P3PP/8 b - - 4 25,h6h5 b7b8 g5g4 f3f4 g4g3 h2h3 g6g5 f4f5 g5g4 h3h4,2160,91,85,35,crushing defensiveMove endgame quietMove rookEndgame veryLong,https://lichess.org/7YAV6eE3/black#50,
FZeeQ,8/8/3p1kBp/p1p2p1P/P2p1PpK/1P1P4/8/8 w - - 9 43,h4g3 d6d5 g6h7 c5c4 b3c4 d5c4 h7g8 c4c3,2139,78,92,5051,bishopEndgame crushing endgame quietMove veryLong,https://lichess.org/z9QdZEAs#85,
FZek9,2r1r1k1/1p3b1p/p2q2p1/2nP1p1n/2BQ1N2/B5P1/P4P1P/1K1R3R b - - 1 26,h5f4 a3b2 d6e5 d4e5 e8e5 b2e5,2159,80,87,1040,advantage long middlegame quietMove,https://lichess.org/DENvqdit/black#52,
FaBtd,8/5p2/4b2k/4P1pp/4K3/8/8/6R1 w - - 0 56,e4d4 g5g4 d4e3 h6g5,2155,78,90,872,crushing defensiveMove endgame master quietMove short,https://lichess.org/niBYOQxg#111,
FasTN,1q1r1b2/3k4/3p2p1/Qp1Bp2r/1P2P3/3P4/3N1P2/R4RK1 w - - 0 27,a1c1 h5g5 g1h2 f8g7 a5c7 b8c7 c1c7 d7c7,2139,136,33,20,advantage middlegame quietMove veryLong,https://lichess.org/msdru4PV#53,
FaxbK,2kr1b1r/1p1q1ppp/p1n1pn2/3p2NP/3P1B2/2N2R2/PPP1QP2/2K4R b - - 2 16,h7h6 c3a4 b7b5 a4b6 c8b7 b6d7,2134,74,97,652,advantage fork long middlegame quietMove,https://lichess.org/YMvmtupY/black#32,Rapport-Jobava_System Rapport-Jobava_System_Other_variations
Fb4UU,3r4/1p2bpkp/2p1b1pP/4p1Q1/4n3/PqN2PN1/1P4P1/2R4K b - - 0 27,g7g8 g5e7 e4g3 h1h2 d8a8 c1d1 b3d1 c3d1,2157,145,-12,17,crushing middlegame quietMove veryLong,https://lichess.org/TUtbMNhT/black#54,
Fb6xh,8/p6p/4p3/r3k1pP/PR2P1P1/4K3/8/8 b - - 2 37,h7h6 b4b5 a5b5 a4b5 e5d6 e3d4 d6d7 d4c5 d7c7 e4e5 c7d7 b5b6 a7a5 c5b5,2148,76,95,356,crushing endgame quietMove rookEndgame veryLong zugzwang,https://lichess.org/OL8rcVPM/black#74,
FbALi,8/3b4/3p1k1p/2pP1Pp1/1pPb1P2/1P3K1P/8/1B2B3 b - - 0 39,d7f5 b1f5 f6f5 e1g3 g5f4 g3f4,2119,169,29,9,bishopEndgame crushing endgame long master quietMove,https://lichess.org/vhKBTAxT/black#78,
FbG84,8/8/3p4/pp1k1pp1/3P4/PP1KP1P1/8/8 w - - 0 41,b3b4 a5b4 a3b4 g5g4 d3c3 d5e4 c3d2 e4f3,2167,83,90,617,crushing endgame pawnEndgame quietMove veryLong zugzwang,https://lichess.org/cePrCUcT#81,
FbMH2,4r2k/p4Qpp/1p6/2p5/3b4/1P2q3/P1P3PP/5R1K b - - 4 28,e3e1 h2h3 e1f1 f7f1,2103,79,91,1774,advantage endgame quietMove short,https://lichess.org/78R8hVvz/black#56,
Fbc3i,4k3/R7/3p4/4p2p/4r3/3Knp1P/P1P1N1r1/4R3 b - - 1 31,f3f2 e1b1 e4d4 d3e3,2152,76,99,210,crushing endgame quietMove short,https://lichess.org/loD6iUSh/black#62,
FbibA,8/5pk1/6p1/7p/2rRp3/P1p1P3/2P3P1/6K1 b - - 1 39,c4d4 e3d4 g7f6 a3a4 f6e6 a4a5,2103,75,93,2068,advantage defensiveMove endgame long quietMove,https://lichess.org/1NSHBOCm/black#78,
FbjSz,4r1k1/2BRbrpp/p3Q3/8/8/8/P1q2PPP/5RK1 w - - 3 20,f1e1 c2f2 g1h1 e7f8 e6f7 f2f7,2107,122,83,17,crushing long middlegame quietMove,https://lichess.org/bkpla0Or#39,
Fbqva,3b4/1p3p2/p1pB4/P3PP2/1P6/5kp1/8/6K1 b - - 0 38,d8g5 d6c5 g3g2 e5e6 f7e6 f5e6,2116,81,91,828,bishopEndgame crushing endgame long quietMove,https://lichess.org/gQsFCEsA/black#76,
FcHoK,5r2/8/8/1p2Nk1p/p1pP1Pp1/P1P1K1P1/1P5P/8 b - - 2 37,f8e8 d4d5 h5h4 e3d4,2125,89,79,27,crushing endgame quietMove short,https://lichess.org/Y9WXI3zZ/black#74,
FdTq3,r7/ppp5/2n2N1k/5p1P/q7/8/PPP1B3/1K1RR3 b - - 0 25,c6b4 e1g1 a4a2 b1c1 a2f7 g1g6 f7g6 h5g6,2179,75,93,1585,crushing exposedKing middlegame quietMove veryLong,https://lichess.org/7TJ4aAx6/black#50,
Fdasq,b7/8/3P2p1/1p2k1P1/p7/P3NrK1/1P1R4/8 w - - 0 52,g3g2 f3e3 g2h2 a8c6 d6d7 c6d7,2137,76,90,1240,crushing discoveredAttack endgame hangingPiece long quietMove,https://lichess.org/7dYvMDWe#103,
FdxhS,8/p7/1p6/2p1k2p/7P/1P4PK/P7/8 w - - 0 40,g3g4 b6b5 h3g3 c5c4,2110,76,94,2849,crushing endgame pawnEndgame quietMove short,https://lichess.org/fNxSDKye#79,
FeKLI,8/RR3pk1/6bp/3B4/2P2rPK/1P2r3/8/8 w - - 0 59,c4c5 f4f2 b7f7 g6f7 a7f7 f2f7,2128,81,80,47,crushing endgame long quietMove,https://lichess.org/3se6mcCr#117,
FeRPy,3r3k/6p1/1BQ2p1p/p2B4/2P5/1R1Pp1P1/P1KbP2P/q7 w - - 6 35,b3b1 a1c3 c2d1 d2c1 b6a5 c3a5,2111,92,87,23,crushing long middlegame quietMove,https://lichess.org/odRbO51s#69,
Fedsh,8/8/1N1b4/p1p5/2Pp1kp1/1P1P4/P3RP1r/6K1 w - - 4 47,b6d5 f4f3 e2e6 h2g2 g1f1 g2f2 f1e1 d6g3 e6f6 f3g2,2153,77,83,245,advantage defensiveMove endgame quietMove veryLong,https://lichess.org/HBBWFnHA#93,
Fehx6,8/p1R5/2p3pk/3b3p/4NP2/P3K2P/2r3P1/8 b - - 4 35,c2a2 e4f6 g6g5 f4f5 g5g4 h3h4,2188,78,88,294,crushing defensiveMove endgame long quietMove,https://lichess.org/kZdPh4g3/black#70,
FejnS,4B3/b7/P7/5p2/7P/4k3/5pK1/8 b - - 2 63,f5f4 h4h5 e3e2 e8b5,2127,81,77,50,bishopEndgame crushing endgame quietMove short,https://lichess.org/amNdykJ8/black#126,
FewNK,8/pk4p1/2p5/P4p2/2P2P2/1P3Q1P/1q1r2K1/5R2 w - - 0 35,f1f2 d2f2 f3f2 b2f2 g2f2 c6c5 f2e3 b7a6 e3d3 a6a5,2188,76,94,1436,crushing endgame fork quietMove veryLong,https://lichess.org/l5PQ4SgG#69,
FfB9G,8/6p1/p2Ppk2/1p5p/1P6/P5PK/7P/8 w - - 1 39,h3h4 g7g6 d6d7 f6e7 d7d8b e7d8,2113,86,92,473,crushing endgame long pawnEndgame quietMove,https://lichess.org/CV7vvmFx#77,
FfEwk,4b3/p3k3/1p3pp1/1P2P3/3K1P1P/8/2B5/8 b - - 4 45,e8d7 c2g6 d7b5 h4h5 f6e5 d4e5,2112,75,85,72,bishopEndgame crushing endgame long quietMove,https://lichess.org/nKBut45H/black#90,
Ffayh,8/1p6/p2R2k1/5N2/P5P1/6K1/1Pr2r2/8 b - - 5 38,g6g5 f5h4 f2f6 d6d5 g5h6 g4g5 h6g7 g5f6,2183,74,92,3018,advantage endgame fork quietMove veryLong,https://lichess.org/c6DfikCa/black#76,
Fff4S,r4r2/1p2Q2k/p4p1p/3PpR2/P3P1q1/6P1/1P4K1/R7 b - - 1 29,h7g6 a1f1 g4e4 g2h3 e4f5 f1f5,2110,75,88,201,crushing defensiveMove endgame long master quietMove,https://lichess.org/NL3zGmcL/black#58,
FfkST,3r1b2/p1k1pp2/3p3p/2pP4/1PP3np/5NPq/P3QP1P/1R3RK1 w - - 0 19,g3h4 f8g7 b1b3 g7e5 g1h1 g4h2,2191,86,88,65,advantage long middlegame quietMove,https://lichess.org/bhiHDVXw#37,Old_Indian_Defense Old_Indian_Defense_Other_variations
FfvDq,6r1/8/5p1k/1R3K1P/5P2/8/8/8 b - - 18 57,h6h5 b5b1 h5h6 b1h1 h6g7 h1g1 g7f7 g1g8 f7g8 f5f6,2132,124,88,43,crushing endgame master quietMove rookEndgame veryLong,https://lichess.org/z8sShSF9/black#114,
FgMLz,2r3k1/1pp5/3p4/P2Pbr1p/2P1N1pq/3Q1p1P/P4PP1/1R3RK1 w - - 0 25,e4g3 f5f6 g3f5 h4g5,2191,110,46,30,advantage middlegame quietMove short,https://lichess.org/xRVE6dos#49,
FgVeA,8/1N1K4/8/2p3p1/1pP1P1P1/1P3k2/P4b2/8 w - - 0 42,b7c5 f2c5 d7c6 c5e7 e4e5 f3g4,2128,89,81,35,advantage endgame hangingPiece long quietMove,https://lichess.org/AZBsLARu#83,
FglNr,8/pp4RR/2kpp3/3p4/3P2P1/2P1P3/Prr5/3K4 b - - 5 27,b7b6 a2a4 c2d2 d1e1 d2e2 e1f1 e2f2 f1g1 f2g2 g1h1 g2h2 h7h2,2179,75,86,531,crushing endgame quietMove rookEndgame veryLong,https://lichess.org/eZGRnOIZ/black#54,
FhEh6,4r1k1/pp2R1bp/2q2pp1/3p4/2pP1B2/2PbQ2P/PP3PPN/6K1 b - - 2 21,g8f8 f4d6 e8e7 e3e7,2115,76,86,399,crushing master masterVsMaster middlegame quietMove short,https://lichess.org/x6Rc054P/black#42,
FhnF9,4R1Q1/2r3pp/3q3k/2r2p1P/8/4PBP1/5P2/6K1 b - - 2 39,d6d7 e8e6 h6g5 f3e2 d7e6 g8e6,2137,112,33,24,crushing endgame long quietMove,https://lichess.org/e8WMEn5q/black#78,
FiMMk,8/8/2p5/2Ppkppp/1p6/1P2KPPP/2P5/8 w - - 0 39,e3d3 d5d4 d3c4 f5f4 g3g4 h5h4 c4b4 e5d5,2171,158,33,12,advantage endgame pawnEndgame quietMove veryLong zugzwang,https://lichess.org/hlk0L9Sr#77,
FiQ1B,8/8/p7/1p3K1p/2P4k/1P6/P7/8 b - - 0 47,h4g3 c4c5 h5h4 c5c6 h4h3 c6c7 h3h2 c7c8q h2h1q c8c3,2145,77,89,52,advancedPawn crushing endgame pawnEndgame promotion quietMove veryLong,https://lichess.org/GpmFfGpH/black#94,
FiSfS,6k1/p4pb1/4p1p1/8/3P3p/3QP2P/R5PK/4q3 w - - 0 40,e3e4 g7h6 g2g3 h6e3,2122,122,82,15,crushing endgame master quietMove short,https://lichess.org/NNHrzfCb#79,
FiYBc,1Q2R3/5ppk/7p/8/2b2N2/7P/r4qPK/8 b - - 1 39,g7g6 b8e5 f2f4 e5f4,2112,267,82,3,crushing endgame quietMove short,https://lichess.org/Oy7nz1vJ/black#78,
Fidj7,r4rk1/p1pq1pbp/2p2np1/4p3/Q1P5/2N3PP/PP2PP2/R1B2RK1 w - - 2 13,f1d1 d7h3 a4c6 e5e4 c3e4 f6g4,2151,77,89,522,crushing long master middlegame quietMove,https://lichess.org/fRJu9Ssu#25,Kings_Indian_Defense Kings_Indian_Defense_Fianchetto_Variation
FjUVg,2r3k1/2q2p2/4p1p1/3pP3/1bPBnP1p/1N1Q3P/6P1/2R3K1 w - - 0 30,c4d5 c7c1 b3c1 c8c1 g1h2 e4g3 d3g3 h4g3,2106,74,94,9117,crushing middlegame quietMove veryLong,https://lichess.org/bFQ8dbER#59,
FjXFZ,8/8/8/1p3p2/2bk4/4R3/5K2/8 w - - 6 58,e3e8 b5b4 f2f3 b4b3 e8b8 d4c3 f3f4 c4d3,2111,79,87,59,crushing defensiveMove endgame quietMove veryLong,https://lichess.org/U1jxMHzE#115,
FjZIH,8/1p4p1/p1p4p/2P5/1P1PKb2/P5P1/7k/8 w - - 0 40,g3f4 h2g3 a3a4 h6h5 d4d5 c6d5,2112,74,81,119,crushing endgame long pawnEndgame quietMove,https://lichess.org/LbZm1JeZ#79,
Fjk37,8/8/8/3pk3/7P/5K2/8/8 b - - 3 52,e5d4 f3f4 d4c3 h4h5 d5d4 h5h6 d4d3 h6h7 d3d2 h7h8q,2171,77,85,78,advancedPawn crushing endgame pawnEndgame promotion quietMove veryLong,https://lichess.org/M6RlwfqN/black#104,
Fk6yb,6k1/2r2ppp/B7/2P5/PP6/8/1K5n/8 b - - 0 32,f7f5 b4b5 c7c5 b5b6,2158,76,88,405,advantage endgame quietMove short,https://lichess.org/WOvVWmbw/black#64,
FkbUK,8/2p5/p1b3kp/5p2/2p2P2/2P1K1NP/PP6/8 b - - 1 37,h6h5 h3h4 c6d5 e3d4,2108,77,89,998,crushing endgame quietMove short,https://lichess.org/kQAnfzVz/black#74,
Fkbsp,8/5p2/1P1k2p1/8/2p1p3/K1P5/2P2r2/6R1 b - - 2 42,e4e3 g1b1 f2h2 b6b7,2167,81,90,1329,advancedPawn crushing endgame quietMove rookEndgame short,https://lichess.org/364yHhFm/black#84,
FktAZ,8/1p2Nb1p/p4p2/2k5/3pK1P1/1P6/P6P/8 b - - 1 42,f7g6 e7g6 h7g6 h2h4 c5d6 e4d4,2186,76,86,190,advantage endgame long quietMove,https://lichess.org/JoRN9KnM/black#84,
Fl5hD,Q4b2/1Q4pk/4p2p/3p1p2/8/2q2P2/5P1P/4K3 w - - 7 42,e1d1 f8b4 b7b4 c3b4,2103,75,90,551,advantage endgame quietMove short,https://lichess.org/i8CGiQli#83,
FlDhk,6rk/R6p/8/8/PP4K1/8/5r1P/1R6 w - - 3 44,g4h3 f2f6 a7a5 f6h6 a5h5 h6h5,2136,82,92,1535,endgame exposedKing long mate mateIn3 quietMove rookEndgame,https://lichess.org/xpKBWhQ5#87,
FlNzn,r3rbk1/1p4p1/p2R2n1/2p2p1q/8/P1P1B1QP/1P3PP1/4R1K1 w - - 0 28,d6g6 f5f4 g6g5 h5f7 g3g4 f4e3,2174,76,91,336,advantage long middlegame quietMove,https://lichess.org/UVij93ci#55,
FlR4d,r4rk1/1p1nbppp/p2ppn2/q7/P2N4/N1P5/1P2QPPP/R1B2RK1 b - - 1 14,a5a4 a3c2 a4a1 c2a1,2130,77,85,74,advantage middlegame quietMove short trappedPiece,https://lichess.org/3vPklcNk/black#28,Sicilian_Defense Sicilian_Defense_Scheveningen_Variation
FlpJk,8/4qpk1/2Qp2p1/2pPp2p/1pPbP2P/1P4PB/5PK1/8 w - - 7 34,c6c8 e7a7 c8d7 a7a2,2111,78,91,4757,crushing endgame master masterVsMaster quietMove short,https://lichess.org/I4KNy3Bn#67,
FlpXj,8/3R4/1p4p1/p5kp/P1P5/4b1PK/3p4/8 w - - 4 45,h3g2 g5g4 d7d5 g6g5 d5d6 h5h4,2118,160,68,9,crushing endgame long quietMove,https://lichess.org/Vl3MANt9#89,
FlsnB,6k1/1p2b3/p3pp1Q/3q4/3P3P/1P2R3/P4PPK/2r5 b - - 4 30,g8f7 e3g3 e7d6 h6c1,2134,84,82,92,advantage discoveredAttack endgame master quietMove short,https://lichess.org/zeia2FcZ/black#60,
Fm8Au,8/8/1p5p/p1p5/P1P2K1k/5P2/8/8 b - - 0 43,h4h3 f4e5 h3g2 f3f4 h6h5 f4f5 h5h4 f5f6 h4h3 f6f7 h3h2 f7f8q h2h1q f8a8 g2g1 a8h1,2112,76,94,187,advancedPawn crushing endgame pawnEndgame promotion quietMove veryLong,https://lichess.org/4bQQliI4/black#86,
FmBp0,5r1k/p3q2p/4p2p/3p4/Q7/2P2n1P/PP2K3/6RR w - - 0 23,g1f1 e7g5 a4c2 g5h5 c2d3 f3e5,2105,152,94,19,advantage discoveredAttack endgame long quietMove,https://lichess.org/G4WHK0HA#45,
FmyFP,4k3/p1qbb2r/8/3p1p2/1rpP3p/5P2/PPBNQ2R/2K3R1 b - - 3 28,e8f7 e2g2 c7g3 g2g3 h4g3 h2h7,2111,114,49,23,crushing long middlegame quietMove,https://lichess.org/rTpOFjKX/black#56,
FnIBY,1k4r1/1p3p2/4p3/3pP2p/P2q2rP/PR4P1/6R1/1Q5K b - - 1 35,d4a7 g2b2 g4g3 b3b7 a7b7 b2b7,2133,81,91,4722,advantage endgame fork long quietMove,https://lichess.org/hmS8rdGm/black#70,
FnOBV,r5k1/5p1p/1R2b1p1/8/8/5N2/P3pPPP/6K1 w - - 0 32,b6b1 a8d8 f3e1 d8d1 b1b8 g8g7 f2f4 d1e1,2141,76,90,884,crushing defensiveMove endgame pin quietMove veryLong,https://lichess.org/3xhH86Ng#63,
FnfWB,8/8/p4pp1/Pp3k2/1P1p3P/3P1K2/2P5/8 b - - 3 40,g6g5 h4h5 g5g4 f3g3 f5g5 h5h6 g5h6 g3g4 h6g6 g4f4 f6f5 f4e5 g6g5 e5d4 g5g4 c2c4,2149,138,33,15,crushing defensiveMove deflection endgame master pawnEndgame quietMove veryLong,https://lichess.org/5tNU1je1/black#80,
Fnodn,8/5p2/6pp/8/2N2P2/1p4P1/1K5k/8 w - - 0 62,c4e5 h2g3 e5f7 h6h5 f7e5 h5h4 e5g6 h4h3,2150,79,83,49,crushing endgame knightEndgame quietMove veryLong,https://lichess.org/5iTS1E6r#123,
FnorG,8/6p1/4P3/5B2/1kb1P3/1p6/1K6/8 b - - 0 56,c4b5 f5g6 b4c4 e6e7,2189,76,97,415,advancedPawn bishopEndgame crushing endgame quietMove short,https://lichess.org/MI6R7z6y/black#112,
FoB0C,8/8/P4R2/1Kp5/5p2/5k2/5bp1/8 w - - 0 55,f6g6 c5c4 a6a7 f2a7,2114,107,73,24,crushing endgame quietMove short,https://lichess.org/rIx5ZteR#109,
FoTqj,8/1p2nq1k/rnp3pP/3pR3/1Q1P4/1P2B3/1KP5/1N6 b - - 4 32,e7f5 b1d2 c6c5 d4c5,2180,125,85,13,crushing middlegame quietMove short,https://lichess.org/uanOZwpU/black#64,
FoiXp,8/8/1p6/1pp1k1p1/p3P1P1/1PP2K2/P7/8 b - - 1 35,c5c4 b3b4 e5f6 f3e3 f6e6 e3d4,2151,75,95,1270,crushing endgame long pawnEndgame quietMove zugzwang,https://lichess.org/GYKAe9AG/black#70,
Fp2aE,8/8/4kp2/1R6/P1P5/1P4p1/1r6/5K2 w - - 2 56,a4a5 f6f5 a5a6 f5f4,2178,82,84,47,advantage defensiveMove endgame quietMove rookEndgame short,https://lichess.org/OSSuX6G6#111,
FpSUJ,8/8/1p6/4p3/P4k1P/1K6/1P6/8 w - - 0 57,b3b4 e5e4 h4h5 e4e3 b4c3 f4f3 h5h6 e3e2 c3d2 f3f2,2115,125,86,21,advancedPawn crushing defensiveMove endgame pawnEndgame quietMove veryLong,https://lichess.org/lUlwUiFx#113,
Fpq1Q,r3r1k1/6p1/6p1/5p1P/5P2/1b2P3/3R1B2/1K5R w - - 0 29,h5g6 e8b8 d2b2 b3d5,2193,76,77,61,crushing endgame quietMove short,https://lichess.org/RLNwrQSR#57,
Fpq4i,8/3K3p/8/2p1k3/2B5/P7/5p2/8 w - - 2 47,d7c6 e5d4 c6b5 h7h5 c4f1 h5h4 a3a4 c5c4,2111,85,91,355,bishopEndgame crushing defensiveMove endgame quietMove veryLong,https://lichess.org/2r5Y4Mf7#93,
FqSJO,r1bqr1k1/pppn1pP1/4p3/3pP2Q/8/2PnP3/PP1N1P1P/R4K1R b - - 3 15,f7f6 h1g1 d3e5 h5h8,2190,81,89,779,crushing middlegame quietMove short,https://lichess.org/9fiqqdiB/black#30,Queens_Pawn_Game Queens_Pawn_Game_London_System
Fqrql,8/p7/5k2/5P2/6P1/1p1N1K2/n7/8 b - - 2 46,a2b4 d3b4 b3b2 b4d5 f6e5 d5c3 e5d4 c3b1,2147,76,82,282,crushing defensiveMove endgame exposedKing hangingPiece knightEndgame master quietMove veryLong,https://lichess.org/WHIwtdB4/black#92,
Fqvgg,r2qkbnr/2pb1pp1/p1Q4p/1p2p3/4P3/2PBB3/PP1N1PPP/R4RK1 w kq - 2 13,c6b7 g8e7 a2a4 d7c6,2167,79,90,1042,advantage middlegame quietMove short,https://lichess.org/UpcJIHEH#25,Danish_Gambit Danish_Gambit_Other_variations
FrJ6x,8/6pk/4Q3/1p1p4/6P1/2Pq1PKP/8/8 w - - 3 42,e6f5 d3f5 g4f5 d5d4 c3d4 b5b4 d4d5 h7g8,2132,81,90,767,crushing defensiveMove endgame queenEndgame quietMove veryLong,https://lichess.org/U6wmnNYg#83,
Fs5DS,8/8/8/pppK4/8/2P1k3/P1P5/8 b - - 5 43,c5c4 d5c5 e3d2 c5b5 d2c3 a2a4 c3d4 b5a5,2145,78,92,342,crushing endgame pawnEndgame quietMove veryLong,https://lichess.org/uXkJyqPx/black#86,
FsS81,5bk1/r6p/2p1qPp1/p2pP3/3P3Q/1r2BR2/2B3P1/6K1 b - - 7 37,b3c3 c2g6 h7g6 f3h3 e6h3 h4h3,2137,81,66,74,advantage long middlegame quietMove sacrifice,https://lichess.org/DQFlTv5s/black#74,
Ft1d7,8/ppp4p/3k4/5p2/1P1K1P2/2P4P/P7/8 b - - 0 29,b7b6 b4b5 c7c5 b5c6 d6c6 d4e5,2117,75,98,339,crushing enPassant endgame long pawnEndgame quietMove,https://lichess.org/ACuhOJ15/black#58,
FtJPr,4B3/2k5/4p1p1/p1PpP1Pp/3P1K1P/3b4/8/8 w - - 0 44,e8f7 a5a4 f4e3 a4a3 e3d3 a3a2,2175,78,90,1444,advancedPawn bishopEndgame crushing endgame long quietMove sacrifice,https://lichess.org/QYCpwTca#87,
FtP13,3r2k1/7p/p3Rpp1/1p3r2/8/P1R2P2/1P3P1P/7K w - - 8 29,e6a6 d8d1 h1g2 f5g5 g2h3 d1g1 c3c8 g8g7 a6a4 b5a4,2139,75,81,410,crushing endgame quietMove rookEndgame veryLong,https://lichess.org/qiZFQLAb#57,
FuB5b,2r4k/p5p1/7p/1P2p3/8/P2p4/1K4R1/8 b - - 1 33,c8c2 g2c2 d3c2 a3a4 h6h5 a4a5 h5h4 b5b6,2173,80,81,36,crushing endgame quietMove rookEndgame veryLong,https://lichess.org/YJ2IYmmm/black#66,
FuZvh,4Qbk1/p3pp2/1p4p1/3q3p/8/1P3NP1/P1r1PP1P/4R1K1 b - - 7 26,c2a2 e1c1 a2c2 c1c2 d5d1 f3e1,2154,79,83,45,advantage endgame long quietMove,https://lichess.org/diLQLtX8/black#52,
FulIH,8/5p2/3kp1p1/1p4Pp/3P4/1P1K2P1/5P2/8 b - - 0 38,d6d5 f2f4 b5b4 d3e3,2119,79,88,1005,crushing defensiveMove endgame master pawnEndgame quietMove short,https://lichess.org/yQbTvauU/black#76,
Fuo7l,8/8/1p4PK/p1k1b3/P1P1Bp2/8/8/8 w - - 5 64,e4d5 b6b5 a4b5 a5a4 g6g7 e5g7,2193,77,85,100,bishopEndgame crushing endgame long quietMove,https://lichess.org/3PhSZWxf#127,
Fuuxj,7r/6kP/2pP4/1p2p1pR/p3Kp2/P1P5/1P6/8 b - - 3 40,g7g6 h5h1 g5g4 d6d7,2182,80,91,1267,advancedPawn crushing endgame quietMove rookEndgame short,https://lichess.org/O53IH5H7/black#80,
Fv2T9,6r1/3kP3/2pB4/p1P2K2/6P1/8/P7/8 b - - 0 44,a5a4 g4g5 g8h8 g5g6 h8h1 g6g7,2161,78,89,224,advancedPawn crushing endgame long quietMove,https://lichess.org/AyVSOHBk/black#88,
FvRZk,8/8/p1k3pp/P1p2p2/2Kp1P2/1P4PP/2P5/8 w - - 1 39,h3h4 h6h5 b3b4 c5b4 c4b4 c6d5 b4b3 d5c5,2172,78,79,61,crushing defensiveMove endgame pawnEndgame quietMove veryLong zugzwang,https://lichess.org/IsEroDfC#77,
FvUcy,8/8/1k2p3/6p1/4P1P1/1P1NKP1p/6b1/8 w - - 0 61,d3f2 e6e5 f2h3 g2h3,2171,80,82,156,crushing endgame quietMove short,https://lichess.org/B7H6kVzy#121,
FvVV9,r2r3k/4R1p1/2b2nP1/p4Q1P/8/1PqB4/P1P5/1KR5 b - - 0 31,d8d5 h5h6 d5f5 h6g7 h8g8 d3f5 c6d5 c1h1 f6h5 h1h5,2137,101,78,115,advancedPawn crushing middlegame quietMove sacrifice veryLong,https://lichess.org/3FTuqGtA/black#62,
Fvbeq,8/1P2k3/1K6/5ppp/8/6PP/r3p3/2R5 b - - 5 46,f5f4 c1b1 a2b2 b1b2 e2e1q b7b8q,2157,80,92,5405,advancedPawn crushing endgame long promotion quietMove rookEndgame,https://lichess.org/51AVz7ZG/black#92,
FveMI,5rk1/7p/3p2p1/p1pP4/PpP3nq/1P4Q1/3R1PP1/3B2K1 b - - 4 36,h4g5 d2d3 f8f4 f2f3 g5f6 f3g4,2139,91,83,28,advantage endgame long quietMove,https://lichess.org/pA9thptK/black#72,
Fvr4Z,8/pQ3pkp/1p3npr/8/2P5/5P2/PP2BqPP/2RR3K w - - 3 27,e2f1 f6h5 b7c7 h5g3 c7g3 f2g3,2151,76,91,1335,advantage kingsideAttack long middlegame pin quietMove,https://lichess.org/0FTljhPE#53,
FvvJf,3r2k1/pp3p1p/3p2pB/5q2/8/4R1P1/bP1Q1P1P/6K1 b - - 1 29,a2e6 d2c3 f7f6 c3c7 f5b1 g1g2 e6h3 g2h3,2164,76,94,2520,crushing defensiveMove endgame quietMove veryLong,https://lichess.org/ptVk8DzM/black#58,
FwH2C,5rk1/5p2/1p5R/6pp/5p1q/5Q2/P4P1P/7K b - - 1 33,h4g4 f3d3 f8c8 d3h7 g8f8 h7h8,2186,74,90,848,crushing endgame long quietMove,https://lichess.org/tRnaw6oX/black#66,
FwQmI,r5r1/1p2bk1p/2p3q1/p2np3/3p2P1/3P1P1P/PPPQNB2/R3K2R w KQ - 0 21,e1c1 e7g5 f3f4 d5f4 c1b1 f4g2 d2g5 g6g5,2193,94,87,45,crushing middlegame pin quietMove trappedPiece veryLong,https://lichess.org/E3QLXQGJ#41,
FwVqz,8/p7/8/1ppk4/8/P1K5/1PP5/8 w - - 0 39,b2b4 c5c4 c3d2 d5d4 c2c3 d4e4,2163,77,82,60,crushing defensiveMove endgame long pawnEndgame quietMove zugzwang,https://lichess.org/PXcUkKsY#77,
FwbIQ,8/8/8/2p2b2/P1p2P2/2B4p/1Pk4K/8 b - - 0 46,c2b3 a4a5 f5c8 a5a6 c8a6 h2h3,2199,80,86,42,bishopEndgame crushing deflection endgame long quietMove,https://lichess.org/a14TJgB2/black#92,
FwdOO,8/p7/1pp5/7p/3P1pk1/2P5/PP3KP1/8 w - - 0 49,b2b4 b6b5 c3c4 b5c4,2154,75,96,484,crushing endgame pawnEndgame quietMove short,https://lichess.org/oluHz7Qs#97,
FwrBV,8/6b1/3pk3/4p1p1/2P1K3/5PPN/8/8 b - - 8 49,g7h6 g3g4 d6d5 c4d5,2138,76,91,517,crushing endgame quietMove short zugzwang,https://lichess.org/g9ucq3Yb/black#98,
Fwu0w,r7/7k/4P1p1/2P5/p2R3p/1r6/7P/6BK b - - 0 42,a4a3 d4h4 h7g8 g1d4 b3b1 h1g2,2187,78,86,402,crushing endgame long quietMove,https://lichess.org/4dmO1eac/black#84,
FwuZj,2r5/3k1p2/p3p3/3p3P/3N4/pPqPQ3/K4P2/1R6 w - - 5 33,a2a3 c8c5 d4b5 c5b5,2184,80,80,67,crushing endgame quietMove short,https://lichess.org/iCExLkcm#65,
Fx4UV,8/8/5p1p/2pk4/5PPp/4PK2/1P6/8 w - - 0 41,e3e4 d5d4 f4f5 c5c4 f3f4 h4h3,2156,107,52,17,crushing defensiveMove endgame long pawnEndgame quietMove,https://lichess.org/RBRBXzch#81,
FxY7K,r1bq1r1k/pp4pB/4p3/2Pp2N1/7P/8/P4PP1/b2QR1K1 b - - 1 19,a1f6 d1h5 f6g5 h4g5 d8g5 h5g5,2122,79,81,59,crushing long middlegame quietMove,https://lichess.org/b1Cx2JIb/black#38,French_Defense French_Defense_Tarrasch_Variation
FxhAV,8/4Q2p/6p1/4pb1k/8/1P6/1pP2PPP/r4RK1 w - - 5 29,g2g3 a1f1 g1g2 f1g1 g2f3 g6g5 e7e8 f5g6 e8c8 g5g4 c8g4 h5h6 g4h4 g6h5,2154,135,33,24,crushing endgame quietMove veryLong,https://lichess.org/Bxa7wXWJ#57,
FxrYG,6k1/p4r2/2p3p1/7p/3P2bP/3N2P1/PP1bp3/R3R1K1 w - - 2 31,d3e5 d2e3 g1h1 f7f2 e5g4 h5g4,2124,80,84,47,advantage endgame long quietMove,https://lichess.org/ldIGwmLS#61,
FxztK,8/1p3k2/p6P/6K1/6P1/8/8/8 b - - 0 48,a6a5 g5f5 a5a4 g4g5 a4a3 g5g6 f7g8 f5f6 a3a2 h6h7 g8h8 g6g7 h8h7 f6f7 h7h6 g7g8q,2163,77,96,1473,advancedPawn crushing endgame exposedKing pawnEndgame promotion quietMove veryLong,https://lichess.org/mFj7m3vg/black#96,
FyGFg,8/8/8/p2P1pkp/1p5p/1P3P1K/P7/8 b - - 0 43,g5f6 f3f4 f6e7 h3h4 e7d6 h4h5,2109,77,92,859,crushing endgame long pawnEndgame quietMove,https://lichess.org/NMwl5ygX/black#86,
FyIGK,6k1/2qQ1p2/p1P2Ppp/2B1b3/1Pp5/7P/8/7K b - - 1 41,c4c3 d7e8 g8h7 c5e7 e5f6 e7f6,2188,111,72,16,crushing endgame long quietMove,https://lichess.org/odxnZH8V/black#82,
FyL0H,8/n1Pk3p/N1P2pp1/p2K4/8/7P/6P1/8 b - - 0 46,d7c8 d5c5 a5a4 c5b6 a4a3 a6b4 a7b5 b6b5,2177,78,92,173,crushing endgame knightEndgame quietMove trappedPiece veryLong,https://lichess.org/1r24CD0r/black#92,
FyhO0,8/1K6/5B2/2p5/8/kp6/8/8 w - - 0 48,b7b6 a3b4 b6c6 c5c4 c6d5 c4c3,2192,75,93,1927,bishopEndgame crushing endgame long quietMove,https://lichess.org/i7YVp1oA#95,
FypVM,8/5p2/2p5/2PpK3/6k1/4P3/6P1/8 b - - 5 41,g4g3 e5d6 f7f5 d6c6 f5f4 e3f4 d5d4 f4f5 d4d3 f5f6 d3d2 f6f7 d2d1q f7f8q,2150,74,75,109,advancedPawn crushing endgame pawnEndgame promotion quietMove veryLong,https://lichess.org/n2mSeayg/black#82,
FytKx,5rk1/3Q1p1p/p5p1/2N5/2P5/1P5P/P1qb4/5R1K w - - 0 38,a2a4 d2f4 f1f4 c2c1 h1g2 c1f4,2148,76,93,4331,attraction crushing endgame exposedKing fork long quietMove sacrifice,https://lichess.org/sAI4U633#75,
G0PT2,8/8/3k4/P5p1/1K6/8/8/8 w - - 1 64,b4b5 g5g4 a5a6 d6c7 a6a7 c7b7 a7a8q b7a8,2197,79,90,140,crushing endgame master pawnEndgame quietMove veryLong,https://lichess.org/saTA0rsl#127,
G0aAn,8/b2B4/Pp3p2/5K2/8/6k1/8/8 b - - 8 53,g3f3 d7b5 f3e3 f5e6 e3d4 e6d6 a7b8 d6c6,2186,115,85,51,bishopEndgame crushing defensiveMove endgame master quietMove veryLong,https://lichess.org/tEoKowSn/black#106,
G1XLz,8/2p5/1p1p4/3PB3/P1P1k1p1/1P4Rr/5K2/8 b - - 0 46,e4e5 g3h3 g4h3 b3b4 h3h2 f2g2,2118,76,92,270,crushing endgame long master quietMove rookEndgame,https://lichess.org/YPoZgozo/black#92,
G1e0L,5rk1/p2p2p1/1p6/8/4qP2/1P4Pp/P2R3P/5QK1 w - - 5 30,d2d7 f8c8 d7d2 e4e3,2133,107,78,13,crushing endgame quietMove short,https://lichess.org/m7WaPO3S#59,
G1jtA,2r5/pk1q4/6p1/1p3p1p/1Bn1p2P/3p2P1/2R1QP2/3R2K1 w - - 0 39,e2e1 c4e5 c2c8 e5f3 g1h1 f3e1,2152,111,85,16,crushing fork long middlegame quietMove sacrifice,https://lichess.org/lobiur8R#77,
G1mbr,7r/1kR1ppb1/p7/6pp/1P6/P2qPN1P/3N1KPB/8 b - - 0 29,b7b6 d2c4 b6b5 c7c5 b5a4 f3d2 d3d2 c4d2,2121,110,84,28,advantage middlegame quietMove veryLong,https://lichess.org/mj6J9IM1/black#58,
G1rkU,8/2p2p2/p3p3/P1P3p1/5k2/1P1K4/8/8 b - - 0 46,f7f5 b3b4 g5g4 b4b5 a6b5 a5a6 g4g3 d3e2 g3g2 e2f2,2192,80,63,64,crushing endgame pawnEndgame quietMove veryLong,https://lichess.org/xgR1Zycq/black#92,
G1tTa,8/3kb3/1p3p2/1P1Kp3/P3P3/4N3/8/8 b - - 6 48,e7d8 e3f5 d8e7 f5e7,2182,96,86,439,crushing endgame master quietMove short zugzwang,https://lichess.org/fF8tga5p/black#96,
G2Yuy,8/p7/1pR2k2/6p1/1P4K1/2P3P1/4r3/8 b - - 2 38,e2e6 c6e6 f6e6 b4b5 e6f6 g4h5,2183,111,100,16,crushing endgame long quietMove rookEndgame,https://lichess.org/zMSuMgT7/black#76,
G31ZY,4r1k1/1p3pp1/pp4r1/1P6/P1PP1Pqp/B2Q2P1/6RK/R7 w - - 0 30,a1g1 g6h6 g1f1 h4g3 h2g1 h6h3 d3f3 g4h4,2198,116,65,26,crushing doubleCheck middlegame quietMove veryLong,https://lichess.org/6LkXyfHa#59,
G38S2,8/8/8/4p1K1/p2k4/N7/8/8 w - - 0 69,g5g4 e5e4 a3b1 d4d3,2147,80,86,62,crushing defensiveMove endgame knightEndgame quietMove short,https://lichess.org/AzsiqnTJ#137,
G3Ghh,8/1pp3pk/3pN1p1/1P1Pb1P1/2P4K/8/5n2/B7 w - - 2 41,e6c7 e5a1 c4c5 d6c5 d5d6 a1e5 c7e8 e5c3 d6d7 c3a5,2188,184,81,9,crushing defensiveMove endgame hangingPiece quietMove veryLong,https://lichess.org/luPHYOfe#81,
G3vBH,3r3k/Q4p1p/4p3/5pq1/3P4/2P5/Pr3PP1/R4RK1 w - - 1 23,a1b1 d8g8 g2g3 b2f2,2149,91,79,39,advantage endgame quietMove short,https://lichess.org/NpfFVCuR#45,
G4IZr,k2r3r/p4pp1/PpP1p3/3p3q/6pP/4Q1P1/5P2/3RR1K1 b - h3 0 33,g4h3 c6c7 d8d6 d1c1 h3h2 g1g2 d6c6 g2h1 c6c1 e1c1,2176,92,82,29,advancedPawn crushing defensiveMove endgame quietMove veryLong,https://lichess.org/WV58WG3R/black#66,
G4tBF,1r1r2k1/2R2p1p/4b1p1/4Q3/1p6/5BP1/3qPP1P/R5K1 w - - 2 25,a1a7 e6h3 e5g7 g8g7 c7f7 g7h6,2191,76,85,219,crushing defensiveMove long middlegame quietMove,https://lichess.org/5roVxpO4#49,
G5VXe,8/8/2k5/1pPp3p/p2P4/P1K4P/3B4/6n1 b - - 7 60,g1h3 d2e3 c6b7 c3b4 b7a6 c5c6 a6b6 c6c7 b6c7 b4b5 c7d7 b5a4,2188,100,86,23,advancedPawn crushing deflection endgame quietMove veryLong,https://lichess.org/oHtsKm7c/black#120,
G5XBE,8/4R3/8/1P6/5p2/2pk1b2/P3p2P/4K3 w - - 0 44,b5b6 c3c2 e7c7 f3b7 c7c2 d3c2 e1e2 c2c3,2149,221,-69,4,advancedPawn crushing defensiveMove endgame quietMove veryLong,https://lichess.org/fMCpG9Yo#87,
G5dxK,8/8/p3kb1p/1pq1p3/6pP/1P1QP1B1/1PP2PP1/6K1 w - - 5 38,d3c3 c5c3 b2c3 a6a5 c3c4 a5a4 c4b5 a4a3,2192,108,79,26,crushing endgame quietMove veryLong,https://lichess.org/BXdDbUu0#75,
G5gA7,8/8/4npp1/B1p1k2p/n3P2P/4K3/2P1N1P1/8 w - - 0 40,e2c3 a4b2 e3f2 b2c4,2154,88,84,28,crushing endgame quietMove short,https://lichess.org/WOtXlejw#79,
G6Exu,2kr2r1/1ppb1qp1/pbn1p1Np/3pP2Q/1P1P1p2/2P3B1/P2N2PP/R4RK1 w - - 0 19,g3f4 d7e8 f4g5 f7g6 h5g6 e8g6,2186,78,85,198,advantage long middlegame quietMove,https://lichess.org/D0O6lrwd#37,French_Defense French_Defense_Advance_Variation
G6Oia,rnb1r1k1/ppp1qppp/3p4/8/1bPP2n1/2N2N2/PPQBBPPP/R4K1R b - - 1 11,c8f5 c2f5 b4c3 e2d3 g7g6 f5g4,2171,82,82,72,advantage long middlegame quietMove,https://lichess.org/9BDcfsrD/black#22,English_Opening English_Opening_Kings_English_Variation
G6Qcr,4r3/1pPk4/pP6/2PK4/1P2PB2/7p/8/8 b - - 2 45,d7c8 e4e5 e8f8 e5e6 f8f5 d5e4,2181,102,55,22,crushing defensiveMove endgame long quietMove,https://lichess.org/Wi63f0Df/black#90,
G6mgi,3r2k1/1p3pp1/1p1P4/8/Q1P5/5q1P/PP3P1P/3R1K2 w - - 0 31,a4c2 d8e8 f1g1 e8e2 c2e2 f3e2,2186,86,77,61,advantage endgame long quietMove,https://lichess.org/G4Jarv6V#61,
G7K28,r1bqk2r/ppp1np1p/4p1p1/8/5B2/3P1N2/P2N1PPP/Q4RK1 b kq - 0 12,h8g8 d2e4 e7d5 f4g5 f7f6 g5f6,2142,82,87,40,advantage long middlegame quietMove,https://lichess.org/fdrFxiTp/black#24,Modern_Defense Modern_Defense_Other_variations
G7TOk,8/5p2/6pp/1p1k3P/1K4P1/P7/8/8 w - - 0 44,b4b5 g6h5 g4h5 f7f5 b5b4 d5d4,2128,76,89,328,crushing defensiveMove endgame long pawnEndgame quietMove,https://lichess.org/k5nqDAeS#87,
G7TpS,8/7p/2p1K3/2k2p2/6P1/5P2/5P2/8 b - - 0 37,f5g4 f3f4 c5d4 f4f5 h7h5 f5f6 g4g3 f2g3,2146,77,86,58,crushing endgame pawnEndgame quietMove veryLong,https://lichess.org/hQoE7IKu/black#74,
G7UzD,8/8/1bpk4/p3p1p1/P3Pp1p/1KP2P1P/6P1/4B3 b - - 4 42,b6c5 c3c4 c5b6 c4c5 b6c5 e1a5,2138,77,88,503,advantage bishopEndgame deflection endgame long master quietMove,https://lichess.org/SKpdtVt4/black#84,
G7kvo,5k2/7p/3P3b/2p2K2/8/1P2P1p1/8/5B2 b - - 1 45,f8e8 e3e4 g3g2 f1g2,2133,75,73,99,bishopEndgame crushing endgame quietMove short,https://lichess.org/iWGN2LgK/black#90,
G8VfC,r3k2r/ppp1qp1p/2np2p1/4p3/2B1P1b1/2NP1N2/PPP2P2/R2Q1RK1 w kq - 0 12,g1g2 c6d4 c3d5 e7d8 f3d4 g4d1,2130,93,52,22,advantage long middlegame quietMove,https://lichess.org/9cdWmdv9#23,Bishops_Opening Bishops_Opening_Other_variations
G8ZZj,8/8/5p1N/4b1pP/4k1P1/8/K7/8 b - - 0 56,e4f4 h6f5 f4g4 h5h6 g4f5 h6h7 f5f4 h7h8q,2184,128,82,11,advancedPawn crushing endgame promotion quietMove sacrifice veryLong,https://lichess.org/vR4FqlPE/black#112,
G8emK,8/8/8/5p1p/4p2P/5PP1/4K3/6k1 b - - 0 46,g1g2 f3e4 f5e4 g3g4 h5g4 h4h5 g4g3 h5h6 g2h2 h6h7 g3g2 h7h8q,2136,78,91,141,advancedPawn crushing endgame pawnEndgame promotion quietMove veryLong,https://lichess.org/LIfe5bR4/black#92,
G8j7u,8/8/2p3p1/2P3P1/3k1K2/8/5P2/8 b - - 1 44,d4c5 f4e5 c5b4 f2f4 c6c5 f4f5 c5c4 f5f6 b4b3 f6f7,2116,79,89,739,advancedPawn crushing endgame pawnEndgame quietMove veryLong,https://lichess.org/AbpGkL1D/black#88,
G8mDO,6r1/1Q3pk1/4p3/4Pp2/4p3/6qP/PP3RP1/6K1 w - - 3 38,b7e7 g8c8 e7f6 g7g8,2137,118,82,17,crushing defensiveMove endgame master quietMove short,https://lichess.org/LhwmlDax#75,
G9An3,4r3/8/8/1kp5/p3NK1P/2P5/1P6/8 b - - 0 46,b5c4 e4d6 c4b3 d6e8 b3b2 e8d6 b2b3 d6b5,2198,76,97,464,crushing defensiveMove endgame fork master quietMove veryLong,https://lichess.org/QslDcWSz/black#92,
G9dMk,k2r3r/P2qb3/QB2pp2/3p4/2n5/2P1P2p/5Pp1/RR4K1 b - - 1 34,d8g8 b6c7 h3h2 c7h2 e6e5 b1b8,2123,75,86,281,advantage long middlegame quietMove,https://lichess.org/1zLsI5I2/black#68,
GA7K2,3n4/8/3kP3/p7/2B5/1P6/1K6/8 b - - 6 59,d8e6 c4e6 a5a4 b3b4 d6e6 b2a3 e6d7 a3a4 d7c7 a4a5 c7b7 a5b5,2164,74,85,129,crushing defensiveMove endgame master quietMove veryLong zugzwang,https://lichess.org/29wO07rL/black#118,
GAE3d,r3r3/ppp3pk/2bp1q1p/2b2R2/2P4N/5NQ1/P4PPP/5RK1 b - - 10 26,f6b2 g3g6 h7h8 f3g5 h6g5 g6h5,2118,77,97,301,crushing long middlegame quietMove sacrifice,https://lichess.org/YsnkqrYL/black#52,
GB93a,8/6bk/4p3/2P1p3/8/3Q2Pq/PP3r1p/R6K b - - 4 30,h7h6 d3e3 f2f4 a1e1 h6g6 g3f4,2174,79,72,119,crushing endgame fork long quietMove,https://lichess.org/cXTq2oNh/black#60,
GBJwD,r5k1/pp4pp/4br2/3p3q/4p1n1/1BN3B1/PP2QPP1/R4RK1 w - - 7 19,c3d5 f6h6 d5f6 g7f6 e2g4 h5g4 b3e6 g4e6,2175,75,93,1859,crushing middlegame quietMove veryLong,https://lichess.org/QiWneEme#37,Latvian_Gambit Latvian_Gambit_Other_variations
GBhiO,8/1QP5/4pkp1/p6p/8/1P3P2/3q1KPP/8 w - - 3 44,f2g3 d2e1 g3h3 g6g5 b7e4 g5g4 e4g4 h5g4,2148,78,95,317,crushing endgame queenEndgame quietMove veryLong,https://lichess.org/N4bvmcri#87,
GBlXY,8/8/8/3Bp3/Kp2P3/b1k5/8/8 b - - 13 61,b4b3 a4a3 b3b2 d5a2 c3d4 a2b1,2165,77,95,1080,bishopEndgame crushing defensiveMove endgame hangingPiece long quietMove,https://lichess.org/sGNyK80K/black#122,
GC38r,8/8/p6p/2pk1p2/5P1P/P2K4/1P6/8 w - - 0 38,b2b4 c5b4 a3b4 h6h5 d3c3 d5e4,2175,78,90,1964,crushing endgame long pawnEndgame quietMove zugzwang,https://lichess.org/4Y8kdUUT#75,
GC7aV,1r6/2rP1bkp/R4pp1/8/B7/K5P1/3R3P/8 w - - 7 49,d2d3 c7c1 a4b3 c1a1 a3b2 a1a6,2102,77,75,59,crushing endgame exposedKing long master masterVsMaster quietMove skewer,https://lichess.org/LlhzBOAU#97,
GCJiP,r2r1n1k/1b2np2/p3p2p/1pq1P2Q/4R3/2P2N2/P1B2PPP/R5K1 b - - 1 24,h8g7 e4h4 g7g8 h5h6 e7g6 c2g6,2102,95,43,34,advantage long middlegame quietMove,https://lichess.org/l9mnHgo5/black#48,
GCQcv,r3Bk2/1pq1b1pp/p3Qn2/6N1/8/5P1P/PP3PP1/R1n3K1 b - - 1 21,e7d6 e8d7 c7d7 g5h7 f6h7 e6d7,2144,75,89,132,crushing deflection long middlegame quietMove sacrifice,https://lichess.org/Zg4qTR4V/black#42,
GCbHO,1b6/8/KPk5/5pB1/4p2P/8/8/8 b - - 0 44,f5f4 h4h5 f4f3 g5e3 b8f4 b6b7 f4e3 b7b8q,2144,75,94,857,advancedPawn bishopEndgame crushing endgame promotion quietMove veryLong,https://lichess.org/DvhAikAf/black#88,
GD59k,r4k2/pp3p1R/2p5/8/P1P5/3Br2P/1B5K/8 b - - 0 28,e3d3 b2f6 f8e8 h7h8 e8d7 h8a8,2158,74,95,7350,advantage endgame long quietMove skewer,https://lichess.org/7IvQHtZa/black#56,
GDUqz,1r3rk1/3q1p2/2np2p1/7p/1nQ1PN1P/2N3P1/1P4K1/1R3R2 b - - 2 26,b4c2 c3d5 c2e3 d5e3,2142,77,80,179,crushing middlegame quietMove short,https://lichess.org/2rrY17IT/black#52,
GDixu,r4rk1/pp1n2pp/2pbq3/3p4/4P1p1/1PNB4/PBP2PP1/R2Q1RK1 w - - 1 17,e4d5 e6h6 g2g3 d7e5 c3e4 e5f3,2149,86,74,52,advantage long middlegame quietMove,https://lichess.org/MzRdKeG5#33,Englund_Gambit_Complex Englund_Gambit_Complex_Soller_Gambit
GEB7c,8/8/pR6/3k1n2/8/P2p1K2/1P6/8 w - - 0 44,f3f2 d3d2 f2e2 f5e3 e2e3 d2d1q,2194,79,90,123,advancedPawn advantage deflection endgame long promotion quietMove,https://lichess.org/iym6fSQC#87,
GECAp,1R3bk1/5p1p/p4Pp1/6P1/P4N2/1p2p3/2r3PK/8 b - - 0 42,e3e2 f4d5 h7h6 d5e7 g8h7 b8f8 h6g5 f8f7 h7h6 e7g8,2114,78,68,138,advantage deflection endgame quietMove veryLong,https://lichess.org/GSNlw5Ov/black#84,
GELDn,8/pp6/6p1/4p1k1/1P2n1B1/P4P2/2PK4/8 w - - 0 34,f3e4 g5g4 d2e3 b7b5 c2c4 b5c4,2199,78,91,773,advantage endgame hangingPiece long quietMove,https://lichess.org/gGXVmlJ2#67,
GENkD,8/5p2/p3p1p1/5k1p/1PpP1P1P/P1K2P2/8/8 b - - 7 38,f5f4 a3a4 g6g5 b4b5 a6b5 a4b5,2192,75,86,234,crushing endgame long pawnEndgame quietMove,https://lichess.org/4yf2pL83/black#76,
GEbDj,8/8/p7/3k1ppp/1P6/3K1PPP/8/8 w - - 0 43,f3f4 g5f4 g3f4 h5h4 d3e3 d5c4,2109,74,86,390,crushing endgame long pawnEndgame quietMove zugzwang,https://lichess.org/dCQB6m0X#85,
GEtUV,8/8/3p1p1k/2pP1Pp1/1pP1P2r/pP6/P3R1K1/8 w - - 4 78,e2e1 g5g4 e4e5 f6e5,2181,77,91,1033,crushing endgame master quietMove rookEndgame short,https://lichess.org/FQQpOKph#155,
GF83U,1k1r3r/pp5p/5pp1/2qP4/4p3/1Q1b2P1/PPNN1P1P/2KR3R w - - 3 22,h1e1 d8c8 d2e4 c5c2 b3c2 c8c2,2106,78,87,743,advantage long middlegame queensideAttack quietMove,https://lichess.org/Kxqx89Xr#43,
GF9R7,8/5p2/8/5p1k/BK3P2/6P1/7P/3b4 b - - 0 41,d1a4 b4a4 h5g4 h2h4 g4g3 h4h5,2170,75,94,7227,crushing defensiveMove endgame long quietMove,https://lichess.org/DXJcUdmy/black#82,
GG1Me,2rq1rk1/1p3pp1/6p1/p1bN2N1/3pPB2/3Q2P1/6KP/R7 b - - 3 23,b7b6 g3g4 c5e7 d5e7 d8e7 d3h3 e7g5 f4g5,2101,77,90,1105,advantage kingsideAttack master middlegame quietMove veryLong,https://lichess.org/XRpxDm51/black#46,
GGP1E,r1b3k1/4p1q1/1p1p3p/p1pPb3/P1P1P3/1P2Q1N1/4N2P/5R1K b - - 3 33,c8h3 f1g1 e5d4 e2d4,2127,75,91,728,crushing middlegame quietMove short,https://lichess.org/N8RzeAmg/black#66,
GGPsj,6k1/1R4P1/4K3/2p3P1/8/1p3r2/8/8 w - - 0 79,g5g6 c5c4 e6d5 f3c3,2104,149,38,11,crushing defensiveMove endgame quietMove rookEndgame short,https://lichess.org/HuVIGqf0#157,
GGdk7,r5k1/1b6/1p3R2/p1p1B3/2Pp2P1/P2rp3/7P/5RK1 b - - 1 37,b7e4 f6f7 d3d1 f7g7,2116,167,-23,5,crushing endgame master quietMove short,https://lichess.org/dqZX3Hiv/black#74,
GHBlP,1nrr2k1/qp2ppbp/5np1/pPNp2B1/3P4/P3P2P/4BPP1/R1Q1K2R w KQ - 1 19,c1d2 c8c5 b5b6 a7a8 g5f6 g7f6 d4c5 f6a1,2152,83,89,1208,crushing middlegame quietMove veryLong,https://lichess.org/8oQyKquR#37,
GHHSI,8/8/8/6R1/1k2K1P1/2p5/r7/8 w - - 0 45,e4d3 a2d2 d3e3 d2d1 g5g8 c3c2,2116,82,85,44,advancedPawn crushing endgame long quietMove rookEndgame,https://lichess.org/ifdFk4kf#89,
GHWj5,5r2/1b3pkp/ppq5/5N2/1bP5/1P6/P3QPPP/3R2K1 b - - 1 24,g7h8 e2e5 f7f6 e5g3 f8g8 d1d8 c6g2 g3g2 b7g2 d8g8,2182,86,86,67,advantage middlegame pin quietMove veryLong,https://lichess.org/FdPlrN5g/black#48,
GHXRE,r5r1/ppp1k2p/1b1p1p2/1B1P4/7q/2N2Q2/PPP4N/4R2K b - - 1 22,e7d8 f3e2 h4e1 e2e1 g8g1 e1g1 b6g1 h1g1,2171,76,86,226,advantage middlegame quietMove veryLong,https://lichess.org/9EESiGO9/black#44,
GHY3e,1r2r3/1p4kp/pN3pp1/P2P4/3QbP1q/8/1P4PP/R4R1K w - - 0 27,a1e1 e4g2 h1g2 e8e1 f1e1 h4e1 b6d7 b8c8 d4f6 g7g8,2169,155,85,20,crushing discoveredAttack kingsideAttack master middlegame quietMove veryLong,https://lichess.org/JD5W8TWn#53,
GHbHZ,r4rk1/p4p2/1p2p1pp/2p1Q2P/2P5/P4qN1/1P1R1Pb1/2K3R1 b - - 0 25,g2h3 h5g6 f7g6 g3h5 f3f7 d2d7,2159,87,65,38,crushing long middlegame pin quietMove,https://lichess.org/lNoOGoOP/black#50,
GI1ZF,6k1/pp4bp/4R1p1/8/8/BP4P1/P1r2PKP/3r1B2 b - - 1 26,c2a2 f1c4 h7h5 e6e2 g8h7 e2a2,2105,75,93,352,advantage discoveredAttack endgame long quietMove,https://lichess.org/EIHEzVig/black#52,
GIHTR,8/8/5k2/p1r2p2/3p1Kp1/1P1P4/P2R2P1/8 w - - 2 36,d2b2 c5c1 b2f2 c1d1,2191,77,91,663,crushing endgame quietMove rookEndgame short,https://lichess.org/RtIThcXJ#71,
GIYw9,5rk1/4bppp/2p1pn2/8/1q1P4/2N1PN1P/1Q3PP1/1R4K1 b - - 1 23,c6c5 b2a1 c5d4 b1b4,2174,85,82,40,crushing discoveredAttack middlegame quietMove short,https://lichess.org/IBDaC2t8/black#46,
GJ0gt,8/8/p3p3/1p2P2p/1P1P1k2/P2K3P/8/8 w - - 0 45,d3d2 f4e4 d2c3 h5h4 a3a4 b5a4,2149,76,95,964,crushing endgame long pawnEndgame quietMove zugzwang,https://lichess.org/R16bFSlU#89,
GJOVJ,8/k7/5pp1/2K5/P6P/8/8/8 b - - 0 47,g6g5 h4h5 g5g4 c5d4 g4g3 d4e3,2133,76,94,3326,crushing defensiveMove endgame long master pawnEndgame quietMove,https://lichess.org/gjhMhtw0/black#94,
GJVbK,8/1p6/1K4p1/1P6/6kn/8/5B2/8 b - - 1 50,h4f5 f2c5 g4f3 b6b7,2124,77,91,716,crushing endgame master quietMove short,https://lichess.org/7dnFIRhM/black#100,
GJyca,6rk/2q2p1p/4pPr1/p1p1Pn1Q/Pp1p1PR1/1P1P3P/2P4K/6R1 b - - 8 33,f5e3 g4h4 g6g2 g1g2 g8g2 h2h1 g2g7 f6g7,2143,76,92,370,advancedPawn crushing middlegame quietMove veryLong,https://lichess.org/9lmglEGr/black#66,
GK1G8,2kr1b1r/pbpp1ppp/1p6/8/3q4/1N1BnP2/PPP3PP/R1BQ1R1K b - - 5 14,e3d1 b3d4 f8c5 c2c3 d1b2 c1b2,2160,82,89,744,advantage hangingPiece long opening quietMove trappedPiece,https://lichess.org/O7dfjVxW/black#28,Owen_Defense Owen_Defense_Other_variations
GKPze,2bq1rk1/p1r1bp1p/5np1/2pp4/1n5Q/1PN1PN2/PB2BPPP/2RR2K1 w - - 8 19,h2h3 f6h5 h4h5 g6h5,2100,76,94,7494,advantage master middlegame quietMove short trappedPiece,https://lichess.org/NAOUGlju#37,Zukertort_Opening Zukertort_Opening_Queens_Gambit_Invitation
GKRls,4r3/3Qnk2/4p1q1/4B3/3P3p/2P2P2/6P1/R5K1 w - - 1 29,a1a6 e8g8 d7e6 g6e6 a6e6 f7e6,2176,77,72,106,advantage endgame long quietMove,https://lichess.org/aLrj1Kbr#57,
GKaxZ,8/p5pp/8/5P2/3K2P1/6kP/P7/8 w - - 3 41,d4e5 h7h6 f5f6 g7f6,2113,248,0,6,endgame equality pawnEndgame quietMove short,https://lichess.org/MdquRB6B#81,
GKlev,q6r/3b2k1/pp1b2p1/2p1p3/2Pp4/3B4/P1Q3PP/3R1RK1 w - - 2 25,d3g6 e5e4 g2g3 g7g6,2114,78,91,589,crushing interference middlegame quietMove short,https://lichess.org/abofBu4J#49,
GKuPl,r3r1k1/1bp2ppp/p3q3/1p2P1N1/8/8/PPB2QPP/4R1K1 b - - 2 23,e6e7 c2h7 g8h8 f2h4 e7g5 h4g5,2144,79,87,53,advantage kingsideAttack long middlegame quietMove,https://lichess.org/O51I17CT/black#46,
GLc4h,8/8/6p1/1k4Pp/1P1Kp2P/3b4/3B4/8 b - - 0 50,d3b1 d2e3 b1c2 d4e5 c2d1 e5f6,2176,77,86,66,advantage bishopEndgame endgame long quietMove,https://lichess.org/Gdi32HVO/black#100,
GMI6N,8/8/1p2q2p/pkp5/5PPP/1PQ3K1/8/8 b - - 2 47,c5c4 c3c4 e6c4 b3c4 b5c5 g4g5 h6g5 h4h5 a5a4 h5h6 a4a3 h6h7,2140,106,100,22,advancedPawn crushing endgame queenEndgame quietMove veryLong,https://lichess.org/23qiZggh/black#94,
GMJGk,7k/p1p2Qp1/1p1q3p/8/3P4/P3r1P1/2P4P/5RK1 b - - 1 24,e3a3 f7e8 h8h7 f1f8 d6f8 e8f8,2158,77,95,755,advantage clearance endgame long quietMove,https://lichess.org/y2CfIoiD/black#48,
GMP1M,r5k1/ppp2ppp/2P5/1r3bB1/8/P4BQ1/1qPK1PPP/3R3R w - - 2 21,d1c1 a8e8 f3e2 b5d5,2173,261,-100,6,advantage middlegame quietMove short,https://lichess.org/45E0LpTg#41,
GN8Wg,r3r3/ppp2pk1/2q2Bpp/8/2PR4/1Q6/PP3PP1/3R2K1 b - - 0 21,g7f6 b3c3 f6g7 d4d6 g7g8 d6c6,2100,77,100,76,advantage discoveredAttack endgame long quietMove,https://lichess.org/qOhnyHBz/black#42,
GNCc5,7b/8/3k2KP/8/6P1/8/8/8 b - - 2 54,d6e7 g4g5 h8e5 g6h7 e5f4 g5g6,2179,110,85,20,bishopEndgame crushing endgame long quietMove,https://lichess.org/8A9K4kwu/black#108,
GNaQt,5k2/R1r3p1/4K3/5p2/8/8/6p1/8 w - - 0 46,a7c7 f8g8 c7c1 f5f4 c1g1 f4f3,2140,76,100,133,crushing endgame long quietMove rookEndgame,https://lichess.org/NKTQF382#91,
GNnmS,8/p7/1b3rB1/5P2/K1k5/8/2P4R/8 w - - 0 55,a4a3 b6d4 g6e8 f6a6 e8a4 d4c5,2112,77,92,4395,advantage clearance endgame exposedKing long quietMove,https://lichess.org/4HIaHfHH#109,
GOvV5,3B3k/p5p1/2q2p1p/2P5/P3bQ2/6P1/1r3P1P/2R3K1 w - - 1 32,c1e1 e4h1 f2f3 h1f3,2174,76,90,308,crushing endgame master quietMove short,https://lichess.org/7CBJr1mW#63,
GP4sO,r3k2r/ppp1bpp1/3p4/3Pp2p/4P2q/2N2P2/PPPQ3K/R1B2R2 w kq - 1 18,h2g2 h8h6 d2h6 g7h6 f1h1 h4f6,2170,93,74,26,crushing long middlegame quietMove,https://lichess.org/jgTfpihK#35,Ruy_Lopez Ruy_Lopez_Berlin_Defense
GP66D,8/2k2p2/4p1pp/1P6/6P1/5PK1/7P/8 w - - 3 54,g4g5 h6g5 g3g4 f7f6 f3f4 g5f4,2139,75,82,114,crushing endgame long pawnEndgame quietMove,https://lichess.org/LgwfJ29F#107,
GP6UX,3R4/8/8/8/4p3/3pk1n1/8/4K3 w - - 12 60,d8g8 d3d2 e1d1 g3h1 g8g1 h1f2,2133,129,83,49,advancedPawn crushing endgame long quietMove,https://lichess.org/00XDPQAS#119,
GPM3a,2n4r/2kb1p1p/R3p1pP/1pBpP3/3P4/1N1r4/5PP1/2R3K1 b - - 9 31,c7b7 a6a3 d3b3 a3b3,2169,189,85,6,crushing middlegame quietMove short,https://lichess.org/1Lsry0Hj/black#62,
GPYfy,2Q5/5pk1/5bpp/3P4/4PpP1/5P2/1qB3PK/8 w - - 3 39,d5d6 f6h4 c8c5 h4g3 h2h1 b2c1 c5g1 c1c2,2116,148,71,11,crushing deflection endgame quietMove veryLong,https://lichess.org/evCKmGxK#77,
GPa6c,r3qrk1/pp2b3/2p1p3/3pPp1p/6p1/2PBPP1Q/PP1N2PB/R3K3 w Q - 0 18,f3g4 f5g4 h3g3 e8d8 e1c1 e7h4 g3f4 f8f4,2115,75,86,275,crushing middlegame quietMove trappedPiece veryLong,https://lichess.org/vV90PxEX#35,Horwitz_Defense Horwitz_Defense_Other_variations
GPlWF,r7/p1kq4/bpp1rPQ1/3pp3/8/5R2/PPP3PP/4R1K1 b - - 4 30,e5e4 f3h3 a8f8 h3h7 e6f6 h7d7,2117,123,82,15,advantage long master middlegame pin quietMove,https://lichess.org/1KW9wgn9/black#60,
GPrCw,8/8/7p/pb5B/3p4/P4Pk1/3K2P1/8 b - - 2 45,g3g2 f3f4 b5d7 h5g6 g2f3 f4f5 d7f5 g6f5,2112,75,94,4433,bishopEndgame crushing endgame quietMove veryLong,https://lichess.org/F9jlmCed/black#90,
GQVN5,4k3/2R5/8/pp4p1/8/4q3/PP6/K4R2 b - - 5 53,g5g4 f1h1 e3e5 h1h8 e5h8 c7c8 e8e7 c8h8,2186,77,92,3305,crushing endgame exposedKing queenRookEndgame quietMove sacrifice skewer veryLong,https://lichess.org/Br6qZ7hI/black#106,
GQqNA,2rr2k1/pp3ppp/4P3/q1b2R2/8/2P5/PB2Q1PP/R6K b - - 0 19,f7e6 e2e6 g8h8 c3c4 a5c7 f5f7,2173,76,87,194,crushing long middlegame quietMove,https://lichess.org/Kpb2xzGP/black#38,Caro-Kann_Defense Caro-Kann_Defense_Exchange_Variation
GQqp8,8/pp5p/4k1p1/2Pq1p2/PPQp1P2/6P1/3K3P/8 w - - 9 42,c4d5 e6d5 a4a5 a7a6 d2d3 h7h6 h2h3 g6g5 f4g5 h6g5,2161,82,66,50,advantage endgame quietMove veryLong zugzwang,https://lichess.org/ShIuqjhD#83,
GQtVU,8/pp6/2p1k3/3p2p1/3P1pPP/2P2K2/PP6/8 b - - 0 32,e6f6 h4g5 f6g5 b2b3 a7a6 c3c4,2135,122,48,13,crushing endgame long pawnEndgame quietMove,https://lichess.org/IUHPVGPD/black#64,
GR0s1,2r2r2/p5k1/bp2pq1p/3p1ppQ/3P4/1BP3PR/PP3P1P/4R1K1 w - - 0 22,f2f4 g5g4 h3h4 a6b5 h4g4 f5g4,2114,75,69,144,advantage long middlegame quietMove,https://lichess.org/SXG2qEmb#43,
GR506,1r2k2r/8/2p2p1p/q1bnpPp1/1pB3P1/1P3P1P/PKPBQ3/3RR3 w k - 2 26,e2e4 a5a3 b2b1 b8a8 e4e5 f6e5,2154,101,83,18,crushing long middlegame quietMove,https://lichess.org/VyAQZGyq#51,
GRVVx,7R/8/6K1/2p1p3/2k5/1p6/8/8 w - - 0 65,h8b8 e5e4 g6g5 e4e3,2118,75,98,337,crushing endgame master quietMove rookEndgame short,https://lichess.org/ieLgXBw6#129,
GRXLC,1r1k3r/pp1Bb1pp/3pQp2/q3p3/4P2P/5K2/PP3PP1/2R5 b - - 5 21,a5d2 d7b5 d2f4 f3e2 f4e4 e2f1,2182,94,74,30,crushing defensiveMove long middlegame quietMove,https://lichess.org/VTOeazpc/black#42,
GS9pa,2r2rk1/pp1b1p2/4p1pp/n5q1/3P1N1B/2PQ1P2/P1B2KP1/7R b - - 9 23,g5f5 d3d2 a5c4 d2c1 f5c2 c1c2,2178,122,77,16,crushing long middlegame quietMove,https://lichess.org/setV6mmU/black#46,
GSIgE,2kr3r/pp1n1p2/2p1ppp1/8/PP1P4/2P1BPq1/6B1/R2Q1RK1 w - - 0 21,b4b5 h8h2 f1f2 d8h8 g1f1 h2h1 g2h1 h8h1 f1e2 h1d1,2146,78,91,4350,advantage clearance exposedKing kingsideAttack middlegame quietMove sacrifice skewer veryLong,https://lichess.org/QOPvvQmE#41,
GSL3D,8/1K6/2p5/2P3pp/P4p2/3k4/6bP/6B1 b - - 5 39,d3e4 a4a5 g2f1 b7c6,2113,79,91,3169,bishopEndgame crushing endgame master quietMove short,https://lichess.org/Bu7XP5pj/black#78,
GTrIo,6k1/6p1/5b1p/2Q1pPp1/q7/3r3P/1P5B/1KR5 b - - 1 33,d3b3 c5d5 g8h7 c1c8 b3b2 b1b2,2122,93,85,40,advantage clearance endgame long quietMove,https://lichess.org/NkRZQUtD/black#66,
GU7ru,2r3r1/p3BQkp/2Bp2p1/7n/1q6/3p3P/P4R1K/8 b - - 0 34,g7h6 h3h4 b4g4 e7g5 g4g5 h4g5,2166,80,85,59,crushing long master middlegame quietMove,https://lichess.org/Vs5FBBTa/black#68,
GUHsg,2r2r2/2p2pk1/p5p1/2R5/1qPQ4/6P1/5PP1/4R1K1 b - - 1 39,g7h7 e1e4 b4b1 g1h2 b1e4 d4e4,2184,82,91,871,crushing defensiveMove endgame long quietMove,https://lichess.org/PSiRWy0g/black#78,
GUf9J,3r1r1k/ppb3p1/2p4q/5p2/2Q3pN/4P1P1/PP3PK1/R4R2 b - - 5 28,g7g5 f1h1 g5h4 h1h4 h6h4 g3h4,2135,75,93,5372,advantage long middlegame pin quietMove sacrifice,https://lichess.org/P6gfVR1M/black#56,
GUkzA,8/8/p4Q2/1p2P2k/3P4/2P5/4q1P1/6K1 w - - 5 52,f6f3 e2f3 g2f3 a6a5 d4d5 h5g6 d5d6 g6f7,2126,97,64,39,crushing defensiveMove endgame queenEndgame quietMove veryLong,https://lichess.org/StTbSA8R#103,
GUt2W,r2q1rk1/bp3p2/p3bRpQ/3pP3/3P4/2N4P/1P4PN/n5K1 b - - 1 27,e6f5 h2f3 a7d4 f3d4 f8e8 d4f5,2179,82,78,56,crushing long middlegame quietMove,https://lichess.org/hu5M01pJ/black#54,
GUz5x,8/p7/P2p1p1k/K2Pn1pP/6P1/8/4B3/8 w - - 13 47,a5b4 f6f5 g4f5 g5g4 f5f6 g4g3,2120,78,90,659,crushing endgame long quietMove,https://lichess.org/DPUiApPa#93,
GV2J6,8/8/p4k2/1p5p/2P1K1pP/1P4P1/8/8 b - - 0 38,f6e6 c4b5 a6b5 b3b4 e6d6 e4d4,2119,82,81,51,crushing defensiveMove endgame long pawnEndgame quietMove zugzwang,https://lichess.org/jAFUNvo3/black#76,
GVLIY,7R/5r2/1P6/2K3p1/3P4/7p/7k/8 w - - 1 48,d4d5 g5g4 d5d6 g4g3 c5c6 g3g2 b6b7 f7b7 c6b7 g2g1q,2134,77,92,549,advancedPawn crushing endgame promotion quietMove rookEndgame veryLong,https://lichess.org/yp5nfp1b#95,
GVMMr,2k2r2/pppb1Npp/5n2/3Pp3/2Bq4/1Q6/PP1P1bPP/RNB2K1R w - - 4 14,d5d6 f2h4 b3e3 d4c4,2102,80,84,45,crushing middlegame quietMove short,https://lichess.org/ZuPuVhxW#27,Italian_Game Italian_Game_Two_Knights_Defense
GVYfY,8/5p1p/1p4p1/p2p1k2/3PbP2/1P3BP1/1P3KP1/8 w - - 0 34,f2e3 e4f3 e3f3 h7h5 g3g4 h5g4,2193,75,92,522,bishopEndgame crushing endgame long quietMove,https://lichess.org/2tveJ3K6#67,
GVcTL,8/5p1k/6pP/pp6/8/2P2p2/PP1K4/8 b - - 1 37,g6g5 a2a4 b5a4 c3c4 a4a3 b2a3,2158,86,84,38,crushing endgame long pawnEndgame quietMove,https://lichess.org/9bAlUm9D/black#74,
GVoMa,5r1k/pp4pp/4Q3/8/8/2P5/PP3qPP/4R2K w - - 3 30,e6e8 h7h6 e8f8 f2f8,2105,75,94,428,crushing endgame quietMove short,https://lichess.org/3ZPqEi9i#59,
GW76o,8/8/8/p1k2p2/P1pNpK2/2P1P3/5P2/3b4 w - - 1 50,d4f5 d1a4 f5d4 a4d1 f4e5 a5a4,2169,81,79,47,crushing defensiveMove endgame long quietMove,https://lichess.org/JmIDeTcE#99,
GWAbZ,8/5p2/p3p3/P2kP3/3b1BKP/8/8/8 b - - 10 47,f7f5 g4g5 d4c5 h4h5 c5e7 g5g6,2122,79,89,1528,bishopEndgame crushing defensiveMove endgame long quietMove,https://lichess.org/Y1uHaiz0/black#94,
GWNPJ,4r3/2pB1pk1/1p1p1b1p/p2P2p1/4P3/1P2BK2/P1R5/2n5 b - - 1 35,e8d8 d7b5 c1a2 c2a2,2142,165,100,18,endgame equality quietMove short trappedPiece,https://lichess.org/8kEFmx14/black#70,
GWqIH,1r3rk1/5ppp/4b1q1/p2R4/PbP5/1P2B2P/1KP1QPP1/5B1R w - - 1 23,d5g5 g6f6 b2a2 b4a3 e3d4 f6d4,2151,75,87,320,advantage long middlegame quietMove,https://lichess.org/q8HWYkDG#45,
GWzFD,r4rk1/1bp3nR/pp1pq1P1/2P1pp2/8/2QBP3/PP4P1/2K2R2 b - - 0 25,b6c5 f1h1 e6g6 c3b3,2102,75,87,122,advantage middlegame quietMove short,https://lichess.org/Yib1LAko/black#50,
GXF6O,rn2kb1r/pp1qnppp/8/1Qpp4/8/2P2N2/PP1P1PPP/RNB2RK1 w kq - 1 10,b5c5 e7f5 f1e1 e8d8 c5a5 b7b6 f3e5 b6a5,2142,83,88,54,crushing defensiveMove opening quietMove trappedPiece veryLong,https://lichess.org/Yy2IRBnk#19,Sicilian_Defense Sicilian_Defense_Modern_Variations
GXaNk,8/8/p7/5p1b/3k4/1P6/P2KNP2/8 b - - 7 48,h5e2 d2e2 d4c3 f2f4 a6a5 e2e3,2109,109,81,18,crushing defensiveMove endgame long quietMove zugzwang,https://lichess.org/n54yc5Yi/black#96,
GY62Q,8/8/4pp1p/3k4/3P1PP1/2pK4/7P/8 b - - 1 38,e6e5 d4e5 f6e5 f4f5 e5e4 d3c3,2101,76,90,2228,crushing endgame long pawnEndgame quietMove,https://lichess.org/kaPVHUGm/black#76,
GYbPe,r5k1/1pp4p/1n1p2pB/p2P4/2P1B1P1/2q4P/Pb4Q1/5R1K b - - 4 27,c3c4 g2f3 c4f1 f3f1,2117,75,82,94,crushing middlegame quietMove short,https://lichess.org/uEKqF8rV/black#54,
GYcaS,1rbq1rk1/p4pp1/2p1p2p/2p3NQ/5P2/2PP1R2/Pb4PP/1RB3K1 b - - 0 17,h6g5 f3h3 f7f6 f4g5,2174,76,90,1042,advantage intermezzo middlegame quietMove short,https://lichess.org/yjJIJqxE/black#34,Sicilian_Defense Sicilian_Defense_Closed
GYeGV,1k5r/pPp2p2/2B5/6pp/Q1P1n3/8/1P3qPP/R6K b - - 0 24,f7f5 b2b4 f2b6 c4c5 e4c5 b4c5,2131,77,91,403,crushing endgame long quietMove,https://lichess.org/5kNMrpNT/black#48,
GYgLA,1k6/1p6/1P6/2Pp2p1/3Pp1P1/7r/5K2/R7 b - - 6 47,h3d3 a1h1 b8c8 h1h8 c8d7 h8h7 d7c6 h7c7 c6b5 c7b7,2147,85,91,933,crushing deflection endgame quietMove rookEndgame veryLong,https://lichess.org/mkQZrsyS/black#94,
GZdQe,8/R5R1/5p1p/4p2k/7P/8/1r1r2P1/6K1 b - - 0 40,h5h4 a7a3 d2g2 g7g2 b2g2 g1g2,2107,98,75,24,crushing endgame long quietMove rookEndgame,https://lichess.org/WQ6bJZOj/black#80,
GZvZ9,2r5/8/8/2P3R1/3K2P1/5P1p/P5k1/8 w - - 0 56,d4d5 c8h8 g5e5 g2f2,2164,99,91,29,crushing endgame quietMove rookEndgame short,https://lichess.org/YNCKO2uU#111,
Ga2VV,8/5p1k/p4Qp1/3qp3/2n3Pp/5P1P/P4BK1/8 b - - 1 46,e5e4 f2d4 c4e5 f6e5 d5e5 d4e5,2141,75,92,263,crushing endgame long master quietMove,https://lichess.org/LADK9Kmg/black#92,
GaLBD,3r4/2Qnkp2/p3p2p/1q2Pbp1/N7/P4B2/5PPP/5RK1 b - - 5 25,b5a4 c7d6 e7e8 f3c6 a4a5 f1d1 f5e4 c6d7 d8d7 d6d7,2137,74,85,133,advantage master middlegame quietMove veryLong,https://lichess.org/VoSlV9GR/black#50,
Gb3oG,8/8/2p2b2/2Pp2p1/kPpP1pPp/2B2P1P/1K6/8 w - - 20 68,b2c2 a4a3 b4b5 c6b5 c3a5 f6d4 c5c6 d4e5 c6c7 e5c7,2147,83,90,574,bishopEndgame crushing endgame quietMove veryLong zugzwang,https://lichess.org/IzAEjdSf#135,
GbBfN,8/8/8/1p2k3/p3P1PP/P1p2K2/2Bb4/8 w - - 0 52,g4g5 b5b4 g5g6 d2h6 a3b4 a4a3 g6g7 h6g7,2113,88,73,40,bishopEndgame crushing endgame quietMove veryLong,https://lichess.org/LZlgeQ5S#103,
GbCuT,8/5p1Q/4p3/pN1p2p1/P2P2k1/4PqP1/5P2/4b1K1 w - - 12 45,h7c2 f7f5 b5c7 g4h3,2180,78,91,1621,crushing endgame quietMove short,https://lichess.org/46qOOSII#89,
GbDkl,2k5/pp3ppQ/2p5/3p4/3P4/P2KP1n1/1P3r2/8 w - - 2 32,h7g7 g3e4 g7f8 c8d7,2132,84,90,602,crushing endgame quietMove short,https://lichess.org/DSfOPuD2#63,
GbNsZ,8/6k1/6pp/8/3pp3/P1N5/3K3P/2R3r1 b - - 2 43,g1c1 d2c1 d4c3 a3a4 g7f6 a4a5,2180,79,92,2054,crushing defensiveMove endgame long quietMove,https://lichess.org/uKxswY4R/black#86,
GbsHd,r4rk1/pp3pp1/3bpB1p/q1pp4/N3bQP1/1P2P2P/P1PP1P2/2KR1BR1 w - - 1 17,f6c3 a5c7 f4e4 d5e4,2153,79,85,69,advantage middlegame quietMove short trappedPiece,https://lichess.org/i8eJPub7#33,Vant_Kruijs_Opening Vant_Kruijs_Opening_Other_variations
GcIZX,4r2k/1p3Qpp/p1q5/2p5/3pP3/PBPn3b/1P3P2/RNB3K1 w - - 1 23,b3d5 c6c8 f7f3 d3c1,2166,86,87,269,advantage middlegame quietMove short,https://lichess.org/dL9dpN2B#45,
GcWn4,2k5/8/N2p2K1/2bPp3/4P3/8/8/8 w - - 1 51,g6f5 c5a3 f5g4 c8b7 a6b8 b7b8,2121,75,85,99,crushing endgame long quietMove trappedPiece,https://lichess.org/HT0LVTXs#101,
Gcqdg,1k6/2p5/1p2p3/5p2/4rp1R/6PP/5P2/6K1 b - - 0 36,f4g3 h4e4 f5e4 h3h4 c7c5 h4h5 b8a7 h5h6,2109,76,95,2160,advantage endgame quietMove rookEndgame veryLong,https://lichess.org/NrM5hncP/black#72,
GcrQl,6k1/p1R2pp1/8/N2p3p/3Pq3/2Q4P/P4PPK/1b2r3 w - - 1 28,c7a7 e4f4 c3g3 f4c1 g3e5 e1e5,2153,77,93,48,crushing endgame long quietMove,https://lichess.org/nb89WLSv#55,
Gcw9F,3r3k/1p2b1pp/8/5pP1/7P/pbqB4/P3Q3/1K1R2R1 w - - 0 32,a2b3 c3b3 b1a1 e7b4 d1c1 b4c3 c1c3 b3c3 a1a2 c3d3 e2d3 d8d3,2169,76,79,89,crushing exposedKing middlegame quietMove veryLong,https://lichess.org/IfQ1aBdt#63,
Gd0Uz,8/8/p7/1PP4r/1KP5/8/6k1/8 b - - 2 58,a6a5 b4a5 h5c5 a5b4 c5f5 b5b6 f5f1 c4c5 f1b1 b4a5 b1c1 a5b5,2163,80,67,43,crushing defensiveMove endgame quietMove rookEndgame veryLong,https://lichess.org/ZFJh48OX/black#116,
Gd6sG,r2k3r/4Rpp1/ppb1p2p/2BpP3/1P4n1/Q2B2Pq/P4P1P/3R2K1 w - - 0 22,e7f7 d5d4 d3e4 c6e4,2116,102,84,33,crushing middlegame quietMove short,https://lichess.org/N5OCVhEa#43,
Gd8oQ,8/3k4/4R3/3p1P2/1K1P1r2/4p3/8/8 b - - 1 47,f4e4 e6e4 d5e4 b4c3 d7e7 d4d5 e7d6 f5f6 d6d7 c3c2 e3e2 c2d2,2197,76,92,1685,crushing endgame quietMove rookEndgame veryLong,https://lichess.org/dHI7I0Z8/black#94,
Gdlga,3Q4/6kr/1p6/p1q1Rr2/P1P5/8/5PPP/3R2K1 b - - 0 34,f5e5 d1d7 g7g6 d7d6 g6h5 h2h3 e5e1 g1h2 c5f2 d6d5,2132,154,54,10,crushing endgame exposedKing quietMove veryLong,https://lichess.org/zE0p4Ehy/black#68,
GebBW,r1b1R2Q/pppp4/8/5pp1/6k1/5q2/2P2P1P/5K2 b - - 11 39,f3h3 h8h3 g4h3 f2f3 h3h2 f1f2 f5f4 e8h8,2105,74,94,7982,endgame mate mateIn4 quietMove veryLong,https://lichess.org/4cnSnmzV/black#78,
Gf4pl,4r3/8/2P1k3/2K2p1p/1P6/3P4/6P1/8 b - - 2 49,e8c8 b4b5 c8a8 b5b6 a8a5 c5b4 a5a1 b6b7 a1b1 b4c5,2138,81,91,64,advancedPawn advantage defensiveMove endgame quietMove rookEndgame veryLong,https://lichess.org/4vncLLJD/black#98,
GfJBW,5rk1/2q4p/3p2pP/3Pbp2/R1p5/P1P3Q1/2P5/1K3R2 w - - 1 36,g3g2 e5c3 b1a2 f8b8 g2f3 b8b2,2184,93,87,44,crushing endgame long quietMove,https://lichess.org/JvJN1qLz#71,
GfOas,3R1rk1/p4p1p/4p1p1/8/3QP3/P1r4P/2q2PP1/R5K1 b - - 1 20,c2b2 d8f8 g8f8 d4h8 f8e7 a1d1 c3d3 h8b2,2176,75,96,549,advantage attraction endgame quietMove veryLong,https://lichess.org/9KCuxXrv/black#40,
GfpYv,8/3b1p2/1k1P4/pP2P2p/P2K1P2/8/7P/8 b - - 0 44,d7e6 d4e4 e6b3 f4f5 b3c2 e4f4,2194,78,85,162,bishopEndgame crushing defensiveMove endgame long quietMove,https://lichess.org/Ayt8dMRR/black#88,
Ggbww,2r2k1r/4bpRp/4pn2/1Bp1n2q/8/2PPBP2/PP1Q1P1P/2K3R1 b - - 4 19,e5f3 e3h6 e7d6 g7f7 f8f7 g1g7,2109,116,68,21,advantage attraction doubleCheck long middlegame quietMove sacrifice,https://lichess.org/aP1isbIF/black#38,
Gghja,r4kn1/ppQ5/2p2qPP/3p4/3P4/P2B1r2/1PP5/2K4R b - - 1 31,f6e7 c7h2 e7e3 c1b1 g8h6 h2d6,2186,118,71,15,crushing defensiveMove long middlegame quietMove,https://lichess.org/YchIFiua/black#62,
GgyeD,8/1p1k2p1/1p2p1p1/PPp1P3/2K3PP/2P5/8/8 b - - 0 43,d7c7 a5b6 c7b6 g4g5 b6a5 c4c5,2168,83,91,1658,crushing endgame long pawnEndgame quietMove zugzwang,https://lichess.org/gnaQASu4/black#86,
Gh2OQ,8/8/2P5/2Kn2kp/p2P4/P7/8/8 b - - 2 53,d5c7 d4d5 h5h4 d5d6 c7e6 c5d5 h4h3 d5e6,2194,98,86,34,crushing defensiveMove endgame knightEndgame quietMove veryLong,https://lichess.org/eKc0tmHD/black#106,
GhGfQ,8/1pp2rpk/5pNp/5P2/2r1P3/2P1R3/5KPP/8 b - - 6 27,b7b5 e3d3 c4e4 d3d8 e4f4 g6f4,2151,77,89,510,crushing endgame long quietMove,https://lichess.org/i1yRAE86/black#54,
GhQ0B,r3k2r/1p2qp2/p1b1pb1p/B1p1n2Q/3pP3/3P2N1/PPP2RBP/R5K1 b kq - 8 23,e8d7 a1f1 a8g8 f2f6,2142,75,94,1702,crushing master middlegame quietMove short,https://lichess.org/Otly3Rcb/black#46,
Ghbuh,8/8/p2p4/P1p4p/1p1p2k1/1P1P2P1/2P2P2/5K2 b - - 2 43,h5h4 f1g2 h4h3 g2h2 g4f3 h2h3 f3e2 g3g4 e2d1 g4g5 d1c2 g5g6,2189,87,87,918,crushing defensiveMove endgame master pawnEndgame quietMove veryLong,https://lichess.org/kfFhcjtP/black#86,
GhdPH,r3kr2/1p3p1p/p2p1Q2/4p3/4P3/1B3P2/P3qP1P/6RK b q - 4 24,a8d8 b3f7 e8d7 g1c1 e2e1 c1e1,2122,106,90,59,attackingF2F7 crushing endgame long quietMove,https://lichess.org/LsLrnVk3/black#48,
GiMTk,1r6/7p/1PN1k1p1/2K5/4p3/6P1/7P/8 b - - 14 71,b8b7 c6d8 e6f6 d8b7 e4e3 b7d6 e3e2 b6b7 e2e1q b7b8q,2106,76,86,230,advancedPawn crushing endgame fork promotion quietMove veryLong,https://lichess.org/j3GQOjvL/black#142,
Gihrp,8/8/5k2/p2Kp2P/1p4P1/8/P7/8 w - - 0 58,h5h6 a5a4 g4g5 f6g6 d5c4 b4b3,2120,79,92,479,crushing defensiveMove endgame long pawnEndgame quietMove,https://lichess.org/ddS9UM3S#115,
GizqV,1r3rk1/5pp1/4p3/4N1B1/1nQP4/bP4P1/2p2P1P/1K1RR3 w - - 0 34,b1a1 b8a8 c4c2 b4c2 a1b1 c2e1,2165,77,90,906,advantage exposedKing fork long middlegame quietMove,https://lichess.org/AwOe402U#67,
Gj0kA,6r1/1p1k4/pP1b2r1/3KpNpp/4P3/5P1P/1P4R1/6R1 w - - 0 49,h3h4 g8c8 b2b4 d6b4,2138,84,80,38,advantage endgame master quietMove short,https://lichess.org/WSiyoeTx#97,
Gj1Wv,6k1/2p2p1p/3p2p1/3P4/p3P1P1/PrP2P2/2K1N2P/8 b - - 2 33,b3a3 e2c1 a3a1 c2b2 a1c1 b2c1,2152,74,85,211,crushing endgame long quietMove trappedPiece,https://lichess.org/aXjQyHay/black#66,
GjMqG,7k/p1p2ppp/4p3/3r4/4n3/1P2P1Pq/P3QP1P/R4RK1 w - - 0 23,e2c4 d5h5 f1d1 h3h2 g1f1 h2f2,2126,80,91,736,endgame kingsideAttack long mate mateIn3 quietMove,https://lichess.org/Xg11YZvv#45,
GjnI4,8/1p6/7p/2p5/6PP/P1k5/4K3/8 b - - 0 43,c5c4 g4g5 h6g5 h4h5 c3b2 h5h6,2150,77,92,401,crushing endgame long pawnEndgame quietMove,https://lichess.org/MZG0nDsW/black#86,
GkHOe,8/8/2k5/2P1pppp/1K6/6P1/5P1P/8 w - - 0 54,h2h4 g5g4 b4c4 f5f4,2150,75,93,2469,crushing endgame pawnEndgame quietMove short,https://lichess.org/waciSN7s#107,
Gkfdf,6k1/6p1/3Bp2p/p2pP3/6Pn/1Pp3KP/P7/8 w - - 0 36,g3h4 d5d4 h4g3 d4d3 g3f2 c3c2,2164,78,90,1344,advancedPawn bishopEndgame crushing endgame long quietMove,https://lichess.org/y4ItcOn8#71,
GlLxk,3r2k1/pb3p1p/1p2p1pQ/3nN1P1/5q2/5B1P/P4P2/4R1K1 b - - 0 28,d5e7 e5g4 b7f3 g4f6 f4f6 g5f6,2183,75,78,73,advantage kingsideAttack long master middlegame quietMove sacrifice,https://lichess.org/aZvlgwS1/black#56,
GlUBp,1k1r3r/pp6/3p1p1b/3PpP1p/1P4p1/qRPBB3/5QPP/4R2K b - - 0 27,h6e3 f2c2 a3b3 c2b3,2114,75,92,1962,advantage master middlegame quietMove short,https://lichess.org/EeLZRLRD/black#54,
GlgGb,r1b2rk1/3n2bp/p2p2p1/2pP1pN1/1pNq1P2/1P1BB3/P1Q3PP/5RK1 b - - 7 20,d4d5 c4a5 d7b6 d3c4 b6c4 b3c4 d5b7 a5b7,2117,138,-58,25,advantage clearance middlegame pin quietMove trappedPiece veryLong,https://lichess.org/oXfoUFbV/black#40,
Gluac,8/p5p1/7p/5K2/7k/8/PPP5/8 w - - 0 45,f5f4 g7g5 f4e3 h4h3 c2c4 g5g4 e3f2 h3h2,2124,77,87,53,crushing defensiveMove endgame pawnEndgame quietMove veryLong,https://lichess.org/E2ZM4NYs#89,
Gm5Bv,6k1/1p4Bp/p3p1pP/1n1pP3/2rr4/1R4P1/2P2P2/2K3R1 b - - 2 34,c4a4 b3f3 d4f4 f3f4 a4f4 g3f4,2127,75,93,270,advantage endgame long quietMove,https://lichess.org/R8kc4V9B/black#68,
GmP1v,8/p7/1p1k3p/3P1pp1/3K4/P1P5/5P1P/8 w - - 2 34,f2f3 b6b5 c3c4 b5c4,2197,76,78,89,crushing endgame pawnEndgame quietMove short,https://lichess.org/TIFtpH2N#67,
GmQxd,8/p4pk1/1pp2npp/2q5/6PP/1P6/PQ3P2/5NK1 b - - 4 32,g6g5 f1g3 g5h4 g3h5,2129,75,95,858,advantage endgame master pin quietMove short,https://lichess.org/AGYLIwD0/black#64,
GmdSa,3Rr1k1/1bP2ppp/1p4n1/p7/4P2P/5BP1/5P2/6K1 b - - 1 36,g8f8 e4e5 f8e7 d8e8,2103,76,90,930,advantage endgame pin quietMove short,https://lichess.org/y8BH8nTZ/black#72,
GmkuL,6k1/7p/1K4p1/p1p1p1P1/P7/2P1n3/2P2P2/8 w - - 0 42,f2e3 h7h5 g5h6 g6g5,2112,76,87,277,crushing defensiveMove endgame pawnEndgame quietMove short,https://lichess.org/wpyodKXM#83,
GmxI9,r5k1/p4b2/qp6/1p6/7B/6Q1/PP3PPP/6K1 b - - 4 28,g8h7 h4f6 a8g8 g3h4 h7g6 h4g5,2130,75,99,158,advantage clearance endgame exposedKing long quietMove,https://lichess.org/7MD2Wrdq/black#56,
Gmya6,8/8/7p/2k1p1pP/1pB1K1P1/1P6/8/1n6 b - - 7 50,b1a3 c4d3 c5d6 e4f5,2127,76,80,84,crushing endgame quietMove short,https://lichess.org/79I9wk9y/black#100,
GnEV6,8/8/6p1/5p2/7k/2R1P2P/r7/6K1 w - - 0 40,e3e4 f5f4 c3c6 g6g5,2127,95,86,43,advantage defensiveMove endgame quietMove rookEndgame short,https://lichess.org/gSyT5DcZ#79,
Gngd1,1R3b2/2pq2k1/p2n1p2/P1pQp1p1/2PpP1Pp/5P1P/2PB3K/8 w - - 7 46,d2c1 c7c6 d5c5 d6c8 c5f8 g7f8,2146,78,89,315,crushing endgame long master quietMove trappedPiece,https://lichess.org/PGn6qRek#91,
GoFg3,4r3/p7/5k1p/2p5/2P5/1P1p1b1P/P2R1PPK/8 w - - 0 39,g2f3 e8d8 f3f4 f6f5 h2g3 f5e4,2151,81,91,888,crushing endgame long quietMove rookEndgame,https://lichess.org/hkL8J825#77,
GoPBW,8/2p3pp/1pp5/4k3/1P1p4/P3P3/2P1K1PP/8 b - - 1 27,e5e4 a3a4 c6c5 a4a5,2166,80,89,967,crushing endgame pawnEndgame quietMove short,https://lichess.org/DUKdrZrx/black#54,
GoRBc,8/pp5p/n5p1/2PPp3/1P6/P1k2PP1/5K1P/8 b - - 0 34,a6b8 b4b5 b8d7 c5c6 d7b6 d5d6,2188,77,95,195,crushing endgame knightEndgame long quietMove,https://lichess.org/9hCrdTlw/black#68,
GoVFa,6k1/r4p2/1q2b2Q/4p3/2p1P2P/1nP5/2B2PP1/4R1K1 b - - 1 30,a7a2 e1e3 b6e3 h6e3,2142,74,89,541,advantage master middlegame quietMove short,https://lichess.org/VkjqmffI/black#60,
GodBN,2Q5/1r3rk1/p2p4/2pN4/3bP1P1/1P6/P4R2/6K1 w - - 3 39,c8e6 f7f2 g1h1 b7f7 g4g5 f2f1,2175,77,87,141,crushing endgame long quietMove,https://lichess.org/QJY5spXt#77,
GoyRn,3r3k/6pp/2Q5/1p2r3/1P1bN3/3P1qP1/5P1P/3RR1K1 w - - 9 35,c6c7 d8f8 c7e5 d4e5,2144,85,77,38,advantage middlegame quietMove short,https://lichess.org/dQ6JRL3p#69,
Gp9Bh,r1b2rk1/ppp2pp1/5n2/4p1N1/3qP3/4B2P/P1Q2P2/4KB1R b K - 1 16,d4a1 e1e2 b7b6 f1g2 c8a6 e2f3,2139,76,93,6156,advantage defensiveMove long middlegame quietMove,https://lichess.org/Ph9g9QMp/black#32,Zukertort_Opening Zukertort_Opening_Other_variations
GpMCr,5rk1/5p1p/1pr5/p1p1pP2/3p3q/1P1P4/P1P1QRPP/2B3K1 b - - 0 25,f7f6 f2f3 c6c7 f3h3 h4h3 g2h3,2115,78,81,75,advantage endgame long quietMove trappedPiece,https://lichess.org/cMwLSFJu/black#50,
GpXqv,2n5/6p1/1kP5/4Kp2/3PpPpP/4P1P1/8/8 b - - 2 47,c8e7 d4d5 b6c5 c6c7,2119,79,91,993,advancedPawn crushing endgame knightEndgame quietMove short,https://lichess.org/RQZdkIFW/black#94,
GpyKj,8/8/P4rk1/1K6/6p1/8/R7/8 b - - 12 78,f6a6 a2a6 g6f5 b5c4 g4g3 c4d3 g3g2 a6a1 f5f4 d3e2,2178,75,90,228,crushing defensiveMove endgame hangingPiece quietMove rookEndgame veryLong,https://lichess.org/6qOruIc3/black#156,
GqAuu,8/8/7p/pp4p1/3kp3/P7/1P1K1PPP/8 w - - 0 41,b2b3 g5g4 d2c2 e4e3,2101,176,88,5,crushing endgame pawnEndgame quietMove short zugzwang,https://lichess.org/mAQ2IFgx#81,
Gr7tV,3Q4/pp3p2/5kp1/2p2q2/2P1r3/1P6/P4P2/2K1R3 b - - 11 38,f6g7 e1h1 f5f4 c1b1 g6g5 d8h8 g7g6 h1h6,2107,77,85,68,advantage defensiveMove endgame quietMove veryLong,https://lichess.org/x8Xizh2f/black#76,
GrpBF,2R5/R4pkp/4p1p1/6P1/3P3P/3KP3/5r1r/8 b - - 2 30,h7h6 a7a8 h6g5 h4g5 f2d2 d3e4 h2h8 c8h8,2143,77,80,78,crushing endgame quietMove rookEndgame veryLong,https://lichess.org/KgJ16q29/black#60,
Gsl9T,6k1/p2R4/rp6/7K/P7/1Pb5/8/2B5 b - - 0 45,a6a5 h5g6 g8f8 c1g5 a5g5 g6g5,2123,75,93,3439,crushing defensiveMove endgame long quietMove,https://lichess.org/yB7hkpQg/black#90,
Gt1Pg,8/7p/2p1k1p1/1p2p3/1P2P3/1K4P1/2P4P/8 w - - 3 38,c2c4 e6f6 b3c3 f6g5 h2h3 h7h5 c3d2 h5h4 c4b5 c6b5 g3g4 g5f4,2115,75,94,542,crushing endgame pawnEndgame quietMove veryLong,https://lichess.org/nXWEPi3o#75,
GtOC4,8/5rk1/p2q2p1/2pp1b2/Bn4n1/2NP4/1PPQR1PP/5R1K w - - 10 28,d2f4 f5e6 f4f7 e6f7,2104,84,84,37,crushing middlegame quietMove short,https://lichess.org/9by3dH3j#55,
GtjIx,8/5B2/8/2p4p/1p1pPk1P/p2P3b/P1P2K2/8 b - - 9 44,f4g4 f7e6 g4h4 e6h3 h4h3 e4e5 h3g4 e5e6 c5c4 e6e7,2199,83,91,4334,advancedPawn bishopEndgame crushing endgame quietMove veryLong,https://lichess.org/36UUdIvu/black#88,
Gtrre,8/8/3N1bk1/1p6/8/n3P3/5P1B/6K1 w - - 0 37,g1f1 b5b4 d6e4 b4b3 e4d2 b3b2 h2d6 a3c4 d2b1 c4d6,2185,78,86,234,advancedPawn crushing endgame quietMove veryLong,https://lichess.org/Nk6QXPF7#73,
Gu1Gf,4k3/pp2P1R1/3p1p2/5K2/r7/8/8/8 b - - 3 43,a4a5 f5f6 e8d7 g7g8 a5e5 g8d8,2147,77,90,896,crushing endgame long quietMove rookEndgame,https://lichess.org/WgBSLWaM/black#86,
Gueaj,rnbq4/ppp2rpp/4pb1k/1N2NpP1/2BP3P/5P2/PPP5/2KR3R b - - 0 18,h6h5 f3f4 f6e5 c4e2 h5g6 h4h5,2128,77,93,6163,long mate mateIn3 middlegame quietMove sacrifice,https://lichess.org/2bue6SS2/black#36,Scandinavian_Defense Scandinavian_Defense_Mieses-Kotroc_Variation
Guj0c,8/3k1p2/3p2p1/3K3p/2P4P/4P3/5P2/8 w - - 1 40,e3e4 g6g5 h4g5 h5h4 e4e5 h4h3,2199,77,91,136,crushing endgame long pawnEndgame quietMove,https://lichess.org/vXD6IeJk#79,
Gv1Cn,8/8/PkB1p1p1/1PppP1Pp/2P1b2P/2r5/4KR2/8 b - - 6 48,c3c4 f2f7 c4a4 f7b7 b6a5 a6a7 a5b4 b7f7,2155,112,79,35,advancedPawn crushing defensiveMove endgame quietMove veryLong,https://lichess.org/buq0R41z/black#96,
Gv7tW,8/6p1/7p/5KP1/7P/5k2/8/8 b - - 0 59,f3g3 g5h6 g7h6 h4h5 g3f3 f5g6,2177,100,91,23,crushing endgame long pawnEndgame quietMove,https://lichess.org/2FYPzCHF/black#118,
GvXuG,8/8/1p5K/2kB2p1/p4p2/5P1P/8/8 w - - 0 43,d5a2 b6b5 h6g5 b5b4 a2e6 b4b3 g5f4 c5b4,2171,77,96,159,bishopEndgame crushing defensiveMove endgame quietMove sacrifice veryLong,https://lichess.org/acaybVKk#85,
GvzPv,3r1r1k/5pp1/p1qpn3/1p2p1P1/1P2R3/P2Q4/2P3PP/R1B4K b - - 0 23,g7g6 d3h3 h8g8 e4h4 f7f5 g5f6,2188,123,50,28,crushing enPassant long middlegame quietMove,https://lichess.org/lYJcxNNv/black#46,
GwAjB,2r2qk1/2r1bpp1/p3P2p/1pp2b1P/1P6/P3PBQ1/1B6/2R2RK1 b - - 0 29,f7f6 f3d5 f5e6 d5e6,2177,77,90,1417,crushing kingsideAttack middlegame quietMove short,https://lichess.org/w5tzaoDz/black#58,
Gx3Zq,7k/ppb2p1p/5Pp1/3p1nB1/3p2N1/3P1Q2/PPP3KP/4q3 b - - 3 33,f5h4 g5h4 e1h4 f3e2 c7e5 g4e5,2111,76,87,454,crushing endgame long quietMove,https://lichess.org/oiOn3t8t/black#66,
Gx8sD,5r1k/pp5n/2p1p1q1/2PpP1pR/1P2pr2/P7/3B1P1P/2QB1RK1 w - - 1 30,d2f4 g5f4 g1h1 f8g8 h5h7 h8h7,2125,92,71,41,crushing discoveredAttack long middlegame quietMove,https://lichess.org/vLK6tcrZ#59,
GxzSz,8/8/8/pK2p3/Pb6/3k4/8/5R2 w - - 3 57,f1d1 b4d2 d1h1 e5e4 h1h8 e4e3,2117,79,91,1102,crushing defensiveMove endgame long quietMove,https://lichess.org/Zs5dvASh#113,
Gy2Eu,2r1nrk1/1b3pbn/p2pp1qB/1pp3P1/4p2Q/PBNP4/1PP1N3/2KR3R b - - 2 22,e4d3 e2f4 g7h6 d1g1 g6f5 g5h6 g8h8 b3e6,2126,136,69,11,advantage discoveredAttack kingsideAttack middlegame quietMove sacrifice veryLong,https://lichess.org/F1v3f8y8/black#44,
GyPYK,5rk1/pp3ppp/3Qp3/8/1P1Pp3/P3q3/5nPP/R1R2K2 b - - 1 25,f2h1 c1c2 e3d3 c2e2,2107,128,-66,13,advantage defensiveMove endgame quietMove short,https://lichess.org/U2bWC8DH/black#50,
GyUvs,8/8/8/5p1p/3k4/1K4PP/1P6/8 w - - 1 50,b3a4 h5h4 g3h4 f5f4 h4h5 d4e5,2159,78,83,65,crushing defensiveMove endgame long pawnEndgame quietMove,https://lichess.org/feKWhAsW#99,
H094V,8/p5p1/8/1k2KP2/6NP/2n5/8/8 b - - 2 43,a7a5 h4h5 b5c6 f5f6,2115,130,86,9,crushing endgame knightEndgame quietMove short,https://lichess.org/w3gYHnRR/black#86,
H0KEt,8/K1k5/P5p1/7p/8/8/6P1/8 w - - 1 44,a7a8 h5h4 a8a7 g6g5 a7a8 g5g4,2124,80,73,65,crushing defensiveMove endgame long pawnEndgame quietMove zugzwang,https://lichess.org/ai3uMCij#87,
H0Oz7,6k1/5pP1/2r1p3/3pP3/pP6/2P2N1p/1K6/8 b - - 3 47,c6c3 b2c3 g8g7 b4b5 a4a3 c3b3 d5d4 b3a3,2183,162,86,18,crushing endgame quietMove veryLong,https://lichess.org/VWPVaim3/black#94,
H0Qj3,8/7p/8/p2k1pp1/2pP3P/P1K2PP1/8/8 b - - 0 37,h7h6 h4g5 h6g5 a3a4 f5f4 g3g4 d5d6 c3c4,2150,77,91,4257,crushing endgame pawnEndgame quietMove veryLong zugzwang,https://lichess.org/SDNnARa9/black#74,
H15sF,3r2k1/4bp2/1p2p1pB/7N/2r5/3b2QP/5PPK/8 b - - 0 33,e7d6 h5f6 g8h8 f2f4 d6f4 h6f4,2159,77,87,785,crushing long middlegame quietMove,https://lichess.org/mIhNRXbc/black#66,
H1Ciw,5r1k/2qn2pp/2b2p2/2b4Q/1p6/1B3N2/PBPN2PP/7K b - - 4 25,c5d6 f3h4 d7e5 b2e5 c6e8 e5d6,2121,76,91,873,advantage long middlegame quietMove,https://lichess.org/pBcAyu4n/black#50,
H1Xyr,r1bq1rk1/pp1nb1p1/2p1Qn1p/8/3P4/3B1N2/PPP2PPP/R1B2RK1 b - - 0 11,g8h8 f3h4 d7e5 e6e5,2186,77,86,91,advantage master opening quietMove short,https://lichess.org/v8fmm4VL/black#22,Caro-Kann_Defense Caro-Kann_Defense_Karpov_Variation
H1aoL,8/1p4p1/3k2Pp/1R1b1P1P/3P1b2/2K5/8/8 b - - 3 44,d5c6 f5f6 c6b5 f6g7 f4d2 c3b3 b5d7 d4d5 d6d5 g7g8q,2182,104,75,24,advancedPawn attraction crushing endgame promotion quietMove sacrifice veryLong,https://lichess.org/XnDHMcTh/black#88,
H25B5,8/8/R7/P2k4/1r6/2p5/5K2/8 w - - 0 55,f2e3 b4c4 a6h6 c3c2,2110,98,73,27,advancedPawn crushing endgame master quietMove rookEndgame short,https://lichess.org/moqJ9byK#109,
H2Vcd,1k1N4/8/1PP1p3/K2pP3/P7/8/6n1/1r6 b - - 0 62,d5d4 c6c7 b8c8 d8f7 c8d7 f7d6,2182,112,86,15,advancedPawn crushing defensiveMove endgame long quietMove,https://lichess.org/NpVXPEhS/black#124,
H2fQx,8/ppp2p2/4k3/4Pp1p/2P2K1P/PP4P1/8/8 b - - 0 28,f7f6 e5f6 e6f6 b3b4 f6e6 f4g5,2106,78,92,147,advantage endgame long pawnEndgame quietMove,https://lichess.org/qTJTdYlK/black#56,
H2uOZ,8/8/p1pp2p1/7p/2PP1P2/1P3K2/P6k/8 w - - 1 38,a2a4 a6a5 b3b4 a5b4,2104,76,88,346,advantage endgame pawnEndgame quietMove short,https://lichess.org/bVzuMtJt#75,
H30cb,r4rk1/pp3B2/1q4p1/7p/5P1Q/3p4/P2B1bR1/1R5K b - - 0 30,f8f7 b1b6 f2h4 b6g6 g8h7 f4f5 f7f6 g6g7 h7h8 d2c3,2186,75,91,990,advantage exposedKing middlegame quietMove veryLong,https://lichess.org/W0m9ShYl/black#60,
H3626,8/8/p7/1p6/8/1k3K2/8/6B1 w - - 2 60,f3e2 b3c2 g1c5 a6a5 c5b6 b5b4,2176,83,78,34,bishopEndgame crushing defensiveMove endgame long quietMove,https://lichess.org/mHrrk0HD#119,
H3GuS,r4r1k/1p1R1p1p/p2b1Np1/3p2B1/P1p5/2P5/1P3PP1/7K b - - 1 25,a8d8 f6g4 f7f5 g5d8,2134,125,82,93,advantage discoveredAttack endgame master quietMove short,https://lichess.org/xBO0uhNp/black#50,
H3UAt,8/4k3/8/4pK2/7P/8/8/8 w - - 1 73,f5g6 e5e4 h4h5 e7f8 h5h6 f8g8 h6h7 g8h8 g6g5 e4e3 g5f4 e3e2,2178,75,87,320,advancedPawn crushing endgame pawnEndgame quietMove veryLong,https://lichess.org/yFfYJqP2#145,
H3pcR,8/5pkp/4p3/2p5/5p2/3K1P2/PP6/8 b - - 1 57,h7h5 a2a4 g7f6 a4a5 h5h4 d3e2,2108,75,93,2408,crushing defensiveMove endgame long pawnEndgame quietMove,https://lichess.org/xpCRAXQQ/black#114,
H4Rir,r6k/4pbRp/3p1p1B/1q2nP2/p2pP3/P2P3P/1P1NQ2K/8 b - - 3 31,b5b2 e2g2 b2d2 h6d2,2129,88,85,32,crushing middlegame quietMove short,https://lichess.org/nMgrB47l/black#62,
H4TQ5,8/p4pk1/1p2b2p/4b3/R7/1P6/P4BPP/3r1BK1 w - - 0 37,a4a7 e6f5 f2b6 f5d3,2199,78,88,1155,advantage endgame quietMove short,https://lichess.org/RMBbEybO#73,
H4Ydr,4Q3/5p1k/p5pp/2q5/8/6BP/5PPK/2r5 b - - 5 44,c5c4 g3e5 f7f6 e8e7 h7g8 e7f6,2120,79,86,50,crushing endgame long quietMove,https://lichess.org/S8OGSi7p/black#88,
H4sQg,8/5p2/2p1k1pK/1p2P2p/pP3P2/P1P4P/8/8 w - - 3 35,h6g7 h5h4 g7f8 f7f6 f8e8 f6e5,2176,78,100,52,crushing endgame long pawnEndgame quietMove zugzwang,https://lichess.org/HSYYx98w#69,
H5HHW,5rk1/ppp3p1/6np/2pPpr2/2P1N2q/3QP1R1/PP4PP/R5K1 w - - 0 20,e4c5 f5h5 h2h3 h4g3 c5e4 g3h4,2145,75,83,539,crushing long middlegame quietMove,https://lichess.org/pRJGYEDQ#39,
H5SHh,8/8/1p6/1P2K1p1/P3B2p/5Pk1/3b2P1/8 w - - 9 64,e5f5 d2f4 a4a5 b6a5,2122,78,90,163,bishopEndgame crushing endgame quietMove short,https://lichess.org/JgIGkyBL#127,
H5Xnz,8/3k2pp/r7/p1R1KPP1/8/7P/8/8 w - - 1 40,f5f6 g7f6 g5f6 a5a4 e5f5 a4a3 c5d5 d7e8,2197,80,80,47,crushing defensiveMove endgame quietMove rookEndgame veryLong,https://lichess.org/BW6P9ulZ#79,
H5atj,8/5rp1/1pp5/p2k2r1/P2R2Np/1PP2P1P/6P1/2K5 b - - 2 35,d5c5 g4f2 b6b5 f2e4 c5b6 e4g5,2186,77,86,45,crushing endgame fork long quietMove,https://lichess.org/BnnEXkNN/black#70,
H61aT,8/1p6/pP1p1k2/P2Pp2K/4PpN1/5P1n/8/8 b - - 15 54,f6g7 g4h6 g7f8 h6f5,2131,75,84,111,crushing endgame knightEndgame quietMove short,https://lichess.org/oRnRgM7H/black#108,
H65QX,8/RP6/6pp/P4p2/1r2k2K/8/6PP/8 w - - 2 47,g2g3 e4f3 h4h3 g6g5 b7b8q b4h4 g3h4 g5g4,2114,75,95,10279,discoveredAttack endgame mate mateIn4 quietMove rookEndgame veryLong,https://lichess.org/2EF1XFfk#93,
H6915,8/2b2ppk/3q2bp/8/Q2N4/1BP2P2/PP3P1P/6K1 w - - 1 29,a4c6 d6h2 g1f1 g6d3 f1e1 c7f4 c6e4 d3e4,2119,76,97,131,crushing endgame quietMove veryLong,https://lichess.org/TWioCIeH#57,
H6Fqc,8/5Pk1/3q3p/2p2p2/Pp2pP2/1P2Q1N1/6PK/3r4 b - f3 0 37,e4f3 e3e8 f3g2 e8g8,2144,79,93,580,crushing endgame master quietMove short,https://lichess.org/YrZTRO7j/black#74,
H6PyO,8/pN5p/3kpp2/1n5r/3P4/P3KP2/3R4/8 b - - 3 49,d6d5 d2c2 e6e5 c2c5 d5e6 d4d5 e6d7 c5b5,2112,97,82,37,advantage endgame fork quietMove veryLong,https://lichess.org/7siK8HQo/black#98,
H6aQj,2k1r3/pp3Q2/2p2p1R/2Ppq3/P7/4P3/4KP2/8 b - - 0 33,d5d4 h6h7 d4d3 e2f1 e5e7 f7e7 e8e7 h7e7,2151,76,89,761,crushing defensiveMove endgame quietMove veryLong,https://lichess.org/QUkSdzRP/black#66,
H6kkQ,4r1k1/1p2rpp1/p2q1n1p/3p1BP1/5P2/2P3P1/PP1Q4/1K2R2R b - - 0 25,h6g5 e1e7 d6e7 d2h2 e7e1 h1e1,2154,105,18,18,crushing long middlegame quietMove,https://lichess.org/vrEZ6NNZ/black#50,
H6lE6,8/pp3k2/7K/7P/6P1/8/8/8 b - - 3 47,f7g8 g4g5 a7a5 g5g6 b7b5 g6g7 g8f7 h6h7,2179,79,91,2860,advancedPawn crushing defensiveMove endgame pawnEndgame quietMove veryLong,https://lichess.org/OeienxAI/black#94,
H6pxs,8/5p2/5p2/3k1P1p/3P3P/2K5/8/8 b - - 3 48,d5e4 c3c4 e4f5 d4d5 f5e5 c4c5 f6f5 d5d6 e5e6 c5c6 f5f4 d6d7 e6e7 c6c7,2103,78,92,2485,advancedPawn crushing defensiveMove endgame pawnEndgame quietMove veryLong,https://lichess.org/HKuUABN7/black#96,
H779I,r3kb1r/pR3ppp/2p1B1b1/8/8/q7/P1P1QPPP/5RK1 b kq - 0 18,f7e6 e2e6 f8e7 f1e1 e8f8 b7e7,2168,77,96,145,advantage long middlegame quietMove,https://lichess.org/qQjDbUU2/black#36,Caro-Kann_Defense Caro-Kann_Defense_Ulysses_Gambit
H7DfG,8/1Pk3p1/3p3p/8/5P1P/4K3/8/8 w - - 1 46,b7b8q c7b8 e3e4 b8c7 e4f5 d6d5 f5e5 c7c6,2150,82,91,1340,crushing defensiveMove endgame hangingPiece quietMove veryLong,https://lichess.org/6iAMLICC#91,
H7Ej5,6k1/ppp4p/3n1ppQ/3p3P/3P2PN/2P5/1q3P2/6K1 b - - 1 30,g6g5 h4g6 b2b1 g1h2 h7g6 h5g6 b1e4 h6h7 g8f8 g6g7,2123,80,86,127,advancedPawn crushing endgame quietMove sacrifice veryLong,https://lichess.org/szvkUA39/black#60,
H7Fc7,r5k1/pp3qpp/8/2b1n3/8/2N1P1Pb/PP1PB2P/R1BQ2K1 w - - 3 19,d2d4 a8f8 d1b3 h3e6 b3e6 f7e6,2182,74,93,10271,advantage long middlegame quietMove,https://lichess.org/7koP2mgo#37,English_Opening English_Opening_Carls-Bremen_System
H7dvA,r1b3r1/1p3p1k/p3pPpb/3pN2N/3P3P/2P3Q1/P1q2P2/3RK1R1 w - - 2 25,e5f7 c2e4 e1f1 c8d7 f7g5 h6g5,2106,77,74,69,advantage long middlegame quietMove,https://lichess.org/LRlzDMGZ#49,
H7f90,8/8/p5p1/5kr1/P1K4R/1P6/8/8 b - - 2 49,g5g4 h4g4 f5g4 b3b4 g4f5 c4d5,2126,157,67,7,crushing defensiveMove endgame long quietMove rookEndgame,https://lichess.org/RAO4vbVQ/black#98,
H89db,4r3/5p2/8/p1pNk2P/P1P3P1/1P6/5K2/8 b - - 0 51,f7f5 g4g5 e8h8 h5h6 f5f4 d5e7,2154,75,92,1089,crushing defensiveMove endgame long quietMove,https://lichess.org/xL2ZqGT3/black#102,
H8iOT,r4rk1/pp3pb1/2p5/8/4Q3/6R1/PqP2PPP/5RK1 b - - 0 25,b2a2 e4g4 a2b2 c2c3 b2c3 g3c3,2112,81,77,57,crushing long middlegame pin quietMove,https://lichess.org/IXWWRtgy/black#50,
H8yh0,1r3k1r/2R2ppp/3Nbn2/8/3p1R2/1P4P1/6BP/6K1 b - - 0 24,f6e8 c7f7 e6f7 f4f7 f8g8 g2d5 e8d6 f7b7 g8f8 b7b8,2128,114,88,34,crushing discoveredAttack middlegame quietMove sacrifice veryLong,https://lichess.org/8NRgr76Y/black#48,
H986x,8/5p2/6kp/4P1p1/3R4/2r2P2/4KP1P/8 w - - 5 40,d4d3 c3d3 e2d3 g6f5 d3e3 h6h5 f3f4 g5f4 e3d4 f5g4 d4e4 h5h4 f2f3 g4h3 e4f4 h3h2 f4g4 h4h3 f3f4 h2g2 f4f5 h3h2,2181,110,73,24,advancedPawn crushing endgame quietMove rookEndgame veryLong zugzwang,https://lichess.org/FzcTdIC4#79,
H9HR0,r7/p5k1/3p1r2/8/4Q1pq/8/PPP2PP1/R4RK1 w - - 5 26,e4a8 f6h6 a8b7 g7f6 b7e7 f6e7,2111,135,61,21,crushing defensiveMove endgame long quietMove,https://lichess.org/mFFi4yBG#51,
H9IFo,8/6pp/3p4/3k4/p4PPP/P2K4/8/8 w - - 1 37,d3c3 d5e4 f4f5 d6d5 c3b4 d5d4,2142,75,89,263,crushing defensiveMove endgame long pawnEndgame quietMove,https://lichess.org/ZoBZFdbs#73,
H9g6o,2r3k1/1q4p1/3bN3/1p1R4/p1r5/P1PQ2P1/1P3P1P/6K1 b - - 2 37,d6f8 e6g5 g7g6 d3g6,2108,158,64,9,crushing master middlegame quietMove short,https://lichess.org/IagW7Mb8/black#74,
H9zVT,8/PK4pk/2N5/8/8/1P6/8/q7 b - - 2 46,a1a3 b3b4 a3b3 a7a8q,2109,76,85,136,advancedPawn crushing endgame master promotion quietMove short,https://lichess.org/RvzViuUh/black#92,
HARul,3r2k1/p1q1npbN/1pp1p1p1/4P3/1nP2P2/7Q/PP3BP1/2K2B1R w - - 4 23,h7g5 c7d7 h3h7 g8f8 h7h8 g7h8,2105,76,91,1339,crushing long middlegame quietMove,https://lichess.org/AI9BNVI0#45,
HAVRL,8/1p5p/p3k1p1/2P1Pp2/3K3P/5P2/P7/8 b - - 4 45,h7h6 f3f4 a6a5 a2a4 h6h5 d4c4 g6g5 f4g5,2110,78,92,657,crushing endgame pawnEndgame quietMove veryLong zugzwang,https://lichess.org/q7Q1zXt5/black#90,
HAZPu,3r3k/5Qp1/p1bN4/2Pp3p/1P6/P1p1P2q/5P1P/3RK3 w - - 1 35,f7e7 d8d6 e7d6 c6b5 d6b8 h8h7 b8b5 a6b5,2121,77,91,560,crushing endgame master quietMove sacrifice veryLong,https://lichess.org/AamcSXIh#69,
HAc1v,4kb2/8/p3p1p1/PpB1PP1p/1P3P2/5K1P/8/8 b - - 0 39,g6f5 c5f8 e8f8 f3e3 f8e7 e3d4 e7d8 d4c5 d8c7 h3h4 c7b7 c5d6,2116,78,87,114,bishopEndgame crushing endgame quietMove veryLong zugzwang,https://lichess.org/6IpHBjB2/black#78,
HB0Nu,8/1p4p1/p3k2p/4p3/PP2K1PP/5P2/8/8 b - - 0 39,b7b5 a4b5 a6b5 h4h5 e6f6 e4d5,2139,76,92,438,crushing endgame long pawnEndgame quietMove zugzwang,https://lichess.org/X35FdHwZ/black#78,
HB2hf,8/pR2b3/2p2ppk/4p3/4PqP1/1B3N1P/P1P3P1/7K b - - 4 32,e7c5 g4g5 f6g5 b3g8 f4c1 h1h2 c5g1 f3g1,2188,92,65,48,crushing endgame quietMove veryLong,https://lichess.org/Pjy0Uv5H/black#64,
HB7ry,8/8/1N2b3/p4p2/1pP1P3/kP6/2K3P1/8 w - - 0 52,e4e5 f5f4 b6d5 a5a4,2180,127,78,20,crushing endgame quietMove short,https://lichess.org/gNvmYQc3#103,
HBIyS,8/6Kp/p5p1/8/1k4P1/7P/8/8 w - - 2 63,g7h7 g6g5 h7g6 a6a5 g6g5 a5a4 g5h6 a4a3 g4g5 a3a2 g5g6 a2a1q,2173,76,90,601,advancedPawn crushing endgame pawnEndgame promotion quietMove veryLong,https://lichess.org/HMnWdXMM#125,
HBUcP,r3r3/pp3Qpk/1np3p1/3pN1q1/5PP1/1P5P/P7/2R1R1K1 b - - 0 23,g5h6 g4g5 h6h5 e5g4 e8f8 g4f6 h7h8 f7f8 a8f8 f6h5,2175,83,91,4798,advantage middlegame pin quietMove veryLong,https://lichess.org/2IJeyVu4/black#46,
HBj9G,8/4k3/8/2p2K1P/1p4p1/6P1/P5P1/8 w - - 1 44,h5h6 e7f7 f5e4 c5c4 h6h7 f7g7 h7h8q g7h8 e4d4 c4c3,2183,76,94,1101,crushing endgame pawnEndgame quietMove veryLong,https://lichess.org/BEI90jyt#87,
HBmR3,8/5R2/5p2/3K4/4Pr2/3k4/8/8 w - - 4 44,e4e5 f6e5 f7a7 e5e4 d5e5 f4h4,2187,75,85,225,crushing defensiveMove endgame long quietMove rookEndgame,https://lichess.org/MtM3fn12#87,
HBv3f,2r4k/6p1/5p1p/8/8/q2N4/2P3PP/1QK2R2 w - - 4 34,d3b2 a3e3 c1d1 c8e8 f1h1 e3e2,2147,75,91,978,crushing endgame long quietMove,https://lichess.org/0ZwF4b4A#67,
HBxTL,8/p6p/Pp1k4/5p2/2pK1PP1/2P5/1P6/8 w - - 0 48,g4f5 h7h5 f5f6 d6e6,2128,79,91,233,crushing endgame master pawnEndgame quietMove short,https://lichess.org/07sapc3q#95,
HCj3Y,r4rk1/ppp2pb1/4q2p/8/8/P3P3/1PP2PQ1/2KN1B1R b - - 2 20,e6a2 h1g1 a2a1 c1d2 f8d8 f1d3,2197,78,94,7635,crushing defensiveMove long middlegame quietMove,https://lichess.org/flGIxlde/black#40,
HCq4Y,2k1br2/2p1P1R1/1p3Bp1/2p3P1/5K2/p4P2/8/8 b - - 0 34,f8f6 g5f6 c8d7 f6f7 e8f7 g7f7 a3a2 f7f8 d7e7 f8a8,2105,76,86,268,advancedPawn advantage endgame hangingPiece quietMove trappedPiece veryLong,https://lichess.org/ERMEfjAD/black#68,
HDULc,1k1r4/1pb2p2/2p1pqr1/1pP5/PQ1P3p/7N/5PP1/3R2RK b - - 0 28,b5a4 d1b1 b8c8 b4b7 c8d7 b1b6 e6e5 d4d5,2197,84,85,260,crushing middlegame pin quietMove veryLong,https://lichess.org/vyiC3A6f/black#56,
HDxU5,4rk2/p1q2p1B/8/3pN3/P1pP3N/1rP3RP/1b3PP1/R5K1 b - - 8 29,b2a1 h4f5 b3b1 g1h2 c7e5 d4e5,2146,75,93,2929,crushing long middlegame quietMove,https://lichess.org/5nkpSdS9/black#58,
HDzxL,r1b2rk1/1pq1bp1n/p1npp2Q/7P/4P1P1/2N2N2/PPP1BP2/2KR3R b - - 0 14,c7d8 g4g5 c6e5 g5g6 e7g5 f3g5 d8g5 h6g5,2103,77,76,200,advantage middlegame quietMove veryLong,https://lichess.org/5k8pHYOe/black#28,Sicilian_Defense Sicilian_Defense_Chekhover_Variation
HEGFC,5r1k/1bp2q1p/1p2R1pQ/p4p2/3P4/2P2P2/PP3NPP/6K1 w - - 1 27,e6g6 f8e8 f2d3 f7g6,2190,79,91,466,advantage endgame intermezzo quietMove short,https://lichess.org/ELDWRrOf#53,
HEhW0,8/2p2rk1/pbQ2np1/7p/1P6/P5qP/2P3P1/3R1R1K w - - 1 28,c2c4 f6g4 f1f7 g7h6 f7h7 h6h7 c6d7 h7h6 d7g4 h5g4,2118,75,95,1433,crushing defensiveMove middlegame quietMove sacrifice veryLong,https://lichess.org/6stdeY6f#55,
HErdk,8/8/2r1p2p/pk2Pp2/1pR5/3PK1P1/1P5P/8 w - - 0 36,e3d4 a5a4 c4c6 b5c6 d4c4 a4a3,2191,97,89,837,crushing endgame long master quietMove rookEndgame,https://lichess.org/OlCCYnG8#71,
HFFvi,2kr2nr/ppp3b1/3p4/4n1Np/2P1P2q/2N5/PP2BP2/R1BQ1RK1 w - - 4 14,f2f3 h4g3 g1h1 e5g4 c1f4 g3f4,2143,80,91,5206,crushing kingsideAttack long opening quietMove,https://lichess.org/sHZ1OiNv#27,Englund_Gambit_Complex Englund_Gambit_Complex_Soller_Gambit
HFpdO,3r4/8/R7/3p2pp/6k1/6P1/6KP/8 b - - 1 39,d5d4 a6f6 h5h4 h2h3 g4h5 g3g4,2144,75,65,214,endgame long mate mateIn3 quietMove rookEndgame,https://lichess.org/o74wEFKl/black#78,
HFtmv,r3k2r/1bqp1pp1/p3pn1p/1p6/1P1N4/P1NQR3/BBP2bP1/R6K w kq - 4 19,e3e2 f6g4 d3h3 f2d4 h3g4 d4c3 b2c3 c7c3,2189,76,94,1810,advantage middlegame quietMove veryLong,https://lichess.org/B2x5SnHe#37,
HG802,5Q2/ppkr1pp1/2p1pn1p/1P4r1/P2P2q1/4P1P1/5P1P/R1R3K1 b - - 0 26,f6e4 b5c6 b7c6 a1b1 c6c5 d4c5,2174,116,73,18,crushing long middlegame quietMove,https://lichess.org/asdmTD9B/black#52,
HHHFV,8/p7/2K3p1/8/6kP/8/P7/8 w - - 1 36,c6b7 a7a5 a2a4 g4h4 b7a6 g6g5 a6a5 g5g4 a5a6 g4g3 a6b7 g3g2 a4a5 g2g1q,2149,76,83,204,advancedPawn crushing endgame pawnEndgame promotion quietMove veryLong,https://lichess.org/H8SSERAC#71,
HHMp2,2k3r1/1pp5/n5b1/5p2/3b4/P2Pr1Pp/1PP4P/R1R2Q1K w - - 0 29,c1e1 g6e8 e1e3 d4e3 f1h3 e8c6,2177,77,100,90,advantage long middlegame quietMove,https://lichess.org/q2DwBfDo#57,
HHNoF,2kr4/6q1/1p6/p3p3/2P1P1r1/P4QP1/5RK1/R7 w - - 2 28,c4c5 d8g8 f3f5 c8b8 g2f1 g4g3,2116,78,87,152,advantage defensiveMove endgame long quietMove,https://lichess.org/fAlmuS1t#55,
HIC8f,r1b1r1k1/p1p2ppp/8/1p6/8/P1QBPq2/1P1B1P1P/R2R2K1 w - - 0 17,c3c7 c8b7 c7b7 f3b7,2101,76,92,1594,advantage middlegame quietMove short,https://lichess.org/vE11btlA#33,Nimzo-Indian_Defense Nimzo-Indian_Defense_Mikenas_Attack
HIHTc,1b6/p6p/Kpk3p1/2p2p2/P1P2P2/1PB2P1P/8/8 w - - 5 34,c3e5 b8e5 f4e5 g6g5 a6a7 h7h5 e5e6 g5g4,2149,74,94,6162,bishopEndgame crushing endgame quietMove veryLong,https://lichess.org/9A3xoGyL#67,
HINJ3,6k1/1p3p2/p1bp4/6nQ/2B5/2N3q1/PPP3P1/7K w - - 0 31,h5e2 g5f3 g2f3 c6f3 e2f3 g3f3,2118,75,77,231,crushing endgame fork long master masterVsMaster quietMove sacrifice,https://lichess.org/MLKLVU9a#61,
HInxU,8/B4K2/p6p/6pP/1bk3P1/5P2/8/8 w - - 4 52,f7g7 a6a5 a7e3 c4d3 e3c1 d3c2,2162,107,89,20,bishopEndgame crushing endgame long quietMove,https://lichess.org/23wsJOSd#103,
HJAw9,r1n2rk1/2B1b1pp/1pp1Pp1n/p2p1P2/2qP4/2PN2QP/1P3R2/1R5K b - - 1 30,a8a7 b1g1 h6f5 f2f5,2123,75,89,146,crushing middlegame quietMove short,https://lichess.org/CjHHqYZC/black#60,
HJMnP,2kr4/pp1nb2q/3p4/2pP1p2/5Qr1/2N2NB1/PPP2P2/R3R1K1 w - - 5 22,f4e3 h7h3 f3h2 d8h8 e3f3 h3h2,2137,162,86,26,crushing long middlegame pin quietMove,https://lichess.org/fyA6shEh#43,
HJV5c,7R/8/8/6r1/1pP3k1/7p/P4K2/8 b - - 1 64,g5h5 h8h5 g4h5 c4c5 h5g5 c5c6 h3h2 f2g2 g5f6 c6c7 h2h1q g2h1,2191,75,93,868,advancedPawn crushing endgame quietMove rookEndgame veryLong,https://lichess.org/u1s0cwnv/black#128,
HJVyV,3r2k1/pp3p2/2n2q2/7p/5Bb1/2P1PN2/PP3PP1/3QK2R w K - 3 22,d1b3 f6g6 e1g1 g4f3,2186,108,81,15,crushing middlegame pin quietMove short,https://lichess.org/kl4e2y8X#43,
HJn5g,5rk1/7p/p3r3/1p2bp2/4p1p1/2P1N1Pq/PP2QP1P/3RR1K1 w - - 5 26,d1d5 e6h6 e3f1 f5f4 g3f4 e5f4,2164,77,87,138,crushing long master masterVsMaster middlegame quietMove,https://lichess.org/qggNB8B2#51,
HJoOe,r1bq4/3p2pk/2pNn1rp/1p2P3/PR6/6P1/2Q2P1P/R5K1 b - - 1 27,d8a5 b4g4 e6f8 h2h4 h7g8 g4g6,2115,79,90,417,crushing long middlegame pin quietMove,https://lichess.org/7a4vDrCZ/black#54,
HJopH,8/5p2/8/p2pk2P/P7/7P/4K3/8 w - - 0 44,h3h4 f7f5 h5h6 e5f6 h6h7 f6g7 h7h8r g7h8,2181,81,97,50,crushing endgame master pawnEndgame quietMove veryLong,https://lichess.org/KnUocBu3#87,
HJx5A,8/p4kp1/7p/8/2p2P2/4K2P/P5P1/8 b - - 1 40,f7f6 g2g4 g7g5 f4f5,2155,75,94,1996,crushing defensiveMove endgame pawnEndgame quietMove short,https://lichess.org/oFar0VpD/black#80,
HKFFQ,r1b2rk1/q4pp1/p3p3/1p4Q1/4R3/2N4P/PP3PP1/6K1 b - - 5 24,c8b7 e4g4 g7g6 g5f6 a7c5 g4h4,2117,75,94,3603,crushing defensiveMove long middlegame quietMove,https://lichess.org/65DV0yqr/black#48,
HKSr0,r1bq1rk1/1p3ppp/p2b1n2/2p1N3/3QPB2/8/PPP2PPP/RN2R1K1 w - - 0 11,d4d1 d8c7 e5d3 d6f4,2142,75,93,4975,advantage opening quietMove short,https://lichess.org/2RII6dVU#21,Sicilian_Defense Sicilian_Defense_Nyezhmetdinov-Rossolimo_Attack
HKd8e,5rk1/p3R2p/6p1/4Bp2/8/1P1r2P1/1P4PP/5K2 b - - 2 27,d3d5 e7g7 g8h8 e5c3 f8d8 g7g6,2153,76,91,2298,crushing discoveredAttack endgame long quietMove,https://lichess.org/BJlcQ1KA/black#54,
HKtGB,5k2/5pp1/1pBP2b1/pP6/8/R7/5K2/2r5 b - - 1 41,c1d1 a3e3 f7f6 d6d7,2171,79,80,63,advancedPawn advantage endgame quietMove short,https://lichess.org/lHBNu4Gf/black#82,
HKuGk,4k3/5pp1/1P5p/4p3/P2p4/3K2P1/5P2/8 b - - 0 45,e8d8 a4a5 d8d7 a5a6 d7c6 a6a7,2169,78,92,253,advancedPawn crushing endgame long pawnEndgame quietMove,https://lichess.org/fQoVTgLi/black#90,
HKzwr,8/R3b3/1p3k2/3Bp3/1P1nP2p/3K1p1r/PR3P2/8 w - - 0 38,a2a4 h3h1 a7a8 h4h3,2185,172,68,8,crushing endgame master quietMove short,https://lichess.org/MuamyRMu#75,
HLBM5,1r3r1k/1bq3p1/p2b3p/3p1p2/P3p3/1P3P2/1BP1BQPP/2R2R1K b - - 1 27,d6h2 f3f4 h2f4 f2f4 c7f4 f1f4,2172,76,81,100,advantage long middlegame quietMove,https://lichess.org/uCchBKj9/black#54,
HLUYh,3q4/4prk1/pp6/1n1N1p2/3R4/5P2/PP5P/1K4R1 b - - 2 35,g7f8 d5f6 f7f6 d4d8,2123,76,85,427,advantage discoveredAttack endgame quietMove short,https://lichess.org/oFY0RUBT/black#70,
HLqlV,8/8/5pp1/3k4/6KP/8/5P2/8 b - - 0 50,d5e4 f2f4 f6f5 g4g5 e4e3 g5g6 e3f4 h4h5 f4e4 h5h6,2149,76,86,85,crushing defensiveMove endgame master pawnEndgame quietMove veryLong zugzwang,https://lichess.org/m8qZaV2q/black#100,
HM2Rr,7k/pppq2pp/5n2/3p2r1/3Q4/2PB4/P1P2PPP/5RK1 w - - 2 22,d4a7 d7h3 g2g3 g5h5 f1e1 h3h2 g1f1 h2h1 f1e2 h5e5,2172,75,91,4953,crushing endgame pin quietMove veryLong,https://lichess.org/8wgjtipw#43,
HM3sv,3N2k1/6P1/6K1/1p6/p7/P1n5/8/8 b - - 1 65,b5b4 d8f7 b4b3 f7h6,2153,76,92,5282,endgame knightEndgame mate mateIn2 quietMove short,https://lichess.org/zy9CT4ZC/black#130,
HM9th,8/4pk2/p1p4p/4p1p1/1P4r1/2PK2P1/P6P/2R5 b - - 0 26,f7f6 c1g1 f6e6 h2h3 g4f4 g3f4,2180,80,75,77,crushing endgame long quietMove rookEndgame trappedPiece,https://lichess.org/B5Foq5xv/black#52,
HMDNT,1Q4k1/3q1b1p/7B/2p2r2/8/5N2/5KPP/8 b - - 7 38,d7e8 b8b2 e8e5 b2e5 f5e5 f3e5,2100,76,91,228,advantage endgame long quietMove,https://lichess.org/L0aHyvw3/black#76,
HMkIn,8/6pp/p1k1p3/3p1p2/1K3P2/6PP/PP3P2/8 w - - 5 29,b4a5 c6c5 b2b4 c5c4 a2a4 d5d4 b4b5 a6b5 a4b5 d4d3 b5b6 d3d2,2118,75,92,5206,advancedPawn crushing defensiveMove endgame pawnEndgame quietMove veryLong,https://lichess.org/vhgyfAj9#57,
HNGOC,8/8/p3k3/4p1pp/2P1K3/6PP/P7/8 b - - 2 42,g5g4 h3g4 h5g4 c4c5 a6a5 a2a4,2143,99,32,28,crushing defensiveMove endgame long pawnEndgame quietMove zugzwang,https://lichess.org/JyUgg2iz/black#84,
HNfng,8/6kp/3b2p1/1P3pK1/2B5/5P2/4P3/8 w - - 8 44,b5b6 d6g3 e2e3 h7h6,2191,77,90,1129,bishopEndgame endgame mate mateIn2 quietMove short,https://lichess.org/t93Sz6mY#87,
HNmHD,6rk/2R3p1/3p4/3Pp2p/4Pn2/4QPq1/PP1R2P1/6K1 w - - 0 29,c7f7 g8c8 d2f2 f4h3,2168,75,91,477,advantage endgame master pin quietMove short,https://lichess.org/PkFZwzZO#57,
HOCfY,8/p7/7p/8/1P2p3/4K2k/P7/8 w - - 0 46,e3e4 h3g3 e4d3 h6h5 d3e2 g3g2,2115,75,69,110,crushing defensiveMove endgame long pawnEndgame quietMove,https://lichess.org/UUsJSzDd#91,
HOEnQ,8/8/6B1/p1k1p1P1/Pp3r1P/1Pp3K1/3p4/3R4 w - - 1 43,h4h5 e5e4 g3f4 c3c2 d1d2 c2c1q f4e3 c1c3,2124,95,88,28,advancedPawn crushing endgame pin promotion quietMove sacrifice veryLong,https://lichess.org/9zH111gO#85,
HOQXw,1k4r1/1pp2pr1/p2p3p/3Np3/PPB1P1Q1/2PP1P2/3q1b1P/R4R1K w - - 5 27,g4d7 g7g2 d7h3 d2g5 h3g4 g2g4,2102,109,35,27,advantage long middlegame quietMove,https://lichess.org/YRwVZbhn#53,
HOhsl,rq4k1/1b3ppp/p4b2/1p6/3p2Q1/1B1PrN2/PPP3PP/R4RK1 b - - 3 21,e3e2 f3h4 b8e5 f1f6 e5f6 g4e2,2149,127,80,16,crushing deflection discoveredAttack long middlegame pin quietMove,https://lichess.org/eA78omdp/black#42,
HPLFV,2krn3/1qpb1pr1/1B5p/4P1p1/2Q5/P1P2P2/6PP/1R2K2R b K - 2 29,b7c6 b6a7 c6b7 b1b7,2180,77,94,609,crushing middlegame quietMove short,https://lichess.org/czKzO6Fl/black#58,
HPycj,b4r1k/p3Nnpp/1p3p2/1q6/2p2Q2/P5P1/5P1P/2RR2K1 w - - 6 29,f4h4 f7e5 e7g6 e5g6,2147,77,86,53,crushing middlegame quietMove short,https://lichess.org/aSWsxYzf#57,
HQTyS,r3k3/1p1q1p1r/1p1p3p/1p2P1pn/4P3/P1P2P2/QB3P1P/R3R1K1 w q - 1 19,e5d6 h5f4 a2d5 f4d5,2146,104,74,23,crushing middlegame quietMove short,https://lichess.org/bVoSBNNL#37,Italian_Game Italian_Game_Anti-Fried_Liver_Defense
HQuWn,1k5r/p3rpp1/Pp4np/3QP3/1q6/4P3/1P4PP/2R2RK1 b - - 2 27,g6e5 f1d1 e5c4 c1c4 b4c4 d5c4,2135,89,78,39,crushing long middlegame quietMove,https://lichess.org/2OkXuieX/black#54,
HQz0B,8/4k3/6Kp/5ppP/6P1/8/8/8 w - - 0 48,g4f5 e7f8 g6h6 g5g4 h6g5 g4g3,2198,75,94,358,crushing endgame long pawnEndgame quietMove,https://lichess.org/jX3v8Q8j#95,
HRRo6,r5k1/pp1n1ppp/2p1r1b1/6q1/5B2/8/PPP2QPP/1K1R1B1R b - - 5 20,g5f5 d1d7 e6e4 f2d2 a8e8 d7d8 e4e1 d2e1 f5c2 b1a1 e8d8 f1e2,2184,153,80,6,advantage defensiveMove hangingPiece middlegame pin quietMove veryLong,https://lichess.org/j0CrNxni/black#40,
HRcCS,8/6N1/7p/2nk1P2/1p6/7P/5KP1/8 w - - 0 43,f5f6 b4b3 f6f7 c5d7 g7f5 b3b2,2193,76,83,132,advancedPawn crushing endgame knightEndgame long quietMove,https://lichess.org/AMTj2Qyg#85,
HRst9,8/8/8/1p2p1pk/1P2P3/5PK1/8/8 b - - 16 54,g5g4 f3g4 h5g5 g3h3 g5f4 h3h4 f4e4 g4g5 e4f5 h4h5 e5e4 g5g6 f5f6 h5h6,2135,84,90,381,crushing defensiveMove endgame pawnEndgame quietMove veryLong,https://lichess.org/oSUkH4UG/black#108,
HS61R,8/4p3/1p6/p4Np1/Pk2K1P1/1P5P/8/6b1 b - - 2 79,b4b3 h3h4 g5h4 g4g5 b3c3 g5g6,2153,76,79,348,crushing endgame long quietMove,https://lichess.org/S5ccC7iw/black#158,
HSAuH,2rq2k1/5ppp/p2p2r1/1p1Q4/1P2P3/5n1P/PB3PP1/1B1R3K w - - 10 28,g2f3 d8h4 d5f5 c8d8 d1g1 h4f2,2112,153,8,16,advantage clearance long middlegame quietMove,https://lichess.org/lPIOp64E#55,
HSZ7m,2b5/8/2P2k2/8/4Bp2/5P1p/7K/8 b - - 5 51,f6g5 e4d3 g5f6 d3f1,2196,76,86,114,bishopEndgame crushing endgame master quietMove short,https://lichess.org/YmUl4f49/black#102,
HT7NE,8/p7/2p5/1p1p1k2/1P1P2p1/2P3K1/P5P1/8 w - - 0 46,a2a3 f5g5 g3f2 g5f4 g2g3 f4e4 f2e2 a7a6 e2d2 e4f3,2163,78,82,67,crushing defensiveMove endgame pawnEndgame quietMove veryLong zugzwang,https://lichess.org/NlNT3pY7#91,
HTVZg,8/7k/1R5p/5P2/6P1/8/1p3K2/1r6 w - - 0 42,f5f6 b1h1 f6f7 h7g7 f7f8r g7f8,2148,76,90,729,crushing endgame long quietMove rookEndgame,https://lichess.org/vxS09bkc#83,
HThFL,3r2k1/p4pb1/1p5p/2r1pNpQ/5qP1/2P4R/PP3PP1/R5K1 w - - 2 32,f5g7 c5d5 a1e1 d5d1,2109,78,91,6064,crushing middlegame quietMove short,https://lichess.org/ze14paCD#63,
HUvho,2r1rnk1/1p3p1p/5Qp1/p1qpN1P1/7P/1P2P3/3NKP2/n5R1 b - - 1 29,e8e7 e5g4 h7h6 g5h6,2148,103,84,18,crushing middlegame quietMove short,https://lichess.org/Xs1laeY6/black#58,
HVOhh,2rr2k1/1p2b1pp/1q2p1P1/4P3/p2p1B2/PnP2Q2/1PB2P2/1K1R3R b - - 0 24,d4c3 f4c1 d8f8 f3h3 h7h6 d1d6,2137,133,82,30,advantage long middlegame quietMove,https://lichess.org/o9XCzyQ3/black#48,
HVZgQ,8/4b3/4k2p/6p1/4K1P1/p6P/R7/8 w - - 1 48,e4d4 e7f6 d4d3 f6b2 d3e4 e6f6,2132,75,98,277,crushing defensiveMove endgame long quietMove,https://lichess.org/LMMUxLqj#95,
HVdGZ,8/7p/p7/1p5p/1k2K3/4N3/5P2/8 b - - 0 41,a6a5 f2f4 h5h4 f4f5 h4h3 e3g4 b4c5 e4e5 c5c6 e5e6 b5b4 f5f6,2170,100,64,19,crushing endgame knightEndgame master quietMove veryLong,https://lichess.org/g6CXLIRA/black#82,
HVk8k,2r5/2PR1R2/1P2p1p1/4k3/8/8/p1r2p2/K7 b - - 0 47,c8a8 d7d1 c2c6 b6b7,2109,76,98,269,advancedPawn crushing endgame quietMove rookEndgame short,https://lichess.org/WcUPT8P1/black#94,
HVuID,1Q6/p4ppk/7p/2q5/4p3/2r1P1P1/5P1P/R5K1 w - - 4 34,a1a7 c3c1 g1g2 c5c4 g3g4 c4f1,2117,77,85,181,crushing endgame long quietMove,https://lichess.org/L4RFOViz#67,
HVwDM,5rk1/1pp2p2/1p1pq3/1P2pN2/r1P3P1/8/2PK1P2/3R3Q b - - 1 25,f8e8 h1h4 a4c4 d1h1 e6d5 d2c1 d5h1 h4h1,2129,165,14,14,clearance crushing defensiveMove endgame quietMove veryLong,https://lichess.org/XyCGcAu6/black#50,
HX3Ip,r2q3r/ppp1kBb1/3p1pP1/4p2R/3nP1Q1/3P4/PPP2P2/R1B1K3 w Q - 3 18,e1d1 h8h5 g4h5 d8d7 c1e3 a8h8,2129,107,83,14,clearance crushing long middlegame quietMove,https://lichess.org/A8s7uykP#35,Philidor_Defense Philidor_Defense_Other_variations
HXDG9,5bk1/R5pp/2p4r/2Pp1pq1/3Pp3/1P2P1P1/Q2N1PP1/6K1 w - - 3 24,a7a8 g5h5 a8f8 g8f8 a2a8 f8f7 a8b7 f7g6 b7c6 g6g5,2160,79,85,246,crushing endgame quietMove veryLong,https://lichess.org/LCHwKo4Q#47,
HXJBh,7k/6p1/3r3p/Q4p2/5p2/P4NqP/2r1B1P1/4R1K1 w - - 2 31,a5f5 d6g6 f5g6 g3g6,2160,82,84,162,advantage middlegame quietMove short,https://lichess.org/CvOICwyb#61,
HXLUn,8/8/p2k4/7p/PPK2P2/8/8/8 w - - 0 35,b4b5 a6b5 a4b5 h5h4 f4f5 h4h3 f5f6 h3h2 f6f7 d6e7 f7f8q e7f8,2197,83,85,206,advancedPawn crushing endgame pawnEndgame quietMove veryLong,https://lichess.org/2YKRxvmZ#69,
HXRv8,4rrk1/p2q3p/2p1b1p1/3pQ3/3P4/P5NP/1P4P1/R4RK1 w - - 1 24,h3h4 e6f5 e5f4 f5d3 f4g5 d3f1,2108,92,82,34,advantage long middlegame quietMove,https://lichess.org/YgDS16m4#47,
HXmtA,8/8/8/pppp2kP/3p2P1/P2K1P2/2P5/8 b - - 0 43,b5b4 a3a4 c5c4 d3d4,2198,76,94,426,crushing endgame pawnEndgame quietMove short,https://lichess.org/7qgTSJA6/black#86,
HY54B,8/p3k2p/1p2p3/2p1Kp2/3p1P2/3P4/PPP2P1P/8 w - - 2 26,f2f3 b6b5 a2a3 a7a5,2195,82,87,44,crushing defensiveMove endgame master pawnEndgame quietMove short,https://lichess.org/SZ1tRFKU#51,
HYMjk,8/p6p/1p6/8/2p2k1p/2P2P2/PP2K1PP/8 w - - 0 36,g2g3 h4g3 h2g3 f4g3 e2e3 h7h5 f3f4 g3g4,2172,79,74,47,crushing endgame pawnEndgame quietMove veryLong,https://lichess.org/ipSlVlTQ#71,
HYS6G,3k4/3P1p1p/3K2p1/3P1p2/8/6P1/7P/8 b - - 2 48,h7h5 h2h4 f7f6 d6e6 g6g5 e6f5 g5h4 g3h4,2181,78,90,895,crushing endgame master pawnEndgame quietMove veryLong,https://lichess.org/QxD5bae9/black#96,
HYiAn,6k1/pp3qb1/3p3n/3Pp3/1P2P3/5rP1/P4NQ1/2R3K1 b - - 1 31,g8h7 f2h3 f7h5 g2f3,2106,160,100,27,equality middlegame quietMove short,https://lichess.org/uZtSgLfw/black#62,
HYjJK,rnb1k2r/pp1p1ppp/8/3Q4/8/8/P2NBRPP/qN4K1 b kq - 1 16,e8g8 e2c4 b8c6 f2f7 c6d8 d2b3 d8f7 b3a1,2168,171,82,11,advantage middlegame quietMove veryLong,https://lichess.org/wpYDBD0F/black#32,Sicilian_Defense Sicilian_Defense_Smith-Morra_Gambit
HYuaa,r4rk1/pp4pp/4p2q/2P1Q3/1n2P3/8/PP3PPP/2R1KB1R w K - 3 19,c1c3 a8d8 f2f4 f8f4,2135,76,78,98,crushing middlegame quietMove short,https://lichess.org/TjoAN1j6#37,Queens_Gambit_Declined Queens_Gambit_Declined_Semi-Tarrasch_Defense
HYwci,8/p6p/2Pk2p1/3P4/8/7P/P6r/1K3R2 b - - 2 31,h2h3 f1c1 h3e3 c6c7,2175,80,94,3028,advancedPawn crushing endgame quietMove rookEndgame short,https://lichess.org/CuQpP5fj/black#62,
HZ6XU,8/8/2k3P1/b3p3/4P2p/1pp4P/5B2/2K5 b - - 0 37,c3c2 f2e3 a5b4 c1b2,2109,157,88,6,bishopEndgame crushing endgame quietMove short,https://lichess.org/7hjBEljJ/black#74,
HZCKo,5rk1/N3Rp1p/1pprn1p1/3p4/8/2P4P/PP3PP1/5RK1 w - - 2 28,a2a4 f8b8 a7c6 d6c6,2130,124,44,25,advantage endgame quietMove short,https://lichess.org/u3fxVoCK#55,
HZPLx,4n3/4k3/2P1p3/pB1pKp2/P2P1Pp1/4P1P1/8/8 w - - 1 48,b5a6 e8d6 e3e4 d6f7,2122,74,74,120,endgame mate mateIn2 quietMove short,https://lichess.org/7SiYyr9x#95,
Ha3pB,2qrr1k1/5ppp/2p2P2/p2p4/8/1R2PQ2/2P2RP1/6K1 b - - 0 29,g7g6 f3f4 g8h8 f4h6 e8g8 e3e4 g6g5 b3h3,2135,89,86,26,clearance crushing defensiveMove endgame quietMove veryLong,https://lichess.org/7As9pC6g/black#58,
Ha6Dq,4r3/8/8/5P2/6R1/2kp4/5KP1/8 w - - 2 49,g4h4 e8e2 f2f3 e2e1 h4h8 d3d2,2140,134,86,20,advancedPawn crushing endgame long quietMove rookEndgame,https://lichess.org/j45HPthT#97,
HaLIO,n7/k5Kp/6p1/3N4/6P1/8/8/8 b - - 1 57,a8c7 d5c7 h7h5 g4g5 h5h4 c7b5,2129,79,94,7416,crushing endgame hangingPiece knightEndgame long quietMove,https://lichess.org/tu9AyF3q/black#114,
Habno,8/8/p7/k7/1p4P1/4K2P/8/8 b - - 1 55,b4b3 e3d2 a5b4 d2c1 a6a5 g4g5 a5a4 g5g6 a4a3 g6g7,2184,76,95,2144,advancedPawn crushing endgame pawnEndgame quietMove veryLong,https://lichess.org/QcRNwhTH/black#110,
HajvF,6rk/p6r/1p2R2R/3B1p2/1bP5/7P/PP1pKP2/8 w - - 3 41,a2a3 g8g1 e6e8 h8g7 h6h7 g7h7,2113,75,90,379,advantage defensiveMove endgame long quietMove,https://lichess.org/6rcSye5M#81,
HbJEC,3k4/1R6/p3r2p/Pp6/4p1P1/1P5P/2P5/3K4 w - - 4 46,b7b6 e6b6 a5b6 a6a5 h3h4 a5a4 b3a4 b5a4,2122,78,88,68,crushing endgame quietMove rookEndgame veryLong,https://lichess.org/c5fIRvqM#91,
Hbiyt,8/8/2b5/4p1p1/p1N1PkP1/5P2/5K2/8 b - - 15 52,c6b5 c4e3 a4a3 e3g2,2100,76,95,4521,endgame mate mateIn2 quietMove short,https://lichess.org/0sDl9Dk5/black#104,
HbvWV,8/8/7p/1p1b4/3k1P2/P5K1/3N4/8 w - - 1 42,d2f3 d5f3 g3f3 h6h5 f3g3 d4e4,2106,74,92,1092,crushing endgame long quietMove,https://lichess.org/6JTOV8da#83,
Hc9uf,r1b2r1k/1p2Rp1p/p1pq1Pp1/8/2B3n1/2Q2N2/P4PPP/1R4K1 b - - 6 24,g4f6 b1e1 h8g8 f3g5,2161,96,39,33,crushing middlegame quietMove short,https://lichess.org/m88CGDhD/black#48,
HcUZP,8/p7/6p1/1p3k2/1P3P2/P4K2/8/8 w - - 0 49,f3e3 f5g4 e3e4 a7a6 e4e3 g4g3 f4f5 g6f5,2153,153,85,6,crushing endgame pawnEndgame quietMove veryLong zugzwang,https://lichess.org/ftyhaIrh#97,
HcfKY,8/p7/1p2k2p/2p1Pp2/3p1K1P/P2P4/1PP5/8 w - - 3 41,a3a4 a7a6 h4h5 b6b5 a4b5 a6b5 b2b3 b5b4,2106,75,93,4418,crushing defensiveMove endgame master pawnEndgame quietMove veryLong zugzwang,https://lichess.org/DT19laDr#81,
HcflZ,4rrk1/p1n3pp/1p1P4/3Ppb2/1P5q/PB6/1BQ2PpP/R3R1K1 w - - 2 25,c2c7 f5d3 c7c2 d3c2,2158,75,91,2588,crushing middlegame quietMove short,https://lichess.org/GlEWkVK4#49,
HdOem,rn3kr1/p1Qp2b1/1pb1pqB1/8/2PP4/8/PP1N1PP1/R1B2RK1 w - - 1 20,c7c8 f8e7 c8g8 f6g6 d4d5 b8a6 g8g7 g6g7,2154,77,91,816,advantage middlegame quietMove sacrifice trappedPiece veryLong,https://lichess.org/xheDZlpD#39,
Hdcqq,4r3/ppk1rp2/2p4Q/4p3/2P2pqP/1P1P2P1/P5PK/3RR3 w - - 0 30,g3f4 e8g8 h6g5 g8g5,2133,76,62,158,crushing endgame quietMove short,https://lichess.org/YwQTXNS6#59,
Hdiuq,r2r2k1/1nq2pb1/5npp/2p1p3/4P3/1N3B1P/1BQ2PP1/R1R3K1 w - - 0 23,b3c5 a8a1 b2a1 d8c8 c2b2 b7c5,2181,75,84,95,advantage long middlegame quietMove,https://lichess.org/GBLZ9Pbc#45,
Hdpo8,4r2k/1p6/6pp/8/8/1P2PQ1P/1q4P1/5R1K b - - 3 33,b2b3 f3f6 h8h7 f1c1 b3e3 c1c7,2118,77,91,68,crushing endgame long quietMove,https://lichess.org/k81gW6Fd/black#66,
HdvKc,8/8/7p/p5p1/8/1PK3PP/k7/8 b - - 1 47,a2a3 g3g4 a3a2 b3b4 a5b4 c3b4,2132,76,92,626,crushing endgame long pawnEndgame quietMove zugzwang,https://lichess.org/9glZaaIF/black#94,
HefVK,5rk1/pp1Q2p1/2p2q1p/2b1p3/2n1P3/2P2PP1/PP1B3P/R3KR2 w Q - 5 22,d2c1 f8d8 d7b7 f6d6 b7b3 d6d3 c1h6 g7h6,2112,98,80,49,advantage middlegame quietMove veryLong,https://lichess.org/oYjHTyGf#43,
HewaH,8/1bp1k1p1/1bn4p/p2Qp3/Pp1P4/2PBq1P1/1P1N3P/R6K w - - 2 22,a1f1 c6d8 f1f7 d8f7,2101,77,83,83,crushing middlegame pin quietMove short,https://lichess.org/2qNrKu31#43,
HfTIe,r4rk1/2p3pp/8/2R5/p2Pq3/2P3P1/P4RKP/5Q2 w - - 5 38,f2f3 a8b8 f1c4 g8h8,2188,76,83,68,crushing defensiveMove endgame quietMove short,https://lichess.org/tep8jBoM#75,
HfV3e,6k1/2q2pp1/7p/5Q2/8/7P/1r4P1/4R2K b - - 17 38,c7b8 e1c1 b8e8 c1c8 b2b8 c8e8,2123,78,81,61,advantage endgame long pin quietMove,https://lichess.org/RiuaoawP/black#76,
HgVBR,8/8/2p1k1p1/2P1p2p/p1K1P3/P5PP/8/8 b - - 0 41,e6f6 h3h4 f6e6 c4b4,2107,74,83,121,crushing endgame pawnEndgame quietMove short,https://lichess.org/tZuYy0KP/black#82,
HgVXm,8/8/b7/5P2/1P6/2pk2P1/8/2K5 b - - 0 52,a6c8 f5f6 c8e6 b4b5 d3c4 b5b6,2184,75,94,2258,bishopEndgame crushing endgame long quietMove,https://lichess.org/y8rurzzP/black#104,
HgWZg,4r1k1/pp3pp1/7p/3p4/5n2/2P2PP1/PP1N3P/1R3K2 b - - 0 29,e8e2 b1d1 e2h2 g3f4,2198,86,63,36,advantage endgame master masterVsMaster quietMove short,https://lichess.org/OsJ60DDD/black#58,
HhR5m,5r2/4q1k1/4Bp1p/2pPpQpP/1p6/2rP2P1/4n2K/3R4 b - - 1 37,f8h8 d1f1 e2f4 g3f4 e5f4 f5g6 g7f8 f1e1 f4f3 h2g1 c3d3 g6d3,2178,97,-29,58,crushing middlegame quietMove veryLong,https://lichess.org/RmOzUBwm/black#74,
HhbGo,r7/8/P4kp1/R3pp1p/8/R4PP1/3r2KP/8 w - - 1 34,g2h3 g6g5 a3a2 g5g4 h3h4 d2a2 a5a2 g4f3,2105,77,84,83,crushing endgame quietMove rookEndgame veryLong,https://lichess.org/faNJVOnG#67,
HhsYB,8/5p2/1p6/1PB1Pk2/2P2n2/7K/8/8 w - - 0 52,h3g3 b6c5 b5b6 f4e2 g3f2 e2d4 b6b7 d4c6,2149,75,96,3248,crushing endgame exposedKing hangingPiece quietMove veryLong,https://lichess.org/Y6C5rOb5#103,
HiAOg,1n3rk1/p1p2ppp/8/4pq2/4B3/2PPPnPb/P3N3/R1BQR1K1 w - - 0 16,g1h1 f5h5 e2f4 e5f4 d1f3 h3g4,2161,76,92,633,advantage discoveredAttack kingsideAttack long middlegame quietMove,https://lichess.org/O9bag1OK#31,English_Opening English_Opening_Anglo-Scandinavian_Defense
HiQT6,4r3/7p/4P1pP/1p1pRr2/p1pP4/P1P2k2/KP2R3/8 w - - 11 41,e5f5 g6f5 e2e5 f5f4 e5d5 e8e6,2153,89,88,24,crushing endgame long quietMove rookEndgame,https://lichess.org/mnwcsO4p#81,
HidVb,2r5/3n1pk1/p2N3p/qp1P1Qp1/8/P5PP/1P3P2/3Rr1K1 w - - 0 30,d1e1 a5e1 g1g2 c8c1 f5f7 g7h8 f7e8 e1e8,2190,83,90,520,crushing endgame quietMove veryLong,https://lichess.org/8YQvb42x#59,
Him4Q,8/Q5pk/6r1/3p4/P1pB2q1/4P1P1/1P3P2/5K2 w - - 3 49,a4a5 g6h6 a7g7 g4g7 d4g7 h7g7,2134,77,90,295,crushing endgame long quietMove,https://lichess.org/GFcYaXnQ#97,
HixYR,8/8/1k3p2/p1p4p/2K1pPpP/PP2P1P1/8/8 b - - 2 46,b6c6 f4f5 c6b6 c4d5,2177,78,95,365,crushing endgame master masterVsMaster pawnEndgame quietMove short,https://lichess.org/UZS1SPKP/black#92,
HjKyy,8/4p3/3pPk1p/pp1PN1p1/3pP3/PP5P/4K1P1/8 b - - 0 36,f6e5 e2d3 h6h5 g2g3 h5h4 g3g4 e5f4 d3d4,2144,75,93,9094,crushing endgame pawnEndgame quietMove veryLong zugzwang,https://lichess.org/NTi9Kwzl/black#72,
HjoHd,8/7p/5k2/1p6/6P1/4K2P/8/8 w - - 1 43,h3h4 f6e5 e3f3 b5b4 f3e3 b4b3 e3d2 e5f4 g4g5 f4g4,2118,75,83,307,crushing endgame master pawnEndgame quietMove veryLong,https://lichess.org/QSV9MuYE#85,
Hk6Zl,8/8/8/R1bk4/3p3P/p2Kp3/8/8 b - - 0 72,d5c6 h4h5 c5b4 a5a8,2194,108,83,25,crushing endgame quietMove short,https://lichess.org/iOpPnPyj/black#144,
HkFb9,5r1k/5p2/5Q1p/pB6/P3q3/1p2r2P/1P4P1/6RK b - - 0 34,h8h7 b5d7 e4d5 d7f5 h7g8 f6h6 d5f5 h6e3,2116,81,90,991,advantage deflection endgame quietMove veryLong,https://lichess.org/7HbhGIPa/black#68,
HkPD7,8/8/5p2/p6p/1k6/1P4PP/P5K1/8 w - - 1 47,g3g4 h5h4 g2f3 b4a3 f3e2 a3a2,2162,79,86,54,crushing endgame long master pawnEndgame quietMove,https://lichess.org/xe8VPAwr#93,
HkUOa,8/8/p5p1/3kp2p/PP1pp2P/1P6/3K1PP1/8 w - - 0 30,b4b5 a6b5 a4a5 b5b4 a5a6 d5c6 a6a7 c6b7 a7a8q b7a8,2148,74,93,3350,crushing endgame pawnEndgame quietMove veryLong,https://lichess.org/TCODRvpC#59,
HkXtj,2b2rk1/5pp1/2n3p1/2N5/3b4/3Q2B1/6PP/6K1 w - - 0 30,g1h1 d4c5 d3c4 f8d8 c4c5 d8d1,2142,78,88,426,crushing hangingPiece long middlegame quietMove,https://lichess.org/ElAHwthh#59,
Hka8Y,6N1/2p2k2/1p1p2n1/p2PpKP1/2P1Pn2/1P6/P7/3B4 w - - 7 39,g8f6 f4g2 f5g4 g2e3 g4f3 e3d1,2100,128,88,18,advantage endgame fork long quietMove,https://lichess.org/XbkMIg98#77,
Hl4JX,8/1p5p/p5p1/3pk3/PP4P1/2P1K3/7P/8 b - - 0 36,b7b5 a4b5 a6b5 g4g5 e5f5 e3d4,2169,113,52,26,crushing endgame long pawnEndgame quietMove,https://lichess.org/mapsUU78/black#72,
HlC03,8/8/3n3P/5p2/pkp4P/1p2N3/1P1K4/8 w - - 0 50,e3f5 d6e4 d2e3 e4f6 f5d6 c4c3 b2c3 b4a3,2188,139,83,11,crushing defensiveMove endgame knightEndgame quietMove veryLong,https://lichess.org/OM3HCU96#99,
HlJdR,3n4/q3k3/Pp1p2p1/2pP1p2/Q1P1p2p/4K2P/4B1P1/8 b - - 1 40,g6g5 e2h5 d8f7 a4c6 a7a6 c6c7 e7e8 c7f7,2137,78,91,562,attackingF2F7 crushing endgame quietMove veryLong,https://lichess.org/QPa5fn6m/black#80,
HlObP,8/4qpkp/p1Q1p1p1/2R1P3/Pp3r2/1N6/1P3PKP/8 w - - 2 34,c5c2 e7g5 g2f1 g5g4 c2e2 g4h3 c6g2 h3b3,2158,111,86,61,advantage endgame fork quietMove veryLong,https://lichess.org/9am1AmgX#67,
HlSYO,8/8/pp2kpp1/3p4/2pP2P1/1PP2P2/PbNK4/8 b - - 4 35,a6a5 b3c4 d5c4 a2a4 b6b5 a4b5,2145,118,78,17,crushing endgame long quietMove,https://lichess.org/p6SJGRQV/black#70,
HlYMy,8/4kB2/1n2Q2p/2p2p2/2P4P/2b3PK/3q4/8 b - - 2 48,e7f8 f7e8 d2d7 e8d7,2178,100,84,18,crushing endgame quietMove short,https://lichess.org/ESVuxibC/black#96,
HlZy9,6k1/1p6/p7/3q1p1r/4P2p/1P2Q1P1/P7/4R1K1 b - - 0 36,d5e4 e3d2 e4e1 d2e1,2181,85,38,31,crushing endgame quietMove short,https://lichess.org/9NsgbUbJ/black#72,
HmEVT,6r1/ppq5/3p1knQ/2pPrpR1/2P5/8/PP3P2/R6K b - - 0 30,f6f7 a1g1 g8h8 h6h8 g6h8 g5g7 f7f6 g7c7,2174,78,92,2192,advantage exposedKing middlegame quietMove sacrifice skewer veryLong,https://lichess.org/H4C2aPph/black#60,
HmLwg,r2b4/7R/1p2p3/2p2p2/2P2P2/2BP1KP1/8/6k1 b - - 12 46,a8a3 c3d2 a3d3 d2e3,2160,76,91,502,advantage endgame master quietMove short,https://lichess.org/yV5RRJcQ/black#92,
HmQtv,4r1k1/4bp1p/p1b4p/1p1N1P2/1P2P3/P7/B1p3PP/5R1K w - - 0 29,f1c1 c6d5 a2d5 e8c8 d5b3 c8c3,2173,192,-87,10,advantage endgame long quietMove,https://lichess.org/SUcyFY2O#57,
HmqPh,8/8/2N5/3p3p/P7/3K2P1/1b3k2/8 b - - 1 43,b2c1 a4a5 c1a3 d3d4 a3d6 a5a6 d6c7 d4c5,2183,76,94,2394,crushing endgame quietMove veryLong,https://lichess.org/FSvfQcuy/black#86,
HnHr8,8/3p1Nbk/2p1p2p/4P3/P4p2/7P/6PK/8 b - - 0 40,h7g6 a4a5 g6f7 a5a6 g7e5 a6a7 f4f3 g2g3,2154,75,91,1669,advancedPawn advantage defensiveMove endgame quietMove sacrifice veryLong,https://lichess.org/1LYCijnm/black#80,
HnLqq,8/8/5p1K/pB2k1pP/P5P1/2b5/8/8 b - - 0 68,e5f4 b5d7 f6f5 d7f5,2111,78,91,2661,bishopEndgame crushing endgame quietMove short,https://lichess.org/sGgGjaZY/black#136,
Ho8rN,5k2/3b1p2/1n1p2pp/1PpP4/r1PbNP1q/3B3P/2QB2PK/4R3 w - - 6 27,e1e2 a4a1 d2e3 d4e3 e2e3 h4f4,2106,76,88,955,advantage capturingDefender long middlegame quietMove,https://lichess.org/uPd7HYpQ#53,
HoEWw,8/8/4K1k1/1p1p1p2/6p1/2P4p/2P2P1N/8 w - - 1 41,e6e5 g6g5 h2f1 f5f4 e5d5 g5h4,2176,77,86,150,crushing defensiveMove endgame knightEndgame long quietMove zugzwang,https://lichess.org/bh9Oli0f#81,
HoYrH,6k1/1p3p1p/1b2p1p1/p6q/P1r5/B1P2P2/1P4PP/2QR3K w - - 4 31,b2b3 c4h4 a3d6 e6e5 d6e5 h5e5,2155,77,94,7659,crushing endgame long quietMove,https://lichess.org/BfqhDAmT#61,
Hoffx,1r6/5kp1/3P1p1p/8/5K2/3R3P/6P1/8 w - - 2 53,f4f5 b8b4 d3g3 g7g6 g3g6 b4b5,2160,77,87,209,crushing endgame long quietMove rookEndgame,https://lichess.org/4LiDXyOv#105,
HpS18,8/8/8/pP3p2/P3k3/1PB1p3/3pK3/8 w - - 2 61,c3a5 f5f4 a5d2 f4f3 e2d1 f3f2,2178,79,91,241,advancedPawn bishopEndgame crushing endgame exposedKing long quietMove,https://lichess.org/hMh2sXk9#121,
HpUCK,r3r1k1/ppp2p1p/2n3p1/3p4/3P4/q1PB3P/P1PN2P1/1K1RB2Q b - - 2 18,a3c3 d2b3 e8e1 h1e1,2190,76,81,122,advantage middlegame quietMove short,https://lichess.org/d9loALMp/black#36,French_Defense French_Defense_Exchange_Variation
HpocG,r3k1nr/3bpp1p/p1np2p1/qpp5/P3P3/1PPP1N1P/3B1PP1/QN2KB1R b Kkq - 0 11,b5a4 c3c4 c6d4 f3d4,2111,76,91,908,advantage middlegame quietMove short,https://lichess.org/aS8y8PRG/black#22,Sicilian_Defense Sicilian_Defense_Modern_Variations
Hq4kz,8/pk3pp1/2R5/5p1p/1P3P2/3r2P1/3PK2P/8 b - - 0 29,b7c6 e2d3 c6d5 h2h4 f7f6 d3c3,2186,157,82,10,crushing defensiveMove endgame hangingPiece long quietMove,https://lichess.org/O6uiUoJS/black#58,
Hq6oc,b3r3/5pk1/p2R3p/6p1/2P3P1/1PN3P1/1P1R2PK/4r3 w - - 7 44,c3d5 e1f1 d6f6 f1f6 d5f6 g7f6,2112,88,73,35,advantage endgame long master quietMove,https://lichess.org/NAS2aAwt#87,
Hq7ib,8/8/8/1pP5/1k2p1p1/4K3/5P1P/8 w - - 0 49,e3e4 b4c5 f2f3 b5b4 f3g4 b4b3 e4d3 c5b4,2129,104,86,25,crushing defensiveMove endgame pawnEndgame quietMove veryLong,https://lichess.org/de87aGzP#97,
HqHQs,6k1/r4r2/p2Rbnp1/6q1/Pp2P3/1P6/1Q2BPP1/4K2R b K - 0 31,g5g2 d6d8 g8g7 d8h8 g2h1 h8h1,2115,75,95,214,advantage long middlegame pin quietMove,https://lichess.org/odWcCrAX/black#62,
HqfgD,k5r1/1pQ2p1p/6r1/p6q/1BnPp3/P3P1PP/2P2P1K/R4R2 w - - 2 26,c7c4 g6h6 c4c8 g8c8,2125,74,87,201,crushing middlegame quietMove short,https://lichess.org/5YHpn7Mt#51,
HrESx,1r4k1/5p1p/6p1/8/8/6N1/p1q2PPP/Q3R1K1 w - - 2 41,g3f1 b8b2 e1e8 g8g7 a1b2 c2b2,2107,84,86,37,crushing endgame long quietMove,https://lichess.org/zItUfAh8#81,
HrXMu,8/7p/2p5/pp1p1kp1/3P4/PK3PPP/2P5/8 w - - 0 35,c2c3 h7h5 b3c2 h5h4 g3h4 g5h4 c2d1 f5f4,2103,77,90,331,crushing endgame pawnEndgame quietMove veryLong,https://lichess.org/9wamjRvE#69,
HrvPm,2r2rk1/ppq1Qp1p/2b3p1/8/6n1/PBN3P1/1PP2P1P/3R1RK1 w - - 1 19,e7g5 g4e5 g5e3 e5f3,2174,79,86,63,advantage middlegame quietMove short,https://lichess.org/hh5ne9so#37,Sicilian_Defense Sicilian_Defense_Bowdler_Attack
Hs023,1r5k/2p2pp1/3p4/7p/3BqP2/PbQ4P/1Pp3K1/R4R2 w - - 0 31,g2g1 b3d5 d4g7 h8h7,2120,77,83,60,advantage middlegame quietMove short,https://lichess.org/MEhEwWvO#61,
Hs7vY,4rr1k/ppp3pp/5nb1/2b1q3/2BN4/1P2P3/PB3PPP/R2Q1RK1 w - - 1 16,c4e2 c5d6 g2g3 c7c5,2115,105,84,25,advantage master middlegame quietMove short,https://lichess.org/4pz7iu0j#31,Englund_Gambit_Complex Englund_Gambit_Complex_Soller_Gambit
HsWep,8/b1k5/4B3/1Kp1p1p1/4P1PP/8/8/8 b - - 0 45,c5c4 h4h5 c7d6 h5h6 d6e6 h6h7,2127,75,93,5470,advancedPawn bishopEndgame crushing endgame long quietMove sacrifice,https://lichess.org/fq4gGDoO/black#90,
Hshqk,4k2r/1p1b1ppp/3Bp3/8/5q2/3n4/2PPK1PP/R6R w k - 0 20,d6f4 d3f4 e2f3 f4g6 a1a8 e8e7,2184,102,52,19,advantage endgame long quietMove,https://lichess.org/BZg3BRRy#39,
Ht8zO,6k1/2R3p1/1B2pp2/3b3p/r2N4/4P1P1/7K/8 w - - 0 33,c7e7 a4a1 e3e4 d5e4,2117,78,91,892,advantage endgame master quietMove short,https://lichess.org/HDaCgPLS#65,
HtEEd,8/1p3p1k/r5pp/1QPq4/1P1p4/P4P2/6PP/R5K1 w - - 4 30,a3a4 d4d3 a1d1 a6e6 b5d3 e6e1 d1e1 d5d3,2136,109,83,18,advantage deflection endgame quietMove veryLong,https://lichess.org/EIRzSuwu#59,
HtK2l,1Q3bk1/5p1p/1p6/8/8/2p1p2P/P7/2K2b2 w - - 0 32,b8f4 f1d3 f4e3 f8a3 c1d1 c3c2,2191,156,88,9,advancedPawn crushing endgame exposedKing long quietMove,https://lichess.org/WrftGJbx#63,
HtVz1,8/8/pp2p3/4k1pp/4P3/PP2KP1P/8/8 w - - 0 32,a3a4 a6a5 h3h4 g5h4 f3f4 e5d6,2164,90,80,25,crushing endgame long pawnEndgame quietMove,https://lichess.org/IcfyADCi#63,
Hu6QI,6k1/5pp1/p1b4p/1pN1b1r1/1B6/PPP3P1/4rP1P/3R1RK1 w - - 1 27,c5a6 e5g3 h2g3 g5h5 d1d8 g8h7 f2f3 h5h2,2131,76,85,52,crushing defensiveMove middlegame quietMove sacrifice veryLong,https://lichess.org/ryCbNtVH#53,
HuAJ7,3r3k/2Q3p1/2p4p/2P5/P2q2n1/4n1P1/1R2RP1P/6K1 w - - 0 34,f2e3 d4d1 g1g2 d8f8 c7f4 f8f4,2174,77,91,932,advantage endgame long quietMove,https://lichess.org/HB8fVKZU#67,
HuKbj,8/7k/p6P/1pp3K1/3P4/1PP5/P7/n7 b - - 0 39,c5d4 c3d4 a6a5 d4d5 a5a4 d5d6,2156,76,86,740,crushing endgame knightEndgame long quietMove,https://lichess.org/wEUp6CRG/black#78,
HubuK,8/8/8/6p1/3k1b1p/2p1N2P/2K2PP1/8 w - - 4 60,e3d1 f4d2 g2g4 d4e4,2162,76,93,75,crushing defensiveMove endgame quietMove short zugzwang,https://lichess.org/WbNvgCeV#119,
HuoVW,r1b2rk1/p4pp1/2pp1b1p/4p3/N3PP2/3B4/PqP1Q1PP/3R1R1K b - - 1 15,b2d4 d3c4 c8g4 f1f3 g4f3 g2f3,2111,143,87,24,advantage long middlegame quietMove sacrifice,https://lichess.org/BQ4z9KVu/black#30,Sicilian_Defense Sicilian_Defense_Classical_Variation
Huqzu,8/7R/pk6/1p1b3P/3p4/4p3/6P1/5K2 w - - 1 45,h5h6 d5c4 f1e1 b5b4 h7h8 b6a5 h6h7 c4d3 h8c8 d3h7,2111,118,17,24,crushing endgame quietMove veryLong,https://lichess.org/GoPOdQ5I#89,
Hv59I,8/2p4p/4k3/p1p1p1P1/2P1K3/1P6/P7/8 b - - 2 33,c7c6 a2a3 e6d6 e4f5 d6d7 f5e5,2185,82,91,1030,crushing endgame long pawnEndgame quietMove zugzwang,https://lichess.org/mbfjhPtM/black#66,
HvCIq,8/8/pp1kp1p1/7p/P1P4P/1P1K2P1/8/8 w - - 2 54,d3e4 a6a5 e4d4 e6e5 d4e4 d6e6,2121,78,91,302,advantage defensiveMove endgame long pawnEndgame quietMove,https://lichess.org/InWwwLRr#107,
HvIPN,8/p6p/1p6/8/4k3/P4R1P/6PK/3r4 w - - 3 37,h2g3 d1d3 f3d3 e4d3 g3f4 b6b5 h3h4 a7a5,2172,76,85,111,crushing defensiveMove endgame quietMove rookEndgame veryLong,https://lichess.org/vC0td4jO#73,
HvqZj,6k1/1p6/4q3/2P3pp/1K1pP3/3B4/6PP/8 b - - 0 35,g5g4 d3c4 g8f7 g2g3 f7f6 c4e6,2101,148,85,10,crushing endgame long pin quietMove,https://lichess.org/ibqMFrwe/black#70,
Hw5cD,8/p7/1p2p1k1/2p1P1p1/P2pK1Pp/1P1P3P/2P5/8 w - - 0 34,e4f3 a7a5 f3e2 g6f7,2126,114,47,11,crushing defensiveMove endgame pawnEndgame quietMove short,https://lichess.org/DHVjjiXA#67,
HwETF,8/4B3/p7/1p3k1p/5PnP/1P3K2/8/8 b - - 2 38,g4f6 e7f6 f5f6 b3b4 f6f5 f3e3 f5g4 e3e4,2173,105,64,37,crushing defensiveMove endgame quietMove veryLong,https://lichess.org/7AjUX7CP/black#76,
HwSIV,8/8/N7/5p2/8/4k1p1/2K3P1/8 w - - 5 53,a6c5 f5f4 c5e6 f4f3 g2f3 g3g2,2113,76,95,103,advancedPawn crushing endgame knightEndgame long quietMove,https://lichess.org/ldS4PTv6#105,
HwmJV,2rq3k/1b1r1B1p/p4bp1/npN5/8/PQ2B2P/1P3PP1/2RR2K1 w - - 1 28,b3e6 d7d1 c1d1 d8d1 g1h2 d1d8 c5b7 a5b7,2151,78,83,121,crushing master middlegame quietMove veryLong,https://lichess.org/LnmZqyuw#55,
Hx1GY,8/8/7p/1pp1k1p1/3p2PP/1PP1K1P1/P7/8 w - - 0 47,c3d4 c5d4 e3d3 b5b4 d3c4 e5e4,2153,77,91,7511,crushing defensiveMove endgame long pawnEndgame quietMove,https://lichess.org/gZIlEf8J#93,
Hx7Z6,4R3/6pk/2r2pqp/8/5Q2/2r4P/5PP1/4R1K1 b - - 1 37,g6f7 e1e7 f7g6 f4b8 c6c8 e8c8 c3c8 b8c8 g6b1 g1h2,2106,152,76,17,crushing defensiveMove endgame quietMove veryLong,https://lichess.org/9Us3B87Q/black#74,
HxJfk,1r6/4Q1kp/6p1/8/5P2/2r3PP/1p5K/8 b - - 7 51,g7h6 g3g4 c3c5 g4g5,2188,79,84,274,crushing endgame master queenRookEndgame quietMove short,https://lichess.org/PD3hngGf/black#102,
HxM0Q,8/R7/1p1k1p1P/3p1P2/3Pp2K/5r2/8/8 b - - 0 41,f3f5 h6h7 f5f1 a7a3 f1h1 a3h3 h1h3 h4h3,2140,90,84,30,advancedPawn crushing defensiveMove endgame quietMove rookEndgame veryLong,https://lichess.org/5cP8He73/black#82,
HxbWz,r3kb1r/ppp3pp/2n5/4p3/2Bqn1p1/8/PPPP1PPP/R1BQNRK1 w kq - 2 10,c4d3 e4f2 f1f2 f8c5 d1e2 h8f8,2155,76,94,4953,clearance crushing long opening quietMove sacrifice,https://lichess.org/t51vtMnZ#19,Four_Knights_Game Four_Knights_Game_Italian_Variation
Hxsxt,8/8/p1p5/4k1pp/1P6/4KP2/P5P1/8 w - - 0 37,e3d3 e5f4 d3e2 f4g3 e2f1 h5h4 f1g1 h4h3 g2h3 g3f3 g1f1 f3g3,2137,79,91,1112,crushing deflection endgame pawnEndgame quietMove veryLong,https://lichess.org/nNmO1uJV#73,
HxyPr,8/p1b3p1/2P2k1p/1P1K4/P4P2/6P1/7P/8 b - - 0 38,h6h5 a4a5 c7a5 d5d6,2111,75,91,462,bishopEndgame crushing defensiveMove endgame quietMove short,https://lichess.org/EySXWXfL/black#76,
Hy1OG,6R1/ppp2p2/1k6/1P3p1p/1QP4q/5P2/P1rrn1PP/5R1K b - - 2 32,f5f4 a2a4 e2g3 g8g3,2188,85,79,45,advantage middlegame quietMove short,https://lichess.org/LdIFxYXM/black#64,
HyeWZ,r4k2/p2q2bQ/2p2pn1/1p1npb2/3P4/1BP1BN2/PP1N1P2/2KR4 w - - 2 21,d4e5 g6f4 e3c5 f8f7,2108,119,83,11,advantage defensiveMove middlegame quietMove short,https://lichess.org/15C4MNdF#41,
Hyu2e,8/p7/8/k3pp2/5P2/4K1P1/8/8 b - - 0 48,e5e4 g3g4 f5g4 f4f5 g4g3 f5f6,2151,76,95,10626,crushing endgame long pawnEndgame quietMove,https://lichess.org/jEaWXDmq/black#96,
Hyu7P,8/pp6/2p1R3/3p2rk/3P3p/5P1K/PP4P1/8 w - - 4 36,e6e5 g5e5 d4e5 d5d4 f3f4 d4d3 e5e6 h5g6,2197,78,94,3215,crushing defensiveMove endgame quietMove rookEndgame veryLong,https://lichess.org/qJSwO581#71,
HzQA4,6k1/pp3npp/8/2B5/8/N1P2bP1/PP1r1P2/R5K1 w - - 3 21,a3c4 d2d5 a1e1 h7h6 c5e7 d5h5,2100,74,86,90,advantage defensiveMove endgame long master quietMove,https://lichess.org/24z2j3r3#41,
HzVzV,8/8/1p4Rp/7k/4B3/4bP2/1P1r4/1K6 b - - 7 49,e3d4 g6g4 d2b2 b1c1 d4e3 c1b2,2170,75,92,1490,crushing endgame long quietMove,https://lichess.org/TZzCIBEY/black#98,
HzW53,6k1/1p3p2/2p1bBpb/7p/2P1P2P/1PK2P2/r7/3R1B2 b - - 2 29,a2f2 d1d8 h6f8 f1d3 f2f3 f6e7,2169,75,86,117,crushing endgame long pin quietMove,https://lichess.org/smjfOcKf/black#58,
HzZWx,4kb1r/1p3ppp/p7/3p4/8/4PB2/PP1Q1PPP/R2K1q2 w k - 3 19,d1c2 f1a1 d2d5 f8e7 d5b7 e8g8,2113,80,91,1201,advantage castling defensiveMove endgame long quietMove,https://lichess.org/nSEKPBCM#37,Queens_Pawn_Game Queens_Pawn_Game_Colle_System
HzaTe,b1r2r2/5pk1/4pbp1/p2pN3/3P1PQ1/q1PBR3/P5PP/2R3K1 w - - 5 25,e5g6 a3c1 g1f2 f8d8 g6e5 g7f8,2164,308,62,11,crushing defensiveMove fork hangingPiece long middlegame quietMove,https://lichess.org/N5iVnvrT#49,
Hziup,8/pp1r4/6p1/2k1p2p/1R2P3/2P1K1P1/PP5P/8 w - - 3 34,b2b3 b7b5 a2a4 a7a6,2137,75,84,214,advantage defensiveMove endgame quietMove rookEndgame short,https://lichess.org/M1ZwTEeL#67,
HzmVk,r6r/2R2ppp/kp2p3/1N3n2/P4P2/1K6/7P/7R b - - 0 31,f7f6 h1d1 a6a5 d1d7,2179,78,86,186,advantage endgame quietMove short,https://lichess.org/ZA4cwcfJ/black#62,
HzqvM,4r2k/6p1/2b4p/8/2Bp2Q1/1P1R2P1/P4PPK/5q2 w - - 12 38,f2f3 e8e1 g4c8 c6e8 c8e8 e1e8,2155,78,90,1645,advantage defensiveMove endgame long quietMove,https://lichess.org/pPSAxNIZ#75,
I0Lio,5rk1/1p1b1pp1/p2p2n1/2pP3Q/2q5/5RKP/PP4B1/5R2 b - - 0 26,c4a2 h5g6 f7g6 f3f8 g8h7 f1f4 a2b3 g3h2,2130,74,84,242,advantage defensiveMove middlegame quietMove veryLong,https://lichess.org/RLRTgyIU/black#52,
I0mUd,3r3k/1pR2p1p/5Pp1/8/rp5Q/q6P/b2N1PP1/5RK1 w - - 0 26,c7f7 a2f7 h4h6 d8g8 d2e4 a4a5,2185,78,90,1688,advantage defensiveMove hangingPiece long middlegame quietMove,https://lichess.org/58BcbmmA#51,
I0rM3,r4rk1/1b2b1p1/2q1p3/p2pR2Q/1ppP4/2P4R/PP1N1PPP/6K1 b - - 0 21,e7f6 d2f3 c6e8 h5h7 g8f7 f3g5 f7e7 e5e6 e7d8 e6e8,2176,78,85,75,advantage kingsideAttack middlegame quietMove skewer veryLong,https://lichess.org/Z9LzCvCm/black#42,
I10b0,r1bq2nr/ppp2kpp/1b6/4n3/3P1B2/8/PPP3PP/RN1Q1RK1 b - - 1 10,d8d4 f4e3 g8f6 e3d4 c8g4 d1d2 h8d8 c2c3,2197,78,91,2697,advantage defensiveMove discoveredAttack opening quietMove veryLong,https://lichess.org/iPAReRi7/black#20,Kings_Gambit_Accepted Kings_Gambit_Accepted_Bishops_Gambit
I1FKU,8/p7/1p1k2p1/3P4/4K2p/PP5P/8/8 b - - 0 54,b6b5 b3b4 g6g5 e4f5 g5g4 f5g4,2180,75,97,304,crushing endgame long pawnEndgame quietMove,https://lichess.org/I1apR3mX/black#108,
I1MLr,4r2k/6pp/3p1nq1/p1NB4/2P2B2/6PK/Pr6/R2Q1R2 w - - 0 25,f4c1 e8e2 d1e2 b2e2,2131,76,86,275,advantage master middlegame quietMove short,https://lichess.org/EJN5cfGR#49,
I1SkU,rr4k1/2Nb1pp1/1q3n2/p2p3p/4p3/B1P1P3/PQ2BPPP/R3K2R b KQ - 0 22,b6b2 a3b2 a8a7 b2a3 a7c7 a3d6,2153,78,90,797,advantage long middlegame quietMove,https://lichess.org/eEP81sS4/black#44,
I1VPF,3RQb1k/p1p5/5r1q/4pBn1/4P1P1/1P3p2/P1P2P2/5RK1 w - - 3 37,f1d1 g5h3 g1f1 h3f4 e8h5 f4h5,2173,85,78,32,advantage long middlegame quietMove,https://lichess.org/iMojcKiA#73,
I1dhz,1nb5/5p2/pk2pP2/N2pP1p1/1P1K2P1/P2B4/8/8 b - - 0 42,b8d7 d3h7 d7f8 h7g8,2197,80,88,1032,crushing endgame master quietMove short,https://lichess.org/7FdBkVph/black#84,
I1ine,2k5/1p2rp1p/bBnp1N2/8/8/1PK5/P5rP/R3R3 b - - 1 30,g2h2 e1g1 e7e8 f6e8,2124,84,81,41,advantage middlegame quietMove short,https://lichess.org/tDDM0wDt/black#60,
I1w6y,r2q1rk1/pp3p1p/6p1/3N4/4PN2/2P3P1/PP4P1/2KR3R b - - 0 22,a8b8 e4e5 g8g7 d5f6 h7h6 d1d8,2129,87,91,571,advantage discoveredAttack long middlegame quietMove,https://lichess.org/gqgzxEpN/black#44,
I2OO2,r5k1/5ppp/1q2p3/p1NnP3/1r1P2R1/2p4P/5PP1/R1Q3K1 b - - 3 27,b6b5 c1h6 g7g6 g4h4 a8a7 h6h7,2182,78,85,42,crushing kingsideAttack long master middlegame pin quietMove,https://lichess.org/BepoDWCU/black#54,
I2hdR,3r2k1/pbp3p1/1p3r2/3p2qp/3Rp3/4P2P/PP1QBPP1/5RK1 w - - 0 25,d4e4 f6g6 e4g4 h5g4,2132,78,89,1055,crushing middlegame quietMove short,https://lichess.org/kMnSidy4#49,
I2kef,8/2n2pp1/4p3/4PPP1/1p2P3/1k1NK3/8/8 b - - 3 47,b3c3 g5g6 f7g6 f5f6 g7f6 e5f6 e6e5 d3c5 c3c4 f6f7 c4c5 f7f8q,2170,75,92,4598,advancedPawn crushing endgame knightEndgame promotion quietMove veryLong,https://lichess.org/hXgxqjur/black#94,
I31Ad,5r1k/pppB2pp/8/3P4/3Nn3/4P1q1/PPP1Q2n/R2N3K w - - 2 22,d4f5 f8f5 d7f5 h2f3 e2f3 g3f3,2188,77,91,2257,crushing kingsideAttack long middlegame quietMove sacrifice,https://lichess.org/2xkjcf53#43,
I3BgI,8/p4pp1/3k3p/1Pp5/2K1P1P1/7P/5P2/8 b - - 2 43,g7g6 f2f4 g6g5 e4e5,2144,78,91,1709,crushing endgame master pawnEndgame quietMove short,https://lichess.org/3Z8nzeTf/black#86,
I3GCl,8/R7/2p3kp/3pB3/2PPn3/6P1/p5KP/r7 b - - 2 37,e4c3 g3g4 a1g1 g2g1 a2a1q a7a1,2126,79,91,603,crushing endgame long quietMove,https://lichess.org/LF8Wh8Fq/black#74,
I3MPC,8/8/5p2/6p1/1K2P3/3B1k2/8/8 w - - 1 52,e4e5 f6e5 d3g6 g5g4 b4c4 e5e4,2172,124,82,22,bishopEndgame crushing defensiveMove endgame long quietMove,https://lichess.org/Is3NQwre#103,
I3U6i,3r2k1/5pp1/p1qb3p/5b2/1pp1n3/6P1/PPP1BP1P/RQ1NR1K1 w - - 2 24,b1c1 e4g5 c1g5 h6g5,2100,97,68,27,crushing middlegame quietMove short,https://lichess.org/CxUNbfkz#47,
I3VdX,r2qk2r/1b1nbpp1/pp2P2p/2p5/P7/2n4N/BPP3PP/R1BQ1RK1 b kq - 0 15,c3d1 e6f7 e8f8 h3f4 c5c4 f4e6,2172,79,86,436,advancedPawn attackingF2F7 long master mate mateIn3 opening quietMove,https://lichess.org/KoJCvp3j/black#30,Sicilian_Defense Sicilian_Defense_Moscow_Variation
I3kJB,r5rk/1p5p/p1b5/4pq2/P6Q/2P1BP2/3R2PP/4R1K1 b - - 3 30,f5f3 e3g5 g8g5 h4g5,2124,76,88,156,advantage master middlegame quietMove short,https://lichess.org/OSq6l4YU/black#60,
I3tcu,8/p7/5p2/2p1k1pp/2P5/4KPPP/P7/8 w - - 0 32,g3g4 h5h4 a2a4 a7a5 f3f4 g5f4 e3f3 e5d4 f3f4 d4c4,2146,75,94,5238,crushing endgame pawnEndgame quietMove veryLong zugzwang,https://lichess.org/OtoHJU33#63,
I449c,8/8/3p4/3P2Kp/3k1P2/8/8/8 b - - 0 54,d4d5 f4f5 d5e5 f5f6 e5e6 g5g6 h5h4 f6f7 e6e7 g6g7,2105,76,100,435,advancedPawn crushing defensiveMove endgame pawnEndgame quietMove veryLong,https://lichess.org/MaK71HWG/black#108,
I4TIH,8/8/2p5/2k5/6KP/8/8/8 b - - 0 49,c5d5 g4f5 d5d6 f5f6 c6c5 h4h5 c5c4 h5h6 c4c3 h6h7 c3c2 h7h8q,2114,79,80,74,advancedPawn crushing endgame pawnEndgame promotion quietMove veryLong,https://lichess.org/HvqzXBGo/black#98,
I4d6F,2r1r1k1/ppp2bpp/3pq3/6QP/4P2N/4R2P/1n1N1P2/2R3K1 b - - 2 24,b2a4 e3g3 e6e5 h4f5,2190,78,79,45,advantage middlegame quietMove short,https://lichess.org/0TxI7mc8/black#48,
I4hWt,1r2r3/p1pk1pp1/2p1b2p/q7/3N4/B1RP4/P1P2PPP/R3Q1K1 w - - 10 20,d4e6 e8e6 e1d2 b8e8 g1f1 e6e2 d2e2 e8e2,2113,75,86,99,advantage middlegame quietMove veryLong,https://lichess.org/RSuti7m0#39,
I4k3s,r3n1k1/pq4pp/3ppr2/1Pp2p2/2P5/P1Q1PNP1/5PKP/3R1R2 w - - 3 24,c3d3 g7g5 f1e1 g5g4,2195,77,90,618,crushing middlegame pin quietMove short,https://lichess.org/A8eFwLrm#47,
I538a,8/p1p3p1/6p1/4k3/3pP1P1/1P1K3P/P7/8 b - - 0 39,g6g5 b3b4 c7c6 a2a3 a7a6 a3a4,2137,75,92,6500,crushing defensiveMove endgame long pawnEndgame quietMove zugzwang,https://lichess.org/SRIkujSU/black#78,
I5E4e,5rk1/ppp3p1/3p3p/4p3/8/2PPNr1q/PP1Q1P1P/4RRK1 w - - 4 18,g1h1 f8f4 f1g1 f3f2 d2f2 f4f2,2194,75,93,6247,crushing long middlegame quietMove,https://lichess.org/rpnkz1me#35,Ruy_Lopez Ruy_Lopez_Steinitz_Defense
I5TDB,8/8/p2k1ppp/1p6/1P1K1PPP/P7/8/8 b - - 0 38,f6f5 g4f5 g6f5 h4h5 d6e6 d4c5,2172,82,91,694,crushing endgame long pawnEndgame quietMove zugzwang,https://lichess.org/h0y5D9z2/black#76,
I5cL0,8/5pk1/p6p/1p1pP3/1P1P2p1/P1B2pK1/8/8 b - - 1 52,h6h5 c3e1 g7g6 g3f4,2157,76,91,1254,bishopEndgame crushing endgame quietMove short,https://lichess.org/gtdcVVju/black#104,
I5cNe,8/p3n2p/1N2k3/1P6/4K3/8/1P6/8 b - - 0 49,a7a6 b5a6 e7c6 b6c8 e6d7 a6a7 c6a7 c8a7,2175,77,92,1921,advancedPawn crushing endgame knightEndgame quietMove veryLong,https://lichess.org/RmJpvl9f/black#98,
I5gvL,7R/p5p1/k7/1p4Pp/7P/1rb2N2/n3PP2/5K1R w - - 2 35,h8h5 b3b1 f1g2 b1h1 g2h1 b5b4 h5h8 b4b3 h8b8 a2b4,2103,74,92,4696,advantage defensiveMove endgame quietMove veryLong,https://lichess.org/jNVeYpfV#69,
I5jDd,r3qb2/pp1k2p1/1nn1b3/1N1p2B1/3p4/3Q4/PPP3PP/R4R1K b - - 5 23,e8h5 d3g3 h5g5 g3g5,2145,77,80,272,crushing master middlegame quietMove short,https://lichess.org/J2FbjUZo/black#46,
I661t,2r4k/4Q1p1/5n1p/4p3/3p4/Pq3P1P/1P4P1/1K1R3R w - - 0 27,e7e5 f6d5 e5d4 d5c3 d4c3 c8c3,2168,138,48,29,advantage endgame long pin quietMove,https://lichess.org/cEiSaH8p#53,
I78ka,8/p5b1/6k1/8/1P1p2pp/8/P1P2K2/5R2 w - - 0 53,f2g2 g7e5 f1f8 h4h3,2164,76,90,1697,advantage endgame quietMove short,https://lichess.org/YLSY2DRA#105,
I7Lfp,k2r3r/ppQ2p2/1n6/6p1/1P6/P4bP1/4NP2/R1R3K1 w - - 1 26,g1f1 h8h1 e2g1 h1g1 f1g1 d8h8 c7d8 h8d8,2114,76,90,551,advantage middlegame quietMove sacrifice veryLong,https://lichess.org/mrwsSPEE#51,
I7ae9,2r3k1/R4p1p/1p3bp1/8/6Q1/2q3P1/P4P1P/3R2K1 w - - 1 30,d1d7 c3e1 g1g2 c8c1 a7a8 g8g7 d7f7 g7f7,2169,75,88,418,advantage clearance endgame quietMove veryLong,https://lichess.org/P9Tiz9yv#59,
I7i3A,2r3k1/3R1pp1/p6p/1p3Q2/2q5/2P5/PP4PP/6K1 w - - 2 33,d7f7 c8e8 f7g7 g8g7,2148,90,44,35,advantage endgame master quietMove short,https://lichess.org/tcJUWsN2#65,
I7tM4,8/8/p7/1p1k1p2/4pP2/P1P1K1P1/8/8 b - - 0 39,d5c4 g3g4 f5g4 e3e4 c4c5 f4f5 g4g3 e4f3 g3g2 f3g2,2155,78,86,77,crushing deflection endgame pawnEndgame quietMove veryLong,https://lichess.org/uW7Dmh75/black#78,
I7tNb,8/5k2/1pK5/2p2P1p/p1P2P1n/P1B5/8/8 w - - 0 49,c6b6 h4f3 b6c5 h5h4,2148,83,79,36,crushing defensiveMove endgame master quietMove short,https://lichess.org/mpn7A1K6#97,
I81gY,1B6/8/2k1P1pp/2p1K3/p2p4/3P3P/1bP5/8 b - - 1 42,a4a3 e5f6 b2c1 h3h4 a3a2 e6e7 a2a1q e7e8q,2188,80,30,65,advancedPawn bishopEndgame crushing endgame promotion quietMove veryLong,https://lichess.org/ZziRkOOd/black#84,
I8CwA,8/6p1/7p/1p1pk3/8/P2K3P/5PP1/8 w - - 4 38,g2g3 g7g5 g3g4 d5d4,2177,85,91,681,crushing defensiveMove endgame pawnEndgame quietMove short,https://lichess.org/rdOQmfXs#75,
I8Hle,7k/5pp1/4r1bp/4N3/3P4/2P4P/1Rn2PP1/6K1 b - - 3 29,c2e1 b2b8 h8h7 e5d7 e1f3 g2f3,2133,96,74,27,advantage endgame long quietMove,https://lichess.org/RPB9RMTA/black#58,
I8I7n,8/7k/8/3p4/1P1B4/2P2r2/2K5/8 b - - 10 69,f3h3 b4b5 h7g8 b5b6 h3h7 d4e5,2119,75,82,88,advantage defensiveMove endgame long quietMove,https://lichess.org/TLLV13FW/black#138,
I8Rwf,2r5/7P/8/5K2/6P1/3k4/8/8 b - - 0 67,d3d4 g4g5 c8f8 f5e6,2188,78,91,325,crushing defensiveMove endgame quietMove rookEndgame short,https://lichess.org/R4gnd77C/black#134,
I8Xt0,2rq1rk1/5p2/p2pb1pQ/1p6/4P2N/3nR1NP/1P3PP1/6K1 b - - 1 28,c8c2 g3h5 c2c1 g1h2 c1h1 h2h1,2120,86,67,152,crushing long middlegame quietMove,https://lichess.org/MHlB8I1z/black#56,
I8mgf,8/8/8/3p4/1K1Pb3/2P1k3/1P6/8 b - - 1 43,e3d3 b4c5 e4g2 b2b4 d3c3 b4b5 g2f1 b5b6 f1a6 c5d5,2133,79,86,83,bishopEndgame crushing endgame quietMove veryLong,https://lichess.org/BBFdpVPo/black#86,
I9BPA,bK6/8/kPp5/3p4/3Bp1p1/4P1P1/8/8 b - - 8 47,a8b7 d4c5 d5d4 c5d4 c6c5 d4c5,2107,79,76,52,bishopEndgame crushing endgame long quietMove zugzwang,https://lichess.org/JUjmtf0x/black#94,
I9KtA,8/8/8/4p2K/5k2/8/5P2/8 w - - 0 48,h5h4 e5e4 h4h5 f4f3,2165,78,91,394,crushing endgame pawnEndgame quietMove short,https://lichess.org/SchE3dyh#95,
I9Nxe,2r1k2r/pq3ppp/2p1b3/8/1b6/2Q1B1P1/PP3PBP/2R1R1K1 w k - 5 18,g2c6 c8c6 c3g7 h8f8 c1c6 b7c6,2149,75,95,710,advantage long middlegame quietMove,https://lichess.org/JSOIHBbA#35,Zukertort_Opening Zukertort_Opening_Sicilian_Invitation
I9XdG,8/5ppp/p2kp3/1p6/3K1P2/1Pn3PP/1PP5/8 w - - 0 25,b2c3 a6a5 c3c4 a5a4 d4c3 a4a3,2119,75,86,88,crushing endgame long master pawnEndgame quietMove,https://lichess.org/wWn7PCwV#49,
I9lEb,6k1/6pp/1pP1p3/pP1pN3/8/7P/6PK/5r2 b - - 0 31,a5a4 c6c7 f1f8 e5c6 a4a3 c6d8 h7h5 c7c8q,2112,77,86,74,advancedPawn crushing endgame promotion quietMove veryLong,https://lichess.org/ihM4qv3S/black#62,
I9mgi,r1b2rk1/1p1pQpp1/p3p2p/3q4/5B2/2P1R3/P4PP1/R5K1 b - - 3 20,f7f6 f4d6 d5d6 e7d6,2183,76,53,94,advantage middlegame quietMove short,https://lichess.org/rUJMZnQ6/black#40,
IA9fL,6r1/6pk/3R3p/3p4/3P1R2/p6P/6PK/r7 w - - 0 33,d6d5 g8a8 d5d7 a3a2 f4f7 a1h1 h2h1 a2a1q,2193,76,92,5010,advancedPawn advantage attraction endgame promotion quietMove rookEndgame veryLong,https://lichess.org/cx0V5SqG#65,
IAEU0,4kn2/5p1p/4p2P/2p1PPQ1/qp6/8/P1PN4/1K6 b - - 1 35,e6f5 d2c4 a4c6 c4d6 e8d7 g5f5,2101,76,92,4023,crushing endgame long quietMove,https://lichess.org/kKh66vmM/black#70,
IAH8y,6k1/7p/6p1/2p1p3/1pPpP1K1/1P1P4/6PP/8 b - - 1 31,g8g7 h2h4 g7f6 h4h5 g6g5 h5h6 f6g6 g2g3 g6h6 g4f5,2168,78,90,788,advantage endgame master pawnEndgame quietMove veryLong zugzwang,https://lichess.org/r73YP8Bm/black#62,
IAUss,4r3/pp2qp1R/2p1k1p1/3P1pp1/8/P1P2P2/1P1K1QP1/8 b - - 0 27,e6d5 f2d4 d5e6 h7h1 f7f6 h1e1,2148,76,88,149,advantage endgame long quietMove,https://lichess.org/PEhN7e0t/black#54,
IAhaM,r2qr1k1/pb1n1ppp/1b1Q4/1p2p3/4P3/1P3N2/PBB2PPP/3R1RK1 b - - 5 21,e8e7 b2a3 e7e8 d6d7 d8d7 d1d7,2100,75,91,968,crushing long middlegame quietMove,https://lichess.org/JcIaYSkU/black#42,
IAhn9,8/6p1/5k2/pp6/4K3/P1P5/1P6/8 w - - 1 38,b2b4 a5b4 a3b4 g7g5 c3c4 b5c4,2147,87,90,639,crushing endgame long pawnEndgame quietMove,https://lichess.org/n5go9XDw#75,
IAnQQ,r5k1/3q1p1p/1pr3p1/n2p4/3P4/R3P2P/2Q1BPP1/2R3K1 w - - 0 26,a3a5 a8c8 a5c5 b6c5,2142,199,100,8,equality middlegame quietMove short,https://lichess.org/jKHUnxlr#51,
IAtC7,8/8/1pN2k2/2P2p1p/1P2pP1b/p3K3/P7/8 b - - 0 38,b6c5 b4b5 f6e6 b5b6 h4d8 c6d8,2135,76,91,1008,crushing endgame long quietMove,https://lichess.org/Tf7exHfY/black#76,
IB0wK,2R5/2P2k2/6p1/5p2/5P2/3Kp3/8/2r5 b - - 2 42,g6g5 c8h8 e3e2 d3e2,2179,96,100,45,crushing endgame master quietMove rookEndgame short,https://lichess.org/2gZbKd1g/black#84,
IC0K1,8/pp4p1/6k1/3p2P1/6K1/P1P5/1P6/8 b - - 0 39,b7b5 b2b3 g6f7 g4f5,2146,90,81,32,crushing defensiveMove endgame master masterVsMaster pawnEndgame quietMove short zugzwang,https://lichess.org/GqjvyVEh/black#78,
IC4ms,r4rk1/pp3p2/2pP3p/4P3/6p1/2P2NBq/P1B2K2/RN2R3 w - - 0 23,f3h2 f7f5 g3f4 g4g3 f2e2 h3h2,2157,125,83,33,crushing exposedKing fork interference long middlegame quietMove,https://lichess.org/HZBhSXbr#45,
IC8TE,8/8/8/ppp2k2/5P2/P4K2/1P6/8 w - - 0 53,f3e3 a5a4 e3f3 b5b4,2111,78,88,686,crushing endgame pawnEndgame quietMove short zugzwang,https://lichess.org/oufFS1R3#105,
ICA5t,8/p6p/2k3p1/2P2p2/2K2p2/3P4/5P1P/8 b - - 2 33,a7a5 d3d4 g6g5 d4d5 c6c7 c4b5 h7h5 d5d6,2137,78,91,1034,crushing endgame exposedKing pawnEndgame quietMove veryLong,https://lichess.org/R3BaqrK6/black#66,
ICMHR,8/p7/7p/1P2K3/8/P7/7k/8 b - - 0 55,h2g3 a3a4 h6h5 a4a5 h5h4 b5b6 a7b6 a5a6 h4h3 a6a7 h3h2 a7a8q,2133,78,92,99,advancedPawn crushing endgame pawnEndgame promotion quietMove veryLong,https://lichess.org/z4TIuvu4/black#110,
ICabq,r3r1k1/p1q2pbp/1p4p1/2p1p3/4QP2/1P5P/PBP3P1/4RRK1 b - - 0 22,e5f4 e4e8 a8e8 e1e8 g7f8 f1d1 f7f6 d1d8,2124,76,85,75,advantage defensiveMove kingsideAttack middlegame quietMove veryLong,https://lichess.org/F8GNos0t/black#44,
ICgr9,3R2rk/5Rp1/1Q2p1p1/4q2p/2p5/6PP/4rP1K/8 b - - 1 40,g8d8 b6d8 h8h7 f7f8 g6g5 d8e8,2188,78,90,808,advantage endgame long quietMove,https://lichess.org/uSxrob57/black#80,
IDLno,8/6p1/1p6/1PpPk2p/4P3/5PP1/5K2/8 w - - 0 38,f2e3 g7g5 g3g4 h5h4 f3f4 g5f4 e3f2 c5c4,2143,82,85,57,crushing defensiveMove endgame master pawnEndgame quietMove veryLong,https://lichess.org/Q4HRjuCl#75,
IDV2o,8/1k1n2p1/6K1/8/8/7P/6P1/8 b - - 0 53,d7e5 g6g7 b7c6 h3h4 e5g4 h4h5,2123,77,86,356,crushing defensiveMove endgame knightEndgame long quietMove,https://lichess.org/qgCwRrd8/black#106,
IDpZT,2kr1r2/1bp2pq1/4p3/1Q2P3/3p3p/2PB4/5RPP/5RK1 b - - 1 28,d4c3 f1b1 d8d3 b5b7,2136,99,44,28,crushing master middlegame quietMove short,https://lichess.org/XVxCxPLE/black#56,
IE0PK,8/8/7R/7n/4Bb1k/4rP2/5K2/8 b - - 5 53,h4g5 h6g6 g5h4 g6g4 h4h3 e4f5 e3e2 f2e2,2183,78,88,94,crushing endgame quietMove veryLong,https://lichess.org/q1ca5Hrn/black#106,
IEFmA,1k6/p3rPK1/8/8/4P3/8/8/8 b - - 0 49,a7a5 e4e5 b8c7 e5e6 e7e6 f7f8q,2179,82,86,39,advancedPawn crushing endgame long promotion quietMove rookEndgame,https://lichess.org/FqJocnJs/black#98,
IEWe9,5rk1/5rp1/8/1p1p2Q1/3P4/2Pq4/1P3PRR/3K1N2 w - - 1 43,f1d2 f8a8 h2h8 g8h8 g5h5 h8g8 g2g7 g8g7,2195,77,87,522,crushing master middlegame quietMove veryLong,https://lichess.org/VAeMR8eU#85,
IEwfx,8/8/3k1ppp/1p1P4/pP2K1PP/P7/8/8 w - - 1 43,e4d4 f6f5 h4h5 g6h5 g4f5 h5h4 d4e4 h4h3,2157,81,91,383,crushing endgame pawnEndgame quietMove veryLong,https://lichess.org/ZFL3tu8h#85,
IEy1x,8/4R3/p6k/1p6/5K1P/5pN1/Pr2b3/8 b - - 1 38,b2a2 g3f5 h6h5 e7g7 a2a4 f4g3 a4h4 f5h4,2153,134,100,13,advantage endgame quietMove veryLong,https://lichess.org/22CgMa2M/black#76,
IF04h,r3k2r/pp2bp2/1nN1p3/2n1P3/6p1/2Nq2B1/PP2QPP1/R4RK1 w kq - 0 19,c6e7 d3h7 f2f3 c5d3 e2d3 h7d3,2116,76,93,5171,crushing long master middlegame quietMove,https://lichess.org/kTkoZ6CR#37,Sicilian_Defense Sicilian_Defense_Delayed_Alapin_Variation
IF2JI,8/8/6p1/4p1P1/KP1k4/8/8/8 w - - 0 46,b4b5 d4c5 a4a5 e5e4 b5b6 e4e3 b6b7 e3e2,2198,78,92,4671,advancedPawn crushing endgame pawnEndgame quietMove veryLong zugzwang,https://lichess.org/3CYTol11#91,
IF2Md,8/8/4pp2/1p3p1p/1Pk2P1P/2P2P2/2BK4/5b2 w - - 0 38,c2d1 f1d3 d1c2 d3c2,2182,91,79,27,bishopEndgame crushing endgame quietMove short zugzwang,https://lichess.org/OkT62Kv5#75,
IF7fz,2kr1b1r/ppp1pppp/8/7q/2Pn2n1/3P1N2/PP2BPP1/RNBQ1RK1 w - - 1 10,b1d2 d8d6 f3h4 d4e2,2178,82,89,692,advantage master opening quietMove short,https://lichess.org/q9pusEQ8#19,Scandinavian_Defense Scandinavian_Defense_Modern_Variation
IF81a,8/7p/6p1/1p3p2/1N2p3/1K6/P3kPPP/8 w - - 4 42,b4d5 e2f2 b3b4 g6g5 b4b5 f5f4,2198,144,72,9,crushing defensiveMove endgame knightEndgame long quietMove,https://lichess.org/TraF5342#83,
IFU7p,8/2Bk4/3Pb1p1/pp4P1/2pK1P2/P1P5/8/8 w - - 2 42,d4c5 b5b4 a3b4 a5a4 b4b5 a4a3 b5b6 d7c8,2162,75,87,240,bishopEndgame crushing endgame quietMove veryLong,https://lichess.org/NUhNvV2O#83,
IFgYz,3r3k/6pp/p3r3/1pRNPp1q/4PPn1/P4QP1/1P4P1/4R1K1 w - - 1 31,e4f5 e6h6 f3g4 h5g4,2113,73,92,4563,advantage middlegame quietMove short,https://lichess.org/IS1miM4G#61,
IFjsT,1k4r1/ppp3qp/4p3/3PP3/3QB3/5rb1/PP3P1P/3R1RK1 w - - 0 24,e4f3 g3h2 g1h1 g7h6 f3g4 h2e5,2167,82,79,55,crushing discoveredAttack doubleCheck kingsideAttack long middlegame quietMove,https://lichess.org/ayOUpybl#47,
IGCVC,8/3k4/P3p1p1/2R1P2p/7r/1KP5/8/8 b - - 0 47,h4h1 c5a5 h1b1 b3c4 b1b8 a6a7,2151,78,85,187,advancedPawn crushing defensiveMove endgame long master quietMove rookEndgame,https://lichess.org/fyjRmdLz/black#94,
IGXyw,Bn2r2k/p5pp/4b3/8/1qp2P2/1P6/PKP1Q2P/3R3R w - - 0 29,f4f5 c4c3 b2a1 b4a3 d1b1 b8a6 e2a6 a3a6,2111,75,92,194,advantage middlegame quietMove veryLong,https://lichess.org/g5kCzxDr#57,
IHwkV,8/8/p5p1/3pn3/1k5P/1P2P1P1/P1PK4/8 w - - 5 36,a2a4 a6a5 e3e4 d5d4 g3g4 e5g4,2126,144,74,7,advantage endgame knightEndgame long quietMove zugzwang,https://lichess.org/eqGl4mR4#71,
II4M1,8/1p3p1k/3Q2p1/2N2q1p/2PP2b1/P5P1/5P1P/6K1 w - - 4 32,h2h4 g4f3 g3g4 f5b1,2188,76,91,1067,advantage endgame master quietMove short,https://lichess.org/OPheCvh2#63,
IIOxy,8/8/8/2P5/2K1p2b/4Pp2/5Pk1/7N w - - 5 61,c4d4 g2h1 c5c6 h4d8 d4e4 h1g2 c6c7 d8c7,2108,76,94,6677,crushing endgame hangingPiece master quietMove veryLong,https://lichess.org/DVMCpBOM#121,
IIZMF,1R6/r3kp2/2p1p1pr/4P3/2PPN1P1/4nPK1/8/8 b - - 4 42,e3c4 e4f6 c4d6 f6g8 e7d7 g8h6,2143,233,100,5,endgame equality fork long quietMove,https://lichess.org/QGTiLPHb/black#84,
IIiGE,8/RP6/6kp/5p2/P4P2/4p3/4K3/1r3n2 b - - 0 45,h6h5 a4a5 f1g3 e2e3 b1b3 e3d4,2176,83,88,54,advantage defensiveMove endgame long quietMove,https://lichess.org/DBD2Kp1B/black#90,
IIw3Q,1Q2b1k1/R5bp/1pp1n1p1/3p4/3P3q/2P5/PP3K2/5R2 w - - 5 45,f2e2 h4e4 e2f2 e6f4 a7g7 g8g7,2105,80,85,57,crushing long middlegame quietMove,https://lichess.org/dJu4P43w#89,
IJ9JC,8/8/5p2/2P1p3/4Pk2/r4P2/p2K4/R7 w - - 3 45,c5c6 f4f3 c6c7 a3a8 d2d3 a8c8,2164,89,90,846,crushing endgame long master quietMove rookEndgame,https://lichess.org/Wqa8R8FU#89,
IKHaN,8/p5kp/2R3p1/3B4/3b4/6Pb/P2p3P/7K w - - 0 42,d5f3 h3f5 h1g2 f5e4 f3e4 d2d1q,2174,77,91,3044,advancedPawn crushing deflection endgame long promotion quietMove,https://lichess.org/UaFOwpLx#83,
IKIrI,8/p7/Pp6/3p4/4k3/6P1/4KPP1/8 w - - 6 42,f2f4 b6b5 e2d2 b5b4 g3g4 e4f4,2197,75,80,118,crushing endgame long pawnEndgame quietMove,https://lichess.org/AfRvsUwl#83,
IKNpz,8/p4k2/1p3p2/1Pp1p2N/P3P2P/5P2/3K1n2/8 w - - 6 41,d2e2 f2h1 f3f4 f7g6 h5f6 g6f6,2199,77,91,2566,crushing endgame knightEndgame long quietMove trappedPiece,https://lichess.org/fUAk6SZ0#81,
IKTQC,8/4kp2/2p5/4P3/6KP/8/8/8 b - - 0 39,e7e6 h4h5 e6e5 g4g5 f7f6 g5g6,2191,77,86,147,crushing defensiveMove endgame long pawnEndgame quietMove,https://lichess.org/5q0qyJrB/black#78,
IKUb1,8/5kp1/7p/2QP1Pq1/4P3/7P/r1b3P1/4R1K1 w - - 0 41,d5d6 c2b3 c5f2 a2f2,2123,105,32,33,crushing endgame quietMove short,https://lichess.org/C2rR6RoA#81,
IKZYI,6k1/5p1p/5p2/p7/2p5/b6P/5PP1/4R1K1 w - - 0 25,e1e3 a3b2 e3e8 g8g7 e8e4 c4c3,2101,78,82,52,advantage endgame long quietMove,https://lichess.org/5k0OEQzf#49,
IKeDT,2R5/8/1K3p2/6p1/5kn1/8/8/8 w - - 0 56,c8c4 f4f3 c4c6 f6f5 c6g6 f3f4,2145,121,50,12,crushing defensiveMove endgame long quietMove,https://lichess.org/Flzi3y25#111,
IKz5i,2r4k/3Q4/7p/4b1pP/4N3/pP4P1/2r2P1K/8 w - - 0 45,d7e6 e5g7 e6f5 a3a2 e4f6 c2f2 f5f2 a2a1q,2178,80,84,213,advancedPawn crushing endgame promotion quietMove veryLong,https://lichess.org/35vYcfbl#89,
IL1Z0,8/8/3p4/6pp/P7/2Pk2p1/5K1P/8 w - - 0 40,h2g3 d3c4 f2f3 d6d5 g3g4 h5h4,2142,116,85,38,crushing defensiveMove endgame long pawnEndgame quietMove,https://lichess.org/0oA8e4Pz#79,
ILSzF,2kr3r/ppqnb2b/2p5/4P2p/5B1P/2P4B/PP1Q1PP1/2KR3R w - - 0 21,e5e6 d7e5 d2e3 e5d3 d1d3 d8d3 f4c7 d3e3 f2e3 c8c7,2137,78,93,4575,advantage intermezzo master middlegame quietMove veryLong,https://lichess.org/SjfcrTJJ#41,
IM6iZ,r2kN3/1p2n1Q1/4b1p1/p2pP3/3q2P1/8/P3BP2/4K2R b K - 0 27,d4e4 h1h8 e4b1 e2d1 b1b4 e1f1,2196,84,90,838,crushing long middlegame quietMove,https://lichess.org/BJ9R3x8H/black#54,
IMDHu,8/p7/2R5/4rkp1/6Rp/3P3P/r5P1/6K1 w - - 8 44,c6c7 e5e1 g1h2 a2a1 c7c5 f5f6,2194,81,90,1579,crushing defensiveMove endgame long master quietMove rookEndgame,https://lichess.org/2RZsajYZ#87,
IMLt1,8/7p/8/8/6P1/p6P/k1K5/8 b - - 1 48,a2a1 g4g5 a1a2 h3h4 a2a1 h4h5,2156,75,84,375,crushing defensiveMove endgame long master pawnEndgame quietMove,https://lichess.org/KZJJWlCy/black#96,
IMMhC,r3r1k1/6p1/5b2/2pQ3p/ppP2P2/1P1p1R1N/P3q1PK/R7 b - - 1 40,g8f8 h3g5 a8a7 g5h7,2134,97,74,26,crushing middlegame quietMove short,https://lichess.org/L8ipssVE/black#80,
IMS3p,8/1PK5/5k1p/5pp1/2B3b1/3P2R1/8/1r6 b - - 0 48,h6h5 d3d4 b1b7 c7b7,2179,79,85,180,advantage endgame quietMove short,https://lichess.org/VS4ujtTW/black#96,
IMSnA,r6r/p1p3k1/3qb3/2p2pB1/4pPp1/2P1Q3/P1P2KP1/3R3R b - - 9 23,d6c6 c3c4 h8h1 e3c3,2155,114,7,14,clearance crushing middlegame quietMove sacrifice short,https://lichess.org/43Q8XEo5/black#46,
IMqIv,8/K4k2/1p2p3/1P6/2P5/1n1P4/8/8 b - - 0 51,b3c5 a7b6 c5d3 c4c5 e6e5 c5c6,2143,80,91,5910,crushing endgame knightEndgame long master masterVsMaster quietMove,https://lichess.org/yTLBKTds/black#102,
INXyU,8/7K/2p5/3p1k2/3n4/2R5/8/8 w - - 0 52,h7g7 c6c5 g7f7 c5c4,2166,82,91,163,crushing defensiveMove endgame quietMove short,https://lichess.org/Lkm6IytL#103,
INrZW,6r1/1Qpk1p2/1n2p2q/2RpP3/3P4/2P2N2/5PPP/r3K2R w - - 4 30,e1e2 a1a2 e2d1 g8c8 c5c7 c8c7,2174,86,83,55,crushing long middlegame quietMove,https://lichess.org/SOngavSQ#59,
IOG7n,8/1p1r2p1/p7/P7/6P1/1k3P2/3R4/3K4 b - - 0 56,d7d2 d1d2 b3b4 g4g5 b4c5 g5g6 c5d4 d2e2,2131,100,84,33,crushing defensiveMove endgame quietMove veryLong,https://lichess.org/6gJCCloL/black#112,
IOvjU,8/6N1/6R1/5n2/5P2/P4k2/r7/5K2 w - - 1 48,f1e1 f5e3 g6g3 f3g3,2102,75,93,5668,crushing endgame master quietMove short,https://lichess.org/tgHeWt7u#95,
IPDcZ,8/7p/4ppp1/1k6/1PpP4/2K4P/5PP1/8 w - - 0 43,g2g4 g6g5 d4d5 e6d5,2128,81,91,1765,crushing endgame pawnEndgame quietMove short zugzwang,https://lichess.org/IJ08PgmD#85,
IPYE7,8/3P1K2/7k/6pp/4P3/5q2/3Q4/8 w - - 6 62,f7g8 f3f6 d2b2 f6b2,2156,75,96,314,crushing endgame master queenEndgame quietMove short,https://lichess.org/0WtYMfPF#123,
IQwpC,8/1kp2r2/2Rp2p1/1K1Pp1Pp/1P2P2P/R7/8/7r b - - 2 38,h1h4 c6a6 h4e4 a6a8 e4b4 b5b4,2156,75,90,83,crushing endgame long quietMove rookEndgame,https://lichess.org/szrYuM62/black#76,
IRWhP,r1b2r1k/2q2ppp/p3p3/1pbp2B1/5P2/2NR2Q1/PPP3PP/4R2K b - - 3 18,c5d6 g3h4 f7f6 d3h3 h7h6 g5h6,2123,95,83,33,advantage clearance long middlegame quietMove,https://lichess.org/KJ4KZK5w/black#36,French_Defense French_Defense_Paulsen_Variation
IRchg,8/6p1/P7/3Rp3/1K4kp/4r3/8/8 b - - 0 42,h4h3 a6a7 h3h2 d5d1 e3f3 a7a8q,2157,79,86,313,advancedPawn crushing endgame long promotion quietMove rookEndgame,https://lichess.org/EbcI82rz/black#84,
IRjuE,2r3k1/4bpp1/p3bn1p/qp6/3pP2B/P4P1P/1PBNQ1P1/5R1K w - - 1 24,c2d3 f6h5 f3f4 e7h4 e2h5 a5d2,2144,76,93,2179,advantage discoveredAttack long middlegame quietMove,https://lichess.org/JjYCIFJJ#47,
IRqEV,2r2k2/R4P1r/2p2R1p/2K5/8/8/8/8 b - - 2 50,h6h5 a7d7 c8b8 c5c6 h7h8 c6c7,2170,130,87,22,crushing endgame long quietMove rookEndgame,https://lichess.org/v8D0LfwH/black#100,
IS2VR,8/1Rb1r1k1/6p1/2PB3p/5PK1/7P/8/8 w - - 0 49,g4g5 c7d8 g5h4 e7b7,2101,77,91,55,advantage discoveredAttack endgame master quietMove short,https://lichess.org/hj6Tl1Mp#97,
ITPAC,4r1k1/p5p1/1p2n2p/8/1P4qP/P3Q1P1/1B2R2K/8 w - - 2 42,e3e5 e6c7 e5e8 c7e8 e2e8 g8f7,2115,74,81,147,advantage endgame long quietMove,https://lichess.org/NOzaNc7B#83,
ITnFS,8/1b6/7p/5B2/5R1P/4P1k1/7r/6K1 w - - 2 43,g1f1 b7f3 f1e1 h2e2 e1d1 e2e3 f4f3 e3f3,2182,145,82,7,crushing discoveredAttack endgame exposedKing quietMove veryLong,https://lichess.org/Ic86ra9B#85,
IU4Qm,8/6n1/6P1/8/p2k1K1P/P7/8/8 b - - 0 41,d4c3 f4g4 c3b3 h4h5 b3a3 h5h6,2113,144,91,40,crushing endgame knightEndgame long quietMove,https://lichess.org/pECj4Rc4/black#82,
IUKzw,2k2r1r/ppp2Bpp/1b1p1n2/4q3/3nP3/P1NP3P/1PPB2P1/R2Q1R1K w - - 3 16,f7d5 f6h5 d1g4 c8b8,2186,91,77,51,crushing defensiveMove middlegame quietMove short,https://lichess.org/HQ4NSp63#31,Vienna_Game Vienna_Game_Max_Lange_Defense
IUb5O,r6k/3npp1p/1qppbn1Q/8/p2PP1P1/3B1P2/pPP1N3/K2R2NR w - - 0 21,g4g5 a8b8 d3b5 b6b5 b2b3 a4b3,2124,75,94,2383,crushing long middlegame quietMove,https://lichess.org/SkfC5Ak1#41,
IV63e,8/p1K3k1/1p6/6P1/1nPP4/1P6/8/8 b - - 2 47,g7g6 d4d5 b6b5 d5d6 b5c4 d6d7 c4c3 d7d8q,2173,82,90,4867,advancedPawn crushing endgame knightEndgame promotion quietMove veryLong,https://lichess.org/RLXIhsBY/black#94,
IVGNk,3r3k/1Q5p/1R1q4/3pp3/p4p2/3P3P/6P1/7K b - - 1 34,d6a3 b7c7 d8e8 b6b7 a3e7 c7e7 e8e7 b7e7,2198,92,84,39,clearance crushing endgame quietMove veryLong,https://lichess.org/rFLYwGDd/black#68,
IVenm,2r3k1/6p1/7p/p2P1Q2/1pPq4/5P2/6P1/2R2K2 b - - 0 36,c8c4 c1e1 d4f6 e1e8 g8f7 f5d7 f7g6 e8e6,2194,80,87,70,crushing endgame pin quietMove veryLong,https://lichess.org/VjEHrxjR/black#72,
IVlJD,8/3k1pp1/8/4KP1P/8/8/8/8 w - - 1 51,e5f4 f7f6 f4e4 d7c6 e4d4 c6d6,2182,75,94,1596,crushing defensiveMove endgame long pawnEndgame quietMove zugzwang,https://lichess.org/3G5oTksw#101,
IVqQn,8/4k3/5RR1/2p1rp2/2r3p1/6PP/5PK1/8 w - - 5 44,h3h4 c4c1 f6f5 e5f5,2192,107,85,25,crushing endgame master quietMove rookEndgame short,https://lichess.org/QwV96Am3#87,
IWMiB,8/7p/3Kp3/4Pp2/1P3k2/1b6/6B1/8 b - - 3 50,b3c4 g2c6 f4e3 b4b5,2166,74,94,873,bishopEndgame crushing defensiveMove endgame quietMove short,https://lichess.org/h2TWfExW/black#100,
IWulQ,6k1/7p/4pRp1/6P1/3n2N1/3r4/6KP/8 b - - 3 36,g8g7 g4h6 d3f3 f6f3 d4f3 g2f3,2159,77,87,424,crushing endgame long quietMove,https://lichess.org/QDyMl6JD/black#72,
IXKDa,r3k2r/ppp2ppp/2n1p3/4P3/5PP1/B1P3P1/P1P2KBq/R2Q4 b kq - 2 16,a8d8 d1e2 h7h5 a1h1 h2h1 g2h1,2124,78,91,1442,advantage clearance long middlegame quietMove trappedPiece,https://lichess.org/mwvnQgff/black#32,Alekhine_Defense Alekhine_Defense_Other_variations
IXO8m,2kr4/p3R3/8/7p/2p5/2Pr1P2/P2R2PP/7K w - - 0 38,d2d3 c4d3 e7e1 d3d2 e1d1 d8e8 h1g1 e8e1 g1f2 e1d1,2131,107,100,15,advancedPawn crushing endgame quietMove rookEndgame veryLong,https://lichess.org/ckB9f0PQ#75,
IXTW0,N3r1k1/5p1p/6p1/pb2p3/1nPpP3/BN1BbPq1/P1R1QRP1/7K w - - 1 29,a3b4 e3f4 h1g1 g3h2 g1f1 h2h1,2198,76,92,1031,long master mate mateIn3 middlegame quietMove,https://lichess.org/CX9ZCEh0#57,
IYH71,8/8/8/1p6/2kP4/2P5/4K3/8 b - - 0 69,c4c3 d4d5 b5b4 e2d1 b4b3 d1c1 b3b2 c1b1,2109,75,89,104,crushing endgame pawnEndgame quietMove veryLong,https://lichess.org/8I10ueoE/black#138,
IYJLz,8/8/2b5/4N2p/3P1pkP/3K4/8/8 b - - 1 47,g4g3 e5c6 f4f3 c6e7 f3f2 e7f5,2143,77,90,172,crushing endgame hangingPiece long quietMove,https://lichess.org/xX4HAQaV/black#94,
IYWAd,4r1k1/5pp1/3q1P1p/1pbB4/5P2/1P1Q2P1/1B4KP/8 w - - 1 31,f6g7 e8d8 d5f7 g8f7 d3f5 f7g8,2178,74,94,5801,crushing endgame long master quietMove,https://lichess.org/tB5HlDUD#61,
IZ6nv,4r3/6pk/2p2P2/2Pp3p/3Pp3/2N2q1P/Q6K/4R3 b - - 3 37,f3c3 a2g2 e8g8 e1g1 g7g5 f6f7,2152,121,84,11,advancedPawn crushing endgame long quietMove,https://lichess.org/zdfg9nHt/black#74,
IZBOI,8/3R4/8/P7/2Kbk3/1r6/8/8 b - - 2 62,b3b2 d7d4 e4e5 d4d8 b2a2 c4b5,2141,111,79,19,crushing defensiveMove endgame long master quietMove,https://lichess.org/S2Ib8MWa/black#124,
IZCbE,6r1/p5k1/1p3p1r/2pPp3/2P1P1b1/1P1BR1Pq/P2Q1R1p/7K w - - 8 39,f2h2 g8h8 h1g1 h3h2 d2h2 h6h2,2166,74,92,2993,crushing exposedKing kingsideAttack long middlegame quietMove,https://lichess.org/CkL4WIuH#77,
IZP0I,br4k1/7p/3N4/1P6/2P2r2/2R5/3p2PP/5R1K w - - 0 33,f1d1 b8f8 c3g3 g8h8,2129,76,96,179,crushing endgame quietMove short,https://lichess.org/c8A20fMD#65,
IaPLn,1r4k1/5pp1/p1p4p/2pp1b2/P4q2/N1PP1PP1/1P1RQ2P/7K b - - 0 25,f4a4 e2e5 a4b3 e5f5 b3a2 d2e2 a2a1 h1g2,2129,77,91,987,advantage defensiveMove endgame fork quietMove veryLong,https://lichess.org/1nUUmaVc/black#50,
IboG1,8/8/5p2/1p2kp1p/1P6/3K3P/5PP1/8 b - - 1 38,h5h4 g2g3 h4g3 f2g3 f5f4 g3g4 f4f3 d3e3,2193,77,90,190,crushing endgame pawnEndgame quietMove veryLong,https://lichess.org/hGugG8ka/black#76,
Ic7NF,8/5R2/4p3/1k2P1p1/3P4/p3K3/5P1P/4b3 w - - 0 45,f7a7 e1a5 a7b7 a5b6 b7b8 a3a2 b8a8 b6a5,2182,82,78,49,advancedPawn crushing defensiveMove endgame quietMove veryLong,https://lichess.org/WOs0aIvO#89,
Ic94S,5rk1/1bq1Bp2/pp2pQp1/4P2p/2P3rP/3P4/P5P1/4RR1K b - - 2 26,g4g2 e1e4 c7e7 f6e7,2154,76,91,633,advantage master middlegame quietMove short,https://lichess.org/QWpQaOlu/black#52,
Ic9iU,6r1/7p/8/r3kp2/P3p3/R3P1KP/R4P2/8 w - - 6 32,g3h4 a5a6 h4h5 g8g6 f2f4 e4f3,2183,75,92,1096,crushing enPassant endgame long quietMove rookEndgame,https://lichess.org/7rr8KuzY#63,
IcbCw,2k5/pp5p/2p2p2/2b1p3/P1P1N3/1Q1P4/5PK1/4q3 b - - 4 30,c5d4 c4c5 e1e4 d3e4,2128,79,90,705,crushing endgame master quietMove short,https://lichess.org/dqjrOZvR/black#60,
Ico1V,7b/5p2/3p1p2/5P2/3N1kP1/2K5/2P5/8 w - - 2 46,d4e6 f7e6 f5e6 f6f5 c3d2 h8f6 e6e7 f6e7,2166,77,80,122,clearance crushing discoveredAttack endgame exposedKing quietMove veryLong,https://lichess.org/bST371yR#91,
IdhZQ,4r3/p1p4r/Pp1p2P1/1P2pk2/2P2pRP/3P1P1K/3B4/8 b - - 0 33,h7g7 h4h5 e8h8 h3h4 g7g8 g4g5,2123,77,81,583,crushing endgame long quietMove,https://lichess.org/vzDE7wlx/black#66,
IdhZT,2r2rk1/pp3p2/6q1/3pP3/3P3Q/n1P5/5PPP/2R1R1K1 b - - 6 28,g8g7 e1e3 f8h8 h4e7,2194,75,74,185,advantage middlegame quietMove short,https://lichess.org/AcrVvhJN/black#56,
IdkW1,8/8/8/7p/2k3P1/1p5P/8/1K6 b - - 0 54,c4d4 g4g5 d4e5 h3h4,2113,72,94,12090,crushing defensiveMove endgame pawnEndgame quietMove short,https://lichess.org/8FDOesB1/black#108,
Idkuq,8/2p5/8/4k2p/8/2N5/2K5/8 w - - 6 85,c3b5 h5h4 c2d3 h4h3 b5d4 e5f4,2151,86,87,47,crushing defensiveMove endgame knightEndgame long quietMove,https://lichess.org/OgqnV7f4#169,
Ie437,3r1r2/p4k2/1pq1pp2/7R/P5Q1/2p4P/2Pn1PP1/2B3K1 b - - 3 32,f8g8 h5h7 f7f8 c1a3 d8d6 a3d6 c6d6 g4h5 g8g2 g1g2,2172,85,85,39,advantage master middlegame quietMove veryLong,https://lichess.org/yeNJv5zC/black#64,
IeV5X,8/pp5p/2b5/2N3p1/2P5/6Pk/P6P/6K1 b - - 4 39,b7b6 c5d3 h3g4 d3e5 g4f5 e5c6,2157,75,91,177,crushing endgame fork long quietMove,https://lichess.org/gzs2rNKU/black#78,
IeaGi,7k/8/7p/3BPK2/3P3P/p1r5/8/8 b - - 1 52,c3d3 e5e6 h8g7 e6e7 d3e3 d5e6 e3e6 f5e6,2123,78,90,241,advancedPawn clearance crushing endgame quietMove veryLong,https://lichess.org/NP4jK0U9/black#104,
IesKm,2r5/2P4p/8/3K1pk1/8/2R3P1/8/8 b - - 2 44,h7h5 c3c4 f5f4 g3f4,2187,104,83,22,crushing endgame quietMove rookEndgame short,https://lichess.org/oAqa8SU1/black#88,
IfW57,8/2Nn3k/2q2b1p/5p2/1p2pP1N/1n2B1PP/1P3Q1K/8 w - - 4 45,c7e8 f6h4 g3h4 d7f8 f2e1 c6e8 e1b4 e8f7,2181,79,90,1296,crushing defensiveMove discoveredAttack middlegame quietMove trappedPiece veryLong,https://lichess.org/lrgV7zK6#89,
IfkPA,8/6p1/5kP1/b1p1pB2/P1K1P3/8/8/8 b - - 6 41,a5b4 c4b5 b4d2 a4a5 c5c4 a5a6 d2e3 b5c4,2138,79,85,82,bishopEndgame crushing endgame master quietMove veryLong,https://lichess.org/ItFg2wLz/black#82,
IfqDv,R1Bq2k1/p3pr1p/3p1ppB/1n1P4/3n4/7P/P4PP1/2R4K b - - 5 28,f7f8 h6f8 g8f8 c8b7 d8a8 b7a8,2180,80,91,648,advantage long middlegame pin quietMove,https://lichess.org/niXyuegx/black#56,
IgBro,8/5p2/R6p/1p1Rpkp1/1r6/4P2P/5PPK/2r5 b - - 2 37,b4b1 f2f3 f7f6 d5d6,2115,83,81,55,crushing endgame quietMove rookEndgame short,https://lichess.org/ey4M0qCe/black#74,
IgDgO,8/3k4/1KR5/4P3/8/7p/7r/8 w - - 0 48,c6h6 h2h1 h6d6 d7e7,2113,89,80,29,crushing defensiveMove endgame quietMove rookEndgame short,https://lichess.org/t9aK2MKh#95,
IgMvN,8/2R2Qpk/2pp3p/p3q3/7P/6P1/5P1K/4r3 b - - 0 30,a5a4 h4h5 e5g5 c7c8 e1h1 h2h1 g5d5 f7d5,2192,103,76,25,crushing endgame quietMove veryLong,https://lichess.org/3w1IyhJO/black#60,
Igc3I,1k5r/1ppQ1p2/1p2p3/1B3bP1/Pb4q1/8/1PP5/1K1R4 b - - 2 31,h8h2 d7e8 b8a7 d1d8 g4d1 d8d1,2188,80,86,184,advantage clearance long middlegame quietMove,https://lichess.org/LAA3cYpH/black#62,
IgdW3,8/8/8/8/P1k1p1n1/1N2P3/3K4/8 w - - 3 53,a4a5 c4b3 a5a6 g4e5 a6a7 e5c4 d2c1 c4b6,2119,78,94,3949,crushing defensiveMove endgame hangingPiece knightEndgame quietMove veryLong,https://lichess.org/o74nDEYb#105,
IhqDy,2kr3r/1p1qbpp1/p1n3p1/3p4/3P1B2/2N3P1/PP3PQP/3RR1K1 b - - 5 21,g6g5 c3a4 g5f4 a4b6 c8b8 b6d7,2176,88,80,27,advantage fork long middlegame quietMove sacrifice,https://lichess.org/90NG4Fkl/black#42,
Ii7xp,7r/p4kpp/2pq4/5p2/5p1P/P1PPrP1P/1P1Q3K/RN4R1 w - - 3 26,g1f1 h8e8 c3c4 e3e2 f1f2 e2d2,2165,75,91,1675,advantage fork long middlegame quietMove,https://lichess.org/lDXqiO1w#51,
IjIOp,r7/2p2rk1/3b1ppp/p1p1pn2/P3N1RP/1P1P1P2/2PB4/1K5R b - - 9 30,f5d4 h1g1 g6g5 h4g5 f6g5 d2g5,2163,80,52,55,advantage long middlegame quietMove,https://lichess.org/quV0Xrem/black#60,
IjcnB,r3k2r/ppp1qpp1/5pbp/3P4/1bP5/8/PP1NNPPP/R2Q1RK1 b kq - 0 14,g6d3 f1e1 e8g8 e2f4 e7e1 d1e1,2133,76,90,422,advantage long middlegame quietMove,https://lichess.org/k8Bq8uI1/black#28,Richter-Veresov_Attack Richter-Veresov_Attack_Other_variations
Ijj1I,4rrk1/p1q2p2/2p2npQ/1p6/2nPp1PN/8/PPB2P2/R1B2RK1 w - - 1 24,c1g5 f6g4 g5f4 e8e5 h6f8 g8f8,2168,140,56,15,advantage long middlegame quietMove trappedPiece,https://lichess.org/XHOhmaIM#47,
IjkV2,8/1p6/4pk1K/p2p1p2/P2P3P/1P6/6P1/8 b - - 1 40,f5f4 h4h5 e6e5 d4e5,2117,74,81,252,crushing endgame pawnEndgame quietMove short zugzwang,https://lichess.org/qJvPHbbn/black#80,
Ijlod,8/6p1/8/p1p2k1p/P1P1p2P/4PrP1/4R1K1/8 w - - 6 33,e2f2 f3f2 g2f2 f5g4 f2g2 g7g6 g2h2 g4f3,2173,78,98,827,crushing endgame quietMove rookEndgame veryLong zugzwang,https://lichess.org/2TI0qUQP#65,
IkIei,4r1k1/5pp1/p6p/1p1Rn3/2p5/P1PnN2P/1P3PP1/1B3K2 w - - 3 26,e3d1 e5f3 d1e3 f3d2 f1e2 d2b1 d5d3 c4d3,2155,78,85,306,crushing endgame fork quietMove veryLong,https://lichess.org/y3EMmwcq#51,
IkhFp,8/3p1p2/4p2p/2kP4/2P1P1pP/3K2P1/8/8 w - - 0 34,h4h5 e6e5 d3c3 f7f6 c3b3 c5d4 b3b4 d4e4,2101,132,57,24,crushing endgame pawnEndgame quietMove veryLong zugzwang,https://lichess.org/6tFobZNF#67,
IlCHL,8/6p1/1k3p1p/p7/1pK1P3/5P2/P5PP/8 w - - 4 39,g2g4 g7g5 h2h3 b6c6,2101,75,91,2697,crushing defensiveMove endgame pawnEndgame quietMove short,https://lichess.org/sLEpxIYx#77,
IlgiC,6k1/7p/p4Pp1/1pPpP3/3Pb2P/8/1P4PK/8 b - - 0 41,g8f7 g2g4 h7h5 c5c6 h5g4 e5e6 f7e6 c6c7,2180,131,85,15,advancedPawn bishopEndgame crushing endgame quietMove sacrifice veryLong,https://lichess.org/RXMsRN5T/black#82,
ImA4J,8/7p/8/6p1/Kpk3P1/8/P6P/8 w - - 0 45,h2h3 h7h6 a4a5 b4b3 a2b3 c4b3,2151,77,93,2804,crushing endgame long pawnEndgame quietMove zugzwang,https://lichess.org/LBhnTri3#89,
ImItn,8/2n5/5p1p/p3pPP1/1p1kP2P/5B2/3K4/8 b - - 0 46,h6g5 h4h5 g5g4 h5h6 g4f3 h6h7,2198,81,83,82,advancedPawn crushing endgame long quietMove sacrifice,https://lichess.org/PnFJu1HA/black#92,
Inr9R,8/8/3k2pp/1p6/p2K1P1P/2P5/1P6/8 w - - 0 46,c3c4 b5b4 h4h5 g6h5 c4c5 d6c6 f4f5 a4a3,2102,74,83,227,crushing endgame master pawnEndgame quietMove veryLong,https://lichess.org/6ptIOclZ#91,
IoslL,8/8/1rB5/1b6/1k6/5p1R/5Kp1/8 w - - 0 63,c6b5 b6g6 h3g3 g6g3,2100,75,97,401,crushing endgame quietMove short,https://lichess.org/bDhzx5Tp#125,
IpQXo,4r2k/2R3pp/p4r2/2Q5/Pp1PP3/4q1P1/1P3R1P/6K1 w - - 5 35,c5c2 e8f8 c2d2 e3f2 d2f2 f6f2,2141,75,91,251,advantage endgame long quietMove,https://lichess.org/zsHZg2Le#69,
IqLan,8/8/p6p/1p2k3/1Pbp4/P2B2P1/3K3P/8 w - - 19 47,h2h4 c4d3 d2d3 h6h5 g3g4 h5g4,2139,79,79,89,bishopEndgame crushing endgame long quietMove,https://lichess.org/ZrgDQhOS#93,
IqOV0,8/8/5ppp/RPk5/5KP1/1r3P1P/8/8 b - - 0 43,b3b5 a5b5 c5b5 h3h4 b5c5 h4h5 c5d6 h5g6,2194,78,85,97,crushing endgame quietMove rookEndgame veryLong,https://lichess.org/Su7AYg9O/black#86,
IqQJt,8/8/2K5/p4k2/Pp1P4/1Pp5/2P1n3/2B5 w - - 3 45,d4d5 e2c1 d5d6 c1b3 d6d7 b3d4 c6d5 d4e6 d7d8q e6d8,2161,77,91,603,crushing endgame hangingPiece quietMove veryLong,https://lichess.org/4D9lFIvq#89,
IqZC5,8/1p6/p3k1p1/3p2Kp/1P1B4/P7/8/8 w - - 6 51,g5g6 h5h4 g6g5 h4h3 d4g1 d5d4 g5f4 e6d5 g1h2 d5c4,2155,77,90,2152,bishopEndgame crushing endgame quietMove veryLong,https://lichess.org/b9V45c4f#101,
IqbPF,r4rk1/ppp2p1p/2n3p1/8/2P5/3BBQ2/Pq3PPP/1R4K1 b - - 3 18,b2a2 f3f6 f8d8 e3h6 a2b1 d3f1 b1a1 f6a1,2115,87,82,50,advantage defensiveMove middlegame quietMove sacrifice veryLong,https://lichess.org/jWvrL2Jf/black#36,Scandinavian_Defense Scandinavian_Defense_Icelandic-Palme_Gambit
Iqhts,8/p7/1p1B2p1/5kN1/qP1p1p1P/P3nP2/6P1/2R3K1 b - - 1 40,a4a3 c1c8 a3a1 g1h2 d4d3 c8f8 a1f6 f8f6,2131,74,74,117,advantage defensiveMove endgame quietMove veryLong,https://lichess.org/13yv3L3D/black#80,
IrBEW,k7/p5pp/5p2/4n3/1N6/4r2P/5KP1/1R6 b - - 3 38,e3e4 b4a6 e4b4 a6b4,2143,74,92,8457,advantage endgame quietMove short,https://lichess.org/2zQ16ex5/black#76,
Irz4z,2r2rk1/pp2bppp/1qn1pn2/3pN3/3P1P2/P1P1B3/1PQ3PP/RN3RK1 b - - 0 13,c6d4 c2f2 f6e4 e3d4 e7c5 d4c5,2146,78,74,63,advantage intermezzo long middlegame quietMove,https://lichess.org/pwuwJkHZ/black#26,Caro-Kann_Defense Caro-Kann_Defense_Other_variations
IsDgR,r7/1p3Rk1/p2Q1qpp/5p2/7P/5RP1/P4P2/6K1 b - - 0 36,f6f7 f3c3 a8f8 c3c7 f7c7 d6c7,2183,91,82,28,advantage endgame long pin quietMove,https://lichess.org/tQCl1SgJ/black#72,
IsMsS,r4rk1/ppp3pp/3q4/4b2b/4p3/2P4P/PPQ2PP1/R1B1RNK1 w - - 0 17,c2e4 a8e8 e4c4 h5f7,2196,78,88,255,advantage defensiveMove middlegame quietMove short,https://lichess.org/KhX50ObS#33,Nimzowitsch_Defense Nimzowitsch_Defense_Scandinavian_Variation
Isadb,8/7p/6p1/8/P1N5/3p1p1k/8/3K4 b - - 1 40,f3f2 c4e3 g6g5 d1d2,2175,79,66,127,crushing endgame knightEndgame quietMove short,https://lichess.org/fyQ79u76/black#80,
Isfzp,4r3/ppr1P3/3p2R1/3R4/1PP3k1/8/8/7K b - - 2 43,g4h4 d5d2 h4h5 g6g7 c7c4 d2h2 c4h4 g7h7,2158,75,99,151,crushing endgame pin quietMove rookEndgame veryLong,https://lichess.org/ytcR3CUI/black#86,
IsuWX,5rk1/p1p3pp/2n5/p4pQ1/3P1n2/2P1qN2/PP4K1/R4R2 w - - 2 26,g2g3 f8f6 a1e1 f4e2,2166,143,83,8,crushing middlegame quietMove short,https://lichess.org/qmLljEl1#51,
ItRCn,8/8/p2kp1pp/P1p5/2P1KPP1/7P/8/8 w - - 0 44,f4f5 e6f5 g4f5 g6g5 f5f6 d6e6,2114,75,96,385,crushing endgame long pawnEndgame quietMove,https://lichess.org/N0fLJkPV#87,
ItVDq,8/8/3P4/1b1K4/pNp5/PpP5/1P6/2k5 w - - 3 55,d5c5 b5d7 c5c4 c1b2,2190,78,90,2373,crushing endgame quietMove short,https://lichess.org/P9VS2wyF#109,
ItiY6,2K5/8/8/6pp/8/P6P/1P3k2/8 w - - 0 52,a3a4 g5g4 h3g4 h5h4 c8c7 h4h3,2149,76,91,888,crushing endgame long pawnEndgame quietMove,https://lichess.org/orRcbmCh#103,
Itn8r,2k5/p7/6pp/1P6/1K4PP/8/8/8 b - - 6 52,c8b7 b4a5 g6g5 h4h5 b7c8 a5a6 c8b8 b5b6 a7b6 a6b6,2154,85,90,293,crushing endgame pawnEndgame quietMove veryLong zugzwang,https://lichess.org/PhpeamEB/black#104,
Iu3Lp,6R1/8/PK6/8/8/1P6/r5p1/5k2 b - - 3 60,g2g1q g8g1 f1g1 b3b4 g1f1 b4b5,2199,81,91,760,crushing defensiveMove endgame long quietMove,https://lichess.org/VJ0O9ZxL/black#120,
IuHqE,8/pp6/2p5/1P6/2PPk3/8/P4Kp1/8 w - - 2 47,d4d5 c6d5 c4c5 e4e5 f2g2 d5d4 g2f3 e5d5,2143,76,94,758,crushing endgame pawnEndgame quietMove veryLong,https://lichess.org/giIozBJl#93,
IuMXt,3k4/8/3P4/1pNK4/p1p5/P1P5/4r3/8 b - - 6 56,e2a2 d5c6 d8e8 c5b7 a2d2 c6b5,2188,140,89,32,crushing endgame long quietMove,https://lichess.org/9Jiwz6ve/black#112,
IuNZW,8/2p5/p1Pp3p/1k1Pp1p1/1P2PpP1/1K3P1P/8/8 b - - 16 40,b5b6 b3a4 a6a5 b4b5 b6c5 a4a5,2121,76,96,996,crushing endgame long pawnEndgame quietMove zugzwang,https://lichess.org/aQqNc8Ks/black#80,
IuZLK,rn3rk1/1Qpbqppp/5n2/3P4/p2P4/5N2/PP1N1PPP/R3KB1R w KQ - 1 12,f1e2 b8a6 f3e5 f8b8,2155,79,90,659,advantage clearance middlegame quietMove short,https://lichess.org/gXTurDZY#23,French_Defense French_Defense_Exchange_Variation
IulyG,3r3k/2pr2p1/p1q2pPp/n1b1pP2/1pP1P1N1/1P6/P2B2Q1/3RK2R b K - 0 29,a5b7 g4h6 g7h6 h1h6 h8g8 g2h1 c6e4 h1e4,2163,77,76,45,crushing kingsideAttack middlegame quietMove veryLong,https://lichess.org/a3UWdRTn/black#58,
Iv2Iv,7r/8/P1Np1k2/3P4/1p2R3/5p1n/1P4KP/8 w - - 0 48,g2f1 h8g8 e4e6 f6f7 c6d8 g8d8,2186,78,86,51,advantage defensiveMove endgame long quietMove,https://lichess.org/YgFkAnEi#95,
IvGct,8/p5p1/Pp5p/1PbpN2k/8/3K4/8/8 b - - 1 50,h5g5 e5c6 h6h5 c6a7 h5h4 a7c6 h4h3 c6e5 g5f4 e5f3 f4f3 a6a7 g7g5 a7a8q,2188,131,70,24,advancedPawn crushing endgame pin promotion quietMove sacrifice veryLong,https://lichess.org/Jfj3dAJc/black#100,
Iw2rI,8/3k2p1/6p1/2pP1p2/p1P1pPP1/P3K2P/8/8 b - - 2 40,d7d6 h3h4 d6d7 h4h5 g6h5 g4f5 h5h4 e3e4 h4h3 e4f3 h3h2 f3g2 h2h1q g2h1,2103,78,90,942,crushing deflection endgame pawnEndgame quietMove veryLong,https://lichess.org/BMRVkxeo/black#80,
Iw3k5,8/2R5/1p2r1k1/pP4p1/2P3K1/2r1P3/8/4R3 w - - 3 41,e3e4 e6f6 c7c6 f6c6 b5c6 c3c4 e1b1 c4c6,2191,85,83,37,capturingDefender crushing endgame quietMove rookEndgame veryLong,https://lichess.org/ak4iPmja#81,
Iw9pD,3r1r1k/1pp3pb/2q4p/8/p1BP1N1P/P1P3Q1/1P6/K1B4R w - - 1 42,c4d3 f8f4 h1g1 f4f7 d3h7 h8h7,2179,89,78,46,advantage long middlegame quietMove,https://lichess.org/CzzecytK#83,
IwRbv,2k2n2/1b4Qp/5p2/2b1pN2/2B1P3/1P3PPP/r2r2NK/8 w - - 21 41,h3h4 d2g2 h2h3 h7h5 f5d6 c5d6,2148,78,93,2105,crushing long middlegame quietMove,https://lichess.org/t9YgWTqh#81,
IweoW,8/p7/1p2k3/8/2p1p2P/P1P5/1P2q1BK/8 b - - 0 54,e2g4 g2h3 e6f5 h4h5 e4e3 h3g4,2165,80,81,44,crushing endgame long pin quietMove,https://lichess.org/hGGeumIM/black#108,
Ix3BC,4r3/1P6/8/6k1/3K1p2/4p3/8/1R6 b - - 3 66,g5g4 b7b8q e8b8 b1b8 e3e2 b8b1 g4f3 d4d3 f3f2 d3d2,2178,78,87,63,advancedPawn crushing endgame promotion quietMove veryLong,https://lichess.org/85xWKeOp/black#132,
Iy8Pi,1krR4/2p2p2/1p2qP2/pP2P2p/r7/2Q5/6PP/3R3K b - - 1 35,a4c4 d8c8 b8c8 c3f3 c7c6 f3d3 e6d5 d3d5 c6d5 e5e6 f7e6 d1f1 c8d7 f6f7,2136,135,0,20,advancedPawn crushing endgame quietMove veryLong,https://lichess.org/fuDBrEbN/black#70,
IyCur,8/3B4/8/6k1/1P1P1p2/7p/5Kb1/8 b - - 0 39,g5h4 b4b5 f4f3 d7h3,2104,76,79,73,bishopEndgame crushing endgame master quietMove short,https://lichess.org/GaeAM34Z/black#78,
IyrIm,3rr1k1/p4p1p/2p2p2/1p3B2/1b1PP3/4R3/PP4PP/3R2K1 b - - 2 23,d8d4 d1d4 b4c5 d4d3 c5e3 d3e3,2187,80,90,385,advantage endgame hangingPiece long quietMove,https://lichess.org/dHQ8iIEh/black#46,
IzOyp,3rq1k1/pp4pp/2p2p2/6P1/3P1Q2/3b1N1P/PPnN4/2R3K1 b - - 0 25,d8d4 f3d4 f6g5 f4f2 c2d4 f2d4,2180,78,88,103,advantage long middlegame quietMove,https://lichess.org/8ARuqClQ/black#50,
IznnB,2r5/6P1/p3kBK1/4P1P1/3p4/2p5/P4R2/7r b - - 1 49,d4d3 f6d8 c8d8 f2f8 d8f8 g7f8q,2139,77,89,183,advancedPawn clearance crushing endgame long promotion quietMove sacrifice,https://lichess.org/q7X5neU5/black#98,
J0MqH,r1b3k1/pppq2p1/1b3RQp/3p4/8/3n1NP1/Pp4PP/1R3K2 b - - 1 20,d7g4 g6e8 g8h7 f6f8 g4f3 f8f3,2137,130,26,28,advantage long middlegame quietMove,https://lichess.org/yapSahma/black#40,
J0Vtr,8/5p2/3k2p1/1p1p4/pK3PP1/P6P/8/8 b - - 3 46,d6c6 h3h4 d5d4 h4h5 d4d3 b4c3 b5b4 c3d3,2180,80,86,92,crushing endgame pawnEndgame quietMove veryLong,https://lichess.org/f7haldoF/black#92,
J0afO,6k1/6pp/8/4pp2/1R1pr2P/Pp6/1P3K2/8 b - - 1 46,d4d3 b4e4 f5e4 a3a4 g8f7 a4a5 f7e6 a5a6,2149,74,93,2533,crushing endgame quietMove rookEndgame veryLong,https://lichess.org/TtGRIYMJ/black#92,
J0k53,8/6p1/7p/8/5p2/2k2P2/4K1PP/8 w - - 3 49,g2g3 g7g5 g3g4 c3c2,2168,76,83,104,crushing defensiveMove endgame pawnEndgame quietMove short,https://lichess.org/WbU9Yv8t#97,
J0xR4,6k1/2p2pp1/p1R4p/3r4/P7/1P4P1/5PK1/8 b - - 0 35,d5d6 c6d6 c7d6 b3b4 g8f8 b4b5 a6b5 a4a5 f8e7 a5a6,2126,76,95,3443,crushing endgame quietMove rookEndgame veryLong,https://lichess.org/CZCStlBt/black#70,
J1ERX,2k5/pp4q1/2pp1pP1/2n4P/2P1Pp2/P2P1B2/1P3K1P/3R4 b - - 0 28,g7h6 d1g1 c5e6 f3g4,2100,76,94,1399,crushing endgame master pin quietMove short,https://lichess.org/sAr7ZCBi/black#56,
J1O6B,r3k2r/p1pbnppp/1pn5/1Q2P1q1/3N4/2B5/PPP3PP/1K1R1B1R w kq - 4 15,f1e2 c6d4 b5d3 c7c5 c3d4 c5d4,2162,78,84,473,advantage long middlegame quietMove,https://lichess.org/laRiZyg9#29,Kings_Gambit_Declined Kings_Gambit_Declined_Falkbeer_Countergambit_Accepted
J2DCJ,8/8/p1k1p3/1pP1Pp1p/3K2P1/PP6/6P1/8 b - - 0 42,f5g4 g2g3 a6a5 b3b4 a5b4 a3b4,2145,79,91,2332,crushing endgame long pawnEndgame quietMove,https://lichess.org/3xB5SnGi/black#84,
J2ORJ,k7/6R1/8/5P1p/6nN/1p2r3/1K4P1/8 w - - 1 40,g7g5 g4e5 g5g8 a8b7,2113,74,92,1054,crushing endgame quietMove short,https://lichess.org/JV9EMx0I#79,
J34Gq,8/B4p2/2p5/1k1pP1Kp/5P2/3b3P/8/8 w - - 5 49,g5h5 c6c5 h5g5 d5d4,2184,78,72,53,bishopEndgame crushing defensiveMove endgame quietMove short,https://lichess.org/FGH37dZs#97,
J39Eq,5k2/1p1r4/2pN1B1p/8/1p4PP/bP6/n7/3R1K2 b - - 0 44,a2c3 d1e1 d7d6 f6e7 f8g7 e7d6,2123,76,91,1076,crushing endgame exposedKing fork long quietMove sacrifice,https://lichess.org/zkdbBCWQ/black#88,
J3QLB,8/8/p1k5/2p2p1p/PPPp1P1P/3K4/8/8 b - - 0 38,c6b6 b4c5 b6c5 a4a5 c5c6 d3d4,2103,75,93,858,crushing endgame long pawnEndgame quietMove zugzwang,https://lichess.org/4tnWctAI/black#76,
J48Pt,8/8/3p4/3k4/5K2/8/6P1/8 b - - 0 44,d5c4 g2g4 c4d5 f4f5 d5c6 g4g5 c6d7 f5f6,2141,75,91,1386,crushing defensiveMove endgame pawnEndgame quietMove veryLong,https://lichess.org/rtnpisA2/black#88,
J48bS,8/8/8/6p1/3p4/5kP1/3K3P/8 w - - 5 58,d2d3 g5g4 d3d4 f3g2 d4e3 g2h2,2152,77,91,58,crushing endgame long pawnEndgame quietMove,https://lichess.org/YjV0VM4A#115,
J4xWK,r7/5Q2/2kp1pp1/p4q1p/1p3N1P/2P2bP1/PP3B1K/8 b - - 6 34,b4c3 f4e6 f5e6 f7e6,2188,85,82,53,crushing endgame quietMove short,https://lichess.org/YrHy6x2t/black#68,
J5SYC,7r/8/5R1p/2kp3P/4p3/5p2/P1PK1P2/8 w - - 0 40,f6a6 d5d4 a6e6 c5d5,2196,79,90,940,advantage endgame quietMove rookEndgame short,https://lichess.org/83M6DcaU#79,
J61l1,8/3k4/2r5/1p3p1K/7P/P3R3/8/8 b - - 0 37,c6e6 e3e6 d7e6 h5g5 e6e5 h4h5 e5e6 h5h6 e6f7 g5f5,2197,77,98,256,crushing endgame quietMove rookEndgame veryLong,https://lichess.org/H5pr3Mzg/black#74,
J6b43,7k/1p3q1p/1Pp2P2/p1Pp1Q1R/P2Pr3/8/4p3/4K3 b - - 3 43,e4d4 h5g5 f7e8 f5e5 e8e5 g5e5 h8g8 e5e7,2141,159,81,10,crushing endgame quietMove veryLong,https://lichess.org/GWMslivW/black#86,
J6ctg,8/4k3/4p1pp/4Pp2/1K3P2/p6P/P6P/8 w - - 0 39,b4a3 g6g5 f4g5 f5f4 a3b4 f4f3,2105,80,91,573,crushing endgame long pawnEndgame quietMove,https://lichess.org/61LHs2iB#77,
J6hzX,8/8/5n2/R2P4/2P2bk1/1P5p/1P5K/8 w - - 2 40,h2h1 f6e4 a5a8 e4f2 h1g1 h3h2 g1f2 h2h1q,2129,78,91,126,advancedPawn crushing deflection endgame exposedKing promotion quietMove veryLong,https://lichess.org/TiARP4Lh#79,
J70rY,2kr3r/ppqb3p/2nb4/3Qp3/6p1/2P3B1/PP1N1PPP/RN2R1K1 w - - 1 16,b1a3 d6a3 b2a3 d7f5 d5c4 d8d2,2130,75,93,3939,advantage discoveredAttack long middlegame quietMove skewer,https://lichess.org/xuZDOpUv#31,Caro-Kann_Defense Caro-Kann_Defense_Exchange_Variation
J76AF,8/8/2K1N3/3p2p1/8/4k3/8/8 w - - 0 56,e6g7 d5d4 g7f5 e3e4 f5d6 e4f3,2172,83,82,89,crushing defensiveMove endgame knightEndgame long master quietMove,https://lichess.org/ukNjJViy#111,
J7GVz,8/8/8/5pp1/8/5K1P/6P1/5k2 b - - 3 50,f1g1 g2g3 g1f1 h3h4 g5h4 g3h4,2136,76,96,2527,crushing endgame long master pawnEndgame quietMove,https://lichess.org/16Urr56q/black#100,
J7Wfr,8/8/8/p1pk4/4pK2/PP2P3/8/8 w - - 0 37,f4f5 a5a4 b3a4 c5c4 a4a5 c4c3 a5a6 d5c6 a6a7 c6b7,2192,76,77,101,crushing endgame master pawnEndgame quietMove veryLong,https://lichess.org/9xA7F6u4#73,
J7iFM,8/8/p1p2pp1/1pP5/4PkP1/P2K1P2/8/8 b - - 0 46,f4f3 g4g5 f6g5 e4e5 g5g4 e5e6 g4g3 e6e7 g3g2 e7e8q g2g1q e8c6,2197,91,86,33,advancedPawn crushing endgame pawnEndgame promotion quietMove veryLong,https://lichess.org/V7mIl5Ax/black#92,
J8QWi,1r4k1/5pbp/1pQN2p1/pP6/P2n2n1/B3P1P1/4qP1P/R4RK1 w - - 0 29,c6c7 d4f3 g1h1 b8f8 c7c4 g4f2 f1f2 e2f2,2190,186,80,10,crushing kingsideAttack middlegame quietMove veryLong,https://lichess.org/8twzWvBF#57,
J9Dg6,8/8/3p1p2/3PpP1p/b3P2P/4K3/2k4N/8 b - - 15 78,c2d1 h2g4 h5g4 h4h5 d1e1 h5h6 g4g3 e3f3 g3g2 f3g2,2179,79,77,75,crushing endgame quietMove sacrifice veryLong,https://lichess.org/L0plKTRT/black#156,
J9Dos,8/8/8/4K2p/6k1/8/6P1/8 w - - 1 74,e5e4 h5h4 e4e3 g4g3 e3e2 g3g2,2113,75,92,7125,crushing endgame long pawnEndgame quietMove,https://lichess.org/sTrX5Ad7#147,
J9FnF,8/5p1p/2k3p1/p2p2P1/P2K1P1P/1P6/8/8 w - - 1 39,d4e5 c6c5 f4f5 d5d4 f5g6 f7g6 e5e4 c5b4 e4d4 b4b3,2101,75,91,423,crushing endgame pawnEndgame quietMove veryLong,https://lichess.org/cUHmiWfR#77,
J9KHZ,8/6R1/1k1p4/3P3P/8/p5K1/r4P2/8 w - - 0 49,h5h6 a2a1 h6h7 a1h1 g3g2 a3a2 g2h1 a2a1q,2166,85,86,40,advancedPawn advantage endgame promotion quietMove rookEndgame veryLong,https://lichess.org/CgzpzENL#97,
J9KV1,8/p6P/Pppp2n1/8/6P1/2P1pk2/R6K/8 w - - 0 48,h2g1 e3e2 a2a1 d6d5 a1b1 c6c5,2117,95,87,28,advancedPawn crushing defensiveMove endgame long quietMove,https://lichess.org/8ga77oQc#95,
J9a9B,3b4/1p6/8/1K1k1p1p/7P/4BP2/6P1/8 w - - 2 41,e3g5 d8g5 h4g5 f5f4 g5g6 d5e6 g6g7 e6f7 g7g8n f7g8,2186,77,89,476,bishopEndgame crushing endgame master quietMove veryLong,https://lichess.org/ttYjh1YT#81,
J9gNh,rn2k2r/pp1b1ppp/4pn2/q2p4/1b1P1B2/1QN1PN2/PP3PPP/R3KB1R w KQkq - 5 9,f1d3 d7a4 f4c7 b7b6 e1g1 a4b3,2114,88,83,37,crushing long middlegame quietMove,https://lichess.org/bAEkIrUu#17,Queens_Pawn_Game Queens_Pawn_Game_Accelerated_London_System
J9vW3,8/p5pp/8/1P1k4/P2p1p2/3K3P/5PP1/8 b - - 3 33,g7g5 a4a5 d5c5 b5b6 a7b6 a5b6,2148,75,90,215,crushing endgame long pawnEndgame quietMove,https://lichess.org/ajIVZfTt/black#66,
J9z86,2k5/2P4p/5N2/6p1/1R2p1P1/4P1KP/q7/8 b - - 0 48,a2e6 f6e8 e6e5 g3g2 e5e8 b4b8 c8c7 b8e8,2106,75,93,5945,crushing endgame exposedKing quietMove sacrifice skewer veryLong,https://lichess.org/Z9OftnVx/black#96,
JAI2z,1n6/1k6/5P2/p1PN2p1/7p/8/P5K1/8 b - - 0 63,b7c6 d5b6 b8a6 f6f7 a6c5 f7f8q,2150,78,92,2102,advancedPawn crushing endgame knightEndgame long promotion quietMove,https://lichess.org/4izEMhW7/black#126,
JAVYg,8/8/3p1p2/k1p1pPp1/PnP1P1P1/K2P1N2/8/8 w - - 3 48,f3g5 f6g5 f5f6 b4c2 a3b2 c2d4 f6f7 d4e6,2115,75,82,136,crushing defensiveMove endgame hangingPiece knightEndgame quietMove veryLong,https://lichess.org/VqnjoSBW#95,
JBN3N,2kr2r1/pp1n2pp/2p1p3/6B1/B5n1/2N3q1/PPPQ4/R3R2K w - - 2 20,c3e4 g3h3 h1g1 d7e5 d2g2 e5f3,2141,78,87,142,advantage kingsideAttack long middlegame quietMove,https://lichess.org/x7b0IqoI#39,
JBUMV,4rr1k/p1p3p1/2p4p/7P/2Q5/q1PP4/P1PK2P1/3R3R w - - 3 22,d1e1 f8f2 d2d1 e8b8 e1e8 b8e8,2148,82,94,5200,crushing endgame long quietMove,https://lichess.org/io6ZDqrX#43,
JCM6C,8/8/4pp2/p2pp2p/4P3/1kN3P1/3K2P1/8 w - - 0 35,c3d5 a5a4 d5e3 a4a3,2142,78,89,1857,crushing endgame knightEndgame quietMove short,https://lichess.org/LegtZGnn#69,
JCNCC,q3r1k1/p2b2pp/8/2Q2p2/2P1N1n1/5PP1/PP4KP/R1B2R2 w - - 0 18,f3g4 a8e4 g2f2 d7c6 c5c6 e4c6,2135,80,90,1864,advantage hangingPiece long middlegame quietMove,https://lichess.org/Ir10egy0#35,Zukertort_Opening Zukertort_Opening_Sicilian_Invitation
JCjZ2,6k1/1P3p1p/8/2pp4/1n6/4rP1P/4B1K1/3R4 b - - 0 29,e3e8 d1a1 e8e2 g2f1 e2e8 a1a8 g8f8 a8e8 f8e8 b7b8q,2144,76,95,1634,advancedPawn attraction crushing defensiveMove endgame promotion quietMove sacrifice veryLong,https://lichess.org/4lFCfqDf/black#58,
JCoDo,3r4/p7/2p2kp1/8/5pKp/5P2/PPP1RP2/8 w - - 0 29,g4h4 d8h8 h4g4 g6g5 e2e6 f6e6,2135,75,88,97,crushing endgame long quietMove rookEndgame,https://lichess.org/MOqwdJ2q#57,
JDFul,8/p7/7p/1p1K4/2P5/6k1/PP6/8 w - - 1 41,c4b5 h6h5 d5c6 h5h4 c6b7 h4h3 b7a7 h3h2 b5b6 h2h1q b6b7 h1g1,2160,78,87,1108,advancedPawn crushing endgame pawnEndgame promotion quietMove veryLong,https://lichess.org/M8E92SB9#81,
JDNCj,1k1r4/1pp3pp/p4p2/1r6/8/4N3/P1R3PP/5R1K w - - 4 29,f1d1 d8d1 e3d1 b5e5 h1g1 e5e1 g1f2 e1d1,2189,83,90,1058,crushing endgame fork quietMove veryLong,https://lichess.org/bK5r32u3#57,
JE1Tb,6r1/pp1kp3/2p4q/3p1P2/P2P4/8/5RP1/4RQK1 w - - 0 32,g2g3 g8g3 f2g2 g3h3 g2g4 h3h1 g1f2 h1f1,2145,77,92,2124,advantage endgame exposedKing quietMove skewer veryLong,https://lichess.org/bLWREk2t#63,
JECgP,r4rk1/b1p3p1/pp1q3p/3pN3/1P1P4/P7/2P1Q1PP/R3R1K1 w - - 1 23,e2a6 b6b5 a6d6 a7d4 g1h1 c7d6,2108,74,94,10855,advantage discoveredAttack fork long middlegame quietMove sacrifice,https://lichess.org/0eILPoYK#45,
JEtWC,8/8/6p1/1p3p2/2b5/4N1Pk/1P5P/6K1 b - - 4 47,c4d3 e3d1 h3g4 d1f2 g4f3 f2d3,2100,75,100,117,crushing endgame fork long quietMove,https://lichess.org/VGPIjFq9/black#94,
JFWVf,8/pR6/4Rpk1/6b1/2P4p/1P1r4/P5PK/8 w - - 6 48,b7a7 g5f4 h2g1 f4g3 e6f6 g6f6,2191,125,100,30,advantage endgame long quietMove,https://lichess.org/CdGP4c2q#95,
JG1bz,rn1qr1k1/p3bppp/1pp5/2PpN2Q/1P1PnP2/8/P5PP/RNB2RK1 b - - 2 13,f7f6 h5f7 g8h8 e5g6 h7g6 f1f3 f6f5 f3h3 e7h4 g2g3,2169,77,80,143,advantage middlegame quietMove sacrifice veryLong,https://lichess.org/yhDROwfI/black#26,French_Defense French_Defense_Exchange_Variation
JGAoV,8/7p/6pK/3kPp2/8/6P1/7P/8 w - - 4 43,h6h7 g6g5 h7g7 f5f4 g7f6 f4f3 e5e6 f3f2 e6e7 f2f1q,2107,75,88,109,advancedPawn crushing endgame pawnEndgame promotion quietMove veryLong,https://lichess.org/lzkEOoKr#85,
JGaBL,3R4/2p2ppk/6bp/b7/1p4P1/3N1P1P/7K/8 w - - 0 38,f3f4 c7c5 d8d7 g6d3 d7d3 c5c4,2125,84,87,37,crushing endgame long quietMove,https://lichess.org/iO9fWEv7#75,
JGeQe,4R3/5rkp/6p1/Q7/1p3q2/7n/PPP3P1/4R1K1 w - - 0 31,g1h1 h3f2 h1g1 f2g4 a5e5 g4e5,2153,76,91,1574,crushing endgame long quietMove,https://lichess.org/iliMaWlT#61,
JGhSf,8/1p6/p7/7K/1P3kp1/P7/7P/8 w - - 0 58,h5h4 b7b5 h4h5 g4g3 h2g3 f4g3,2146,79,91,919,crushing endgame long pawnEndgame quietMove zugzwang,https://lichess.org/rVica0ZB#115,
JH0Dp,5B2/8/2n2p1p/p3pPpP/2P5/3K4/k5P1/8 b - - 1 37,a5a4 f8h6 a2b3 h6f8 c6d8 h5h6 d8f7 h6h7,2191,78,86,301,advancedPawn crushing endgame quietMove veryLong,https://lichess.org/MfMkLJVq/black#74,
JHTO2,6k1/bp1r1p2/p4B1p/8/1Pb1P2P/P5P1/5rB1/R1R3K1 w - - 0 27,g1h1 d7d2 c1c4 f2g2 f6d4 g2h2 h1g1 d2d4 c4c8 d4d8 g1h2 d8c8,2184,108,70,20,advantage discoveredAttack exposedKing middlegame quietMove veryLong,https://lichess.org/I1gApPpG#53,
JI0fD,5r2/7p/3R4/8/P3p3/4k3/6PP/6K1 w - - 1 31,d6d1 e3e2 d1a1 f8d8 g2g4 d8d1 a1d1 e2d1 g1f2 d1d2,2160,120,82,20,crushing defensiveMove endgame quietMove rookEndgame veryLong,https://lichess.org/d7RtwLME#61,
JI58u,2q5/7k/3p3p/3N3Q/2Pb4/3P2PK/5r2/7R w - - 2 36,g3g4 c8f8 g4g5 f8f5 h3h4 f2f4,2113,82,85,58,crushing endgame long master quietMove,https://lichess.org/fDbblCZB#71,
JIPZe,8/2k4p/p5p1/5p2/2K5/P4P2/1P5P/8 b - - 0 39,c7d6 f3f4 g6g5 f4g5,2110,87,73,36,crushing endgame pawnEndgame quietMove short,https://lichess.org/Eb7lWToM/black#78,
JIk8v,8/8/PK6/8/1P1kB3/3P4/7p/r7 b - - 0 58,d4c3 b4b5 h2h1r e4h1 a1h1 a6a7,2148,76,91,3671,advancedPawn crushing endgame long master quietMove,https://lichess.org/utCeQn9m/black#116,
JIoLe,1r4k1/p1p2ppp/4N3/3p1n2/3Pq3/Q1P5/PP2BPbP/R4RK1 w - - 1 19,f1e1 g2h3 f2f3 e4e3,2173,82,77,59,crushing middlegame quietMove short,https://lichess.org/MVCtn5t8#37,Queens_Pawn_Game Queens_Pawn_Game_Mason_Variation
JJKvs,8/7p/p2p2pP/2k5/P1p5/2K2P2/1PP5/8 w - - 1 35,b2b3 c4b3 c2b3 a6a5 f3f4 d6d5,2160,76,85,68,crushing defensiveMove endgame long pawnEndgame quietMove,https://lichess.org/ewIiDo4h#69,
JJSHj,8/8/2k5/2b1pp1p/2P5/pK3P1P/P7/2B5 w - - 6 44,c1a3 c5a3 b3a3 e5e4 f3e4 f5f4 a3b2 f4f3,2148,80,77,97,bishopEndgame crushing endgame master quietMove veryLong,https://lichess.org/v0BKooBs#87,
JKGiW,1r5k/5rpp/p2p3q/2pNb3/2P5/P5PP/1P3PQ1/1R3RK1 b - - 6 29,b8b2 d5c3 f7f8 b1b2,2129,87,50,55,crushing interference intermezzo middlegame quietMove short,https://lichess.org/QUKLBWED/black#58,
JKKrs,8/8/8/5k1p/5Pp1/4K1P1/8/8 b - - 1 53,h5h4 g3h4 g4g3 h4h5 g3g2 e3f2 g2g1q f2g1,2176,79,90,775,crushing endgame pawnEndgame quietMove veryLong,https://lichess.org/aN3yVp9g/black#106,
JKQGx,1kr5/1r6/1P1R2R1/4p3/4Pb2/5P2/5B1p/7K w - - 3 53,d6c6 c8c6 g6c6 b7d7 c6c1 f4c1,2152,78,94,1834,crushing endgame long master quietMove,https://lichess.org/uU654PS8#105,
JKQlS,8/3r1k2/1p5p/pP4p1/P4p2/2R2P1P/5BPK/5n2 w - - 4 42,h2g1 d7d1 g2g4 f4g3 g1g2 g3f2,2119,78,61,67,advancedPawn advantage enPassant endgame long master masterVsMaster quietMove,https://lichess.org/VcjsvS2m#83,
JKUb1,8/1pp3p1/p1p5/7k/4PK2/PP6/2P5/8 b - - 0 30,g7g5 f4f5 g5g4 e4e5 g4g3 e5e6 g3g2 e6e7 g2g1r e7e8q,2171,75,87,186,advancedPawn crushing defensiveMove endgame pawnEndgame promotion quietMove veryLong,https://lichess.org/eW6qMmBt/black#60,
JKcd4,r6k/pp4pp/n1p5/7q/1pQ4P/3P2P1/PB3bB1/5R1K b - - 1 29,f2g3 f1f7 h5h4 c4h4 g3h4 f7g7 h4e1 b2e5 e1c3 d3d4,2135,156,86,21,crushing defensiveMove middlegame quietMove veryLong,https://lichess.org/2Ptea6mD/black#58,
JLN2V,Q7/4r1pk/p3q2p/1p1r3n/2nB3N/4P2P/6P1/3R1RK1 b - - 0 34,c4e3 f1f8 e7e8 f8e8 e6e8 a8e8,2108,77,86,57,crushing long middlegame quietMove,https://lichess.org/mCZyEH6P/black#68,
JLQ9V,8/5p2/pp6/4k3/8/PP2KP2/8/8 w - - 0 42,b3b4 b6b5 f3f4 e5d5,2191,75,88,901,crushing defensiveMove endgame master pawnEndgame quietMove short,https://lichess.org/5GHwTFGg#83,
JLflI,r4rk1/1p3ppp/2pP4/p5q1/3P2bn/P1N3P1/1PB2P1P/R2QR1K1 w - - 1 18,c3e4 g5h5 g3h4 g4d1,2187,79,82,179,advantage middlegame quietMove short,https://lichess.org/hCjtOd6l#35,Ruy_Lopez Ruy_Lopez_Bird_Variation
JM1Ay,r4rk1/p7/1p5P/2p3R1/2b5/P4p1P/1PPB4/2K5 b - - 0 27,g8h7 g5g7 h7h8 d2c3 f8f4 g7a7,2167,76,89,355,crushing discoveredAttack endgame long quietMove,https://lichess.org/YKwBIp26/black#54,
JMF1W,8/8/3B4/1p1p4/3Pk1p1/4P3/4bK2/8 b - - 3 51,g4g3 f2e2 g3g2 d6h2 g2g1q h2g1,2158,76,95,345,bishopEndgame crushing endgame hangingPiece long quietMove,https://lichess.org/rMEGtOiA/black#102,
JMIL1,5rk1/5p2/6p1/4Q3/4pP1p/2PR4/1P4PK/4q3 w - - 2 34,d3h3 f8d8 e5f6 d8d1,2148,77,88,197,crushing defensiveMove endgame master quietMove short,https://lichess.org/LJOtTKwr#67,
JMLbZ,2kr4/1b1n1pr1/1p6/pP2p3/2Pb2P1/3B1P2/P2Q2K1/3R1R2 w - - 0 29,a2a4 g7g4 g2h3 g4g8 d3h7 g8h8,2174,124,75,18,crushing long middlegame pin quietMove,https://lichess.org/PiyEvgmX#57,
JMWPF,1r3k2/3R1P2/2p5/pp3r1p/5P2/PB2K2P/1P6/8 b - - 0 30,c6c5 b3e6 f5f6 f4f5 f6f5 e6f5,2150,75,84,122,crushing endgame long quietMove,https://lichess.org/doikbtSv/black#60,
JN4av,8/5p2/2p2p1p/1k6/1p6/1Kp1P3/5PPP/1N6 w - - 2 37,f2f4 f6f5 e3e4 f5e4 b1c3 b4c3,2125,85,61,32,crushing endgame knightEndgame long quietMove,https://lichess.org/NCRJPKZ4#73,
JN6Vy,8/8/5b2/p2k1pNp/2p2P2/2P3P1/P1K5/8 w - - 5 45,a2a4 f6g5 f4g5 f5f4 g3f4 h5h4 g5g6 d5e6 g6g7 e6f7 g7g8q f7g8,2119,91,71,35,crushing endgame quietMove veryLong,https://lichess.org/CwiPSHFR#89,
JNLMo,8/7p/2k3p1/P7/4p3/4P1P1/6KP/8 w - - 0 42,g3g4 g6g5 g2f2 c6b5 f2e2 b5a5 e2d2 a5b4 d2c2 b4c4,2101,77,91,2341,crushing defensiveMove endgame pawnEndgame quietMove veryLong zugzwang,https://lichess.org/r0707z6P#83,
JNeev,2r5/1p2p2k/p2p2p1/3P2P1/1qr1nP2/1N5Q/PPP5/1KR5 b - - 1 28,h7g8 c1h1 e4g5 f4g5,2166,76,91,849,crushing middlegame quietMove short,https://lichess.org/E1WbncZo/black#56,
JNkrh,8/8/ppp5/4k3/PPP2pK1/5P2/8/8 w - - 0 40,b4b5 a6b5 a4b5 c6c5 g4g5 e5d4 g5f4 d4c4,2158,88,90,1415,crushing endgame pawnEndgame quietMove veryLong,https://lichess.org/cUvbnSS5#79,
JNmpk,8/p1p2pk1/1p2np1P/8/P2P1Q2/2P2KNq/2P5/8 b - - 0 30,g7g8 f4f6 c7c6 c3c4 e6d4 f6d4,2187,81,79,191,advantage endgame long quietMove,https://lichess.org/eo3vkJMr/black#60,
JOH67,8/1p6/2p5/P1k2p2/P7/3K3p/7B/8 w - - 0 41,d3c3 c5d5 c3d3 c6c5 d3e3 c5c4 e3f3 c4c3,2121,77,88,1654,advantage bishopEndgame endgame quietMove veryLong,https://lichess.org/ki4cKfZW#81,
JOPrR,8/8/1p6/p2p2k1/P2P3p/1P2K2p/5P1P/8 b - - 3 38,g5g4 f2f4 g4f5 e3f3 f5f6 f3g4,2148,76,96,794,crushing endgame long master pawnEndgame quietMove zugzwang,https://lichess.org/4nDXPidZ/black#76,
JOkFV,8/5B2/2n1Pk1p/3K2p1/6P1/8/8/8 b - - 5 42,c6e5 f7h5 e5d3 d5d6,2114,82,100,62,crushing defensiveMove endgame master quietMove short,https://lichess.org/0SOkgUQi/black#84,
JPcnE,8/1p1r1k2/1R2Rprp/1NPp4/3P1n2/5P2/5K1P/8 w - - 0 37,e6d6 d7e7 d6f6 g6f6,2104,76,96,251,advantage endgame master quietMove short,https://lichess.org/qrpFoDkc#73,
JQ7cF,2r2rk1/5pp1/7p/3p2q1/3Nb1P1/2P5/PP1RQ2P/2KR4 w - - 0 27,d4f5 c8c3 b2c3 f8b8 e2e4 d5e4,2181,82,91,4080,clearance crushing long middlegame quietMove sacrifice,https://lichess.org/VDxhTpDe#53,
JQl3u,8/p4q1k/1p1p1r1p/n1pP1P2/4QP2/P1P3R1/3B1K2/8 b - - 0 30,f6f5 c3c4 a5c4 e4c4,2116,83,71,60,crushing endgame master quietMove short,https://lichess.org/TcZLlzHV/black#60,
JR2Ac,2b5/4p1bp/1Q4p1/3qkp2/P2p3P/4P3/5PP1/R5K1 b - - 0 31,c8b7 f2f4 e5e4 a1e1 d5c6 b6b4 e4d5 b4e7,2150,180,78,13,crushing endgame quietMove veryLong,https://lichess.org/IJ9KFK7s/black#62,
JRzf2,5rk1/ppp2ppp/8/3r4/3P1N2/bbP2Q2/qP1KBPP1/1R5R b - - 2 22,d5d6 f4d3 a3b2 b1b2,2113,87,74,42,advantage middlegame quietMove short,https://lichess.org/PAcRLsAU/black#44,
JSLPA,8/6K1/4ppp1/4k3/6rP/4R1P1/8/8 b - - 3 47,g4e4 e3e4 e5e4 g7g6 e6e5 h4h5 e4d3 h5h6 e5e4 h6h7,2164,76,94,5387,advancedPawn crushing endgame quietMove rookEndgame veryLong,https://lichess.org/FIRnuCPm/black#94,
JSW44,6k1/8/5PK1/1p1p2P1/8/2n5/5r2/7R b - - 0 42,c3e4 h1a1 e4f6 a1a8 f6e8 a8e8 f2f8 e8f8 g8f8 g6h7 d5d4 g5g6,2170,76,96,221,crushing endgame exposedKing master quietMove veryLong,https://lichess.org/3eP8O5QC/black#84,
JSg8Z,3r4/pbR2k1p/1p3P2/3q4/5R1P/8/PP3QPK/3r4 b - - 4 37,d8d7 c7d7 d5d7 f2g3 b7g2 g3g7,2137,77,82,75,crushing long middlegame quietMove,https://lichess.org/5Y75TWIx/black#74,
JTGnl,2rk4/1K6/1BP2p2/6pp/8/5p2/4n2P/8 b - - 1 41,c8c7 b6c7 d8e7 c7b6 e2c3 c6c7,2172,75,92,1995,advancedPawn crushing endgame long quietMove,https://lichess.org/7DZ2ZjNo/black#82,
JTaWe,1k1rr3/ppp2p1Q/8/2bq4/8/2P5/PP1B1P2/1K1R1R2 b - - 2 18,e8e2 d2c1 d5d1 f1d1,2187,75,92,712,crushing middlegame quietMove short,https://lichess.org/qoA0IyyO/black#36,Scandinavian_Defense Scandinavian_Defense_Modern_Variation
JTp2b,r4rk1/p2nq1pp/4p3/2pp4/5Q2/2N5/PPP2PPP/4RRK1 w - - 0 16,c3d5 e7d8 f4e4 e6d5,2107,76,80,98,advantage intermezzo middlegame quietMove short,https://lichess.org/YltxLbE0#31,French_Defense French_Defense_Knight_Variation
JUqEq,8/p7/1pp1k2p/3pP1pP/P2P2P1/1P6/3K4/8 w - - 0 38,d2c3 c6c5 b3b4 c5d4 c3d4 a7a6 b4b5 a6a5 d4d3 e6e5,2104,74,94,10577,crushing endgame pawnEndgame quietMove veryLong zugzwang,https://lichess.org/KgAWQeLt#75,
JUzN7,4Q3/6pk/p4p2/P1p1b3/8/3P4/7q/1N2RK2 w - - 3 37,e1e4 e5g3 e4h4 h2h4,2137,130,45,16,crushing endgame quietMove short,https://lichess.org/7aCSZRms#73,
JV5UG,8/4k3/8/1p3K2/5P2/8/8/8 w - - 0 51,f5g6 b5b4 f4f5 e7f8 g6f6 b4b3,2140,75,86,199,crushing endgame long pawnEndgame quietMove,https://lichess.org/yZ0nJrNN#101,
JV9SN,8/1k6/8/6pp/3p3P/3K4/5P2/8 w - - 0 51,d3d4 g5h4 d4e3 h4h3 e3f3 h5h4 f3g4 h3h2,2161,78,94,9778,advancedPawn crushing endgame pawnEndgame quietMove veryLong,https://lichess.org/7WH4EAW5#101,
JVO5m,3r1rk1/pp3p1p/2p2nq1/4B2P/2P3P1/6Q1/P7/2R1R1K1 b - - 0 31,g6g4 e1e3 f8e8 e5f6 g4g3 e3g3,2160,77,85,66,crushing long middlegame pin quietMove,https://lichess.org/ZLrhcNI3/black#62,
JVQvO,6k1/p1N2ppp/8/2P5/1P6/7P/r5PK/8 b - - 0 29,a7a5 b4b5 a2b2 b5b6 g8f8 c7d5 f8e8 c5c6 b2b6 d5b6,2100,77,93,10806,advantage endgame quietMove veryLong,https://lichess.org/J6x0AFCz/black#58,
JVTTO,6k1/1p1N2pp/1b2p3/pP1p1r2/P1pP2q1/2Q1P3/5PP1/R4RK1 w - - 1 30,d7b6 f5g5 g2g3 g4f3 e3e4 f3c3,2178,75,96,2913,crushing endgame long quietMove,https://lichess.org/gzPx9L36#59,
JVU8J,3r1b1k/5r2/5p1p/1P1PpQp1/2P3P1/3R1PNP/4B1K1/4q3 w - - 9 44,f5g6 f8c5 g6h6 h8g8 d3d1 e1f2,2121,107,82,15,crushing long middlegame quietMove,https://lichess.org/y0SF3Mwm#87,
JVnJj,4r1k1/ppp3p1/2n1qnN1/8/2B3P1/1P2rN2/P1P3P1/2KR3R b - - 2 22,e6c4 f3g5 e3h3 h1h3 c4f4 g6f4,2151,74,93,5100,crushing long middlegame quietMove,https://lichess.org/xR0UHygl/black#44,
JVuJN,6k1/4bpp1/p7/3ppPPp/P3P1nP/qrN5/N2Q2B1/K6R w - - 0 29,c3d5 e7c5 d5e7 c5e7,2123,76,83,95,crushing master middlegame quietMove short,https://lichess.org/JmRDUsYO#57,
JWH0g,2krr3/pp3qnp/2pbpp2/8/3PQP2/2P3BP/PP2R1P1/R5KN w - - 3 27,e4h7 f6f5 g3h4 e8h8 h4d8 h8h7,2124,77,90,656,crushing long middlegame quietMove trappedPiece,https://lichess.org/BfmIgBNP#53,
JX4rZ,6k1/2p2ppp/p1prq3/1pb1p3/3PP3/1PP2N1n/P1Q2PP1/3R1RK1 w - - 0 19,g2h3 e6h3 f3e5 d6h6 f2f3 h3h1 g1f2 h1h2 f2e3 h2c2,2117,77,92,922,advantage middlegame quietMove skewer veryLong,https://lichess.org/3tUvNOWJ#37,
JXIyq,8/5K2/pp5k/2pp4/8/P7/1PP5/8 b - - 0 35,c5c4 c2c3 h6g5 f7e6,2110,75,90,758,crushing endgame pawnEndgame quietMove short,https://lichess.org/MBBXoEvc/black#70,
JXR6w,8/6p1/4p3/3k4/3P1p2/3K4/6PP/8 w - - 0 45,h2h3 g7g5 d3c3 d5e4 c3c4 e4e3 c4c5 e3f2 c5d6 f2g2,2109,77,90,947,crushing endgame pawnEndgame quietMove veryLong zugzwang,https://lichess.org/bWjwuwvs#89,
JXXYO,r5k1/ppb1qpp1/6p1/6N1/2Q5/1PP4P/P4PKP/R1B1r3 b - - 0 21,a8c8 c4h4 e7g5 h4g5,2107,78,92,1255,advantage middlegame quietMove short,https://lichess.org/qtpkJ7B6/black#42,
JXpnJ,8/pB2rpk1/6p1/5pqp/3Q4/4n2P/P5P1/2R3K1 b - - 5 27,g7h7 c1c8 f7f6 d4d8 h7h6 d8e7,2135,75,94,3519,crushing endgame long quietMove,https://lichess.org/XYLzocLj/black#54,
JYKiI,6k1/5p2/1qb2Pp1/3pr1PN/n1pP2QR/8/2p4P/1rB2RK1 b - - 0 32,a4c3 h5g3 b1c1 f1c1 c3e4 g1g2 b6d4 c1c2 d4d3 c2e2,2117,189,82,6,crushing middlegame quietMove veryLong,https://lichess.org/QCKrqtrD/black#64,
JYaCy,8/6k1/p2q1rp1/1p1pNpQ1/3P1P2/P5R1/5rPP/2nK4 b - - 2 40,a6a5 g3h3 f2f1 d1d2,2164,75,90,1108,crushing middlegame quietMove short,https://lichess.org/jvqAQzy6/black#80,
JZRl0,8/2p5/1p1k1ppp/p2P4/P2K1PPP/1P6/8/8 b - - 0 30,f6f5 g4f5 g6f5 h4h5 d6d7 d4e5 d7e7 e5f5,2151,80,91,2232,crushing endgame master pawnEndgame quietMove veryLong zugzwang,https://lichess.org/7NgoyD4u/black#60,
JZYeu,8/8/7p/5p2/4k3/6K1/6PP/8 b - - 4 55,f5f4 g3g4 e4e3 h2h4 e3e4 g4h5,2140,88,81,34,crushing defensiveMove endgame long master pawnEndgame quietMove,https://lichess.org/otieKZQX/black#110,
JZbh7,2kr4/pp2pp2/3p2r1/2pPn1Q1/4P3/3P2Nq/PP2BP1p/R4R1K w - - 2 24,g5e7 d8g8 e7e5 d6e5,2150,94,77,53,crushing middlegame quietMove short,https://lichess.org/EcmZqFtv#47,
JZli1,1r2kb1r/2Nn1ppp/2Q1p3/3pP3/3P1P2/1pP1B1PN/5KP1/5B1q b k - 0 19,e8d8 f1b5 b8b5 c7b5,2118,75,85,108,crushing middlegame quietMove short,https://lichess.org/QVIyACDr/black#38,French_Defense French_Defense_La_Bourdonnais_Variation
Ja00f,8/r5k1/2pRb2p/2P3p1/1P1K2P1/P6P/8/8 b - - 4 39,e6d5 d6d5 c6d5 b4b5 a7a4 d4d5 a4a3 c5c6,2157,113,86,25,crushing endgame intermezzo quietMove sacrifice veryLong,https://lichess.org/h4cEDuvA/black#78,
JaSRD,r1b1k1n1/pp3p2/3p4/4pP2/P2pPr2/1P1P1Bqp/2P1KR2/RN5Q b q - 5 32,h3h2 b1d2 f4h4 f2g2 g3f4 g2g8,2102,77,90,724,crushing long middlegame quietMove skewer,https://lichess.org/cO906355/black#64,
JaURs,8/3N4/k7/P4p1p/K4n2/7P/8/8 w - - 0 55,d7f6 h5h4 f6e8 f4h3 e8c7 a6b7,2118,74,94,1450,crushing endgame knightEndgame long quietMove,https://lichess.org/oZmm2WUI#109,
JaWsN,8/7k/8/6pp/2KBb3/2P2p1P/PP6/8 w - - 0 54,a2a4 g5g4 h3g4 h5h4 d4g1 h4h3,2134,77,88,445,advantage bishopEndgame endgame long quietMove,https://lichess.org/xMXlZQpC#107,
JahUA,2k2b2/pp1r3p/2p1pp2/3nBp2/3P4/2PB1P2/PP3P1P/2K3R1 w - - 0 21,g1g8 d7d8 g8f8 d8f8,2144,76,90,610,crushing endgame quietMove short,https://lichess.org/XJrHOk3B#41,
JaiIW,6K1/R6P/4k3/5p2/8/8/8/7r b - - 2 63,f5f4 a7a5 h1g1 g8f8,2176,95,83,39,crushing defensiveMove endgame master quietMove rookEndgame short,https://lichess.org/usY4jZDD/black#126,
JaovN,8/8/7p/2p3k1/1pPbp3/1P4P1/2N1K2P/8 b - - 4 42,g5g4 c2d4 c5d4 c4c5 g4f5 g3g4,2120,83,91,2641,crushing endgame long quietMove,https://lichess.org/L7sURbB1/black#84,
JapKd,1k6/1pQ2p2/p5q1/3pp2p/3r4/1P6/PKR5/8 b - - 1 33,b8a8 c7d8 a8a7 c2c8 g6g2 b2a3,2174,122,84,9,clearance crushing defensiveMove endgame long quietMove,https://lichess.org/QKBK2cuC/black#66,
JbG0L,8/pp6/2p2k2/2Pp2p1/3P2K1/1P5P/P7/8 b - - 0 40,b7b6 c5b6 a7b6 a2a4 c6c5 d4c5,2170,80,90,1424,crushing endgame long pawnEndgame quietMove,https://lichess.org/D9nunsZh/black#80,
JbhrG,5k2/r4n2/5Q1p/q2PpPp1/4P1P1/2r5/P1R5/K1R5 b - - 3 42,a5a3 c1b1 a3d6 f6d6,2102,97,72,30,crushing middlegame quietMove short,https://lichess.org/jfrJ11iM/black#84,
Jbnp6,8/2k5/p1P1K3/r2P4/8/5B2/8/8 b - - 4 55,a5a3 d5d6 c7c8 f3g4 a3c3 e6e7,2197,76,93,3394,crushing discoveredAttack endgame long quietMove,https://lichess.org/zNSL9XH2/black#110,
Jc3U7,5n2/6k1/6p1/p1p1qB2/3r2Q1/1P4RP/P5PK/8 w - - 3 42,g4g5 d4d5 g5g4 e5f5 g4f5 d5f5,2170,75,82,115,advantage endgame long master quietMove,https://lichess.org/3jBGvwRP#83,
JcsIQ,8/8/p2k1p2/2p2P2/2P2K2/P7/8/8 b - - 0 46,d6c6 f4g4 c6d6 g4h5 d6e5 h5g6 a6a5 a3a4 e5d4 g6f6,2103,76,90,1550,crushing endgame master pawnEndgame quietMove veryLong zugzwang,https://lichess.org/lO9DQqvD/black#92,
Jcu24,4k3/2q2p2/5P1p/p3P1p1/Pp1P4/1Q3K1P/8/8 w - - 1 42,f3e3 c7c3 b3c3 b4c3 e3d3 h6h5 d3c3 g5g4 h3g4 h5h4,2137,75,85,186,crushing defensiveMove endgame queenEndgame quietMove sacrifice veryLong,https://lichess.org/xzzcpjve#83,
Jd0a4,r3k3/5p2/1K1Bp3/3bP2p/4pP2/7r/2P2P2/R2R4 b - - 0 33,a8c8 d1g1 c8c6 b6b5,2191,75,92,5054,crushing defensiveMove endgame master masterVsMaster quietMove short,https://lichess.org/dfFqYu2H/black#66,
Jdjmz,3r1qk1/5p1p/1p3pn1/p1p1pB1Q/2PrR3/P2P2P1/1P3P1P/3R2K1 b - - 2 27,d4d3 d1d3 d8d3 e4h4 d3d1 h5d1,2135,77,88,602,crushing long middlegame quietMove,https://lichess.org/qmAiQe1N/black#54,
JeVhR,2r1r1k1/5p2/p3p1p1/1p2Pnq1/3P3p/B1P3PR/P3QPK1/2R5 b - - 1 27,h4g3 c1h1 g3f2 g2f2,2134,76,92,278,advantage master middlegame quietMove short,https://lichess.org/3rrCPXNQ/black#54,
JepBu,8/8/1p6/8/1P6/1K6/8/1k6 b - - 10 58,b1c1 b4b5 c1d2 b3c4 d2c2 c4d5,2158,77,100,105,crushing defensiveMove endgame long pawnEndgame quietMove,https://lichess.org/G2KogHUr/black#116,
Jerg3,r3kr2/pp3ppQ/2n1b3/2q5/4N3/P7/1P3PPP/R3R1K1 b q - 2 16,c5b6 e4d6 e8d7 a1d1 d7c7 e1e6,2135,123,67,30,advantage long middlegame quietMove,https://lichess.org/6zFRQ21x/black#32,Kings_Pawn_Game Kings_Pawn_Game_McConnell_Defense
Jf6Dh,6k1/6p1/1p5p/p4P2/4p1P1/P1RrP3/6P1/6K1 w - - 1 44,c3d3 e4d3 g1f2 b6b5 e3e4 b5b4 a3b4 a5a4 b4b5 d3d2 f2e2 a4a3,2169,174,-26,10,advancedPawn crushing endgame quietMove veryLong,https://lichess.org/ATIYso7D#87,
JgPuE,7k/2p4P/8/pPpPp1K1/P1P5/5r2/2B5/8 b - - 4 62,f3f2 c2e4 h8g7 d5d6 c7d6 b5b6,2100,140,81,20,crushing endgame long quietMove,https://lichess.org/Lpnf2yaM/black#124,
Jgh7Y,8/3r4/4p2p/6k1/6R1/7K/5PP1/8 b - - 6 47,g5h5 g4g8 d7d4 g2g4 d4g4 g8g4,2158,80,54,90,crushing endgame long quietMove rookEndgame,https://lichess.org/2dBZ29Fe/black#94,
JhEdV,8/7R/2k2p2/1p1r4/1P1p1r2/1Kp1p3/8/R7 b - - 1 53,c6b6 h7a7 c3c2 a1a6,2139,77,95,10261,endgame mate mateIn2 quietMove rookEndgame short,https://lichess.org/iWC2wnQH/black#106,
JhPM8,r2r1k2/pp4q1/2p1Q3/4P3/5P2/2P1P3/P7/2K4R b - - 2 27,d8e8 e6f5 f8g8 h1h5 e8f8 f5e6 f8f7 h5g5 g7g5 f4g5,2157,75,91,1222,advantage endgame exposedKing pin quietMove veryLong,https://lichess.org/NAaA7ao0/black#54,
JhTKL,8/4k3/4P3/p4K2/8/8/6P1/8 w - - 2 51,g2g4 a5a4 g4g5 a4a3 g5g6 e7f8 f5f6 a3a2 e6e7 f8e8 g6g7 a2a1q,2130,79,91,825,advancedPawn crushing endgame pawnEndgame promotion quietMove veryLong,https://lichess.org/4X3m5svx#101,
Jhb4n,3Q4/5pk1/6pb/4p3/4P3/2P3NP/5qPK/8 w - - 1 41,d8h4 h6e3 g3f5 g6f5 h4f2 e3f2,2194,75,91,1959,crushing endgame long master quietMove,https://lichess.org/h4JrJ6eU#81,
Jhk7L,r2q1rk1/ppp2p1p/1b3np1/3BP1N1/8/2P5/PPQ3PP/RN3R1K b - - 0 15,d8d5 f1f6 d5e5 g5e4 a8e8 b1d2,2127,122,81,20,advantage defensiveMove long middlegame quietMove,https://lichess.org/YyCYcBee/black#30,Kings_Gambit_Declined Kings_Gambit_Declined_Classical_Variation
JiIrJ,r5k1/2p2ppp/3p4/1qb4P/1p3PP1/1Q2r3/PPP3B1/1K1R3R w - - 1 23,g2a8 e3b3 a2b3 c7c6 d1e1 g8f8,2117,75,77,132,advantage defensiveMove long middlegame quietMove,https://lichess.org/gikDR8x7#45,
JicnR,4r2r/1p3pbp/3k2p1/3p1bP1/p1p2PP1/P1P1PB2/1q1N1K2/R2QR3 b - - 0 23,g7c3 e1e2 b2a1 d2c4 d6e7 d1d5,2156,76,80,106,advantage deflection discoveredAttack long middlegame pin quietMove sacrifice,https://lichess.org/ApC9qvJr/black#46,
JjHpA,8/p7/8/3k2p1/1P1p4/3K2P1/P7/8 w - - 1 41,a2a4 g5g4 a4a5 a7a6 b4b5 a6b5 a5a6 d5c6 a6a7 c6b7 a7a8q b7a8,2174,75,88,301,crushing endgame pawnEndgame quietMove veryLong zugzwang,https://lichess.org/e9iW3zHB#81,
JjYEA,r7/1pp2p1k/p4p1p/3Pr3/2P5/3pPP2/P4P1K/3R1R2 w - - 3 24,d1d3 a8g8 d3d4 e5h5 d4h4 h5h4,2126,81,84,427,endgame exposedKing long mate mateIn3 quietMove rookEndgame,https://lichess.org/xLRzZpEt#47,
JjZ7i,8/8/1K4p1/8/5P2/6k1/6P1/8 w - - 0 51,b6c6 g3f4 c6d7 g6g5 d7e7 g5g4 e7e6 g4g3 e6d5 f4e3,2112,81,80,43,crushing defensiveMove endgame pawnEndgame quietMove veryLong,https://lichess.org/jJNtfc63#101,
JkGbT,8/1p1nkp2/2p1p1p1/1P2P1P1/P2KBP2/8/8/8 b - - 0 46,c6b5 a4a5 e7d8 e4b7,2120,79,85,67,crushing endgame master quietMove short,https://lichess.org/dd6FXXcw/black#92,
Jkzbh,8/1p4p1/pk5p/2p2P2/6P1/8/P4K1P/8 b - - 1 36,b6b5 h2h4 b5c4 g4g5 c4d5 f5f6 d5e6 f6g7,2132,140,100,26,advancedPawn endgame equality pawnEndgame quietMove veryLong,https://lichess.org/egTfG3r5/black#72,
Jl1O6,8/p3k3/1p2P3/5K2/8/1P6/8/8 b - - 0 37,b6b5 b3b4 a7a5 b4a5 b5b4 f5e4 b4b3 e4d3 b3b2 d3c2 b2b1q c2b1,2109,85,80,34,crushing endgame pawnEndgame quietMove veryLong,https://lichess.org/E1O2j4Tj/black#74,
Jl32D,8/6pk/8/p1N2p2/P2PQPb1/4P1P1/7K/2q5 w - - 0 45,e4d3 c1b2 h2g1 g4h3 d3f1 h3f1,2152,75,92,1489,crushing endgame long quietMove,https://lichess.org/7bMrrntq#89,
JlJfj,r1b1kr2/bpp2p2/p2p3p/4p3/2BPP1p1/P1P3Pq/1P3P2/R1BQ1RK1 b q - 0 17,h6h5 f1e1 h5h4 c4f1 h4g3 f1h3 g3f2 g1f2,2110,83,79,64,advantage clearance middlegame quietMove trappedPiece veryLong,https://lichess.org/OeOUotwG/black#34,Four_Knights_Game Four_Knights_Game_Other_variations
JlmFY,5rk1/pp1r1p1p/2n3pR/3Bp1P1/P1P5/2P5/2K5/5R2 b - - 2 27,c6e7 f1h1 e7d5 h6h7 d5e3 c2b3 f7f5 h7d7,2133,75,96,1444,advantage endgame quietMove sacrifice veryLong,https://lichess.org/CH3P7A45/black#54,
JlrBu,2r4k/pQ3p2/7p/3P4/4b3/1B2P3/P1P2Kr1/8 w - - 5 32,f2f1 c8g8 f1e1 g2h2 b3c4 g8g1 c4f1 h2h1 e1d2 g1f1,2145,88,77,40,advantage clearance endgame exposedKing quietMove veryLong,https://lichess.org/fB0KlQEQ#63,
JmDuc,3r2k1/pb4q1/7p/3p2pQ/8/1P1Br3/P5PP/3R1RK1 w - - 2 30,f1e1 e3e1 d1e1 g7d4 g1h1 d4d3 h5h6 d3f5 h1g1 d8f8,2172,91,67,37,advantage defensiveMove fork middlegame quietMove veryLong,https://lichess.org/DYyQZd0J#59,
JmMpz,r4r1k/pp4p1/4B1p1/3pQ1p1/8/2P1R3/PP4PK/5q2 b - - 4 27,f1f4 e5f4 f8f4 g2g4 f4g4 e6g4,2172,77,91,486,advantage endgame long master masterVsMaster quietMove,https://lichess.org/kgyO2EfM/black#54,
JmVYO,8/r4p2/P7/4k3/6K1/6P1/3p4/R7 w - - 0 47,g4f3 a7a6 a1d1 a6d6 f3e3 e5f5,2173,76,92,66,crushing defensiveMove endgame long quietMove rookEndgame,https://lichess.org/xFniPdUO#93,
Jmmx2,8/8/6Rp/R4p2/7k/8/4rrPK/8 b - - 3 35,h6h5 a5a3 f2g2 g6g2 e2g2 h2g2,2153,77,93,2157,crushing endgame long quietMove rookEndgame,https://lichess.org/60NSl8zd/black#70,
JnryC,8/7p/2K5/8/2k5/P7/8/8 w - - 0 57,a3a4 h7h5 a4a5 h5h4 a5a6 h4h3 a6a7 h3h2,2140,76,94,2722,advancedPawn crushing endgame pawnEndgame quietMove veryLong,https://lichess.org/txIUb2wQ#113,
Jo2PS,8/6rk/p2Q4/P2R1ppp/1P6/6P1/3p1P1P/3K1q2 w - - 12 46,d1c2 f1c1 c2b3 g7c7 d6c7 c1c7,2101,75,78,65,advantage endgame long quietMove,https://lichess.org/JZleKQqJ#91,
JoA9p,8/5kN1/1p1b4/2p3pp/P1P1P3/P3K2P/8/8 w - - 2 43,g7h5 f7g6 e4e5 d6e5 e3e4 e5c7 e4d5 g6h5 d5c6 c7d8,2100,90,83,29,crushing defensiveMove endgame quietMove trappedPiece veryLong,https://lichess.org/POYE0Qds#85,
JoAUU,7r/3n4/3k3r/2pP4/5Nn1/6P1/PPP2P2/R1B2RK1 w - - 1 27,g1g2 d7e5 f1g1 h6h2 g2f1 h2f2,2160,76,90,99,crushing long middlegame quietMove,https://lichess.org/rufE8J9u#53,
JoUFh,2b5/6kp/p1Np2p1/1p1Pp2q/4P3/3P3P/P5PK/2Q5 b - - 0 36,h5e2 c6d8 c8h3 h2h3,2124,121,21,20,crushing endgame quietMove short,https://lichess.org/lLnitLs2/black#72,
JodaK,5rk1/2Q2pp1/1p1R3p/p1p1q3/3p4/3P4/PPP2PPP/5K2 w - - 8 26,c7b6 f8e8 g2g3 e5e1 f1g2 e8e2 b6b8 g8h7,2176,81,90,573,clearance crushing endgame quietMove veryLong,https://lichess.org/RaZhKYjf#51,
JohtQ,4rr2/1p3pk1/p5p1/3Pp1Q1/P7/3P4/1q4PP/1R3R1K b - - 1 23,b2d4 g5f6 g7g8 f1f3 e5e4 f6d4,2145,75,78,87,crushing endgame long quietMove,https://lichess.org/8dWCgt2r/black#46,
JovE1,r4rk1/pp3p2/2p2b1p/3p1Qp1/3P4/2P2NP1/PP2BqPP/4R2K b - - 0 22,f6g7 e2d3 f8e8 e1f1 f2f1 d3f1,2188,81,87,198,advantage long middlegame quietMove,https://lichess.org/6eM1d6uC/black#44,
JoyXS,2r3k1/6pp/2p1pr2/p6q/P2P4/1RP2pPP/1P1Q1P1K/5R2 w - - 3 26,d2e3 f6h6 h3h4 h5g4 e3h6 g7h6,2141,75,56,77,advantage endgame long quietMove,https://lichess.org/URFWlwXr#51,
JpLkz,8/1PR5/4p3/3pk2p/6pP/3p2P1/1r3KB1/8 w - - 2 54,f2e1 e5d4 c7e7 e6e5 g2d5 d4d5,2151,83,80,43,advantage endgame long quietMove,https://lichess.org/4Et5BjYs#107,
JpMGV,6k1/5ppp/4p3/3pP3/p2P4/5N2/5RPP/1r1bNK2 w - - 0 28,f2d2 d1b3 f1f2 a4a3,2166,88,81,42,advantage endgame quietMove short,https://lichess.org/kRYi7T8f#55,
JpNMH,8/7k/p6p/1p1p4/3P1qQ1/2P2P2/PPK5/8 b - - 4 40,f4g4 f3g4 h7g6 b2b3 g6g5 c3c4,2111,76,85,238,advantage endgame long quietMove,https://lichess.org/AJmupPb7/black#80,
JpYLC,2r3k1/5p2/3pp1pp/8/1b2PP1B/1Q4PK/1P1r3P/8 b - - 5 33,c8c2 h4f6 h6h5 h3h4 c2c5 h2h3,2143,123,79,17,advantage defensiveMove endgame long quietMove,https://lichess.org/Nxxi56c5/black#66,
Jq2Iu,8/8/4pk2/5rpp/PR6/1K4P1/5P2/8 w - - 4 39,f2f4 g5f4 g3f4 h5h4 b4b8 f5h5,2110,78,91,338,clearance crushing defensiveMove endgame long quietMove rookEndgame,https://lichess.org/8NtKdL7V#77,
Jq7dF,5r2/pb4k1/4p3/1p2NppR/2pp4/4nPP1/PP2PK2/2R5 b - - 1 31,g5g4 c1h1 g7f6 e5d7,2139,78,90,332,crushing endgame quietMove short,https://lichess.org/IBDBpuzw/black#62,
JqWkV,3r2k1/6pp/8/P5p1/3p4/6PP/1P1B1PK1/8 b - - 1 33,d8d5 b2b4 g8f7 a5a6,2172,78,89,898,advantage endgame quietMove short,https://lichess.org/4qBc2181/black#66,
JrUz9,r1b2k1r/pp2q1bp/2n2np1/1N4N1/8/1Q6/PP3PPP/R1BR2K1 b - - 7 14,h7h6 c1f4 f6e8 d1e1 h6g5 e1e7,2197,77,82,58,advantage long opening quietMove,https://lichess.org/lUhT2w6w/black#28,Sicilian_Defense Sicilian_Defense_Smith-Morra_Gambit
JrWul,8/p7/1p2p3/4P3/P1P4p/1P2K2k/7P/8 w - - 3 38,e3f3 a7a5 f3e3 h3h2,2123,122,57,19,crushing endgame pawnEndgame quietMove short,https://lichess.org/vHJ10Fu6#75,
JriN1,8/1p4p1/p3p1rk/2q5/3RpPb1/2P1P3/N4K2/5Q2 b - - 1 33,e6e5 f1h1 g4h5 d4d8 h6h7 h1h5,2168,79,89,1762,advantage endgame long quietMove,https://lichess.org/AybZYWP6/black#66,
Jrnzg,8/R7/P7/6k1/r1p5/2K5/8/8 b - - 3 57,g5f4 a7a8 f4f5 a6a7,2174,87,84,37,advancedPawn crushing endgame quietMove rookEndgame short,https://lichess.org/BelnilnE/black#114,
JsKgT,rn1q1rk1/pp3pp1/2pp2n1/4b3/4N1P1/P5P1/1PP2P1Q/R1B2RK1 b - - 0 19,f7f5 e4g5 f8f6 h2h7 g8f8 g4f5,2118,84,84,31,advantage kingsideAttack long opening quietMove,https://lichess.org/oqVK8wla/black#38,
JsQTo,5rk1/R4pp1/Q7/8/p3q2P/4P1P1/5PK1/8 w - - 4 35,g2g1 f8b8 a6f1 b8b1 f1b1 e4b1,2100,78,90,756,crushing endgame long master pin quietMove,https://lichess.org/AEjQnGY7#69,
JsSH4,8/1p4pp/2k1p3/1p1pP3/2p2KPP/P1P1P3/1P6/8 b - - 0 29,c6b6 f4g5 b6a5 h4h5 a5a4 h5h6,2199,75,84,130,crushing endgame long pawnEndgame quietMove,https://lichess.org/K9YumGQ7/black#58,
JsiTF,8/7k/p4r2/1b6/4P2q/1PpP2RP/2P3Q1/7K b - - 0 44,h7h6 g3g8 f6f1 g2f1,2150,75,92,3707,crushing endgame quietMove short,https://lichess.org/3vx0A5TN/black#88,
Jsl7C,1r6/8/p7/3P1k2/2PKp1p1/5pP1/P6P/5R2 w - - 1 41,f1f2 b8b1 f2d2 b1e1,2126,85,72,54,crushing defensiveMove endgame quietMove rookEndgame short,https://lichess.org/LXMO38ML#81,
JsvQv,8/5p2/2k3pp/p3p3/2K1P2P/P4P2/5P2/8 b - - 1 51,g6g5 h4h5 c6b6 c4d5,2146,74,85,574,crushing endgame pawnEndgame quietMove short zugzwang,https://lichess.org/Ldp9PB3I/black#102,
JsvVN,4k3/1r2p2R/r4qp1/2p5/p4B2/P1p5/1P1Q1PP1/2K1R3 w - - 0 28,b2c3 a6b6 e1e7 b7e7,2135,212,100,14,equality middlegame quietMove short,https://lichess.org/2NPw4ZQM#55,
JtLjB,8/1p6/p1b5/R7/8/Pk4K1/8/8 w - - 0 50,g3f4 c6b5 a3a4 b3b4 a4b5 b4a5 b5a6 a5a6,2179,77,93,4999,crushing endgame master masterVsMaster quietMove trappedPiece veryLong,https://lichess.org/blygFhLd#99,
JtU3l,r2qk1nr/pbbn1ppp/8/4p3/4N3/5P2/PPPP2PP/R1BQKBNR w KQkq - 3 8,b2b3 b7e4 f3e4 d8h4 g2g3 h4e4 d1e2 e4h1 g1f3 g8f6 c1a3 e5e4,2132,76,86,256,advantage fork opening quietMove veryLong,https://lichess.org/EnAPBtmF#15,Scandinavian_Defense Scandinavian_Defense_Kloosterboer_Gambit
JuGT1,7r/3b4/3R1pk1/p1pPp1p1/2P1P1P1/P3NP2/5K1q/3Q4 w - - 3 39,e3g2 h8b8 d1a1 d7a4,2111,280,-26,4,advantage defensiveMove endgame quietMove short,https://lichess.org/nYnC8neL#77,
JuHyi,5k2/p4p2/Qp2p3/3pNq1r/3P2R1/3r4/P1P2P2/2K5 w - - 0 25,c2d3 h5h1 c1b2 f5f2 b2a3 h1c1 e5d7 f8e7,2179,109,87,15,crushing endgame exposedKing quietMove veryLong,https://lichess.org/54i4LsuK#49,
JuQUf,3rk3/5p2/2p1r3/P1Q1n1p1/7p/2N4P/1PP3P1/7K w - - 0 42,a5a6 e5f3 g2f3 e6e1 h1g2 d8d2 c5f2 d2f2,2132,115,47,11,clearance crushing endgame quietMove sacrifice veryLong,https://lichess.org/mafbh2Ib#83,
JuuCD,8/7p/P5p1/3pB1k1/2bP2P1/1p3PK1/8/8 b - - 0 45,c4a6 e5g7 b3b2 f3f4,2122,106,70,49,bishopEndgame endgame mate mateIn2 quietMove short,https://lichess.org/Kvwh7QFa/black#90,
Jv2VZ,4r1k1/R2n4/2q3pR/3p1pP1/1PpP1N2/4B3/1P3K2/8 b - - 3 34,d7f8 f4h5 g6h5 h6c6,2140,74,94,7353,crushing master middlegame quietMove short,https://lichess.org/pTGbCIZG/black#68,
JvFZb,8/4R2p/1p6/2p5/2Pkp3/P7/3p2KP/8 w - - 0 37,e7d7 d4e3 g2f1 b6b5 c4b5 c5c4 d7d2 e3d2,2193,105,85,17,crushing defensiveMove endgame quietMove rookEndgame veryLong,https://lichess.org/92vaQKGr#73,
JvONW,rr4k1/5p1p/P1p1p1p1/2Nq4/8/4QbP1/5P1P/R4RK1 b - - 0 29,a8a7 c5e4 d5e4 e3a7,2150,92,82,37,advantage discoveredAttack middlegame quietMove short,https://lichess.org/HEALuW8r/black#58,
JvT8o,8/1pp5/3p3p/p2P4/2P2k2/1P3PN1/P3R1KP/3q4 b - - 8 39,h6h5 h2h4 d1e2 g3e2,2119,76,91,2614,crushing endgame master quietMove short,https://lichess.org/BarSFHTo/black#78,
JvYfN,r1bq1rk1/pp3ppp/1n1bp3/8/3P4/4PQ1N/PPB3PP/RN3RK1 b - - 0 14,d8c7 c2h7 g8h7 f3h5 h7g8 h3g5 c7c2 e3e4 c2e4 g5e4,2193,75,95,3741,attraction crushing kingsideAttack opening quietMove sacrifice veryLong,https://lichess.org/QBF76ZQP/black#28,Sicilian_Defense Sicilian_Defense_Alapin_Variation
JwfFq,8/p7/5p1p/1Pk4P/P3p1P1/2K5/8/8 b - - 0 44,c5d5 a4a5 d5c5 b5b6 a7b6 a5b6 c5b6 c3d4 e4e3 d4e3,2158,75,74,162,crushing endgame pawnEndgame quietMove veryLong,https://lichess.org/kR6UztJo/black#88,
Jx4iM,5rk1/6pp/p5q1/1p1p1pr1/7n/2P2PPQ/PP1N3P/R1B2RK1 w - - 1 25,d2b3 g5h5 c1f4 h4f3 f1f3 h5h3,2107,75,85,241,crushing discoveredAttack kingsideAttack long middlegame pin quietMove,https://lichess.org/hhm3T9p8#49,
JxIsy,8/7k/3pBqpp/nPpP4/3NQ3/6PK/5r1P/4R3 b - - 0 30,c5d4 e1c1 h6h5 c1c7 h7h6 c7f7 f6f7 e6f7,2193,214,86,52,advantage endgame quietMove veryLong,https://lichess.org/R5bqAZAR/black#60,
JxlvF,r3r1k1/1p3p1p/pq6/2p2Q2/2P5/1PB1Pp2/P5PP/3R2K1 b - - 0 24,f3g2 c3f6 b6f6 f5f6,2174,90,68,32,advantage endgame quietMove short,https://lichess.org/XmJT8yJw/black#48,
Jxp9G,r1b4r/2q3kp/3p1Qn1/1B6/8/8/PPP4P/2K2R2 b - - 2 25,g7h6 f1f4 c7c5 f4h4 c5h5 h4h5,2140,140,59,14,crushing exposedKing long middlegame pin quietMove,https://lichess.org/royHYBRB/black#50,
JyJUn,8/2p5/1p4p1/p7/1k3P2/7P/2K3P1/8 b - - 0 38,a5a4 f4f5 g6f5 h3h4 b4c5 h4h5 c5d4 h5h6,2110,75,89,446,crushing endgame pawnEndgame quietMove veryLong,https://lichess.org/ptGR8Gwg/black#76,
Jyzro,rn6/2p3k1/pp1p2p1/3Pp1N1/4PnP1/3P4/PP1KB3/7R b - - 2 23,b8d7 h1h7 g7f6 g5f3 g6g5 h7d7,2104,80,83,58,crushing endgame long quietMove,https://lichess.org/1rUqCNgq/black#46,
Jz8xv,6k1/p7/2p3nQ/3p2P1/8/5pN1/PP3P2/4q1K1 w - - 2 38,g3f1 g6f4 h6d6 f4e2 g1h2 e1f2 h2h3 f2f1,2141,75,95,409,crushing deflection endgame fork quietMove veryLong,https://lichess.org/sYJcu88g#75,
JzMWC,5k2/p4p1p/1p6/2P1Q3/2q2P2/r5P1/5RKP/8 b - - 0 37,b6c5 f2e2 c4e2 e5e2,2101,80,76,74,crushing endgame quietMove short,https://lichess.org/vvPj0Dqj/black#74,
Jzf2F,8/8/B5p1/2p5/7p/PP2kp2/6K1/8 w - - 0 46,g2f1 h4h3 f1g1 g6g5 g1h2 g5g4,2123,75,93,895,bishopEndgame crushing defensiveMove endgame long quietMove,https://lichess.org/gdnq8N00#91,
JziNu,4r1k1/p4pp1/1p1p3p/n1pP1q2/2P1r2N/P3R1PP/5P2/1QR3K1 b - - 2 27,f5e5 c1e1 e4e3 e1e3 e5e3 f2e3,2111,97,86,22,crushing long middlegame quietMove,https://lichess.org/RzjUw5CH/black#54,
Jzp5X,8/1p2k2p/5p2/p1p2K2/P1Pp1P2/3P2P1/7P/8 w - - 3 28,g3g4 b7b5 a4b5 a5a4 g4g5 f6g5,2169,94,85,29,crushing endgame long pawnEndgame quietMove,https://lichess.org/LWxKAWtO#55,
Jzwtk,2kr1bnr/ppp2ppp/8/3Pp3/1qP1P3/2Nn1B2/P2Q1PPP/R1B2K1R b - - 0 12,b4c4 f3e2 f8b4 c1b2 d3b2 e2c4,2160,78,93,5127,advantage long opening quietMove,https://lichess.org/d0NRopH4/black#24,Queens_Gambit_Accepted Queens_Gambit_Accepted_Central_Variation
K00Yc,r3r1k1/pp2bppp/2pq1n2/4n3/8/1PNP3P/1PP1QPP1/R1B1R1K1 w - - 0 14,e2e5 e7f8 c1f4 e8e5,2178,75,95,4420,crushing discoveredAttack master middlegame quietMove short,https://lichess.org/TAk3Vxn8#27,Scandinavian_Defense Scandinavian_Defense_Gubinsky-Melts_Defense
K01PX,8/6p1/p4p1p/3k1P2/2p5/P3K3/1PP3P1/8 b - - 0 38,d5e5 g2g4 h6h5 g4h5,2114,79,86,357,crushing endgame pawnEndgame quietMove short,https://lichess.org/PQlSyG1h/black#76,
K0S1p,6k1/1p4p1/2p4p/Pr6/4RRPP/8/1r3PK1/8 b - - 0 43,b5a5 e4e8 g8h7 h4h5 b2e2 e8e2,2171,75,94,10231,crushing endgame long master quietMove rookEndgame,https://lichess.org/f1DENq9N/black#86,
K0gDR,8/r3qppk/8/1B1pnQ1p/8/4P1BP/5PPK/8 b - - 1 36,g7g6 f5e5 h5h4 g3f4 e7e5 f4e5,2173,79,82,65,advantage endgame long quietMove,https://lichess.org/c7bsDJ0e/black#72,
K0tkl,8/p1p2k2/2p2p2/5r1p/2P1KB1P/PP1P4/8/8 b - - 4 33,f7g6 b3b4 c6c5 b4b5 f5f4 e4f4,2178,146,83,11,crushing endgame long quietMove,https://lichess.org/n1NLLAQt/black#66,
K2G9I,8/8/1p1k4/3p1Bp1/1KPn2P1/1P6/P7/8 w - - 0 47,c4d5 d4f5 g4f5 g5g4 b4c4 g4g3,2123,77,84,192,crushing endgame long quietMove,https://lichess.org/IqjTZETA#93,
K2PhF,r5k1/ppp2b2/6nB/6Q1/2P2R2/7P/PP2rPPK/1q6 b - - 0 30,a8f8 g5f6 b1b2 f4d4 b2d4 f6d4,2130,76,92,757,advantage long middlegame quietMove,https://lichess.org/xCt2kduK/black#60,
K2yOi,r3k3/1p1R1ppr/p1p1p2p/7n/8/1P2B3/P4P1P/3R2K1 b q - 1 22,a8b8 e3c5 b7b6 d7e7 e8f8 e7b7 b6c5 b7b8,2150,79,91,1131,advantage discoveredAttack endgame quietMove veryLong,https://lichess.org/5bMP0UFW/black#44,
K30lc,r4rk1/p4p1p/bp2P1p1/2p5/2PbPP2/8/q2BB1PP/1RQ2R1K b - - 0 18,f7e6 f1f3 a2a4 f3a3 a4d7 a3a6,2183,76,91,2526,advantage long middlegame quietMove skewer,https://lichess.org/OlidPclA/black#36,Grunfeld_Defense Grunfeld_Defense_Exchange_Variation
K3E6S,rq1r4/1b1p1ppk/p3p3/1p2P1N1/8/1P6/P3QPPP/3R2K1 b - - 1 22,h7g6 e2g4 f7f5 g4g3 d7d5 g5e6 g6f7 g3g7,2122,138,86,13,advantage discoveredAttack exposedKing middlegame quietMove veryLong,https://lichess.org/JllB7jOA/black#44,
K3EAL,1r2b2k/2R3bp/4N1p1/1p1r1p2/p2P4/4P3/P4PPP/2R3K1 w - - 0 27,e6g7 e8d7 c7d7 d5d7,2177,76,95,6456,advantage endgame master masterVsMaster quietMove short,https://lichess.org/y6s6YIoR#53,
K3QXw,8/1p5k/7p/PP1p4/3Qb2K/5r2/8/8 w - - 3 41,a5a6 e4f5 h4h5 f3h3,2179,74,94,677,crushing endgame master quietMove short,https://lichess.org/G5tJWZTC#81,
K3xCr,3K4/3B2k1/2P2pp1/8/6P1/8/2r5/8 b - - 1 60,f6f5 g4g5 g7f7 c6c7 c2c7 d8c7,2131,74,91,3325,advancedPawn crushing endgame long quietMove,https://lichess.org/g11wYttJ/black#120,
K4P3X,6k1/pb1n1rpR/3q1pQ1/2pp4/3p2P1/2P5/PP3PP1/2KR4 b - - 3 27,f7e7 d1h1 d6f4 c1d1 f4g4 g6g4,2131,100,54,19,crushing defensiveMove long middlegame quietMove,https://lichess.org/cDoIialx/black#54,
K5EFj,r3r1k1/6b1/3ppqQ1/1pp3R1/4P3/3P4/1PP3PP/2R4K b - - 0 28,f6b2 c1f1 e8e7 g5h5 b2f6 g6h7 g8f8 f1f6,2128,93,77,53,advantage exposedKing middlegame quietMove veryLong,https://lichess.org/XbAyzDtV/black#56,
K5V0w,r1b2rk1/1p3p2/p5pQ/4R3/3N4/2P3N1/Pq3PPP/6K1 b - - 0 22,b2c3 d4f3 c3a1 g3f1 a1e5 f3e5,2140,133,71,26,crushing defensiveMove long middlegame quietMove,https://lichess.org/yjt2EXYY/black#44,
K6Cbo,8/4k3/ppp5/4p3/PPK1P1Pp/8/7P/8 w - - 0 33,b4b5 c6b5 a4b5 a6a5 c4d5 a5a4 d5c4 h4h3 c4b4 e7f6 b4a4 f6g5 a4b3 g5g4,2192,400,33,4,crushing endgame pawnEndgame quietMove veryLong,https://lichess.org/0r8QUoLI#65,
K6su5,8/5k2/4p1P1/3p3K/5r2/PR6/8/8 b - - 0 53,f7f6 b3b7 f4c4 b7f7,2159,74,94,7411,crushing endgame quietMove rookEndgame short,https://lichess.org/pw8ATX0l/black#106,
K73ip,8/2K3p1/3p3p/3Pkp2/4P3/7P/5PP1/8 w - - 3 43,c7c6 f5e4 h3h4 h6h5 g2g3 g7g6,2169,76,93,8804,crushing defensiveMove endgame long pawnEndgame quietMove zugzwang,https://lichess.org/iTfTpfpM#85,
K74BB,r5k1/1q3p2/4p1p1/p3Q3/3PPR2/6P1/6K1/8 b - - 2 41,a8c8 f4h4 g8f8 e5f6,2174,75,79,83,crushing endgame master quietMove short,https://lichess.org/vQYv8Hnc/black#82,
K77y7,8/1p6/p7/3k4/1P2p3/6P1/5PK1/8 w - - 0 63,f2f4 b7b6 g2f2 a6a5 b4a5 b6a5,2165,76,86,79,crushing endgame long pawnEndgame quietMove,https://lichess.org/7JA4Ny1J#125,
K7Eo8,1r6/8/3P2pk/1rp5/8/1bQ3N1/P5P1/1K6 w - - 0 28,a2b3 b5b3 b1c2 b3c3 c2c3 b8b4 d6d7 b4d4,2100,77,91,3124,crushing endgame exposedKing fork quietMove veryLong,https://lichess.org/iO1lj1s3#55,
K7Sr5,8/8/5pp1/6p1/1n1k1P1P/5K2/2p5/2R5 w - - 0 50,h4g5 f6f5 f3e2 d4c3,2102,80,69,36,crushing defensiveMove endgame quietMove short,https://lichess.org/IbB9Jgcn#99,
K7b1T,8/8/p2k1ppp/1p1p4/1P1K1PPP/P2P4/8/8 b - - 0 42,f6f5 g4f5 g6f5 h4h5 d6c6 d4e5,2131,79,90,669,crushing endgame long pawnEndgame quietMove zugzwang,https://lichess.org/D9O5uZIG/black#84,
K7ezF,8/8/5Kp1/5p1k/4p3/4P2P/5P2/8 w - - 2 47,f6g7 g6g5 g7f6 f5f4 f6f5 f4e3 f2e3 h5h4 f5e4 h4h3 e4f3 g5g4 f3f2 h3h2,2156,75,91,1037,crushing defensiveMove endgame pawnEndgame quietMove veryLong,https://lichess.org/jwSXn2zb#93,
K7sj4,8/8/8/1p1p1pk1/p7/P1P1K2P/1P6/8 w - - 0 52,e3d4 f5f4 d4d3 g5h4 d3e2 h4g3,2137,76,91,260,crushing endgame long pawnEndgame quietMove,https://lichess.org/0cUyuoU7#103,
K7yx3,8/2p5/1k2pp2/3p2p1/2PP2P1/1P1K1P2/1P6/8 w - - 0 31,d3e3 b6a5 e3d2 a5b4 c4d5 e6d5 d2c2 c7c6 c2b1 b4b3,2194,78,87,116,crushing endgame pawnEndgame quietMove veryLong zugzwang,https://lichess.org/uetORamX#61,
K85Wy,8/K1k5/1p1p2p1/3Pp1Pp/P3P1nP/6N1/8/8 b - - 10 50,g4h2 g3e2 h2f3 e2c3,2156,136,80,20,crushing defensiveMove endgame knightEndgame master quietMove short,https://lichess.org/rD9vDpXF/black#100,
K8P4i,3r2k1/5pp1/2p1p3/8/1R1P4/3n1PPp/P4B1P/6K1 w - - 2 34,b4c4 d8b8 g1f1 b8b2 f2g1 b2b1 f1e2 d3b2 c4c6 b1g1,2167,100,44,38,crushing endgame quietMove veryLong,https://lichess.org/87x7R1BL#67,
K9D6A,3r3r/1k4pp/p1n1p3/2Q2p2/3P4/P3q3/1P4PP/3RR2K b - - 3 26,d8d4 d1c1 e3b3 c5c6,2197,76,90,1011,advantage middlegame quietMove short,https://lichess.org/oNFzvigr/black#52,
K9EtP,6k1/6p1/p1nBP2p/1p1K4/8/8/8/8 b - - 4 49,c6a7 d6b4 a6a5 d5d6,2137,133,73,27,crushing defensiveMove endgame quietMove short,https://lichess.org/DsxWhXEZ/black#98,
KA9aj,r5k1/5pp1/b1pb3p/p2Nq3/P1PpP3/1p4P1/1P2QP1P/R3R1K1 w - - 0 26,f2f4 e5e8 e4e5 d6c5 d5f6 g7f6,2177,79,85,59,advantage long middlegame quietMove,https://lichess.org/NGMUe07Q#51,
KAsxs,r1b2rn1/pp4kp/3p4/1N1Pp3/PPB1P1pq/3N1p2/3Q1P1P/3R1RK1 w - - 4 24,g1h1 f8f6 b5d6 f6h6,2182,75,98,161,advantage middlegame quietMove short,https://lichess.org/9M31shro#47,
KB2N0,8/3k1pp1/3P3p/ppP5/N2PK1P1/7P/3b1P2/8 w - b6 0 46,a4b2 a5a4 b2d3 a4a3 d3e5 d7c8,2133,100,84,19,advantage defensiveMove endgame long quietMove,https://lichess.org/ngGlIw8h#91,
KB2jT,8/4k3/p1n5/1p1BP3/4K3/1P6/8/8 b - - 1 49,c6b8 b3b4 a6a5 b4a5,2140,88,82,43,crushing endgame quietMove short,https://lichess.org/HbsJtoq5/black#98,
KBC5F,r4rk1/pb3pp1/1p6/4P2Q/2q5/2P1R3/P4PPP/R5K1 b - - 1 23,a8d8 e3h3 f7f5 e5f6 f8f6 h5h8 g8f7 h8d8,2138,80,81,179,crushing enPassant middlegame quietMove skewer veryLong,https://lichess.org/JJjhZQl0/black#46,
KBFXM,6k1/B5p1/5b2/1P6/4R3/P2p3P/3r4/6K1 w - - 5 46,b5b6 d2d1 g1f2 d3d2 f2e2 d1e1 e2d2 e1e4 b6b7 f6e5 b7b8q e5b8,2199,83,46,48,advancedPawn advantage endgame exposedKing quietMove skewer veryLong,https://lichess.org/St83276C#91,
KBGNh,4R3/3q1k2/1pp2pr1/p2p1N1p/8/PPPQ1PbP/3B2P1/7K b - - 0 31,d7e8 f3f4 g3f4 d2f4 e8e1 h1h2,2112,75,85,94,crushing endgame long quietMove,https://lichess.org/l9SKJYzH/black#62,
KBPZQ,8/4k3/p1p1p3/1p2K3/2PP4/PP6/8/8 b - - 2 39,e7d7 c4c5 d7e7 b3b4 e7f7 e5d6,2149,76,100,116,crushing endgame long pawnEndgame quietMove zugzwang,https://lichess.org/a37MzTC8/black#78,
KBVi1,8/P3p1N1/1n1p4/3P3p/8/1kp5/4K1P1/8 b - - 1 45,b3b2 g7h5 c3c2 h5f4 b2c3 f4d3,2136,75,94,2918,crushing defensiveMove endgame knightEndgame long master quietMove,https://lichess.org/oNKrgb2J/black#90,
KBh1k,2kr1n2/2b3Rp/4p3/1pr1P3/3NP3/1P5R/1B5P/1K6 w - - 13 32,d4f3 d8d1 b1a2 b5b4 b2d4 c5c2,2178,79,80,579,advantage long master middlegame quietMove,https://lichess.org/QVZGBVyN#63,
KBjFg,4rk2/p5p1/2p4p/1p4q1/2PP4/PP4p1/2QR1P1P/6K1 w - - 0 31,h2g3 e8e1 g1g2 g5h5 g3g4 h5g4,2155,74,87,116,crushing endgame long quietMove,https://lichess.org/fndmsDMg#61,
KBpBV,R7/5ppk/7p/4P3/p1r2P2/2p3PP/PrP5/3R3K b - - 2 35,b2a2 f4f5 c4e4 d1d8 e4e1 h1g2 a2c2 g2f3 e1f1 f3g4 f1f5 g4f5,2141,75,95,7489,advantage endgame quietMove rookEndgame veryLong,https://lichess.org/vmGpqJBs/black#70,
KC0pC,r5k1/ppp2ppp/2b2b2/8/2B5/2N3QP/PPPq1PP1/4R1K1 w - - 1 20,e1e2 d2c1 g1h2 f6g5 c3d5 c6d5,2166,149,86,11,crushing long middlegame quietMove,https://lichess.org/Xe8yhmDc#39,
KCBQO,3q1rk1/p1p2ppp/2ppbb2/4p3/N3P3/3P1N1P/PrP2PP1/R2QR1K1 b - - 1 12,b2a2 a1a2 e6a2 c2c4 d8b8 d1d2 a2c4 d3c4,2101,123,22,22,advantage middlegame quietMove veryLong,https://lichess.org/YvZhDH5z/black#24,Ruy_Lopez Ruy_Lopez_Berlin_Defense
KCFJR,5r1k/p5pp/5b2/3Q4/N1P5/1P2P1qP/P5P1/3R2K1 w - - 0 30,a4c5 f6e5 d5f3 g3h2,2105,76,88,642,crushing endgame quietMove short,https://lichess.org/MWi7URMy#59,
KCiMx,1r3r1k/6p1/R6p/Pbq5/4Bp1Q/3P3P/3K1PP1/1R6 w - - 0 27,a6b6 b8b6 a5b6 b5a4 d2e1 c5c2,2149,111,73,40,crushing long middlegame quietMove,https://lichess.org/WO5rvMJc#53,
KCvrm,6k1/p3p3/1p1p2p1/3P1p2/5P2/3qrBQ1/P1r5/5R1K b - - 3 32,g8g7 f1g1 e3e6 d5e6 g7f8 g3h3,2188,89,80,34,crushing endgame long quietMove,https://lichess.org/6drktYuO/black#64,
KDfAX,3r3k/p5p1/1ppPP3/8/7b/5K2/P7/3R4 b - - 0 38,h4f6 e6e7 d8b8 d1e1 f6e7 e1e7,2110,75,91,3284,advancedPawn advantage endgame long quietMove,https://lichess.org/ZFzxqjb8/black#76,
KDquH,6k1/p7/2pb1pP1/2Pp1P2/3P4/1K3R2/P2n4/8 w - - 1 41,b3c2 d2f3 c5d6 f3d4 c2b2 c6c5 d6d7 d4c6,2102,74,95,7236,crushing defensiveMove endgame exposedKing quietMove veryLong,https://lichess.org/NnwpqSth#81,
KDuAL,8/7p/b1P1p1k1/2R2p2/4pB1P/2P1P1P1/5PK1/3r4 w - - 3 32,c6c7 a6e2 g2h2 e2f3 g3g4 d1h1 h2g3 h1g1,2171,96,85,39,advantage endgame quietMove veryLong,https://lichess.org/Cz4A7mxI#63,
KE8te,6k1/pp4p1/1q4rp/4p3/2P1Pp2/1P5Q/P5P1/3R1K2 b - - 3 31,g6g3 h3c8 g8h7 d1d8 b6d8 c8d8,2134,77,90,1270,crushing endgame long quietMove,https://lichess.org/AxjEd2lg/black#62,
KE9dA,r5rk/3b1p1p/3p1PpQ/1Bp1q3/4P3/1R6/2P3PP/5RK1 b - - 0 27,d7b5 b3h3 e5h5 h3h5,2144,75,92,2300,advantage middlegame quietMove short,https://lichess.org/tYwpXZPX/black#54,
KEDo7,4r2k/7p/2R5/2pN4/PpBr4/1P6/3K2P1/8 w - - 3 33,d2c1 e8e1 c1c2 e1d1 d5b4 c5b4,2156,75,96,883,crushing endgame long quietMove,https://lichess.org/0zVx9VoG#65,
KEN7d,8/8/ppk1p1p1/2ppP1Pp/1P3P1P/PKP5/8/8 w - - 0 37,b3a4 c5c4 b4b5 a6b5 a4b4 d5d4 c3d4 c6d5 b4c3 d5e4 f4f5 e4f5,2131,91,75,34,crushing endgame pawnEndgame quietMove veryLong,https://lichess.org/IEYshoIg#73,
KEl5M,3R2k1/6p1/2q4p/p6P/1p6/2p5/P4PP1/4R1K1 b - - 3 36,g8h7 e1e8 c6e8 d8e8 a5a4 e8c8,2124,79,86,193,crushing endgame long queenRookEndgame quietMove,https://lichess.org/OnKkzttR/black#72,
KFalK,8/p5pp/8/8/5P2/2pK2Pk/P1P4P/8 w - - 0 36,d3c3 h7h5 c3b2 h3h2 c2c4 h2g3 c4c5 h5h4 c5c6 h4h3 c6c7 h3h2 c7c8q h2h1q,2179,198,100,7,advancedPawn endgame equality pawnEndgame promotion quietMove veryLong,https://lichess.org/EaPdtMYC#71,
KGCeW,r1b2rk1/p1qp1ppp/1pp2n2/8/1PQ1P3/2N2B2/PBP2PPb/3R1R1K b - - 1 14,c8b7 g2g3 h2g3 f2g3,2158,82,90,1722,advantage middlegame quietMove short trappedPiece,https://lichess.org/gymUSUZP/black#28,Scotch_Game Scotch_Game_Other_variations
KGNkF,r3r1k1/ppp2pq1/8/3p2P1/2b5/P1N5/1PQ5/2KR3R b - - 0 25,d5d4 c3e4 e8e4 c2e4,2109,77,77,55,advantage master middlegame quietMove short,https://lichess.org/doR48teL/black#50,
KGzYT,8/p7/1p5p/2p5/P3k2P/1P4P1/4K3/8 w - - 1 50,e2f2 h6h5 f2g2 e4f5 g2f3 a7a6,2124,124,40,25,crushing defensiveMove endgame long pawnEndgame quietMove,https://lichess.org/82LLVt7L#99,
KH3PV,5k2/7p/2P1p1p1/4N3/4P3/1P4PK/r6P/8 b - - 0 44,a2c2 b3b4 f8e7 b4b5 e7d6 b5b6,2155,76,93,1436,crushing endgame long quietMove,https://lichess.org/vhLYZ8rH/black#88,
KHZBs,5r2/p4pk1/2p2Rp1/q2p4/7r/P1NP4/1P5P/1R1Q3K w - - 1 24,d1f3 a5c7 f3f2 f8h8 f2h4 h8h4,2172,75,91,300,advantage long middlegame quietMove,https://lichess.org/L3suzf1B#47,
KHpwy,8/p4p2/1p4p1/3k3p/1P6/P2K2P1/5P1P/8 w - - 1 39,f2f4 b6b5 d3e3 d5c4 f4f5 c4b3 e3e4 b3a3 f5f6 a3b4,2188,115,29,14,crushing endgame pawnEndgame quietMove veryLong zugzwang,https://lichess.org/sbFPUOPT#77,
KIBNt,8/2R5/8/1r1p1k2/3P2p1/4P1K1/8/8 b - - 1 48,b5b3 c7e7 b3b8 e7e5,2129,77,91,894,crushing endgame quietMove rookEndgame short,https://lichess.org/R7qAFpBa/black#96,
KIIgV,8/1k4pN/1P6/P5p1/3bp2P/2p5/2K5/8 w - - 0 73,h4g5 d4e5 h7f8 e4e3 c2d3 e5f4,2104,170,83,4,crushing endgame long quietMove,https://lichess.org/UQa35Fay#145,
KIOE8,8/2R5/6p1/8/6PP/2pb4/3k2K1/8 w - - 0 50,h4h5 g6g5 h5h6 c3c2 g2f2 c2c1q c7c1 d2c1,2152,77,87,640,advancedPawn crushing endgame promotion quietMove veryLong,https://lichess.org/EkvB4X9X#99,
KIQV7,2bq1r2/4p1k1/3pP1p1/6P1/2Q5/1p3P2/1PP5/2K4R b - - 0 26,d8a5 c4h4 a5a1 c1d2 a1h1 h4h1,2146,79,91,209,advantage endgame long quietMove,https://lichess.org/iZY1C6vE/black#52,
KIcKO,6k1/ppb3pp/3PPp2/5P2/8/1P2r3/P2R2K1/8 b - - 0 34,c7d8 d2c2 g8f8 c2c8 f8e8 e6e7 e3e7 d6e7,2154,75,90,566,advancedPawn advantage endgame master pin quietMove veryLong,https://lichess.org/TOgaR7Mo/black#68,
KJfPU,6k1/1p6/p1p2R2/5K1p/7P/1PPP2r1/8/8 w - - 0 46,f6g6 g3g6 f5g6 a6a5 g6f5 b7b5 f5e4 a5a4,2176,75,81,130,crushing endgame quietMove rookEndgame veryLong,https://lichess.org/y2rdUE7B#91,
KJwL1,8/p1R3pp/4p1k1/1p1p2P1/q6P/5N2/6PK/8 b - - 1 36,b5b4 g2g4 a4c2 c7c2,2122,73,92,6850,crushing endgame quietMove short,https://lichess.org/sxksdy6z/black#72,
KLL51,3r1r1k/1p2R1pp/1pb2p2/3p4/2PPnB2/P2B4/R4PPP/6K1 b - - 0 26,d5c4 d3e4 d8e8 e7e8 f8e8 f2f3 c6e4 f3e4,2141,77,77,81,advantage middlegame quietMove veryLong,https://lichess.org/hZ98YjAa/black#52,
KLPkU,8/1p1qkp2/1nr1nQp1/4P1N1/PR6/1P1P4/5P2/4K3 b - - 2 37,e7f8 b4h4 f8e8 g5e6 c6c1 e1d2,2151,77,91,332,crushing long middlegame quietMove,https://lichess.org/n0FdKGSP/black#74,
KLS8t,5r1k/R6p/5pp1/8/1P2Pq2/3P1b2/5QBP/6rK w - - 0 30,f2g1 f8c8 a7a1 c8c2 a1f1 c2g2 g1g2 f3g2,2147,74,94,1562,crushing endgame quietMove veryLong,https://lichess.org/z9ZLKf1o#59,
KLSiA,8/7p/7P/5p2/p5k1/P2K2P1/1P6/8 w - - 10 52,b2b3 g4g3 d3c3 f5f4 b3b4 f4f3 b4b5 f3f2,2159,83,91,2509,advancedPawn crushing endgame pawnEndgame quietMove veryLong,https://lichess.org/DztHKO6d#103,
KLaKx,8/8/p7/5p1p/k1K2P1P/2P5/8/8 b - - 0 60,a4a3 c4d5 a3b2 c3c4 a6a5 c4c5 a5a4 c5c6 a4a3 c6c7 a3a2 c7c8q a2a1q c8h8,2136,74,84,150,advancedPawn crushing endgame pawnEndgame promotion quietMove veryLong,https://lichess.org/pgt8CoY8/black#120,
KLsqV,8/3k4/3bp3/P1N4p/1PK5/8/8/8 b - - 1 50,d6c5 c4c5 h5h4 a5a6 d7c8 c5c6 c8b8 b4b5 h4h3 b5b6 h3h2 a6a7 b8a8 b6b7 a8a7 c6c7 a7a6 b7b8q,2172,130,87,37,advancedPawn crushing endgame master masterVsMaster promotion quietMove veryLong,https://lichess.org/Jbkwr2Iz/black#100,
KM8qc,2K5/5pp1/1R2p2p/6k1/p7/1p4P1/7P/8 w - - 1 41,c8c7 e6e5 b6b4 e5e4 b4a4 e4e3,2140,76,92,1430,crushing endgame long quietMove rookEndgame,https://lichess.org/C2zKDbPB#81,
KMOGQ,2rq1n1k/5Qb1/p3pn2/P1p5/1p1P4/1P2PP2/1B3P1P/R4RK1 w - - 1 24,d4c5 c8c7 a1d1 d8c8 f7f6 g7f6,2105,75,90,455,advantage clearance long master middlegame quietMove trappedPiece,https://lichess.org/lKT8DhOk#47,
KMrCQ,4Q3/6bk/6r1/1pp5/4n2q/4B3/PP3PP1/2R2RK1 w - - 1 31,e3c5 g6h6 e8e4 h4e4,2133,78,90,1005,crushing middlegame quietMove short,https://lichess.org/zFiyudYf#61,
KNJhb,8/p5p1/4kpp1/8/5P1P/1P3P2/r3pK2/4R3 w - - 2 36,e1e2 a2e2 f2e2 e6f5 e2e3 a7a5 e3d3 f5f4,2148,77,92,3276,crushing endgame quietMove rookEndgame veryLong zugzwang,https://lichess.org/QZ3Xosmn#71,
KNVer,r1r3k1/5ppp/4p3/p1q4P/2R1Q3/1P6/P4PP1/1K5R b - - 2 27,c5f2 h1c1 c8f8 e4a8 f2f5 a8e4,2155,74,93,8975,crushing endgame long quietMove,https://lichess.org/8JL0BAVQ/black#54,
KNno2,7k/4R2p/8/p1pq4/P6P/3p3K/1R6/8 b - - 1 46,d5d6 b2b7 d6d8 e7h7,2169,77,95,306,crushing endgame queenRookEndgame quietMove short,https://lichess.org/48IGaWqE/black#92,
KO0uJ,6k1/1pp2r1p/p2pqpr1/4pR1Q/4P1pP/1P1PP1R1/1PP3P1/6K1 w - - 6 27,g3g4 f7g7 g4g6 h7g6 h5f3 g6f5,2116,119,71,35,crushing endgame fork long quietMove,https://lichess.org/JSY0E4Om#53,
KOLlE,6r1/2pkq3/4p1P1/3bQp1P/3Pp3/2K1P3/8/R6R w - - 3 44,g6g7 g8b8 h1b1 b8b1 a1b1 e7a3,2161,75,91,3938,advantage endgame long quietMove,https://lichess.org/RbnFIkdJ#87,
KPY9Q,8/8/7p/5p2/3P1k1Q/2K4P/8/5q2 b - - 7 64,f4e3 h4g3 f1f3 g3f3 e3f3 d4d5 f3e4 d5d6,2155,77,98,268,crushing endgame queenEndgame quietMove veryLong,https://lichess.org/58kH3jko/black#128,
KPg6b,r1b4k/pp4r1/1q2p1P1/3pP3/3P4/1PP3P1/2Q2P2/R4RK1 b - - 0 23,c8d7 g1g2 h8g8 f1h1 d7e8 h1h6,2169,112,30,19,clearance crushing defensiveMove long middlegame quietMove,https://lichess.org/GhcVwr7G/black#46,
KPutK,5rk1/3R1p2/3Qpb2/6p1/2pP4/4PNPp/1P3P1P/1q2B1K1 w - - 4 36,f3d2 b1e1 d2f1 f8a8 d7a7 a8a7,2179,101,78,25,crushing fork hangingPiece long middlegame quietMove,https://lichess.org/akKc1T6E#71,
KQul4,1k5r/pp4p1/2n2pq1/2pnr3/2P1PQ2/8/PP1B1PPP/R4RK1 w - - 0 21,c4d5 c6d4 a1e1 h8h4 f2f3 h4f4,2131,78,82,94,advantage long middlegame quietMove,https://lichess.org/W9Sx7PeK#41,
KRHLF,6k1/5p2/q2p1Qp1/2pPn3/4P3/r1N4P/Pr2N1P1/5RK1 b - - 2 26,b2b8 f1f4 a3c3 e2c3,2149,99,82,27,crushing middlegame quietMove short,https://lichess.org/XRknfMEN/black#52,
KRdnh,4b3/1pb1k1P1/5p2/4P3/3p2K1/3N3B/1P6/8 b - - 0 52,e7f7 e5f6 e8d7 g4h4 d7h3 h4h3 c7d8 d3e5 f7g8 e5g4 d8f6 g4f6,2158,105,79,18,crushing endgame master quietMove veryLong,https://lichess.org/9J5qhRLy/black#104,
KRpTs,7k/4p2p/pp3p2/2pPpP2/2P1Nn2/1P3K2/P6P/8 w - - 0 32,e4f6 e7f6 d5d6 f4h3 d6d7 h3g5 f3e3 g5f7,2162,74,93,5730,crushing defensiveMove endgame exposedKing hangingPiece knightEndgame quietMove veryLong,https://lichess.org/lwvMQzxx#63,
KSEaI,8/5pk1/4r1p1/8/PQ2n3/1P5p/2P5/2K5 w - - 0 48,b4b8 e4d6 b8b4 h3h2 b4h4 e6e2,2103,101,82,21,advancedPawn crushing endgame long quietMove,https://lichess.org/wg8tlXDl#95,
KSeZQ,r1b2rn1/2q3bk/1pp3pp/p1n1pp2/2P1P3/2N2N1P/PPQRBPPB/3R2K1 b - - 1 18,f5e4 c3e4 c8f5 e2d3 c5d3 c2d3,2177,78,87,195,advantage long middlegame quietMove,https://lichess.org/swuEufeW/black#36,Indian_Defense Indian_Defense_Other_variations
KSiWj,8/P7/4N3/5p1p/5P2/5bk1/8/2K5 w - - 1 52,e6g7 g3g4 c1d2 h5h4 d2e3 h4h3,2173,78,78,64,crushing endgame long quietMove,https://lichess.org/a8WlzjGi#103,
KSkp9,8/5p2/5k2/K7/p7/8/PP6/8 b - - 1 59,a4a3 b2b4 f6e7 b4b5 e7d7 a5a6,2125,88,79,30,crushing defensiveMove endgame long pawnEndgame quietMove,https://lichess.org/ZRWBxNNv/black#118,
KSzKj,2kr3r/ppp2pp1/2nbp3/7p/7q/3P1Q1B/PPP2P1N/R1B2RK1 w - - 2 15,g1h1 g7g5 c1g5 h4g5,2182,77,87,44,advantage middlegame quietMove short,https://lichess.org/UtWcH5D6#29,Scandinavian_Defense Scandinavian_Defense_Modern_Variation
KT3iL,2k4r/pp3Rp1/2p1p2p/2P5/1P1rq3/P7/2K1B3/R3Q3 w - - 2 29,c2b2 h8d8 e2d3 e4d3,2173,76,76,89,crushing middlegame quietMove short,https://lichess.org/BoCrZ39X#57,
KTnjZ,5k2/4r3/2P1p3/5p2/8/5P2/3R1K2/8 w - - 1 52,d2d7 e7d7 c6d7 f8e7 d7d8q e7d8 f2e3 e6e5 f3f4 e5e4,2148,80,91,115,crushing defensiveMove endgame quietMove rookEndgame veryLong,https://lichess.org/Aab5x9eX#103,
KTxdI,r1b2rk1/4bpp1/pp3n1p/2p1B3/P7/2NB4/1PP2PPP/R3R1K1 w - - 0 16,c3d5 f6d5 d3e4 c8e6 e4d5 e6d5,2116,78,91,672,crushing hangingPiece long middlegame quietMove,https://lichess.org/cVzCv2cR#31,Philidor_Defense Philidor_Defense_Other_variations
KUEQL,8/6p1/7p/2k3PP/p4P2/2K5/8/8 b - - 0 62,a4a3 f4f5 a3a2 c3b2 h6g5 f5f6 a2a1q b2a1 g7f6 h5h6 g5g4 h6h7,2129,74,82,124,advancedPawn crushing endgame pawnEndgame quietMove veryLong,https://lichess.org/hymbf19H/black#124,
KUdpz,1rr3k1/4Qppp/8/3p4/3Bp3/3nP1P1/PP2qP2/KR5R w - - 3 27,e7h4 h7h6 h4h5 d3c1 h1c1 e2h5,2161,111,79,38,crushing deflection long middlegame quietMove,https://lichess.org/B4hMp86M#53,
KVMlD,rnb1k2r/pp3ppp/4p3/q2p4/3P1B2/2b1PN2/P1Q2PPP/R2K1B1R b kq - 1 11,e8g8 a1c1 c3b4 c2c8 f8c8 c1c8,2111,75,87,352,advantage long opening quietMove,https://lichess.org/HwXgKIQH/black#22,Queens_Pawn_Game Queens_Pawn_Game_London_System
KVqlf,4r3/p1r3pk/1p3pN1/2n2P1p/2PR4/6P1/P3R2P/6K1 b - - 1 30,e8e2 d4d8 e2e1 g1g2,2185,74,91,2318,crushing endgame quietMove short,https://lichess.org/FJks5MXW/black#60,
KW0fI,rnb1k2r/p2p1ppp/2p1p3/1p6/3P4/1N6/PqPQBPPP/R4RK1 b kq - 1 13,a7a5 a2a3 a5a4 f1b1 b2b1 a1b1,2169,78,80,95,advantage long middlegame quietMove trappedPiece,https://lichess.org/8XsXEA4s/black#26,French_Defense French_Defense_Other_variations
KW3sO,7r/1p3ppk/p7/2PP3p/2B2Q2/1P3PPb/P4q1P/4R2K w - - 2 28,e1g1 h8e8 c4d3 h7g8 d3e4 f7f5,2113,74,95,224,advantage defensiveMove endgame long quietMove,https://lichess.org/e0O3Lf4B#55,
KWM1u,7k/p1r1q2p/1pP1r1p1/1P3p2/P2Q4/2R2BP1/5K1P/8 b - - 1 34,e6f6 c3e3 e7d6 f3d5 h8g7 e3e6,2189,77,67,59,advantage endgame long quietMove,https://lichess.org/eMRFmKLn/black#68,
KWukH,r6k/6p1/7p/3Bp3/pR2P3/1P6/P1Q5/1K3q2 w - - 4 44,b1b2 a4a3 b2c3 a8f8 c2d2 f8f3 c3c2 f3f2,2192,145,-71,14,crushing endgame pin quietMove veryLong,https://lichess.org/fLxbz7QU#87,
KX4hU,5rk1/7p/2pb2pP/5p2/1pP5/1q1PBP2/1P2QK2/7R b - - 0 29,f5f4 e3d4 f8f7 e2e8 d6f8 e8e5 b3c2 f2g1 f7e7 e5h8 g8f7 h8h7 f7e6 h7g6,2129,76,90,747,clearance crushing deflection endgame interference quietMove veryLong,https://lichess.org/Gj767D4y/black#58,
KXQbC,4r3/6k1/5bp1/B4p1p/1p1pnq2/1B1Q3P/PP3PP1/5RK1 w - - 0 32,d3c4 f6e5 g2g3 e4g3,2102,81,77,75,crushing master middlegame quietMove short,https://lichess.org/7I3w2lR5#63,
KXWpt,1k2r3/8/1p5r/3Pp1q1/2PRB2p/QPn5/P1K3PP/5R2 b - - 0 37,e5d4 f1f7 g5g2 e4g2 e8e2 c2d3,2140,76,91,378,crushing long middlegame quietMove,https://lichess.org/wNo6XmvJ/black#74,
KYF81,8/8/p7/1pp2p1p/2P2kP1/P2K4/1P4PP/8 b - - 0 32,f5g4 c4b5 a6b5 b2b3 f4e5 a3a4 b5a4 b3a4,2153,81,81,46,crushing endgame pawnEndgame quietMove veryLong,https://lichess.org/Q0dAijwC/black#64,
KYJHU,8/5p2/5P2/4P1k1/6pp/r7/4R1PK/8 w - - 2 45,e5e6 g4g3 h2h3 a3a1 e2e5 g5f4 e5e4 f4e4,2168,89,80,26,crushing endgame quietMove rookEndgame veryLong,https://lichess.org/uarsPYOR#89,
KYb53,8/8/1p6/p6p/P3k1PP/7K/8/8 b - - 0 37,h5g4 h3g4 b6b5 h4h5 b5b4 h5h6,2101,75,91,1749,crushing endgame long pawnEndgame quietMove,https://lichess.org/0GSZMpSe/black#74,
KYoek,2k3n1/8/1Bn3p1/2N1p2p/2r5/7P/R5PK/8 b - - 1 40,c6b8 a2a7 c4c5 b6c5,2112,76,81,83,advantage endgame quietMove short,https://lichess.org/BGhZmDWl/black#80,
KYw4O,8/p7/1p2p3/1p2Ppkp/P1PP4/5KP1/8/8 w - - 0 34,c4b5 f5f4 g3f4 g5f5 f3e3 h5h4 e3f3 h4h3 f3g3 h3h2 g3h2 f5f4 h2g2 f4e4,2159,84,89,1209,advancedPawn crushing defensiveMove deflection endgame pawnEndgame quietMove veryLong,https://lichess.org/NvJppIIi#67,
KZ2ka,4r3/pp3p2/2q3pk/7p/2P2K1P/1P1Q2P1/PB6/R7 w - - 1 38,d3d4 f7f6 g3g4 c6g2 g4g5 f6g5 h4g5 g2g5 f4f3 e8f8,2194,124,100,38,crushing endgame quietMove veryLong,https://lichess.org/zngJ9qut#75,
KZTW5,8/2K1k3/1p2P3/1P4pp/P7/6nB/8/8 w - - 0 41,a4a5 b6a5 b5b6 g3e4 c7c6 e4d6,2106,77,86,90,crushing defensiveMove endgame long quietMove,https://lichess.org/YVGK4kXG#81,
KZziF,2rr2k1/bb3ppp/p5n1/1p2qB2/3pP3/1P6/PB1P2PP/1NRQ1R1K w - - 0 22,f5c8 a7b8 g2g3 e5e4 d1f3 e4f3,2178,109,71,17,crushing kingsideAttack long middlegame quietMove,https://lichess.org/uLjbq5CC#43,
Ka5KF,r7/1p2Q1k1/p6p/8/4p3/3p2P1/P3q1P1/3R3K b - - 2 37,g7g6 d1b1 b7b5 b1c1 e2h5 h1g1,2151,128,75,18,crushing endgame long quietMove,https://lichess.org/b0nQBbGu/black#74,
KaIed,8/8/3k1p1p/2R5/2KP4/1P6/2r5/8 w - - 2 43,c4b4 c2c5 d4c5 d6c6 b4c4 h6h5 c4d4 h5h4 d4e3 c6c5,2121,75,85,457,crushing endgame quietMove rookEndgame veryLong,https://lichess.org/MpiLpULm#85,
Kafjj,1rbq2k1/p3n2p/3p2pQ/2p5/4P1p1/2PP2NP/P5BK/5R2 b - - 0 24,g4h3 g3h5 g6h5 h6g5 e7g6 g5d8,2161,76,95,573,crushing kingsideAttack long middlegame quietMove sacrifice,https://lichess.org/LtnGvrf4/black#48,
Kalfo,8/8/2k2ppp/8/1pPK1PP1/6P1/8/8 w - - 0 48,g4g5 f6g5 f4g5 h6h5 c4c5 b4b3,2186,83,91,1633,crushing endgame long pawnEndgame quietMove,https://lichess.org/qKqfcqzG#95,
KaoKy,r3kb1r/pQ1b1ppp/4q3/5n2/B1p5/2P4N/PP3PPP/RN2K2R w KQkq - 1 16,e1d2 a8d8 a4d7 d8d7,2192,81,89,296,advantage middlegame quietMove short,https://lichess.org/0WuMCbK5#31,Sicilian_Defense Sicilian_Defense_Other_variations
KbTBO,r4rk1/2q2p2/4p1pQ/3p4/3Pn1P1/p1P5/P4PKN/1R2R3 b - - 4 28,c7c3 h2f3 c3c2 e1e4,2185,80,78,98,crushing middlegame quietMove short,https://lichess.org/NJfIEA2z/black#56,
Kbn21,R7/5p1k/4p1pp/p7/P4Q2/2q3PP/5P1K/3r4 b - - 1 39,h7g7 f4b8 d1h1 h2h1 c3f3 h1g1,2106,76,89,651,crushing endgame long quietMove,https://lichess.org/G6cJ0Iof/black#78,
KcDHW,6k1/5Rp1/3Np1n1/4P3/2P2P2/1r4P1/1r6/R5K1 w - - 0 32,a1a7 b3g3 g1f1 g6h4 f7g7 g3g7 a7g7 g8g7,2138,129,83,11,crushing endgame quietMove veryLong,https://lichess.org/K54Z4oBZ#63,
KcIWt,8/8/2k1K3/p2pP3/3P3p/7P/6P1/8 w - - 0 47,e6f5 c6d7 f5f6 d7e8 f6e6 a5a4 e6d5 a4a3,2188,79,91,1707,crushing endgame pawnEndgame quietMove veryLong,https://lichess.org/7ivwZgF4#93,
Kd1t3,1R6/5ppk/3p2rp/4p3/p1p1q3/P1Pn2PP/3R1P2/B2Q2K1 w - - 1 44,g1h2 d3e1 d1e1 e4e1,2150,73,93,6786,crushing middlegame quietMove short,https://lichess.org/SgTqNuQk#87,
KdSUt,4Nk2/8/3p2P1/2n2P2/pp1K2P1/8/P7/8 w - - 2 45,e8d6 b4b3 a2b3 a4a3 d4c3 c5d3 c3d3 a3a2,2140,76,92,1278,advancedPawn advantage endgame knightEndgame quietMove sacrifice veryLong,https://lichess.org/xHLpBGvl#89,
KdSZp,8/5pk1/3K2pp/8/5P2/6P1/7P/8 b - - 2 66,g7f6 g3g4 h6h5 h2h3 h5h4 d6d7,2109,75,86,396,crushing defensiveMove endgame long pawnEndgame quietMove,https://lichess.org/uS65tHUb/black#132,
Ke0mY,6k1/1p3pp1/2q3np/p7/3p1P2/6P1/2Q2P1P/1R4K1 w - - 5 36,c2d2 g6h4 g3h4 c6g6 g1f1 g6b1,2193,78,89,343,advantage clearance endgame fork long master quietMove sacrifice,https://lichess.org/MuuXWOhq#71,
Ke3gP,r1b1kbnr/pp1n1ppp/8/qB1p4/3p4/2N5/PPP1QPPP/R1B1K1NR b KQkq - 1 8,f8e7 c1d2 d4c3 d2c3 a5b6 c3g7,2108,76,91,3870,advantage long opening quietMove sacrifice,https://lichess.org/YNNwHPgp/black#16,Sicilian_Defense Sicilian_Defense_Bowdler_Attack
KeCzH,5rk1/R4ppp/1P2p3/p7/r3p3/2P3P1/3bN2P/5R1K b - - 0 31,a4a2 f1b1 d2e3 e2d4 e3d4 c3d4,2142,113,78,28,advantage endgame long quietMove,https://lichess.org/urKK1H4A/black#62,
KeTn6,8/8/3B2Kp/1p4bP/1Pk5/8/8/8 b - - 1 45,c4b3 d6f8 g5d2 f8h6 d2b4 h6g5 b3c2 h5h6,2183,76,91,1278,bishopEndgame crushing endgame master quietMove veryLong,https://lichess.org/pnTAqu2v/black#90,
KeUHa,8/8/1p6/pP6/2K5/k1P5/8/8 w - - 2 48,c4d3 a3b3 c3c4 b3b4 d3d4 a5a4 d4d3 a4a3 d3c2 b4c4,2158,79,91,1149,crushing endgame pawnEndgame quietMove veryLong,https://lichess.org/MgKKX6wh#95,
KehpF,8/1pk5/2p3K1/4P1P1/5r2/8/8/1R6 b - - 0 41,b7b5 b1d1 f4f2 e5e6,2187,77,95,171,advantage endgame quietMove rookEndgame short,https://lichess.org/mTSXlS22/black#82,
KeoJq,8/8/p6p/1p1k2p1/8/1P2K2P/P5P1/8 w - - 2 37,g2g4 b5b4 e3d3 a6a5 d3d2 d5d4,2186,77,94,732,crushing defensiveMove endgame long pawnEndgame quietMove zugzwang,https://lichess.org/hXOuktxn#73,
Kevxr,1r2b1k1/6pp/p2bp3/3p1r2/2pPp3/PPP1B1Pq/2B1QP1P/RR4K1 w - - 1 24,a3a4 f5h5 f2f4 e4f3,2100,77,82,77,crushing enPassant middlegame quietMove short,https://lichess.org/Wq7bsInb#47,
KeyL1,8/6p1/8/pR6/3P1b1p/PKPk4/1P6/8 w - - 0 39,b5a5 g7g5 d4d5 h4h3 d5d6 h3h2 d6d7 f4c7,2143,77,91,1497,advancedPawn crushing endgame quietMove veryLong,https://lichess.org/3RoxMkYp#77,
KfUfV,8/1p6/3p4/1p6/1PpPPpk1/P1P5/5K2/8 b - - 3 42,b7b6 d4d5 f4f3 e4e5,2172,82,90,866,crushing endgame pawnEndgame quietMove short,https://lichess.org/XQgTuvQR/black#84,
KfVa2,6k1/1R4p1/1P3pp1/p5r1/8/1r5P/6P1/3R2K1 b - - 1 36,a5a4 d1d8 g8h7 b7b8 b3b1 g1h2,2175,78,90,1153,crushing defensiveMove endgame long quietMove rookEndgame,https://lichess.org/7yjhG47S/black#72,
KfW0W,r6k/pp4pp/5r2/3BQp1q/2P5/7b/PBP4K/R3R3 w - - 1 24,e5f4 f6g6 b2g7 g6g7,2157,81,85,38,crushing middlegame quietMove short,https://lichess.org/c1qt2IEV#47,
KfdPd,5rk1/p6p/5rp1/1QPp4/1P1q4/4pP2/4R1PP/4R1K1 w - - 0 31,e2e3 f6e6 g1f2 f8e8 b5d3 d4d3 e3d3 e6e1,2105,110,87,17,crushing endgame pin quietMove veryLong,https://lichess.org/fZIpTqcl#61,
Kfmlb,r7/3QNpk1/6p1/1R6/7r/q7/5PP1/1R4K1 w - - 4 37,e7d5 a8h8 f2f3 h4h1 g1f2 h1b1 b5b1 a3a2 f2g3 a2b1,2134,77,86,90,advantage attraction fork middlegame quietMove veryLong,https://lichess.org/f7yjzmSB#73,
KfrdD,r7/5P2/1k2K3/1p6/8/2R5/8/8 b - - 0 49,b5b4 c3g3 a8f8 g3g5,2140,159,90,10,crushing defensiveMove endgame quietMove rookEndgame short,https://lichess.org/wLz5mMpg/black#98,
KgCoJ,8/8/3knp1p/5P1K/7P/8/8/8 w - - 0 55,f5e6 f6f5 h5h6 f5f4,2120,77,90,290,crushing defensiveMove endgame pawnEndgame quietMove short,https://lichess.org/sXc0goL2#109,
KgFPy,r6q/pb3pp1/1p2p1k1/3pP1P1/5B2/2PQP3/PP3PP1/2K5 b - - 0 21,g6h5 f2f3 f7f5 e5f6,2191,288,-100,6,crushing enPassant endgame quietMove short,https://lichess.org/7uVqXCvx/black#42,
KgHIv,r1r3k1/p4pp1/7p/3Q4/5P2/P5P1/4q2P/R4RK1 w - - 0 23,d5b7 c8c2 b7a8 g8h7 a8e4 e2e4,2164,76,86,85,crushing defensiveMove endgame long quietMove sacrifice,https://lichess.org/rkjoDB4n#45,
KgQTP,3r3k/p5pp/2p5/8/6n1/1QP2N2/PP3rPP/6K1 w - - 4 26,h2h3 f2b2 b3e6 b2b1 f3e1 g4f6 g1h2 d8e8,2184,97,80,26,advantage endgame quietMove veryLong,https://lichess.org/rtjSbP6x#51,
Kgupc,r1bqk1r1/5p2/p1pp3p/1p6/P2QPpn1/1BN4P/1PP2PPK/3R1R2 w q - 4 19,h2g1 g4e5 d4e5 d6e5 d1d8 e8d8,2188,79,90,726,advantage long middlegame quietMove,https://lichess.org/uYoqXqf5#37,Four_Knights_Game Four_Knights_Game_Italian_Variation
KhNQt,2R2k2/R2n1ppp/1p1qpn2/8/3P4/1B2PbPP/3B1P1K/8 b - - 1 28,f6e8 b3a4 d7f6 d2c1 h7h5 a4e8,2121,186,82,5,crushing long middlegame quietMove,https://lichess.org/UjsXVMhj/black#56,
Kj2Q4,r4k1r/8/p7/1p2R3/1P1Pp1pq/QN2Pp2/P4PP1/2R2K2 w - - 2 34,g2f3 h4h1 f1e2 h1f3 e2d2 f3f2 d2c3 h8h2 e5f5 f2f5,2176,126,50,36,crushing deflection middlegame quietMove veryLong,https://lichess.org/6qMyaktn#67,
Kjb6v,r1bqr3/pp3pkp/2n3p1/4PPN1/3P4/2NQ4/2P1B2P/5RK1 b - - 0 20,c8f5 f1f5 g6f5 d3f5 d8d4 g1f1 c6e5 c3e4 a8c8 f5f6,2155,226,100,9,equality middlegame quietMove sacrifice veryLong,https://lichess.org/rWlHsG9l/black#40,
KkpES,8/5pkp/1R6/p4P2/1p6/7P/n4PK1/8 w - - 0 38,b6a6 b4b3 a6a5 a2c3 a5c5 b3b2 c5c3 b2b1q,2146,75,97,230,advancedPawn advantage endgame master promotion quietMove veryLong,https://lichess.org/D6HgyfvU#75,
KkwYO,3Qnknr/2p4p/ppP2pp1/8/4q3/2P1B2P/P1P2PP1/5RK1 b - - 1 21,g8e7 f1e1 g6g5 e3d2 e7c6 d8a8 e4g6 a8c6,2190,95,81,27,advantage middlegame quietMove veryLong,https://lichess.org/LVBKmrP2/black#42,
KlBif,r4rk1/pp1bbppp/2n1p3/3q4/Q2P4/4BN2/PP2BPPP/3R1RK1 w - - 4 14,a2a3 c6b4 a4b4 e7b4,2166,78,91,1362,crushing master masterVsMaster middlegame quietMove short trappedPiece,https://lichess.org/LHIfK7yw#27,Sicilian_Defense Sicilian_Defense_Old_Sicilian
Kladf,8/1p1k1p2/3PpKp1/1p1p2P1/8/1PP2P2/8/8 w - - 5 46,f6f7 b5b4 c3b4 d5d4 f7g6 d4d3 g6h7 d3d2 g5g6 d2d1q,2102,75,92,741,advancedPawn crushing endgame pawnEndgame promotion quietMove sacrifice veryLong,https://lichess.org/b4qBVJzO#91,
Km15S,r2qr1k1/1pp2ppn/p1bp3p/4P3/3B1QPb/2N2P2/PPP1B3/1K1R3R b - - 0 16,d8g5 f4h2 d6e5 d4g1 h7f8 h2h4 g5h4 h1h4,2142,75,93,3315,advantage middlegame quietMove veryLong,https://lichess.org/zq8oPdg1/black#32,Philidor_Defense Philidor_Defense_Exchange_Variation
KmOEu,r2r2k1/p1p2p1p/6p1/3R4/1q2p3/1P3n1P/P2PNP2/R1BK1Q2 w - - 1 24,d5d8 a8d8 d1c2 d8d2 c1d2 b4d2 c2b1 f3e1 f1e1 d2e1,2166,75,94,1302,crushing middlegame quietMove veryLong,https://lichess.org/fORzJ9Du#47,
KmmvA,r5k1/pp3n1p/n1p1q1p1/3p4/3Q4/2N2N1P/PP3PP1/4R1K1 b - - 1 21,e6d7 c3e4 d5e4 d4d7,2178,75,87,133,crushing master middlegame quietMove short,https://lichess.org/rGzUsTx4/black#42,
KnAmr,8/p5pk/8/2p2p2/P1P5/6KP/6P1/8 b - - 1 37,h7g6 g3f4 g6f6 h3h4 g7g6 a4a5,2191,75,92,405,crushing defensiveMove endgame long pawnEndgame quietMove,https://lichess.org/PyEnZRR3/black#74,
KnI3e,8/p7/5k2/1p1p4/5K2/1P2P3/5P2/8 b - - 3 47,f6e6 b3b4 a7a5 b4a5 b5b4 a5a6 b4b3 a6a7 b3b2 a7a8q,2136,77,90,580,advancedPawn crushing endgame pawnEndgame promotion quietMove veryLong,https://lichess.org/caiyMLCa/black#94,
KnMJD,1r6/1P1R4/8/8/2Kpk3/8/8/8 b - - 5 52,d4d3 d7e7 e4f5 c4d3 f5f6 e7h7 f6e5 d3c4,2185,87,91,1646,crushing defensiveMove deflection endgame master masterVsMaster quietMove rookEndgame veryLong,https://lichess.org/FuGzbzDr/black#104,
KoeVQ,r1b3k1/p2n1r1p/4Q1p1/2p5/1pP2P2/1P5P/PB3qP1/R2K1BNR w - - 1 19,g1e2 d7f6 e6c6 c8b7,2195,79,82,143,crushing middlegame quietMove short,https://lichess.org/VLwA1ZAR#37,Benko_Gambit Benko_Gambit_Other_variations
KohZO,1r6/5p2/3k2p1/rpR5/3Pp3/4P1P1/1R2KP2/8 w - - 0 39,f2f3 b8h8 f3e4 h8h2 e2f3 h2b2,2193,77,89,323,crushing endgame long quietMove rookEndgame skewer,https://lichess.org/ujkdF9Uw#77,
Kp2da,6k1/2p1n1pp/p2p1r2/4p2P/1p2Q1B1/3PP3/PPP2q2/2K4R b - - 3 27,f2g3 e4a8 g8f7 g4d7 g3e3 c1b1,2112,74,84,135,crushing endgame long quietMove,https://lichess.org/VySvqVXy/black#54,
KpSCr,1r2b1k1/4rp1p/4p3/bp1p4/1p1P2R1/3BP2P/PP3P1K/R7 b - - 0 29,g8h8 a1g1 e8c6 g4g7 f7f5 g7e7,2187,76,98,641,advantage long middlegame quietMove,https://lichess.org/hJvpDpIV/black#58,
KpYxT,8/8/8/1p5p/1p2P2P/1P3Pp1/1r1k2P1/4R1K1 w - - 9 38,e1f1 b2b3 f3f4 b3e3 f4f5 e3e4 f5f6 e4e8 f6f7 e8f8,2143,75,83,260,crushing endgame quietMove rookEndgame veryLong,https://lichess.org/4ZPF9IsE#75,
Kpav1,8/8/8/1N6/p6P/4K3/n1k5/8 b - - 0 50,a2c3 b5c3 c2c3 h4h5 a4a3 h5h6,2166,80,90,2586,crushing endgame knightEndgame long quietMove,https://lichess.org/sWzxJxLf/black#100,
KqE46,8/8/5p2/6pp/8/3k2PP/5PK1/8 w - - 0 41,f2f3 d3e3 g3g4 h5h4 g2f1 e3f3,2150,78,83,52,crushing endgame long pawnEndgame quietMove,https://lichess.org/baYHL8pY#81,
KqTzP,3rrnk1/p3qp2/1ppb2p1/3p2P1/3P2R1/2PB3R/PP2N1K1/2Q5 b - - 1 22,f8e6 c1h1 e6g5 h3h8 g8g7 h1h6,2168,77,95,2234,advantage long middlegame quietMove,https://lichess.org/hyoZGkxR/black#44,
Kr9mu,6k1/p6p/6p1/3P4/1pPQ3P/1P2P3/5rq1/1K1R4 w - - 4 33,e3e4 f2a2 d1c1 a2a3,2169,80,82,778,crushing endgame quietMove short,https://lichess.org/FsX8VXVZ#65,
KrB5p,6k1/p2q1p2/1pnPrP1p/2pQ2p1/P7/2P3BP/6P1/3R3K w - - 2 35,d5c6 d7c6 d6d7 e6e8 d7e8q c6e8,2129,77,86,315,crushing endgame hangingPiece long quietMove xRayAttack,https://lichess.org/rfLVGu4Q#69,
KrmH9,4r3/pp1n1kpp/2p2pp1/8/2PPr1P1/BP1KP2P/P2N4/4R3 b - - 6 24,e4f4 e1e2 f4g4 h3g4,2173,86,85,53,crushing endgame quietMove short trappedPiece,https://lichess.org/ybBz9aKS/black#48,
KrxnI,8/7p/1p1k2p1/p2p4/P2K1P2/1P4P1/7P/8 b - - 3 32,h7h6 g3g4 d6e6 f4f5 g6f5 g4f5,2184,111,85,21,crushing endgame long pawnEndgame quietMove,https://lichess.org/JF2hbiwL/black#64,
KsMYj,8/1p1k4/p4p2/3K2p1/3P3p/5P1P/PP3P2/8 w - - 1 33,b2b4 f6f5 d5e5 g5g4,2168,75,92,3768,crushing endgame pawnEndgame quietMove short,https://lichess.org/WUPURq67#65,
Kstay,8/p2r4/1p4PB/5k1P/2P1p3/1P6/P3K3/8 b - - 3 48,f5g4 h6f8 g4h5 g6g7 d7g7 f8g7,2134,74,94,8219,advancedPawn crushing endgame long quietMove,https://lichess.org/cFXtWGKC/black#96,
Kt0Ml,1k1b3r/1p3R2/r2p3p/2p1p1p1/2P1P1B1/1P1Pq3/2K5/5QNR w - - 1 38,f1b1 d8a5 h1h2 e3g3,2160,81,86,134,advantage middlegame quietMove short,https://lichess.org/PNeWBPa9#75,
Kt3oc,8/1pp5/p2b1kpp/6p1/3NK1P1/2P4P/PP4P1/8 b - - 1 34,c7c6 d4b3 f6e6 b3a5 b7b6 a5c6,2153,122,84,13,crushing endgame long quietMove,https://lichess.org/PBQw4kRn/black#68,
KtRFq,r4rk1/p1p3pp/1p1ppn2/5p2/PPNP4/2Q1Pq2/5P2/R3RBK1 w - - 0 22,c3b3 f6e4 a1a2 f8f6 c4e5 d6e5,2134,76,94,677,clearance crushing long middlegame quietMove,https://lichess.org/zbFkUThp#43,
KtSI0,8/7p/p3k1p1/1p3p2/1P1K1P2/P2P3P/8/8 w - - 5 40,d4c5 g6g5 f4g5 f5f4 g5g6 h7g6 c5d4 e6f5,2147,77,74,1032,crushing defensiveMove endgame pawnEndgame quietMove veryLong,https://lichess.org/PPhNawdk#79,
KtSIA,1rr3k1/5p1p/P2p2p1/1B1R4/5P2/7P/6PK/8 b - - 0 37,c8c5 d5c5 d6c5 b5c6 b8d8 a6a7,2125,77,90,105,advancedPawn advantage endgame long quietMove,https://lichess.org/Guc8k5TI/black#74,
KtaLH,1n6/1p1k4/pN1p3p/2pP2p1/P7/2P2rP1/2P4P/4R1K1 b - - 2 30,d7c7 a4a5 c7d8 e1e6,2119,77,85,88,crushing endgame quietMove short,https://lichess.org/cnmafqdw/black#60,
KtcO5,8/3B4/3p3k/p3p3/1pP1P2p/4KP2/P7/8 w - - 0 45,d7g4 a5a4 e3d3 h6g5 d3d2 g5f4,2191,76,78,68,bishopEndgame crushing endgame long quietMove,https://lichess.org/4Vd2fDcJ#89,
KtiOz,1r3rk1/p3pp1p/n4bp1/3pN3/3PnP2/1N2P3/P1qBR1PP/R3Q1K1 b - - 10 20,f8c8 d2a5 f6e5 e2c2,2141,76,86,604,crushing discoveredAttack master middlegame quietMove short trappedPiece,https://lichess.org/thG5zqVS/black#40,
Ktlo1,7b/2B5/2p2k2/3p4/P2P4/K1Pn4/8/8 b - - 1 48,d3e1 a4a5 f6e7 a5a6,2167,85,77,50,crushing endgame quietMove short,https://lichess.org/7TjfiLMM/black#96,
KtsMm,8/5pk1/3r2p1/7p/4KR1P/6P1/5P2/8 b - - 7 37,d6f6 f4f6 g7f6 e4f4 g6g5 h4g5 f6g6 f2f3 f7f6 g5f6,2151,76,90,419,crushing endgame quietMove rookEndgame veryLong zugzwang,https://lichess.org/WVd9QUxs/black#74,
KumbB,r1bqr1k1/p4ppp/2pbpn2/2p5/5P2/1PNP1N2/P1P3PP/R1BQ1RK1 w - - 3 12,f3e5 d6e5 f4e5 d8d4 g1h1 d4c3 e5f6 c3a1 d1g4 g7g6 g4f4 g8h8,2179,78,79,56,advantage clearance defensiveMove fork opening quietMove veryLong,https://lichess.org/vZ9iq4CD#23,Sicilian_Defense Sicilian_Defense_Grand_Prix_Attack
Kupvc,8/6B1/p3kp2/PpK5/3Pb3/8/7P/8 w - - 4 42,c5b6 b5b4 d4d5 e4d5 g7f8 b4b3 f8a3 f6f5,2129,75,100,114,bishopEndgame crushing defensiveMove endgame quietMove veryLong,https://lichess.org/bUsXzYxK#83,
Kuuwv,r1b2rk1/pp1p1pp1/2n1p2p/4P3/5PQP/2qB1N1R/P1P3P1/2KR4 b - - 1 15,c6b4 h3g3 b4d3 d1d3,2188,76,46,133,crushing middlegame quietMove short,https://lichess.org/pVxZlox5/black#30,Trompowsky_Attack Trompowsky_Attack_Classical_Defense
KuwNk,8/5p2/2N1nP1p/3KPk2/8/8/8/8 w - - 5 54,c6d4 e6d4 d5d4 f5e6 d4e4 h6h5 e4f4 h5h4,2186,85,90,934,crushing defensiveMove endgame knightEndgame quietMove veryLong,https://lichess.org/a4AvZkFz#107,
KvLUP,8/p6p/3pk1p1/1Pp3P1/2P5/8/P2K3P/8 b - - 0 43,e6e5 a2a4 d6d5 a4a5,2119,80,92,6547,crushing defensiveMove endgame pawnEndgame quietMove short,https://lichess.org/BDoTmUBx/black#86,
KvLXa,4k2r/4q3/4pRp1/p1rpP2p/Pp4p1/6P1/1KP2QP1/3R4 b k - 0 29,h8f8 d1f1 f8f6 e5f6 e7f8 f6f7,2156,75,91,1820,advancedPawn crushing endgame long quietMove,https://lichess.org/hTjaxlcQ/black#58,
KvzMC,5b1r/pp1k1ppp/4p3/3pP3/1P3P2/Pr6/1B1R1KPP/2R5 b - - 7 21,a7a5 d2c2 f8c5 b4c5,2117,77,89,819,advantage endgame quietMove short,https://lichess.org/1Snk9OOj/black#42,
KwAhd,7k/ppp3p1/2n3rp/P1B1p1q1/2PP1p2/2Q2B1b/2P2PP1/R3R1K1 w - - 1 24,f3c6 h3g2 e1e5 g5g4 c3g3 f4g3,2145,77,95,1743,advantage long middlegame quietMove,https://lichess.org/DcKktYpg#47,
KwLXN,8/p7/3k1p1p/1p1pbP2/6PP/1P1K4/P3N3/8 w - - 0 38,e2d4 e5d4 d3d4 b5b4 d4d3 d6e5,2165,91,83,29,crushing endgame long quietMove,https://lichess.org/sdL0pIvK#75,
Kwsil,8/K7/1p1k3p/3Np1p1/PP2Pp2/5P2/7P/4n3 b - - 0 45,e1f3 a7b6 f3d2 a4a5 d2e4 a5a6 d6d5 a6a7,2111,76,85,161,advancedPawn crushing endgame knightEndgame quietMove sacrifice veryLong,https://lichess.org/58suSkT5/black#90,
Kx8ll,3K4/4Rb1p/5k1P/1p3p2/pP6/P7/8/8 w - - 2 54,e7b7 f5f4 b7d7 f4f3 d7d3 f7h5,2157,76,88,187,crushing defensiveMove endgame long quietMove,https://lichess.org/68QGFuxb#107,
KxB0f,8/8/6p1/pK1k1p1p/P4P1P/2P5/8/8 w - - 3 49,b5a5 g6g5 f4g5 f5f4 g5g6 d5e6 c3c4 f4f3 c4c5 f3f2 g6g7 e6f7 g7g8q f7g8,2117,102,46,19,advancedPawn crushing endgame pawnEndgame quietMove veryLong,https://lichess.org/ItoACvEj#97,
KxEm9,8/8/7p/6p1/p3KPP1/7P/Pk6/8 b - - 0 40,b2a2 f4f5 a2b3 f5f6 a4a3 f6f7 a3a2 f7f8q a2a1q f8f7,2187,90,87,310,advancedPawn crushing endgame pawnEndgame promotion quietMove veryLong,https://lichess.org/B7Gpo68P/black#80,
KxQED,8/6p1/4kp1p/1p6/2p1K2P/P1P2P2/5P2/8 w - - 0 34,e4d4 h6h5 d4e4 g7g5 h4g5 f6g5,2187,107,83,17,crushing endgame long pawnEndgame quietMove,https://lichess.org/bAky2GYS#67,
KxnPW,2k2b1r/p2r1N2/1p4p1/1PpNq2p/2Pn4/3P4/P5PP/R2Q1RK1 b - - 1 23,d7f7 f1f7 f8d6 g2g3 h5h4 d1g4,2134,80,91,4302,advantage hangingPiece long middlegame quietMove,https://lichess.org/7fS7EjBa/black#46,
KxuUN,6k1/1p3p1p/p1r5/2Np2p1/1P6/P2NP1Pq/1B2bP1P/Q5K1 w - - 6 31,a1e1 c6h6 e1e2 h3h2 g1f1 h2h1,2183,77,91,153,kingsideAttack long mate mateIn3 middlegame quietMove sacrifice,https://lichess.org/M5ImRbRT#61,
Ky0Th,r5rk/pppnq3/5pB1/8/3P4/4BP2/P4P1P/1Q3R1K b - - 2 20,e7g7 f1g1 d7f8 g1g3 g7g6 g3g6,2171,142,67,23,advantage long middlegame quietMove,https://lichess.org/k0TNTlqu/black#40,
Ky2Rm,8/8/4k3/5pp1/3P4/6K1/5P2/8 w - - 0 39,f2f4 g5g4 g3f2 e6d5 f2e3 d5c4,2160,76,96,1542,crushing endgame long pawnEndgame quietMove zugzwang,https://lichess.org/NKDuOaws#77,
Ky34w,6B1/1b2R2p/6pk/p4p2/3p4/3P1P1P/1r4P1/6K1 b - - 1 33,a5a4 h3h4 g6g5 e7h7 h6g6 h4h5 g6f6 h7f7 f6e5 h5h6,2172,77,80,71,crushing endgame quietMove veryLong,https://lichess.org/CtRvXojP/black#66,
KzJq3,6k1/5p2/p2P2pp/1pr5/2P5/8/P5PP/2R3K1 b - - 0 27,g8f8 c1e1 c5c8 c4c5 c8c5 d6d7 c5d5 e1e8,2171,75,93,3937,advancedPawn crushing endgame quietMove rookEndgame veryLong,https://lichess.org/kYkuJPkt/black#54,
KzQKA,r2qk1nr/1pp1bpp1/p1np3p/8/2BPP1b1/BQN2N2/P4PPP/R4RK1 b kq - 3 11,g4f3 c4f7 e8f8 f7g6 d8e8 g6e8,2176,78,79,132,attackingF2F7 crushing long middlegame quietMove,https://lichess.org/9l5dpMNx/black#22,Italian_Game Italian_Game_Evans_Gambit
KzTnj,8/5pk1/2R5/2p1P3/2P1n1p1/P6p/1P6/6K1 w - - 0 37,a3a4 g4g3 c6f6 h3h2 g1g2 e4f2 g2g3 h2h1q,2112,78,84,188,advancedPawn crushing endgame exposedKing promotion quietMove veryLong,https://lichess.org/qBVQcpK1#73,
Kzr6D,5r2/pp1r2pk/2p5/3n2B1/2P5/P4p1P/1P3R2/2KR4 b - - 0 33,h7g6 d1g1 g6h5 c4d5,2189,76,93,5086,advantage endgame quietMove short,https://lichess.org/DJXGPMpy/black#66,
KzuYm,8/1p1kPK2/p7/8/2P5/4r1pP/1B4P1/8 b - - 0 42,e3e2 b2f6 a6a5 h3h4 a5a4 h4h5 a4a3 h5h6,2191,80,89,383,crushing endgame quietMove veryLong,https://lichess.org/bm4481jB/black#84,
Kzv5e,2N5/8/2k1n3/3pK3/6P1/8/8/8 b - - 5 56,d5d4 e5e6 d4d3 c8e7 c6c5 e7f5 d3d2 f5e3,2138,79,91,320,crushing defensiveMove endgame exposedKing hangingPiece knightEndgame quietMove veryLong,https://lichess.org/AIs7wbZD/black#112,
L0057,8/8/p7/4k1pp/1PK2p2/P4P2/6P1/8 w - - 0 44,a3a4 g5g4 f3g4 f4f3 g2f3 h5h4 g4g5 h4h3,2184,107,79,44,advantage endgame pawnEndgame quietMove sacrifice veryLong,https://lichess.org/SsGRT24P#87,
L0Mrd,8/4kp1R/3r1b2/p1pp1R2/Pr3P2/1P2P3/2BK4/8 b - - 1 47,d5d4 e3e4 d4d3 e4e5 d3c2 e5d6,2196,82,89,1711,crushing endgame fork long quietMove,https://lichess.org/jIKIA2FR/black#94,
L0dl3,r7/5R2/2q1P1pk/2p4p/1pBb1P2/3Q2PP/7K/8 w - - 1 37,e6e7 a8a1 d3f1 a1f1,2108,75,85,309,crushing endgame quietMove short,https://lichess.org/6suJz9rC#73,
L0elh,3r2k1/1p6/p7/3pr3/3R1p2/2P2Pp1/PPNR1nP1/6K1 w - - 3 33,d4f4 d8e8 d2f2 g3f2 g1f2 e5e2,2152,81,83,101,advancedPawn attraction crushing endgame long quietMove,https://lichess.org/wabJqnyU#65,
L0vsd,r2q1rk1/1b1n1pp1/p4b1p/P2pp3/1P2P3/2BB1N2/5PPP/R2Q1RK1 w - - 0 17,b4b5 d5e4 b5a6 b7c6 d3e4 c6e4,2185,77,93,2147,advantage fork long middlegame quietMove,https://lichess.org/hI39UEH3#33,Sicilian_Defense Sicilian_Defense_Modern_Variations
L1BgI,8/8/4k3/2P1p2p/2K3p1/5pP1/5P1P/8 w - - 0 40,c4b5 e5e4 b5b6 e4e3,2138,76,79,704,crushing endgame pawnEndgame quietMove short,https://lichess.org/e5EEKi5t#79,
L1qvV,r5k1/p4ppp/5r1q/5Q2/1BP2b2/P4P1P/2R2P2/3R1K2 w - - 7 33,f5d7 f6e6 d7d8 e6e8,2124,76,99,172,advantage middlegame quietMove short,https://lichess.org/zdEqZUb9#65,
L1tM9,r2q1rk1/4bpp1/p2p1n1p/1p1Pp3/3n4/N5N1/PPP2PPP/R1BQR1K1 b - - 0 15,f6d5 c2c3 b5b4 a3b1 b4c3 b2c3,2155,76,92,4395,advantage long opening quietMove,https://lichess.org/TQZoth1W/black#30,Sicilian_Defense Sicilian_Defense_Lowenthal_Variation
L1yzw,8/5pp1/4p1p1/2kpP3/1p3P1P/1P1K2P1/P7/8 b - - 1 38,f7f6 e5f6 g7f6 g3g4 c5d6 h4h5,2118,76,87,151,crushing endgame long pawnEndgame quietMove,https://lichess.org/VaTFp0mX/black#76,
L2FpE,4n3/5p2/1k3Ppp/1P2K3/7P/2N5/8/8 b - - 0 52,h6h5 c3e4 b6b5 e4d6 e8d6 e5d6,2171,78,85,49,crushing endgame exposedKing knightEndgame long quietMove,https://lichess.org/UlgOGMf1/black#104,
L2JbI,1Q6/pb3rkp/8/3pr1q1/2pR1p2/P1P2R2/2P2PP1/5BK1 w - - 2 28,b8a7 b7c8 a7b8 c8g4 f3f4 f7f4 d4f4 g5f4,2135,94,64,36,crushing middlegame quietMove veryLong,https://lichess.org/Mul6VuUy#55,
L2NAi,2r2rk1/1bqnbp1n/p2pp2Q/1p5P/3NPPP1/2N5/PPP3B1/1K1R3R b - - 0 17,b5b4 g4g5 f8e8 g5g6,2161,76,89,601,crushing middlegame quietMove short,https://lichess.org/MfIWeJHW/black#34,Sicilian_Defense Sicilian_Defense_Najdorf_Variation
L2WOh,8/5p2/1p5p/pP2bk2/P1p1p1b1/2PrP3/2QN1PK1/8 w - - 2 35,d2c4 g4f3 g2h3 d3d1 c2d1 f3d1,2156,76,86,189,crushing endgame long quietMove,https://lichess.org/vHWKZlNy#69,
L2hFA,8/8/8/p4kp1/2pP4/P1P2K2/1P6/8 w - - 0 44,d4d5 a5a4 d5d6 f5e6 f3g4 e6d6,2130,107,46,21,crushing endgame long pawnEndgame quietMove,https://lichess.org/ReJ4YdvG#87,
L2j5v,2r5/1b3r1k/p3pPRP/1p6/3p1P2/3B4/PPP5/1K6 b - - 0 34,f7c7 f6f7 h7h8 g6g7 c7f7 g7f7,2116,114,78,15,advancedPawn advantage endgame long master quietMove,https://lichess.org/S09Zi9ay/black#68,
L3YbP,8/8/7p/4k1p1/8/6P1/K4P1P/8 w - - 1 51,h2h4 g5g4 a2b1 e5e4 b1c2 e4f3,2168,76,93,6927,crushing endgame long pawnEndgame quietMove,https://lichess.org/5oiarGu3#101,
L3xuW,8/1b5p/p3p1p1/4BpK1/k1pP4/P4PP1/1P5P/8 w - - 5 39,f3f4 b7d5 e5d6 a4b3 d6b4 b3b2,2198,74,93,6828,advantage bishopEndgame endgame long quietMove,https://lichess.org/nPoOceq4#77,
L3yJf,7r/r3pk2/P2p2p1/R2P1p2/1R6/1P3QPq/5P2/6K1 w - - 1 32,b4b7 h3h6 g1f1 h6c1,2125,138,90,9,crushing endgame quietMove short,https://lichess.org/ymqwBdRS#63,
L486Y,8/1p4p1/p1p2p1p/2Pn4/1PBK1kPP/P7/8/8 b - - 3 37,f4g4 c4d5 c6d5 a3a4 f6f5 b4b5,2127,77,92,2600,crushing endgame long quietMove,https://lichess.org/hDFKtOsL/black#74,
L4JMm,8/1b1k3p/8/P1K1P2P/2P5/8/8/8 b - - 2 45,h7h6 c5b6 b7f3 c4c5 d7e6 c5c6,2136,76,91,304,bishopEndgame crushing endgame long quietMove,https://lichess.org/2Xd8O2pi/black#90,
L4j0v,8/p1b3k1/2q3p1/6Qp/4pP1P/4B1K1/1P6/8 b - - 1 57,a7a6 g5e7 g7g8 e3d4 c7f4 g3f4,2162,75,91,927,crushing endgame long quietMove,https://lichess.org/I2CChqNJ/black#114,
L54wl,r5k1/5p2/Pr3qp1/5P2/2Bp4/3P2b1/2P5/R2Q1RK1 w - - 0 32,f5g6 g3h2 g1h1 f6h4 d1g4 h4g4,2154,105,81,30,crushing long middlegame quietMove,https://lichess.org/ZWOIAENv#63,
L5DUg,1b2rr1k/1p4p1/p1p4p/5B2/6Q1/N1P3PP/PP1q4/R4R1K w - - 1 28,g4f3 e8e2 f3e2 d2e2,2153,77,84,212,crushing middlegame quietMove short,https://lichess.org/51Rw4gB9#55,
L5F0Y,r1b1R3/5pk1/2rR1b2/1Np3p1/P1P2K2/1B4P1/8/8 w - - 0 39,f4e4 c8b7 e8a8 c6d6,2193,76,88,268,crushing discoveredAttack master middlegame quietMove short,https://lichess.org/c7Z75e18#77,
L5RrK,8/6p1/5p1p/p2K1p2/k1P5/6P1/7P/8 b - - 1 48,a4b4 c4c5 a5a4 c5c6 a4a3 c6c7 a3a2 c7c8q a2a1q c8c5 b4b3 c5c4 b3b2 c4d4,2177,81,91,1655,advancedPawn crushing endgame pawnEndgame promotion quietMove veryLong,https://lichess.org/Af950rMN/black#96,
L5lDq,8/1p5p/p7/2P1k1p1/1P1p4/P2K2PP/8/8 b - - 0 46,h7h5 a3a4 e5d5 a4a5,2138,113,92,21,advantage defensiveMove endgame pawnEndgame quietMove short zugzwang,https://lichess.org/bTWRsPAG/black#92,
L6AuX,2r5/5kpp/p7/1pr5/1P6/P2P3P/6P1/2R3K1 w - - 0 32,c1c5 c8c5 b4c5 a6a5 g1f2 b5b4 a3b4 a5a4 f2e3 a4a3,2113,75,94,3496,crushing endgame quietMove rookEndgame veryLong,https://lichess.org/oIfVRSGw#63,
L6P5P,7r/2k3P1/8/2N1p2B/1n2P2P/8/bP6/2K5 b - - 2 48,h8h5 b2b3 b4d3 c1d2 d3c5 g7g8q,2150,133,100,35,advancedPawn defensiveMove endgame equality long promotion quietMove,https://lichess.org/QjPrbLDU/black#96,
L6VPF,8/4k3/4p3/3pPP1p/2pKn3/2P4P/8/4B3 b - - 0 47,e7f7 f5e6 f7e6 h3h4 e6f5 d4d5,2152,88,81,26,crushing endgame long master masterVsMaster quietMove zugzwang,https://lichess.org/HtPlqIqa/black#94,
L6nW6,2kr3b/p1p5/2p2P2/2qpp3/2b3Q1/2P5/PB6/2KR1B2 b - - 0 22,d8d7 f1h3 h8f6 g4d7,2196,88,80,37,advantage master middlegame quietMove short,https://lichess.org/wH5CMZ3n/black#44,
L6zmZ,4b3/6k1/1p2p2p/pP1pN1p1/P2P4/3QPP1P/1q4K1/8 w - - 3 42,g2g3 h6h5 f3f4 h5h4,2109,75,84,66,crushing endgame quietMove short,https://lichess.org/3OgBK9mt#83,
L7791,3b4/p7/Pp6/1Pp1kNp1/2P3Pp/5K2/5P2/8 b - - 0 39,d8c7 f5e7 e5d4 e7c6 d4c4 c6a7,2179,152,83,13,crushing endgame long quietMove,https://lichess.org/FgJ3xZsf/black#78,
L7Je4,3rr3/1p4k1/p1p2p1p/3Pp1p1/2NqP3/1Q3RP1/PP3PP1/6K1 b - - 3 34,e8e7 c4e3 d4e4 e3f5 e4f5 f3f5,2178,114,87,27,advantage endgame fork long quietMove,https://lichess.org/2EeTt6dK/black#68,
L7Qay,3r2k1/p2nq1p1/1p3pB1/3pP3/3P4/2P5/PP2K1R1/7R b - - 0 33,f6e5 g2h2 e5d4 e2d1,2101,74,96,584,advantage defensiveMove endgame quietMove short,https://lichess.org/gpq7SRMs/black#66,
L7SHV,r3r1k1/pp2bpp1/1qp2n1p/8/1P6/2P2QPP/P4PB1/R1B1R1K1 b - - 0 19,e7b4 e1e8 a8e8 c3b4 b6d4 a1b1 e8e1 g1h2,2143,77,90,3642,advantage intermezzo middlegame quietMove veryLong,https://lichess.org/pfXf0TJC/black#38,Caro-Kann_Defense Caro-Kann_Defense_Breyer_Variation
L7mb0,1r3rk1/2B2ppp/b1pp4/4p1q1/P3Pn1N/1P5P/2P2PP1/R2QR1K1 w - - 3 19,c7b8 f4h3 g1h2 h3f2 d1f3 g5h4 h2g1 f2g4 f3h3 h4f2,2195,76,83,68,clearance crushing deflection kingsideAttack middlegame pin quietMove veryLong,https://lichess.org/dnxGkZI9#37,Three_Knights_Opening Three_Knights_Opening_Other_variations
L82QF,8/7N/8/5k2/1p1b4/7K/1PP5/8 w - - 1 44,b2b3 d4g7 h3g3 f5g6,2128,92,72,24,crushing endgame quietMove short,https://lichess.org/nirrOXgO#87,
L88vl,r4r1k/2p3pp/4R2P/1p3p2/7q/1BPP1Q2/1P3P2/5K2 b - - 0 30,g7g6 f3e3 h4h1 f1e2 h1h6 e3h6,2185,78,97,132,crushing endgame long quietMove,https://lichess.org/xVtHzyar/black#60,
L8KU0,6r1/1p2k3/4p3/2p1p3/4P1n1/P1PP2R1/1P2B2p/6K1 w - - 0 31,g1g2 g8h8 g3h3 h8h3,2124,79,94,567,crushing endgame quietMove short,https://lichess.org/9cSeZiAd#61,
L9FD2,8/p7/1p2k1p1/5p1p/1P3K1P/P3P1P1/8/8 b - - 3 38,e6f6 b4b5 f6e6 f4g5 e6f7 g5h6,2194,80,86,188,crushing endgame long pawnEndgame quietMove zugzwang,https://lichess.org/GsN74vOA/black#76,
L9JZr,5k2/8/1p1KBp2/p7/5r2/8/8/7R b - - 0 55,b6b5 h1g1 f4d4 e6d5 d4d5 d6d5,2133,133,82,11,crushing defensiveMove endgame long quietMove,https://lichess.org/temjK9uK/black#110,
L9Qiw,R7/8/1r3p1p/3k2PP/6P1/6K1/4p3/8 w - - 0 58,a8a1 b6e6 g5g6 e2e1q a1e1 e6e1 g6g7 e1e8,2110,79,100,70,advancedPawn crushing defensiveMove endgame promotion quietMove rookEndgame veryLong,https://lichess.org/Cfztltno#115,
L9Uy3,8/8/2p5/1b3pB1/p2P1PkP/K7/8/8 b - - 1 48,g4f3 h4h5 b5c4 a3a4 f3e4 a4b4 e4d4 g5f6,2155,105,-83,22,bishopEndgame crushing endgame quietMove veryLong,https://lichess.org/70MqFNfF/black#96,
L9VZF,8/1p6/4p3/4Kp2/1b5k/2N2P2/1P6/8 w - - 0 54,e5e6 b4c3 b2c3 f5f4 e6d5 h4g3 d5e4 b7b5,2142,77,91,155,crushing defensiveMove endgame quietMove veryLong zugzwang,https://lichess.org/rj4rdwk5#107,
L9kBm,7R/pp6/1kp2P2/3p1K2/4r3/8/8/8 b - - 3 54,b6c7 f6f7 e4e2 h8h4 e2f2 h4f4,2191,82,91,2171,advancedPawn crushing defensiveMove endgame long quietMove rookEndgame,https://lichess.org/u7u18HnH/black#108,
L9l4w,5r1k/1p4p1/1n2p2p/pP1pP3/P6q/3B4/5PP1/2Q2RK1 b - - 0 30,h4a4 c1c5 b6d7 c5e7 a4b3 d3g6 b3b5 g6e8 b5c5 e7d7 c5c6 d7c6,2104,108,86,30,advantage endgame fork quietMove veryLong,https://lichess.org/xOggg7S3/black#60,
L9nxR,2rr1q2/p4Npk/1p2p2p/n2n3Q/3P4/PP4R1/5PPP/4R1K1 b - - 0 29,d8d7 h5g6 h7g8 f7h6 g8h8 g3h3 g7h6 h3h6 f8h6 g6h6,2171,76,87,205,advantage deflection middlegame pin quietMove veryLong,https://lichess.org/eiV7gyIf/black#58,
L9rlY,2r1k2r/Qp4p1/2q1Np1p/3npP2/8/1P1P1RPP/P7/R5K1 w k - 1 23,a1e1 d5b6 f3f2 c8a8 a7a8 b6a8,2155,75,91,1032,crushing long middlegame quietMove trappedPiece,https://lichess.org/IvCTw6zE#45,
LARwq,r3k2r/p4p2/1pp2q2/2Qp2pp/P1bPP3/2P2PPN/6P1/R3K2R w KQkq - 0 20,e4e5 f6g6 c5a3 g6c2,2168,114,73,19,crushing master middlegame quietMove short,https://lichess.org/ztHZj3IK#39,
LBemt,8/2p2r1k/R5pp/4Q3/1P2P3/1qr3NP/6PK/8 b - - 0 37,b3b4 a6a8 f7f8 a8f8 b4f8 e5c3,2109,81,90,848,crushing endgame long quietMove,https://lichess.org/gqY3rusV/black#74,
LBeqN,1R6/5p2/p3k3/1p6/7P/r5P1/5PK1/8 b - - 0 35,a3a4 h4h5 e6f5 b8g8,2181,75,93,4880,crushing defensiveMove endgame quietMove rookEndgame short,https://lichess.org/nlZvH1El/black#70,
LBtho,8/7p/8/1p2k1P1/2p1p2P/4K3/P1P5/8 b - - 0 38,b5b4 h4h5 e5f5 g5g6 h7g6 h5g6,2129,79,91,2442,crushing endgame long pawnEndgame quietMove,https://lichess.org/K0Uh5A5K/black#76,
LCBkt,8/3R4/8/8/8/4K3/p7/r2k4 b - - 5 65,d1e1 d7h7 e1d1 e3d3 d1c1 d3c3,2160,82,92,41,crushing defensiveMove endgame long quietMove rookEndgame,https://lichess.org/2E6BjU6G/black#130,
LCOHt,6r1/pp3k1p/2pq1npQ/3p1b2/3P4/2N1R2P/PP3PP1/5RK1 w - - 2 22,f1e1 g6g5 f2f4 g8g6 h6g5 g6g5,2110,77,90,753,advantage clearance long middlegame quietMove trappedPiece,https://lichess.org/MJVml9TO#43,
LCnxR,8/2RPk3/5p2/5Ppp/2PpP1r1/8/5K2/8 b - - 0 59,h5h4 c4c5 g4f4 f2e2,2132,81,79,45,crushing defensiveMove endgame quietMove rookEndgame short,https://lichess.org/eqTBcnzG/black#118,
LD4pH,1Rrk4/2pp1p2/p3pPp1/8/3P4/2K2P2/2P2P1r/1R6 b - - 5 32,h2f2 b1h1 f2f3 c3d2 d7d6 h1h8,2131,76,90,1358,advantage defensiveMove endgame long quietMove rookEndgame,https://lichess.org/cniB7VEu/black#64,
LDOUM,3r4/2p2p1k/4r1p1/7p/1p2p2R/6R1/P1Bn1PPP/B5K1 w - - 6 30,h4f4 f7f5 f4f5 g6f5 g3g7 h7h6,2160,84,71,67,advantage long middlegame quietMove,https://lichess.org/T1xEd3jp#59,
LDbwW,8/6p1/2p5/2Pp2Pp/PK1P3k/8/8/8 b - - 0 44,h4g4 a4a5 h5h4 a5a6 h4h3 a6a7 h3h2 a7a8q h2h1q a8c6,2147,74,83,191,advancedPawn crushing endgame pawnEndgame promotion quietMove veryLong,https://lichess.org/3B01PkIN/black#88,
LDppk,4r3/pp2r1k1/2p2R2/8/1P3P2/1b3B2/1P1R3P/7K w - - 1 37,d2d6 b3e6 f6e6 e7e6,2190,75,91,614,advantage endgame master quietMove short,https://lichess.org/j1KxLUnL#73,
LESwZ,2r3k1/p4pp1/5q1p/8/Q7/8/P2r1PPP/R2R2K1 w - - 6 25,a4a7 c8d8 d1f1 f6a1,2142,274,-87,5,crushing endgame quietMove short,https://lichess.org/n0IvDdQf#49,
LEf6Y,6b1/6p1/1p1k2P1/2p2PK1/p1P5/8/P3B3/8 b - - 2 36,d6e5 a2a3 e5d4 f5f6 g7f6 g5f6,2130,75,87,246,bishopEndgame crushing endgame long quietMove zugzwang,https://lichess.org/GKy4hXGf/black#72,
LFG9A,r2q1rk1/ppp1p1b1/2np2p1/5bN1/8/2P5/PBPPQ1PP/R4RK1 b - - 8 13,e7e5 e2c4 d6d5 c4h4 d8g5 h4g5,2133,77,87,746,advantage long middlegame quietMove,https://lichess.org/ObBhIb2t/black#26,Modern_Defense Modern_Defense_Other_variations
LFJQB,r1bq1rk1/p4ppp/2nbpn2/3p4/Q1pP4/2P1PNB1/P2N1PPP/1R2KB1R b K - 2 11,c8d7 g3d6 c6d4 a4d1 d7a4 d1a4,2140,76,84,134,advantage long middlegame quietMove,https://lichess.org/BjBMT4AX/black#22,Queens_Pawn_Game Queens_Pawn_Game_Steinitz_Countergambit
LFNWU,3QR3/kpp5/p1p5/8/2PP2pK/1r4Pb/3q4/8 b - - 5 47,d2f2 c4c5 f2f6 d8f6,2116,112,85,13,crushing endgame quietMove short,https://lichess.org/kvOIWMIN/black#94,
LFaJN,8/6pp/1P2p3/8/3NP1k1/3K4/7b/8 b - - 0 43,h7h5 d4c6 h5h4 e4e5 h4h3 b6b7 h2g1 b7b8q,2161,77,91,812,advancedPawn crushing endgame master promotion quietMove veryLong,https://lichess.org/Ed1tjQeN/black#86,
LFhlG,7R/p2r3p/2k3pK/4pp2/8/8/P4PPP/8 w - - 10 44,h8h7 d7h7 h6h7 e5e4 h7g6 f5f4,2120,78,86,116,crushing defensiveMove endgame long quietMove rookEndgame,https://lichess.org/zfnDNGqe#87,
LFmMn,8/pp6/8/2P5/PPk3p1/Bn3p2/5P2/5K2 b - - 2 43,b3a1 b4b5 c4d5 a4a5 a1c2 c5c6 b7c6 b5b6,2197,75,94,1024,advantage endgame quietMove veryLong,https://lichess.org/Xxuz7a7U/black#86,
LFnuP,8/5kpK/2R4p/7P/4P1r1/3P4/8/8 w - - 4 45,c6g6 g4g6 h5g6 f7f8 d3d4 h6h5 d4d5 h5h4 d5d6 h4h3 d6d7 f8e7 h7g7 h3h2 d7d8q e7d8 g7f7 h2h1q,2165,75,92,2824,advancedPawn crushing endgame promotion quietMove rookEndgame veryLong,https://lichess.org/Ryx9E7ht#89,
LG7gR,1Q3R2/p2r1pkp/4p1p1/3p4/P5P1/7P/6PK/5q2 b - - 0 36,f1e2 g4g5 e2e5 b8e5,2137,76,89,1371,advantage endgame quietMove short,https://lichess.org/pXHrSBjk/black#72,
LG7td,2r5/5pk1/3p2p1/p3p1P1/4P3/K2b2N1/1P3rPR/2n4R b - - 3 31,c8c2 h2h8 c2c3 a3a4,2166,75,93,937,advantage defensiveMove middlegame quietMove short,https://lichess.org/5I93XkQ7/black#62,
LGF8W,r4r1k/1pp2Qpp/1p1p1n2/5q2/3p4/P2P2PP/BPP2P2/R4RK1 w - - 0 21,f7c7 f5h3 c7b7 d6d5 b7d5 f6d5,2123,76,90,746,crushing long middlegame quietMove,https://lichess.org/nMzrGW6U#41,
LGM6f,8/3k4/2p5/2P4R/2P1Pb2/6r1/2K3p1/6B1 w - - 4 42,c2d1 g3f3 d1e2 f3f1,2120,76,91,675,advantage endgame master masterVsMaster quietMove short,https://lichess.org/nt9CUTck#83,
LGbco,3r1rk1/2qn1pp1/2p2n1p/pp2pN2/4P3/P2BQ2P/1PP2PP1/3RR1K1 w - - 7 19,f5h6 g7h6 e3h6 f6h7 e1e3 g8h8,2197,82,90,562,advantage defensiveMove long middlegame quietMove,https://lichess.org/LnxSG25m#37,Caro-Kann_Defense Caro-Kann_Defense_Other_variations
LGq2S,5r2/1N3bk1/p1p1p1r1/2R5/8/3P2pK/PPP3P1/4R3 w - - 1 34,c5c4 e6e5 c4g4 f7e6,2105,80,74,44,clearance crushing endgame pin quietMove short,https://lichess.org/2x1YePEV#67,
LH16R,5k2/3p1p2/p2P1R2/1p4Kp/1P6/P2r3r/8/5R2 b - - 1 35,d3d5 g5h6 f8e8 f1g1 d5d6 f6d6,2189,93,82,29,advantage defensiveMove endgame long quietMove rookEndgame,https://lichess.org/sbWEEVMA/black#70,
LHaEP,2k5/2q3p1/p2Rp3/2P2p2/8/P3PN1r/2P3K1/1R6 b - - 1 26,h3h6 f3e5 c7c5 d6c6 c5c6 e5c6,2139,76,89,918,advantage endgame exposedKing fork long quietMove,https://lichess.org/HcuF67Ph/black#52,
LHiJq,8/8/2pk1p2/2b1pPp1/P3P1P1/NK6/8/8 b - - 2 48,c5a3 b3a3 d6c5 a3b3 c5d4 a4a5 d4c5 b3a4,2171,79,94,5038,crushing defensiveMove endgame quietMove veryLong zugzwang,https://lichess.org/U8XZVXwp/black#96,
LIBKq,7r/2q5/4p1k1/1R2Pp2/P2p1Pp1/3Q2K1/5BP1/8 w - - 4 41,d3b3 c7e7 b3e6 e7e6,2111,76,91,410,crushing endgame master quietMove short,https://lichess.org/voqK74DB#81,
LIDnk,3r4/8/4p3/R4kpK/3P1p2/8/5PP1/8 b - - 4 48,d8d5 a5d5 e6d5 f2f3 f5f6 h5h6,2141,76,84,678,crushing endgame long quietMove rookEndgame zugzwang,https://lichess.org/EZmWu91H/black#96,
LIFoJ,8/8/4p3/5k1p/7P/4KP2/8/8 w - - 6 49,e3f2 f5f4 f2g2 f4e3 g2g3 e6e5 g3g2 e3e2,2101,75,93,682,crushing endgame pawnEndgame quietMove veryLong zugzwang,https://lichess.org/HXmWaJ74#97,
LIdFM,r2r2k1/pp2bpp1/4p3/2p3PR/2qPPP2/2P5/P1QK1B2/R7 b - - 0 25,c5d4 a1h1 f7f5 g5g6,2143,79,90,846,crushing middlegame quietMove short,https://lichess.org/hciag5sq/black#50,
LIdwZ,r1q4r/p2k4/2p1p3/3pPnpp/8/B7/1RQ2PPP/5RK1 b - - 7 25,g5g4 f1b1 a8b8 b2b8 c8b8 b1b8,2155,81,82,43,crushing long middlegame quietMove,https://lichess.org/fbzHa96I/black#50,
LK5CA,1k2r3/pp3p1p/5p2/2p5/8/5q2/PQ3PRR/7K w - - 4 30,b2c1 e8d8 h2h4 d8d1 c1d1 f3d1,2191,77,93,3980,crushing endgame exposedKing fork long quietMove,https://lichess.org/JwUie8hm#59,
LKNKp,r7/pbN3k1/1p3p2/3P2pR/2PQp3/1P2Pp2/PK3P2/6q1 b - - 4 32,g1f2 b2a3 g7g6 h5h1 f2c2 c7a8,2132,118,83,25,crushing defensiveMove endgame long quietMove,https://lichess.org/3LvJ8Ucf/black#64,
LKbRf,rnbq1rk1/5p1p/2p3pP/p2p3R/1p1P2P1/3BBQ2/PPP5/2KR4 b - - 1 16,g6h5 g4h5 g8h8 d1g1 a8a7 g1g7,2185,107,83,25,advantage long middlegame quietMove,https://lichess.org/m0pMxA1J/black#32,French_Defense French_Defense_Rubinstein_Variation
LKuZK,8/5K2/Q7/7p/P3k3/1P6/5q2/8 w - - 1 54,a6f6 f2f6 f7f6 h5h4 a4a5 e4d5,2197,78,95,2754,crushing defensiveMove endgame long queenEndgame quietMove,https://lichess.org/DltHm28U#107,
LL0Gu,r4rk1/2nb1pb1/n5p1/2PPp2p/p3P2P/q3BP2/B3NQP1/R4RK1 b - - 0 25,a6b4 a2c4 a3a1 f1a1,2155,84,81,54,advantage middlegame quietMove short,https://lichess.org/OWxPlqEg/black#50,
LLKEH,8/6p1/7p/4N3/1kp1bPPP/8/3K4/8 b - - 0 41,g7g5 f4g5 h6g5 h4h5 c4c3 d2c1 b4c5 e5d7,2151,134,82,10,crushing endgame quietMove veryLong,https://lichess.org/KSgeVPH5/black#82,
LLgL9,8/2p5/1p1p2k1/p3r1p1/P1PK3P/1P4R1/8/8 w - - 0 49,g3g5 e5g5 h4g5 c7c6 d4e4 g6g5,2113,77,91,299,crushing endgame intermezzo long quietMove rookEndgame,https://lichess.org/MqniH3S5#97,
LMBdL,8/1p3kpp/3pN3/1PpP3P/8/b7/6PK/8 w - c6 0 40,d5c6 f7e6 c6b7 d6d5 h2g3 a3d6,2151,81,86,74,crushing endgame long quietMove,https://lichess.org/SqInWuUB#79,
LMDmn,8/3n2p1/5p2/1p1k1P1K/1P4P1/3N4/8/8 b - - 12 56,d7e5 d3e5 f6e5 g4g5 e5e4 f5f6,2197,74,92,498,crushing endgame knightEndgame long quietMove,https://lichess.org/kpgxtdwn/black#112,
LMiPN,8/8/6p1/3k2Bp/2p4P/2K2p2/8/8 w - - 0 53,g5e3 g6g5 h4g5 h5h4 g5g6 d5e6,2189,75,75,67,bishopEndgame crushing defensiveMove endgame long quietMove,https://lichess.org/n4RW9xuK#105,
LN238,1k3r2/1pp4P/p2p4/3Pp3/4NbP1/5n2/PP6/K6R b - - 0 31,f3h2 g4g5 f4g5 e4g5,2194,76,90,904,advantage endgame quietMove short,https://lichess.org/CoOLodwp/black#62,
LNFFz,8/1p4p1/p1k4p/P7/2K3P1/5P1P/8/8 b - - 5 50,g7g5 f3f4 g5f4 h3h4 f4f3 c4d3 f3f2 d3e2 f2f1r e2f1,2124,75,92,3610,crushing endgame pawnEndgame quietMove veryLong,https://lichess.org/7IVZ6K8V/black#100,
LNLnV,n7/4k3/2K4p/P3B1p1/5p2/8/7P/8 b - - 1 38,f4f3 e5g3 h6h5 c6b7 e7d7 b7a8,2181,84,89,734,crushing endgame long quietMove trappedPiece,https://lichess.org/T60Tcwsa/black#76,
LNtlk,1r4k1/p4ppp/3bp3/q2p4/3P4/Pr5P/1P1BQPP1/1R3RK1 b - - 4 18,b3b2 d2a5 b2e2 b1b8 d6b8 f1c1 h7h5 c1c8 g8h7 c8b8,2154,75,88,144,advantage fork middlegame quietMove veryLong,https://lichess.org/FrujfOzs/black#36,Benoni_Defense Benoni_Defense_Other_variations
LOetc,8/6k1/8/3b1PPK/7P/8/8/8 b - - 2 59,d5e4 h5g4 e4c2 h4h5 c2d1 g4h4,2193,76,88,205,bishopEndgame crushing defensiveMove endgame long quietMove,https://lichess.org/q7PSBhDy/black#118,
LOf7x,q5k1/3rpp1p/6p1/3PQ3/2P5/4BKPP/5P2/8 b - - 2 33,a8d8 e3h6 f7f6 e5e6 g8h8 e6f7 d8g8 h6g7 g8g7 f7e8 g7g8 e8d7,2115,77,89,941,crushing endgame fork quietMove sacrifice veryLong,https://lichess.org/5KiXVLLZ/black#66,
LOgp9,3q3r/R1p1k1pp/1p1p1p2/1P1P4/2P1P3/3K3B/5P1P/6R1 b - - 1 24,e7f7 h3e6 f7f8 g1a1 f8e7 a7b7 f6f5 a1a7,2147,78,82,71,clearance crushing defensiveMove endgame quietMove veryLong,https://lichess.org/3JOFO76e/black#48,
LOyXU,3R4/1P3pkp/4p1p1/1K6/8/8/8/2r5 b - - 5 56,h7h5 d8d4 c1b1 d4b4,2135,74,98,354,advantage defensiveMove endgame quietMove rookEndgame short,https://lichess.org/eYw4ZsVK/black#112,
LOzp1,8/8/5k2/3n4/B2P4/1p3p2/1K6/8 w - - 0 48,a4b3 d5e3 b3a4 e3c4 b2c3 f3f2,2119,76,94,1097,advancedPawn crushing endgame exposedKing long quietMove,https://lichess.org/0wflRFcj#95,
LP18N,5r1k/4P3/3N4/3p3K/P5p1/6b1/8/8 b - - 0 41,f8a8 d6f7 h8g7 f7d8 a8a6 e7e8q,2152,78,91,2295,advancedPawn crushing endgame long promotion quietMove,https://lichess.org/s3rABMi7/black#82,
LP9HI,5R2/kp6/8/p1P5/2PPP3/4K3/6r1/8 w - - 2 42,f8f2 g2f2 e3f2 a5a4 e4e5 a7b8 f2e3 a4a3,2149,78,90,1133,crushing endgame quietMove rookEndgame veryLong,https://lichess.org/2RARuwDP#83,
LPKOV,8/pp6/3Pk2p/2P1prp1/8/P5K1/1P5P/4R3 b - - 0 32,b7b6 e1d1 e6d7 c5c6 d7c6 d6d7,2164,76,86,146,advancedPawn crushing endgame long quietMove rookEndgame,https://lichess.org/1Fl7pAWX/black#64,
LPQiQ,6k1/pQb3p1/4nrqp/4p3/1P1p1p2/P2P4/5PPP/R1B2RK1 w - - 0 26,b7a7 f4f3 g2g3 g6g4 g1h1 f6f5 a7a8 c7d8 a8c6 f5h5,2169,111,79,27,crushing defensiveMove middlegame quietMove veryLong,https://lichess.org/vjhj2FXT#51,
LPjnP,r5k1/6p1/p7/3p2N1/Q1p2RP1/3pq1KP/Pr6/5R2 w - - 7 34,g3h4 b2b6 g5f7 d3d2,2160,222,-83,9,advancedPawn crushing middlegame quietMove short,https://lichess.org/ajz6R0iC#67,
LQQLi,5k2/4qB2/6PP/5P2/6K1/8/8/8 b - - 3 52,e7f6 f7b3 f8e7 g6g7 f6b2 g7g8q,2194,114,86,24,advancedPawn crushing endgame long master promotion quietMove,https://lichess.org/FGfCRD5J/black#104,
LQkeJ,8/8/pK6/8/PP5p/8/2P3k1/8 w - - 1 41,b6a6 h4h3 c2c4 h3h2 c4c5 h2h1q c5c6 h1h7 a6b6 h7e4 c6c7 e4a8,2139,167,48,8,advancedPawn crushing endgame pawnEndgame promotion quietMove veryLong,https://lichess.org/GputnmYI#81,
LR2sc,8/1p2P2R/2k2Kp1/p7/8/7P/4r3/8 b - - 0 52,a5a4 h7h8 e2e7 f6e7,2118,75,97,137,crushing endgame quietMove rookEndgame short,https://lichess.org/qGK8mVl1/black#104,
LRUy6,1r6/p3k1pp/2n2p1n/2Nrp3/8/4P2P/PP2KPP1/R2N3R w - - 5 18,c5d3 b8d8 a1c1 d5d3 c1c6 d3d2,2150,76,92,683,advantage long middlegame quietMove,https://lichess.org/MfcNU6U7#35,Queens_Gambit_Accepted Queens_Gambit_Accepted_Other_variations
LRXF5,8/8/3P4/8/2P3R1/4kp1P/Pr6/6K1 w - - 0 47,d6d7 f3f2 g1g2 b2b1 g4e4 e3e4,2134,89,87,33,advancedPawn crushing endgame long quietMove rookEndgame,https://lichess.org/PbA8fAy9#93,
LRgwL,r3r1k1/6p1/p1q2bQ1/1pp2P2/2npN3/5P2/PPP4P/4R1RK b - - 2 25,g8f8 e4g5 f6g5 g6c6,2183,87,78,39,advantage middlegame quietMove short,https://lichess.org/VcZz2R5p/black#50,
LRu69,4rrk1/2R3bp/2B3p1/pp3p2/2p5/2P2P2/PP4PP/2R3K1 b - - 1 25,e8e2 c1d1 g7e5 c7b7 f8b8 b7b8 e5b8 d1d8 g8g7 d8b8,2121,146,72,27,crushing endgame fork quietMove veryLong,https://lichess.org/srhUqxWQ/black#50,
LRxe4,r4rk1/pp3p1p/1qpb1Qp1/6B1/8/3B4/PPP3P1/4R2K b - - 1 21,f8d8 g5h6 d6f8 e1e7 b6f2 f6f2,2182,77,86,433,advantage long middlegame quietMove,https://lichess.org/ziisP4Cy/black#42,
LS23a,r1b3k1/pp3pb1/1qpp4/6pB/7B/2PP4/PPQ2PPP/4R2K b - - 0 19,g5h4 e1e8 g7f8 c2d2 c8f5 e8a8,2187,81,90,810,crushing long middlegame quietMove,https://lichess.org/XtuAFeXR/black#38,Russian_Game Russian_Game_French_Attack
LSKbB,8/R4pkp/R5p1/p7/5Pn1/6P1/r5KP/8 w - - 4 34,g2h3 h7h5 h3h4 g7h6 h2h3 a2h2 a7f7 g4f2,2185,80,80,108,advantage endgame pin quietMove veryLong,https://lichess.org/xCL6VBmJ#67,
LSOke,5b2/8/4pP2/4P1pp/2PPp1k1/p7/5K2/1B6 b - - 0 45,g4f5 c4c5 f5f4 c5c6,2139,79,86,78,bishopEndgame crushing endgame quietMove short,https://lichess.org/doZyHTN4/black#90,
LSPQR,6k1/1p3p2/8/5pP1/pP1P4/8/1K3P2/8 b - - 0 42,g8f8 b4b5 b7b6 b2a3 f8e7 a3a4,2143,76,85,86,crushing endgame long pawnEndgame quietMove,https://lichess.org/l9I4njED/black#84,
LSQj5,r5kn/5b2/p3p1pB/1p1p4/3q1NQP/P5P1/1P6/5R1K b - - 0 28,a8c8 f4h5 d4e5 h5f6 e5f6 f1f6,2192,75,84,218,crushing exposedKing long middlegame pin quietMove,https://lichess.org/yukSil82/black#56,
LSyfG,2k5/2q2p1p/1pN1pp2/pP5r/P1P5/6P1/5P2/R2R2K1 b - - 0 27,f6f5 d1d3 f5f4 a1d1 h5c5 d3d8,2126,146,78,14,clearance crushing endgame long quietMove,https://lichess.org/NtSc6kmU/black#54,
LTGB4,2kr3r/1p6/8/3b4/3Np3/P1P2pp1/1P3P1P/3RR1K1 w - - 0 24,h2g3 h8h5 d4f3 e4f3,2102,84,85,83,advantage endgame quietMove short,https://lichess.org/Ch5ELiPi#47,
LTSuo,5k2/pp4p1/2pBp1q1/3p1rp1/6Q1/nP2P3/2P2P2/2K4R b - - 1 29,f8f7 h1h8 g6h6 h8h6,2111,79,83,81,crushing endgame quietMove short,https://lichess.org/hx6ALcrw/black#58,
LTWd6,3r2k1/1p3p2/p1p2R1p/7P/2b1B3/P5P1/1P6/2K5 w - - 0 34,f6h6 c4b3 e4c2 b3c2,2160,76,89,933,crushing endgame quietMove short,https://lichess.org/878auA05#67,
LTZnT,4rk2/2pq4/p1pp1p2/5NP1/8/5Q2/PP3Pn1/3R2K1 b - - 0 33,g2e1 f3h3 e1f3 h3f3,2144,85,76,29,crushing endgame quietMove short,https://lichess.org/nFK1nOdQ/black#66,
LTeS5,Q4rk1/p2n1pp1/4p2p/4N1q1/2pP2b1/2P5/PP4PP/R4RK1 w - - 1 17,a8a7 g5e3 g1h1 d7e5 f1e1 g4e2 e1e2 e3e2,2111,85,58,49,advantage kingsideAttack middlegame quietMove veryLong,https://lichess.org/XooZDaik#33,Blackmar-Diemer_Gambit Blackmar-Diemer_Gambit_Teichmann_Variation
LTrcT,8/3k4/6R1/2pp3R/3r1p1P/6PK/5r2/8 b - - 2 50,f4g3 h5h7 d7e8 g6a6 f2f7 a6a8 e8e7 a8a7,2136,76,93,3812,crushing endgame exposedKing quietMove rookEndgame veryLong,https://lichess.org/nifP3ILE/black#100,
LUTCh,8/6p1/2k2pK1/8/5P2/8/8/8 b - - 3 53,c6d7 f4f5 d7d6 g6g7 d6e5 g7g6 e5e4 g6f6,2193,77,90,722,crushing endgame pawnEndgame quietMove veryLong zugzwang,https://lichess.org/3mO9HYt7/black#106,
LUaVe,8/B7/1p5p/2kp2p1/6P1/2b1K2P/P4P2/8 w - - 0 35,e3d3 c3e5 a2a4 c5c6 a4a5 b6a5,2192,105,82,30,bishopEndgame crushing endgame long quietMove,https://lichess.org/VK0WaIYe#69,
LUdIh,1r6/5p2/1n1k4/1B4R1/4P1P1/pP3PK1/2P5/8 w - - 0 35,b5d3 b8a8 g5h5 a3a2,2148,78,86,133,advancedPawn advantage endgame master quietMove short,https://lichess.org/NEjCowDR#69,
LUsv3,8/p5k1/1pq1p2p/3pPp2/P2P3P/1P2Q1P1/3K4/8 w - - 5 36,e3c3 c6c3 d2c3 g7g6 c3b4 g6h5 b4b5 h5g4 b5c6 g4g3 c6d6 f5f4 d6e6 f4f3 e6d7 f3f2,2188,81,91,980,advancedPawn crushing endgame queenEndgame quietMove veryLong,https://lichess.org/gC2Tdztk#71,
LUtFD,2r5/1p3p2/p1b1p1p1/N1Rp1k1p/1P1P1P1P/P4KP1/8/8 b - - 1 34,f7f6 a5c4 e6e5 c4d6 f5e6 d6c8,2101,76,80,58,crushing endgame fork long pin quietMove,https://lichess.org/T5kkODGP/black#68,
LVBQZ,8/4R2p/p2k1p2/6p1/1P1p4/P6b/2p4P/4R2K w - - 0 36,e7e8 d4d3 e8e3 h3f5 e3d3 f5d3,2195,76,82,120,crushing endgame long quietMove,https://lichess.org/WzVj7xNK#71,
LVGlZ,1k5r/p1p5/1p2P3/8/3P4/1qP5/6Qp/4R2K b - - 0 51,h8e8 g2c6 e8e7 e1f1 b3e6 f1f8 e6c8 f8c8,2153,83,85,32,advantage endgame quietMove veryLong,https://lichess.org/YYyK2Tln/black#102,
LVObw,8/8/2p1p1p1/p1Pp1k1p/P2PnP2/4P3/2K3R1/8 w - - 8 48,c2d3 h5h4 d3e2 h4h3 g2h2 f5g4,2100,76,94,5987,crushing endgame long quietMove,https://lichess.org/9e3z77Fy#95,
LVXeo,8/7k/8/4n3/P1P5/1K6/8/8 b - - 0 59,e5d3 a4a5 h7g6 b3a4 d3c5 a4b5,2190,83,95,36,crushing defensiveMove endgame knightEndgame long quietMove,https://lichess.org/WAVClIqT/black#118,
LVYG2,8/1N2r2k/2Q3pp/P4p2/1P2pn2/5P1P/3R2PK/5q2 w - - 0 49,c6f6 e7b7 f3e4 f4e2 d2e2 f1e2,2104,80,90,1112,crushing endgame long quietMove,https://lichess.org/XSUBeuIa#97,
LVgG8,8/7p/p1k3p1/P1p2p2/2K2P2/6PP/2P5/8 w - - 1 41,h3h4 h7h6 c4d3 c6b5,2152,78,91,503,crushing endgame master pawnEndgame quietMove short zugzwang,https://lichess.org/yfb43Il7#81,
LVr5s,8/3k4/1np5/4BK2/2PP4/p2P4/6P1/8 w - - 0 44,f5e4 b6d5 c4d5 c6d5 e4d5 a3a2,2164,75,95,1040,advancedPawn crushing endgame long quietMove sacrifice,https://lichess.org/2wJP5tA6#87,
LVx5J,3n3r/4k2p/p3pRp1/1p2P3/3PN3/r7/6PP/5RK1 b - - 0 28,b5b4 f1c1 a3c3 e4c3,2155,77,12,55,crushing endgame quietMove short,https://lichess.org/h2efHwOr/black#56,
LWPGJ,3r1rk1/5pp1/8/8/6R1/2Qp2PP/4qP2/2R3K1 b - - 2 41,g7g6 g4h4 f7f6 c3c7,2193,77,85,95,crushing endgame quietMove short,https://lichess.org/JmXp3yho/black#82,
LX15M,6k1/4bpp1/1N5p/2p5/P1P5/4PK1P/rp3PP1/1R6 w - - 0 37,a4a5 e7f6 b6d7 f6c3 f3e4 a2a1,2108,76,93,3302,crushing endgame long quietMove,https://lichess.org/B7QvQjfP#73,
LXLAY,8/8/1pp2p1p/3n4/1Pk3PP/3N1P2/3K4/8 b - - 0 42,d5b4 d3b4 c4b4 f3f4 b4c5 g4g5 f6g5 f4g5 h6h5 g5g6,2123,79,91,68,crushing endgame knightEndgame quietMove veryLong,https://lichess.org/r6e3HA5R/black#84,
LXWB1,3rqb1k/p4ppp/1p2p3/n2r4/7Q/1PBNR3/2P2PPP/R5K1 b - - 5 23,a5c6 e3h3 h7h5 d3f4,2120,91,82,32,advantage middlegame quietMove short,https://lichess.org/T2df2V7Q/black#46,
LXiQu,5r2/8/p5k1/1p6/2p3P1/P1Pb3P/1P2p2K/4Q3 w - - 1 46,e1h4 f8f1 h4h5 g6f6,2182,82,69,42,crushing endgame quietMove short,https://lichess.org/aNIN6IPE#91,
LXkMq,8/2nR2pk/4p1pp/3pP2P/2r2N2/6P1/7K/8 b - - 0 46,g6g5 f4g6 c4a4 d7c7,2153,80,91,5327,crushing endgame quietMove short,https://lichess.org/VsxWokeJ/black#92,
LY05Z,1k3r1r/2p5/3p4/1p4qp/p2pP3/PB1P3Q/1PP2P2/R4R1K w - - 0 25,b3a2 f8f4 f1g1 g5f6 g1g2 f4h4 h3h4 f6h4,2113,75,97,387,advantage middlegame pin quietMove veryLong,https://lichess.org/N6iouU3v#49,
LY0xS,8/p1k2p2/4bP2/PK2P3/7P/8/8/8 b - - 4 51,c7b7 h4h5 b7c7 h5h6 e6f5 e5e6 f5e6 h6h7,2183,79,93,2258,advancedPawn bishopEndgame crushing endgame quietMove veryLong,https://lichess.org/7RpYj1Si/black#102,
LY5Fm,8/8/2k2p2/7K/5rRP/8/8/8 b - - 2 58,f4f5 h5g6 f5f1 h4h5 f6f5 g4h4,2131,77,91,843,clearance crushing defensiveMove endgame long quietMove rookEndgame,https://lichess.org/hxYquboj/black#116,
LYmNk,8/1p2k3/p3p1pp/4P3/1P2K1P1/P6P/8/8 b - - 2 44,e7f7 e4d4 b7b6 a3a4 f7e8 a4a5 e8d7 a5b6 d7c6 b6b7 c6b7 d4c5 g6g5 c5d6,2120,121,22,19,advancedPawn crushing endgame pawnEndgame quietMove veryLong,https://lichess.org/bvpdnIq1/black#88,
LZFKa,Q7/5ppk/1p1bp3/3p2q1/1P1P4/P2NP3/5PPn/2B4K w - - 0 29,a8c6 g5h5 d3f4 d6f4,2185,78,72,267,crushing endgame quietMove short,https://lichess.org/plqd84kh#57,
LZIIZ,8/p4p2/6pp/4k3/4P3/1P2K3/P6P/8 w - - 5 37,a2a4 a7a5 b3b4 a5b4 a4a5 e5d6,2143,79,90,339,advantage defensiveMove endgame long pawnEndgame quietMove,https://lichess.org/q3U0qVnt#73,
LZR4a,4kr2/5pQP/p3pPp1/2Pp1n2/8/8/PP5q/1KR5 w - - 1 35,g7f8 e8f8 c5c6 f5d6 c6c7 d6c8,2119,81,91,740,crushing defensiveMove endgame hangingPiece long quietMove,https://lichess.org/Xefiw1wB#69,
LZozB,5k2/2R2R1p/3p4/2p3K1/3r2P1/8/6r1/8 b - - 0 50,f8e8 c7e7 e8d8 e7a7 d4g4 g5h5 g4g5 h5h6 g5g6 h6h7 g6g7 f7g7,2187,109,86,21,crushing endgame quietMove rookEndgame veryLong,https://lichess.org/GjPoedB0/black#100,
LZv6S,8/1p2rpR1/p1p2B2/3r3k/1Pb1p2P/2P5/2K2P2/7R b - - 0 27,e7d7 h1g1 d5d2 c2c1 d2d1 g1d1 d7d1 c1d1,2110,85,77,39,crushing endgame quietMove veryLong,https://lichess.org/TugcyRBM/black#54,
La4ta,8/8/7p/1P2q1p1/8/4kp1P/6PK/1Q6 w - - 0 58,h2g1 f3f2 g1f1 e5c3 g2g3 c3c4 f1g2 c4d5,2158,76,92,361,advancedPawn crushing endgame queenEndgame quietMove veryLong,https://lichess.org/YWEZq6FP#115,
LagzW,8/5ppp/8/3K1k2/5P2/6P1/7P/8 w - - 7 44,h2h3 h7h5 d5d6 h5h4 g3h4 f5f4,2106,78,62,42,crushing deflection endgame long pawnEndgame quietMove,https://lichess.org/eG2JnDRx#87,
Laq5m,3R4/p4kp1/8/N6p/1P1Pn3/3r3P/6P1/6K1 w - - 0 34,d4d5 d3d1 g1h2 h5h4 d8h8 g7g5 g2g4 h4g3,2111,89,76,46,crushing enPassant endgame master quietMove veryLong,https://lichess.org/1PUpjrRI#67,
LatHj,8/1p3p2/p1p5/4k3/P1P3K1/1P3P2/8/8 b - - 2 40,f7f5 g4g5 b7b6 f3f4 e5e4 b3b4 c6c5 a4a5 b6a5 b4c5 a5a4 c5c6 a4a3 c6c7 a3a2 c7c8q,2163,87,25,26,advancedPawn crushing defensiveMove deflection endgame pawnEndgame promotion quietMove veryLong zugzwang,https://lichess.org/qo0DPHr6/black#80,
Lavv0,8/8/5p2/1pp4p/2k5/P1P5/3K4/N7 w - - 0 41,a1c2 h5h4 c2e1 h4h3 e1f3 c4b3,2181,82,86,146,crushing endgame knightEndgame long quietMove,https://lichess.org/YElKsjvm#81,
Lb5Dj,8/5p2/5P2/4R2p/6pk/5b2/7K/8 w - - 16 54,e5f5 g4g3 h2g1 h4g4 f5c5 h5h4 c5c4 g4g5,2197,76,90,248,crushing endgame quietMove veryLong,https://lichess.org/3UnMzBQ1#107,
Lb7eF,8/8/8/1pK2k1p/p1b2P2/P1P1B3/1P6/8 w - - 0 51,c5d4 h5h4 e3f2 f5g4 d4e5 h4h3,2114,123,84,20,bishopEndgame crushing endgame long quietMove,https://lichess.org/OuKM3t0m#101,
LcVap,8/ppB2nkp/8/5p2/2pP1P1K/2P5/P4P1P/8 w - - 0 28,c7e5 f7e5 d4e5 b7b5 h4g5 b5b4,2164,91,43,26,crushing endgame long quietMove,https://lichess.org/3NFJCi9t#55,
LcZz8,6k1/3nQpp1/1p1P3p/1B6/4P1PK/2q4P/8/8 b - - 8 45,d7b8 e7e8 g8h7 e8f7 c3e1 h4h5 e1e4 b5e8 b8c6 f7f5 e4f5 g4f5,2102,166,79,19,crushing deflection endgame fork quietMove veryLong,https://lichess.org/IKmQy9jj/black#90,
Lcqm2,3qr2k/4r1pp/p1n2pn1/1pp2B1P/3p4/P5B1/1PPQ1PP1/2KR3R b - - 0 23,e7e2 h5g6 e2d2 h1h7 h8g8 d1h1 g8f8 h7h8,2124,75,90,993,crushing discoveredAttack kingsideAttack middlegame quietMove sacrifice veryLong,https://lichess.org/VQQXQ9jb/black#46,
Ld60F,2r2nk1/1b4pp/3Np3/1p1pP2Q/8/1P1n2P1/1B3qBP/R6K b - - 1 26,f2b2 h5f7 g8h8 a1f1 h7h6 d6c8,2182,78,89,1048,crushing fork long middlegame quietMove,https://lichess.org/aiTbt8Iv/black#52,
Ldj6n,8/2p4p/4k3/p1p2pP1/1p3P2/1P2K2P/P7/8 b - - 0 31,c7c6 e3d3 e6d5 h3h4 c5c4 b3c4,2167,85,91,5722,crushing endgame long pawnEndgame quietMove,https://lichess.org/3YrHVA5t/black#62,
Le2p7,8/3Bk3/4P3/pK4p1/1pP5/1P5p/P7/8 w - - 0 41,d7c6 g5g4 c4c5 g4g3 c6b7 g3g2 c5c6 h3h2 c6c7 h2h1q b7g2 h1h8 g2b7 h8e5,2161,182,100,17,advancedPawn bishopEndgame endgame equality promotion quietMove veryLong,https://lichess.org/2QOONJAV#81,
Le6ik,3r4/p3Npkp/1p4p1/6q1/2P5/1P3Q2/P3R1K1/8 w - - 1 33,g2f2 d8d1 f3c3 f7f6,2157,94,86,28,advantage defensiveMove endgame master quietMove short,https://lichess.org/uvvAu25V#65,
LeSAr,8/2p3pp/8/2Pp1k2/8/4K2P/5PP1/8 w - - 4 39,e3d4 c7c6 g2g3 g7g5,2101,78,89,1549,crushing defensiveMove endgame pawnEndgame quietMove short,https://lichess.org/x9Cdboro#77,
LeSyl,3n4/6p1/1p1k4/P1p1p3/P3Pp1P/1BP2P2/5K2/8 b - - 0 33,b6a5 b3d5 d6e7 f2g2,2153,185,47,6,crushing defensiveMove endgame quietMove short,https://lichess.org/5ryZcueD/black#66,
Lf5fV,8/p1r5/R1P2k2/2P2p2/P4Kp1/6P1/8/8 w - - 1 49,a6a5 c7e7 c6c7 e7e4,2142,94,90,46,endgame mate mateIn2 quietMove rookEndgame short,https://lichess.org/meDcjvxy#97,
LfIIb,8/8/p6p/2p3p1/2P3P1/1P3K1k/P7/8 w - - 1 46,a2a3 a6a5 a3a4 h3h4 f3e4 h4g4,2199,78,90,361,crushing endgame long pawnEndgame quietMove,https://lichess.org/x4YvufZb#91,
LgCGu,8/8/5p1p/pp6/2k2PPP/8/P3K3/8 b - - 0 37,b5b4 g4g5 f6g5 f4g5 h6g5 h4h5 b4b3 a2b3,2107,75,93,8549,crushing endgame pawnEndgame quietMove veryLong,https://lichess.org/cugw5w4w/black#74,
LgHcl,r4bk1/1n3p2/p2q2pp/1p1PNb1N/1Pp2Q2/7P/P1B2PP1/R5K1 b - - 3 27,f5c2 f4f7 g8h8 h5f6 d6f6 f7f6,2180,97,69,39,crushing fork long middlegame quietMove,https://lichess.org/ZyaWAlIo/black#54,
LgljR,1r6/4bp1k/p1pp1rp1/q3p1QN/4P3/1P1R3P/P1P2PP1/5RK1 b - - 0 25,g6h5 d3g3 f6g6 g5e7,2126,87,89,43,crushing middlegame pin quietMove short skewer,https://lichess.org/uaZbpb4J/black#50,
Lgv6c,r3k2r/p4pbp/bqpQp1p1/2p3B1/2P4P/8/P3NPP1/1N3RK1 b kq - 3 17,b6b7 f1d1 f7f6 d6e6 e8f8 d1d7 b7d7 e6d7,2156,75,94,5687,crushing middlegame quietMove veryLong,https://lichess.org/uNWdWiKs/black#34,Sicilian_Defense Sicilian_Defense_Other_variations
LgvBp,6k1/1p3p2/3p2p1/3qb3/r7/P2P2Q1/1P3PP1/1R3BK1 w - - 0 36,g3e3 a4h4 f1e2 e5h2 g1f1 h2f4,2177,74,92,4074,crushing endgame long quietMove,https://lichess.org/NYWTvS1h#71,
LhMvI,8/8/p4p2/Pp1kp1pp/1P5P/2P1KPP1/8/8 b - - 2 36,d5c4 g3g4 h5g4 h4h5 g4f3 h5h6,2148,92,79,34,crushing endgame long pawnEndgame quietMove sacrifice,https://lichess.org/bSfNBCxt/black#72,
LhnMU,2r5/1p4p1/6Pp/p2pN2P/Pk6/1P3N2/1K6/8 b - - 6 46,c8c3 f3d4 c3g3 e5d7 g3b3 d4b3,2161,77,96,211,crushing endgame long quietMove,https://lichess.org/xvarN6KC/black#92,
Lhp3a,r3k2r/pp1bbp1p/2n1pp2/8/3P2q1/5N2/PP1BBPPP/2RQ1K1R b kq - 6 17,c6d4 c1c4 h8g8 h1g1 d4e2 c4g4 g8g4 d1e2,2170,103,50,29,advantage middlegame quietMove veryLong,https://lichess.org/318YxKoI/black#34,Sicilian_Defense Sicilian_Defense_Delayed_Alapin
Li0vw,r4rk1/4qp2/2pp1n1Q/p3p1Nb/1p2Pb1P/P2P4/BPP3K1/3N1R2 b - - 1 24,b4a3 d1e3 f4g5 h6g5 g8h7 f1f6 e7f6 g5f6,2178,144,100,9,advantage kingsideAttack middlegame quietMove veryLong,https://lichess.org/LFDQefoN/black#48,
LjCJA,8/p5p1/1p2kp1p/3p4/1P1K1PP1/P1P4P/8/8 b - - 0 33,e6d6 b4b5 f6f5 g4f5,2135,75,93,8040,crushing endgame pawnEndgame quietMove short,https://lichess.org/WWFakXnP/black#66,
LjDjs,8/5p2/4p1p1/4P1K1/5P1P/5k2/8/8 w - - 3 52,g5f6 f3f4 f6f7 f4f5 f7g7 g6g5 h4h5 g5g4 h5h6 g4g3 h6h7 g3g2 h7h8q g2g1q g7f8 g1c5,2102,77,89,934,advancedPawn crushing endgame pawnEndgame promotion quietMove veryLong zugzwang,https://lichess.org/kCXs9QHg#103,
LjfgH,8/8/3Q4/2p2K1k/5P2/8/8/1q6 w - - 6 64,f5f6 b1g6 f6e5 g6d6 e5d6 c5c4 f4f5 c4c3 f5f6 c3c2 f6f7 c2c1q,2142,80,93,3359,advancedPawn crushing endgame master masterVsMaster promotion queenEndgame quietMove veryLong,https://lichess.org/niUMLtd7#127,
Lk9jp,6k1/1p3pp1/1r1qp3/3pRP2/p2P4/PrP5/1P1Q3P/1R4K1 b - - 0 28,b3a3 b1f1 a3a2 f5e6 f7e6 d2f4 d6e7 e5h5 e7e8 f4h4 e8g6 h5g5 e6e5 g5g6,2108,193,64,12,crushing endgame quietMove veryLong,https://lichess.org/hZh6cR8W/black#56,
LkAWH,8/8/6p1/p7/8/1k5P/6P1/2K5 b - - 3 50,b3a2 h3h4 a2b3 g2g4 b3c4 h4h5 g6h5 g4h5,2181,76,93,4313,crushing endgame pawnEndgame quietMove veryLong,https://lichess.org/0dqMRHAu/black#100,
LkSFX,r4kr1/p1q2p2/8/2P2p2/2Pb3p/1N1p1p2/PP4PP/1R1QRK2 w - - 0 25,d1f3 a8d8 b3d4 d8d4,2191,147,67,12,advantage middlegame quietMove short,https://lichess.org/ChfyPEc0#49,
LkWoN,8/8/N6R/p1kp4/2p5/4rn2/PKP5/8 b - - 3 49,c5b5 a2a4 b5a4 h6b6 c4c3 b2a2 d5d4 a6c5,2149,76,95,2242,endgame mate mateIn4 quietMove veryLong,https://lichess.org/p8JBM1SF/black#98,
LkaDb,4kb1r/3p1ppp/bpqPp3/pNp1Pn2/P4P2/2P1B1P1/1P1Q1R1P/R5K1 w k - 3 20,c3c4 a6b7 g1f1 c6h1 f1e2 h1a1,2144,75,92,1081,crushing long middlegame quietMove skewer,https://lichess.org/gwWSrYrR#39,
Lkcou,r1bq1r2/pp4R1/1np2n2/2Npkp2/5Q2/2P5/PP4PP/2R3K1 b - - 1 27,e5f4 c1e1 d5d4 c5d3,2170,82,73,102,mate mateIn2 middlegame quietMove short,https://lichess.org/9qu8raqR/black#54,
LkuCa,6k1/R5p1/1p6/3Np2p/P1p3nP/3nP1P1/3P1r2/R5K1 w - - 9 29,d5b6 g4h2 a7a8 g8f7 a8f8 f7f8,2186,130,-7,24,crushing defensiveMove endgame long quietMove,https://lichess.org/7lWxdSsh#57,
Lkwhx,6rk/1R4b1/3p3r/1p1PpB2/1P2PpQ1/P7/3BKPP1/1q6 w - - 7 40,g4g5 h6h1 g5h5 h1h5,2165,80,91,218,crushing middlegame quietMove short,https://lichess.org/qwMGzPm6#79,
Lkwwj,rr6/5kp1/4R3/p1p1pP2/4P1pP/1PP3P1/1P4B1/2K5 b - - 2 29,b8b3 g2f1 a8b8 f1c4,2161,128,67,16,advantage endgame master quietMove short,https://lichess.org/mVcl9qu1/black#58,
LkyMS,8/2K2p1p/2p2Ppk/3bB3/5PP1/8/8/8 b - - 0 41,d5e4 e5d6 g6g5 f4f5 e4f5 g4f5,2198,78,89,1075,bishopEndgame crushing endgame long quietMove,https://lichess.org/NyX7BPaQ/black#82,
Ll1vj,8/6pp/8/7P/1pP2kP1/8/3K4/8 b - - 0 43,f4e5 d2c2 e5d6 c2b3 d6c5 g4g5 g7g6 h5h6,2199,74,83,179,crushing endgame pawnEndgame quietMove veryLong zugzwang,https://lichess.org/e0HZLPHY/black#86,
LlN5m,8/3k4/3P4/p1K3p1/1p4P1/8/P7/8 w - - 0 49,c5d5 a5a4 d5c4 b4b3 a2b3 a4b3 c4b3 d7d6,2158,80,91,1152,crushing endgame pawnEndgame quietMove veryLong,https://lichess.org/QtAxmQKo#97,
LmEQL,r4r1k/1p4nP/3p4/q1pN2P1/p1P1P3/5N2/P7/3KQ2R b - - 4 28,f8f3 e1a5 a8a5 d5e7 g7h5 h1h5,2155,76,93,7954,advantage long middlegame quietMove,https://lichess.org/G60Nc6w1/black#56,
LmRWT,3q2k1/p1p1n1r1/3p4/3P4/2P1NP1Q/6P1/r6p/4R2K b - - 0 33,d8b8 e4f6 g8f7 h4h5 e7g6 f4f5 f7f6 f5g6 b8g8 g3g4 a2f2 g4g5 f6f5 h5h3 f5g5 h3g3,2154,108,80,17,crushing exposedKing middlegame quietMove veryLong,https://lichess.org/gH911tSW/black#66,
LmdcW,5b2/p2pn2k/b3P1p1/1p1B3p/1q1PPN2/4B3/PP4PP/5RK1 b - - 0 26,f8h6 e6d7 b4d6 f4e6 h6e3 g1h1,2196,77,87,502,advancedPawn advantage long middlegame quietMove sacrifice,https://lichess.org/oMaUPe1h/black#52,
LmfQG,8/p4r2/6pp/R7/P4PK1/8/5Pk1/8 w - - 2 44,f2f3 h6h5 g4g5 f7f5 a5f5 g6f5 g5f5 h5h4 f5e4 h4h3 f4f5 h3h2,2103,79,91,558,advancedPawn crushing endgame master quietMove rookEndgame veryLong,https://lichess.org/PXhopWRf#87,
LmhKl,r5k1/p1pn1pP1/1p1p4/8/2P2P2/2P1r1q1/P6R/1R1Q3K b - - 5 25,g3f3 d1f3 e3f3 b1g1 f7f5 h2h8 g8f7 h8a8,2195,76,76,132,clearance crushing middlegame quietMove skewer veryLong,https://lichess.org/GDQDGUaY/black#50,
Lmiyw,1q3r1k/5p1P/p4Pp1/1p2p3/3r4/1P5Q/PP1bB2P/1KR4R b - - 5 29,d2c1 h1c1 d4d6 c1f1 b8d8 h3h6 d6f6 f1f6 d8f6 h6f8,2120,104,86,36,advantage master masterVsMaster middlegame quietMove veryLong,https://lichess.org/VOm9Cm8k/black#58,
LmoeZ,7k/1p4p1/p3Q3/3Pp3/5rq1/1P1P2Pp/P6P/R5K1 w - - 0 25,e6e8 h8h7 e8e6 f4f5 e6f5 g4f5,2137,76,85,154,crushing endgame long pin quietMove,https://lichess.org/5HIZL2nP#49,
LmtI3,5rk1/5pbp/6p1/8/1Q4B1/P1qp3P/2bR1PP1/4R1K1 w - - 2 33,g4d1 c3b4 a3b4 g7c3 d2d3 c2d3 e1e3 f8d8 d1e2 d3e2,2165,73,94,10976,advantage clearance middlegame quietMove trappedPiece veryLong,https://lichess.org/0Wx00Bor#65,
Ln7ZH,8/8/2p2p2/5N2/2k4P/5KP1/3b4/8 b - - 0 38,c4d5 h4h5 d5e5 h5h6 e5f5 h6h7,2185,77,78,98,advancedPawn crushing endgame long quietMove sacrifice,https://lichess.org/UTsfjNtK/black#76,
LntGE,8/p6p/1p3p2/7P/5k2/P1PK4/1P6/8 w - - 0 40,b2b4 b6b5 c3c4 b5c4,2185,75,79,166,crushing endgame pawnEndgame quietMove short,https://lichess.org/lSXK8gVM#79,
LoVhO,8/6p1/2pk3p/3p4/P2K3P/6P1/1P6/8 b - - 0 41,g7g5 b2b4 g5h4 g3h4 h6h5 a4a5,2142,95,90,39,crushing defensiveMove endgame long pawnEndgame quietMove,https://lichess.org/0ybjnFWW/black#82,
LouAP,B4rk1/p2nbppp/3p1n2/8/7q/8/PPPPQ2p/RNB2R1K w - - 1 14,a8g2 f6h5 f1f3 d7e5,2113,95,81,37,advantage middlegame quietMove short,https://lichess.org/ebVUqT88#27,Kings_Gambit_Accepted Kings_Gambit_Accepted_Modern_Defense
LpMrV,8/8/4p3/2p5/1PP1k3/2K5/8/8 b - - 0 51,c5b4 c3b4 e4e5 c4c5 e5d5 b4b5 e6e5 c5c6,2109,79,90,704,crushing endgame pawnEndgame quietMove veryLong,https://lichess.org/5hal0IhC/black#102,
LpQoz,5r1k/ppp3p1/7p/8/6Q1/2N1q2K/PP4PP/R7 w - - 0 30,g4g3 e3e6 g3g4 f8f5 a1d1 f5h5,2107,82,57,50,advantage endgame long pin quietMove,https://lichess.org/j4Je4Kra#59,
Lpbzg,4q3/1p3Rpk/3p3r/2bB4/p1P1P3/P5PP/1P4QK/8 w - - 0 34,f7b7 h6f6 e4e5 f6f2 g2f2 c5f2,2100,76,95,1450,advantage endgame long pin quietMove,https://lichess.org/okEJvrUE#67,
LpgAm,8/6RR/5p2/7P/5kn1/8/1r4K1/8 w - - 0 55,g2f1 f4f3 f1e1 g4e3 g7g3 f3g3,2185,77,97,421,crushing endgame long quietMove,https://lichess.org/qFUyt9Jv#109,
LpkXW,2k5/8/P2P4/1p6/1P6/5pBp/6bK/8 b - - 0 51,c8d7 g3f2 d7d6 a6a7,2123,75,84,119,advancedPawn bishopEndgame crushing endgame quietMove short,https://lichess.org/VVkL6HOX/black#102,
LrD6Q,5rk1/6p1/2pR3p/4pP2/p7/P3qP1P/1PP3QK/8 w - - 0 35,d6c6 f8d8 c6c4 d8d2,2134,81,93,3175,crushing endgame pin quietMove short,https://lichess.org/C8o5bOuh#69,
LrFiE,5k2/p2Q2p1/bq2pp1p/2p5/2P1B3/4PP1P/P5P1/6K1 b - - 0 29,a6c4 e4g6 b6b1 g6b1,2100,76,87,92,crushing endgame quietMove short,https://lichess.org/WqKbhHFR/black#58,
LrJRL,1k1r4/8/PPK3p1/6np/8/2pP2P1/4R3/8 b - - 0 43,c3c2 a6a7 b8a8 b6b7 a8a7 e2c2 a7b8 c2a2 d8d6 c6d6,2102,77,92,443,advancedPawn crushing endgame exposedKing master quietMove veryLong,https://lichess.org/kAyWv99M/black#86,
Lrit0,8/3k1p2/1P2p1p1/p2pP3/P2P2P1/8/8/1K6 w - - 1 34,b1c2 g6g5 b6b7 d7c7 b7b8q c7b8,2177,77,84,135,crushing endgame long pawnEndgame quietMove,https://lichess.org/J8OBpmwg#67,
LrtYo,5rk1/5ppp/1R3n2/8/8/1P6/1p3PPP/5RK1 w - - 0 23,f1b1 f8c8 b6d6 f6e4,2136,78,87,640,advantage endgame quietMove short,https://lichess.org/geDS7mFE#45,
LsKna,8/pp6/2p3k1/2Pp2p1/1P1Pp1Pp/P3K2P/8/8 b - - 0 40,b7b6 c5b6 a7b6 a3a4 g6f6 a4a5 f6e7 a5a6,2102,75,86,134,crushing endgame pawnEndgame quietMove veryLong,https://lichess.org/wbkFOUkV/black#80,
LsLIJ,Q7/2B2kp1/4p2p/5q2/P1P2P2/1r4Pb/5K1P/4R3 w - - 3 33,a8a7 f5c2 e1e2 c2b1 c7e5 b3b7,2149,148,42,13,advantage endgame long quietMove,https://lichess.org/5KuHstkd#65,
LsMBg,1b1r1rk1/ppq2ppp/2p5/5N2/3P4/2P1Q1RP/PP4P1/5R1K b - - 4 27,g7g6 e3h6 f7f6 g3g6 h7g6 h6g6 g8h8 f1f4 c7h7 f4h4,2102,76,91,511,crushing kingsideAttack middlegame pin quietMove sacrifice veryLong,https://lichess.org/AZBLy8dy/black#54,
LsdfQ,2rk3r/p3b2p/4Qp2/2pp4/2qP3P/4P3/3N1PP1/5RK1 b - - 1 19,c4a2 f1b1 a2b1 d2b1,2121,76,75,105,advantage middlegame quietMove short,https://lichess.org/ZKLSXG52/black#38,Queens_Pawn_Game Queens_Pawn_Game_London_System
LsxWi,r1b1k1r1/1p4b1/8/pPp4p/2PpPP1q/3BnQ1P/PB1N2P1/R4RK1 w q - 3 20,f4f5 g7e5 f1f2 g8g3 f3e2 h4h3,2153,87,82,31,clearance crushing long master middlegame pin quietMove,https://lichess.org/PDdFbhwL#39,
LtWDN,r1b2rk1/2pnqppp/p7/1p1Pp3/8/2PB1N2/P1P2PPP/R2QR1K1 w - - 0 14,f3e5 d7e5 d1h5 f7f5 h5e2 f8e8,2153,74,93,7277,advantage defensiveMove long middlegame quietMove,https://lichess.org/A5DKvwI4#27,Scandinavian_Defense Scandinavian_Defense_Modern_Variation
Lteld,8/p7/5k2/2Pp3p/2p2P1P/P4K2/8/8 b - - 0 39,d5d4 c5c6 f6e7 f4f5 e7d6 f5f6,2143,75,94,6109,crushing endgame long pawnEndgame quietMove,https://lichess.org/VtrhUZdJ/black#78,
Ltmzf,8/8/p3p3/1p1p1p1Q/4kP1P/4P3/P5PK/5q2 w - - 1 38,h5f3 f1f3 g2f3 e4e3 h4h5 d5d4 h5h6 d4d3 h6h7 d3d2 h7h8q d2d1q,2114,75,85,133,advancedPawn crushing endgame promotion queenEndgame quietMove veryLong,https://lichess.org/nFtZA6gB#75,
Ltxf3,6k1/5p2/R3p1pp/1p1qr3/1P5P/2Q3P1/4rP2/5RK1 b - - 0 33,e5f5 c3c8 g8g7 a6a8 d5a8 c8a8,2126,76,92,8627,advantage endgame long quietMove,https://lichess.org/J1p2msRu/black#66,
Lu8FW,7r/p2k4/2R5/1p1n4/1P6/1NP3P1/P6r/R5K1 w - - 1 30,c6c5 d5e3 a1d1 e3d1,2185,81,91,819,crushing endgame quietMove short,https://lichess.org/oqvDiBUy#59,
LuZDl,5b1r/Q2nk3/1p2pp1p/2p3p1/2q5/2Bb4/PP1R1PPP/R5K1 b - - 1 21,c4b5 a1d1 c5c4 b2b3,2126,118,83,12,crushing middlegame quietMove short,https://lichess.org/HjksZ3ez/black#42,
LudhC,8/4n3/2Pk3p/1B1p2p1/3K2P1/5PP1/8/8 b - - 14 61,e7c6 b5c6 d6c6 f3f4 g5f4 g3f4 c6d6 f4f5 d6c6 d4e5 d5d4 e5d4 c6d6 d4e4,2101,74,94,6980,crushing defensiveMove endgame quietMove veryLong zugzwang,https://lichess.org/WishKWiW/black#122,
Lv879,8/pp2k2p/2p3p1/2P1K3/P5P1/7P/8/8 b - - 0 38,a7a6 a4a5 h7h5 g4h5,2198,90,90,1787,crushing endgame pawnEndgame quietMove short,https://lichess.org/8KU9UIvP/black#76,
LvL7Y,r2q1rk1/1b4pp/p2bp3/1p4PQ/3Pp1N1/2P1R3/PP1N3P/5RK1 b - - 0 19,d6f4 e3h3 d8g5 h5h7,2120,85,79,299,advantage master middlegame quietMove short,https://lichess.org/f1JoDrdC/black#38,Caro-Kann_Defense Caro-Kann_Defense_Apocalypse_Attack
Lw1Zf,rn4k1/1b4pp/2p2pN1/pp3P1Q/2PP4/3Bq3/P5PP/5R1K b - - 2 21,e3d3 g6e7 g8f8 f1e1 b8d7 h5h7,2193,77,71,50,crushing long middlegame quietMove,https://lichess.org/oi7rUK7q/black#42,
LwIN8,N7/pk4pp/1p6/5P2/7P/6P1/8/6K1 b - - 0 37,b7a8 h4h5 h7h6 g3g4 a8b7 g4g5,2170,79,86,43,crushing endgame long master pawnEndgame quietMove,https://lichess.org/aWjiPmUC/black#74,
LwpUu,1r3rk1/5pp1/1n1p3p/q1p1pP2/PpPbP3/3P3P/3BB1P1/1R1Q1R1K b - - 0 23,b6a4 f5f6 a4c3 d1e1 a5a2 f6g7 f8e8 b1a1 a2a1 e1a1 c3e2 a1e1,2159,239,71,8,advancedPawn equality middlegame quietMove veryLong,https://lichess.org/dYEfQh9V/black#46,
Lws5S,8/7p/pk4p1/8/4PKP1/5P2/8/8 b - - 1 42,b6c7 g4g5 c7d6 f4e3 d6e5 f3f4,2198,115,44,20,crushing endgame long pawnEndgame quietMove,https://lichess.org/BxfBmwL2/black#84,
LxEno,r7/8/P2rp2k/5pRp/5P1K/8/7P/R7 b - - 1 39,a8a6 a1g1 e6e5 g5h5,2146,78,81,691,endgame mate mateIn2 quietMove rookEndgame short,https://lichess.org/F72BS29l/black#78,
LxFJJ,5rk1/1N3pp1/4p2p/p3q3/5n2/1P3Q1P/P4PP1/2R3K1 w - - 0 28,c1c5 e5e1 g1h2 f4e2 f3e2 e1e2,2100,76,93,10128,crushing endgame long quietMove,https://lichess.org/hyaumDZR#55,
LxKtN,6r1/pp6/7R/4k1r1/4pbP1/2P4P/PP3P2/3R2K1 b - - 2 31,g5g7 h6d6 g7g4 h3g4,2194,75,91,231,advantage endgame quietMove short,https://lichess.org/cTsQdAUN/black#62,
LxLsk,r3kb1r/pp2qpp1/2pp2np/8/2B1PB2/2N2QPb/PPP2P1P/R3R1K1 b kq - 6 13,g6e5 f4e5 d6e5 g3g4 h3g4 f3g4,2138,84,69,33,crushing long middlegame quietMove trappedPiece,https://lichess.org/vKO66xUT/black#26,Philidor_Defense Philidor_Defense_Other_variations
LxWsa,1r4k1/p1q3pn/1p5p/8/8/7P/PP2B1Q1/5R1K b - - 0 29,b8f8 g2d5 g8h8 f1f8 h7f8 e2c4 h8h7 d5g8 h7g6 c4d3 g6g5 g8f8,2197,78,90,3049,advantage deflection endgame fork quietMove veryLong,https://lichess.org/etmynP6P/black#58,
Lxh20,8/8/p4ppp/1p1k4/1PpP4/4KP1P/1P4P1/8 w - - 0 33,g2g4 g6g5 f3f4 g5f4 e3f4 d5d4 h3h4 d4d3 f4f5 d3c2 f5f6 c2b2,2120,80,87,55,crushing endgame pawnEndgame quietMove veryLong zugzwang,https://lichess.org/qOg24lsR#65,
Ly34g,8/8/7p/Pk2p1p1/6P1/1P6/K7/8 w - - 1 52,a2a3 b5a5 a3b2 a5b4 b2c2 e5e4 c2b2 e4e3,2169,85,77,56,crushing endgame pawnEndgame quietMove veryLong,https://lichess.org/qokPnhWZ#103,
LyBbZ,8/8/7p/2p5/2P2K1k/5P2/8/8 b - - 0 46,h4h3 f4e5 h6h5 f3f4 h5h4 f4f5,2159,82,92,2567,crushing defensiveMove endgame long pawnEndgame quietMove,https://lichess.org/PktrboKN/black#92,
LyHRe,r3r1k1/2q1bp2/1p1p1npp/pPpP4/P1P1PRN1/2N4P/6P1/R2Q2K1 b - - 0 21,g8g7 d1f3 f6g4 f4f7,2198,76,91,1102,advantage middlegame quietMove sacrifice short,https://lichess.org/ablt4cQg/black#42,
LyLEq,rn1qr3/1b2npk1/p3p3/1p1p2NQ/2p1P3/PB1P4/R1P2PPP/5RK1 b - - 0 18,e8f8 e4e5 f8h8 h5f7,2158,78,85,64,crushing middlegame quietMove short,https://lichess.org/IHjW2bOJ/black#36,Modern_Defense Modern_Defense_Other_variations
LyoUg,r3k3/pp2n2r/2pBR1pp/8/8/8/PP4PP/5RK1 b q - 0 22,g6g5 f1e1 e8d7 e6e7 h7e7 d6e7,2103,81,91,2461,advantage endgame exposedKing long quietMove,https://lichess.org/hueJKLvq/black#44,
LyvS8,r5k1/p2R1rpp/1p3p2/8/8/3PP1P1/4P1KP/2R5 w - - 2 24,c1c7 f7d7 c7d7 a7a5 d7b7 a8a6,2122,93,81,42,clearance crushing defensiveMove endgame long quietMove rookEndgame,https://lichess.org/L76VKByB#47,
Lznq0,5rk1/pB5p/4p3/2b1qpP1/7r/1Q1p4/PP1B2PP/1R3R1K w - - 3 22,h2h3 c5d6 d2f4 h4f4 f1f4 e5f4,2161,78,93,3357,crushing long middlegame quietMove,https://lichess.org/0ikponVL#43,
M00GI,r5k1/5pp1/7p/1R6/P4q2/1P1Q3P/6P1/6K1 w - - 5 37,a4a5 a8c8 g2g3 f4c1,2119,135,86,12,crushing endgame quietMove short,https://lichess.org/4AcZIOSc#73,
M0sdt,8/7p/5kp1/1p2pp2/1P2PP2/2K3PP/8/8 w - - 1 32,f4e5 f6e5 e4f5 g6f5 c3d3 e5d5 h3h4 h7h5 d3e3 d5c4 e3f4 c4b4,2194,85,90,1850,crushing endgame pawnEndgame quietMove veryLong zugzwang,https://lichess.org/XzhDWgfG#63,
M1EtT,7r/8/2p1p2P/1p2K1P1/3P4/8/p1k2P2/7R w - - 0 42,e5f6 b5b4 g5g6 h8h6 h1h6 a2a1q g6g7 a1d4,2141,130,79,16,advancedPawn crushing deflection endgame master masterVsMaster pin promotion quietMove rookEndgame veryLong,https://lichess.org/AoBHZ6fG#83,
M1MQW,5rk1/4q1p1/2p1pr1p/1pN5/p1nP2Q1/8/P4PPP/3RR1K1 w - - 2 28,c5e6 f8e8 g4g7 e7g7 e6g7 e8e1,2174,77,74,68,crushing long middlegame quietMove,https://lichess.org/0dfin0wN#55,
M1PKj,8/8/6p1/3K1p1p/6kP/8/1B6/8 w - - 2 66,b2f6 f5f4 d5e4 f4f3 f6d4 g4g3,2138,75,91,574,bishopEndgame crushing endgame long quietMove,https://lichess.org/jdrClcGG#131,
M1RTW,8/8/1P3r2/2P1k3/1K6/8/1P6/8 b - - 0 49,e5d5 b6b7 f6f2 b2b3 f2f8 b4b5,2100,89,81,29,advancedPawn crushing defensiveMove endgame long quietMove rookEndgame,https://lichess.org/tKrsb6np/black#98,
M1X20,3r2k1/5pp1/7p/4Pp2/1P3P2/4q1P1/1Q1p2BP/3R3K w - - 0 28,b2b1 d8c8 g2d5 c8c1 b1f5 c1d1 h1g2 d1g1 g2h3 e3a7,2191,82,88,70,advantage defensiveMove endgame interference quietMove veryLong,https://lichess.org/digqOJu3#55,
M1o04,8/6k1/2q4p/p1p2Qn1/P7/6PP/4BP1K/8 w - - 7 49,e2d3 g5f3 h2h1 f3d4 f5e4 c6e4 d3e4 c5c4 h1g2 c4c3,2158,77,88,524,crushing discoveredAttack endgame quietMove veryLong,https://lichess.org/7b3Ow0nB#97,
M242X,8/p7/2p2k2/3p2p1/4p1K1/P1P1P1P1/1P6/8 b - - 0 43,f6g6 b2b4 g6f6 g4h5,2142,76,93,9565,crushing endgame pawnEndgame quietMove short zugzwang,https://lichess.org/8rIstFWC/black#86,
M25jq,2r3k1/5pp1/5r1p/1Qp2q2/P1R1p3/4P1P1/1P3P1P/2R3K1 w - - 7 27,c1c2 c8d8 c4c5 d8d1,2103,76,90,1269,advantage endgame master quietMove short,https://lichess.org/x23SIaYy#53,
M2PMS,8/p7/1p6/2p4p/P1P5/1P4Pk/5K2/8 w - - 5 51,f2f3 a7a5 f3f2 h3h2,2136,94,81,32,crushing endgame pawnEndgame quietMove short zugzwang,https://lichess.org/okazvzpS#101,
M2SLB,r2r3k/pR1n2p1/2p1B1Qp/8/3b4/P2P4/2P2PPP/q4NK1 b - - 2 20,d7c5 e6f5 d4f2 g1f2 c5d3 c2d3,2132,77,82,62,crushing long middlegame quietMove,https://lichess.org/0bFKrg8p/black#40,
M2YNf,8/6r1/8/1R2p3/1P3k2/P7/8/7K w - - 1 44,a3a4 e5e4 b5b6 e4e3 b6e6 f4f3,2109,75,83,118,crushing defensiveMove endgame long quietMove rookEndgame,https://lichess.org/Kp7bE3rE#87,
M2iaB,1k6/ppp1q2p/4B1p1/1P3p2/P1Qbp3/5PP1/3r2KP/2R2R2 w - - 1 32,g2h3 e7g7 c4c7 g7c7 c1c7 b8c7 f3e4 f5e4,2191,75,84,78,advantage middlegame quietMove veryLong,https://lichess.org/LiZDwqbp#63,
M3QTC,8/8/8/2p1k1p1/1p4Bp/1P1K4/P7/8 w - - 4 53,d3c4 e5f4 g4d7 g5g4 c4c5 g4g3,2189,89,90,5794,bishopEndgame crushing endgame long quietMove,https://lichess.org/1R9RNsbX#105,
M3WXF,r4rk1/2R2p2/p3p1pQ/1p6/1P6/P5N1/5PKP/q7 b - - 2 26,a1a3 g3e4 a3a1 c7c3 a1c3 e4c3,2170,100,79,29,advantage endgame long quietMove,https://lichess.org/DZ6M3x0J/black#52,
M4pRt,8/7p/8/1k3pP1/2p4P/4K3/8/8 b - - 0 37,b5c5 h4h5 c4c3 e3d3,2175,96,77,30,crushing endgame pawnEndgame quietMove short,https://lichess.org/X2BH18Nz/black#74,
M4tjJ,r1r3k1/1n2qp2/3pb2Q/1B2p3/4P2P/5P2/PR4P1/1K5R b - - 0 27,b7a5 h1h3 e6h3 g2h3 e7e6 b2g2,2112,74,100,156,advantage long middlegame quietMove sacrifice,https://lichess.org/ImcLw5RT/black#54,
M56Ab,6rk/4qp1p/p2p4/1p2p3/3pP3/P2P4/BPP1N1K1/R4Q2 w - - 1 25,g2h3 e7g5 h3h2 g8g6 f1h3 g6h6,2116,122,20,16,advantage endgame long pin quietMove,https://lichess.org/t9a2ba4j#49,
M5AKP,8/8/kp4p1/4pp2/P6P/6P1/5PK1/8 w - - 2 53,g2f3 a6a5 f3e3 a5a4 f2f4 e5f4 e3f4 b6b5 f4g5 b5b4,2183,78,91,1621,crushing defensiveMove endgame pawnEndgame quietMove veryLong,https://lichess.org/IROX6E6r#105,
M5UYi,8/1pp2p1R/4kp1P/3p4/p2P4/2r2P2/5PK1/8 b - - 0 39,a4a3 h7h8 e6f5 h8g8 a3a2 h6h7 a2a1q h7h8q,2118,76,92,578,advancedPawn advantage endgame promotion quietMove rookEndgame veryLong,https://lichess.org/uxVOaSdC/black#78,
M5fHA,k7/4N3/P7/1K6/5p2/7P/6n1/8 w - - 0 50,b5b6 g2e3 b6c5 f4f3 c5d4 f3f2 d4e3 f2f1q,2170,88,77,30,advancedPawn advantage endgame knightEndgame promotion quietMove veryLong,https://lichess.org/uVQSUZo8#99,
M5hPv,8/7p/2p3p1/p1k2p2/P1P5/2K2P1P/6P1/8 w - - 0 34,g2g4 f5g4 f3g4 g6g5 c3d3 c5b4,2100,78,91,1080,crushing endgame long pawnEndgame quietMove,https://lichess.org/tMJymlxM#67,
M6KVE,3r4/8/8/1R1p4/3P1ppk/1PP5/4K1P1/8 w - - 2 40,e2f2 d8a8 b5d5 a8a2,2131,78,81,69,crushing endgame quietMove rookEndgame short,https://lichess.org/h4jGLx0J#79,
M6LDz,5k1b/B3p2p/b2pP1pP/6P1/1p5r/3R1P2/1PP1R3/1K6 b - - 0 31,a6d3 c2d3 b4b3 e2e1 h4h2 d3d4,2170,86,79,44,crushing defensiveMove endgame long quietMove,https://lichess.org/m0wBW6rD/black#62,
M6Qdw,1k4rr/Bp1n1p2/4pn2/1N3b1p/7b/P2P3p/2PQ1P1q/R3RK1B b - - 0 23,b8a8 d2a5 h2h1 f1e2 f5g4 e2d2,2163,157,83,13,crushing defensiveMove long middlegame quietMove sacrifice,https://lichess.org/TTnr2F4o/black#46,
M6iHF,8/p7/2Q5/4p3/8/2qk2PK/P7/8 w - - 0 44,c6c3 d3c3 g3g4 e5e4 h3g2 e4e3,2111,98,53,24,crushing endgame long quietMove,https://lichess.org/RsA4Vgon#87,
M7BcW,3r3k/5q1p/1p3P2/p4Q2/1P6/P6R/3p4/3K4 w - - 0 42,b4a5 f7c7 f5h7 c7h7 h3h7 h8h7,2199,81,91,564,crushing endgame long quietMove,https://lichess.org/5TQN0MYw#83,
M7cv7,8/8/2p1K1k1/2P2pPp/8/1pB3P1/8/8 w - - 1 49,c3f6 h5h4 g3h4 f5f4 f6d4 f4f3,2174,76,87,60,advantage bishopEndgame endgame long quietMove,https://lichess.org/vxluGR4T#97,
M8Bdy,8/p7/2k2r2/2p5/2P5/1P1R2K1/8/8 w - - 4 45,d3f3 f6f3 g3f3 c6b6 f3e3 b6a5 e3d2 a5b4 d2c2 b4a3 c2c3 a7a5 c3c2 a3a2,2118,95,84,32,crushing endgame master quietMove rookEndgame veryLong zugzwang,https://lichess.org/kzhjSD8l#89,
M8PrH,8/8/1p2k2p/1Kb1p1pP/2P1P3/8/8/5R2 w - - 3 60,f1a1 g5g4 a1a8 e6f7,2121,76,92,5129,advantage defensiveMove endgame master quietMove short,https://lichess.org/Mb6QxkaT#119,
M8Uws,8/2b1k2p/4ppp1/1P4Q1/2B5/6PP/6PK/4q3 w - - 0 42,g5g4 c7b6 g4e6 e1e6 c4e6 e7e6,2146,75,92,2648,crushing endgame long quietMove,https://lichess.org/Q0xwmaov#83,
M8rVn,8/1p6/p3k3/3p2p1/P1PPp1P1/1P2K3/8/8 b - - 0 41,b7b6 c4d5 e6d5 b3b4 b6b5 a4a5 d5c6 e3e4,2152,84,86,49,crushing endgame pawnEndgame quietMove veryLong zugzwang,https://lichess.org/SfG2aAk1/black#82,
M9i0l,6k1/5pp1/3p3p/1b1r2q1/1Q6/8/2P3PP/2RR2K1 w - - 0 38,g1h1 b5c6 d1g1 d5d2 b4d2 g5d2,2162,78,89,99,crushing endgame long quietMove,https://lichess.org/frwozdBW#75,
MA1Gb,8/p5pp/3p4/1p1K4/k4P2/2P1P3/6PP/8 b - - 1 33,b5b4 c3b4 a4b4 e3e4 a7a5 e4e5 d6e5 f4e5 a5a4 e5e6 a4a3 e6e7 a3a2 e7e8q,2190,74,93,7892,advancedPawn crushing endgame pawnEndgame promotion quietMove veryLong,https://lichess.org/akoJgyeb/black#66,
MA3Vo,6k1/4q1p1/4pb2/1pPp4/pP2b2P/P3P3/2P2Q2/1R3RK1 w - - 0 30,h4h5 f6e5 f2f8 e7f8 f1f8 g8f8,2138,111,100,21,advantage endgame long quietMove,https://lichess.org/wR5dd8Y4#59,
MAWZy,8/6p1/1kp1ppp1/8/1PKP1PP1/7P/8/8 b - - 0 40,f6f5 g4g5 b6b7 c4c5 b7c7 h3h4 c7d7 c5b6,2109,75,87,299,crushing endgame pawnEndgame quietMove veryLong zugzwang,https://lichess.org/llGzRyrQ/black#80,
MAoaT,6r1/5k2/4np2/1pNp3r/pP1p2KP/P2P2P1/2P2P2/5R2 w - - 0 33,g4h5 f6f5 c5e6 f7f6 e6g5 g8h8 g5h7 h8h7,2163,75,95,842,endgame mate mateIn4 quietMove sacrifice veryLong,https://lichess.org/Cm5qMDPM#65,
MBDyi,8/2kPp3/4B3/p1p5/1PK2P1p/P6P/5b2/8 b - - 0 39,a5b4 a3a4 b4b3 c4b3,2190,76,87,155,bishopEndgame crushing endgame quietMove short,https://lichess.org/QdIglZNS/black#78,
MBoF1,4r2k/6p1/7p/2P5/8/2P3Q1/P2qp1PP/4R2K w - - 0 37,c5c6 e8f8 h1g1 d2d1 g3f2 f8f2,2118,74,90,427,advantage endgame long quietMove,https://lichess.org/npvyG4rN#73,
MBpfX,8/1p5p/p7/2P5/P1Q3n1/5rk1/8/6K1 w - - 4 47,c4c1 g4e3 c1e1 g3h3 e1e2 f3f1 e2f1 e3f1,2126,77,77,63,crushing defensiveMove endgame exposedKing master quietMove veryLong,https://lichess.org/3ZgiuvDA#93,
MCn9M,5k2/6p1/7p/8/1p6/5B1P/PPrqR1P1/KR6 b - - 6 40,d2d3 b1f1 d3e2 f3e2,2164,77,79,83,crushing discoveredAttack endgame quietMove short,https://lichess.org/tyiek4CV/black#80,
MDdjR,8/8/8/P7/1NPn2p1/1P1pk1P1/8/4K3 w - - 3 47,a5a6 d4c2 e1d1 c2b4 a6a7 b4a2 a7a8q a2c3 d1c1 d3d2 c1b2 d2d1q,2121,82,91,1204,advancedPawn crushing deflection endgame exposedKing knightEndgame master promotion quietMove veryLong,https://lichess.org/9pG9g7OR#93,
MDnzp,4k3/8/p1P1P3/1p2K1p1/8/1P1r2p1/P7/4R3 b - - 0 43,e8e7 e1c1 g3g2 c6c7 d3c3 c1c3 g2g1q c7c8q,2164,75,91,3056,advancedPawn crushing endgame promotion quietMove rookEndgame veryLong,https://lichess.org/B0ShSYLY/black#86,
MDsUh,r1b1k1nr/pp1pqpbp/4p1p1/2pPn3/2B1P3/2Q5/PPP2PPP/RNB2RK1 b kq - 2 9,e5c4 c3g7 e7f6 c1h6 f6g7 h6g7,2146,76,91,1908,advantage hangingPiece long opening quietMove,https://lichess.org/N5jLeLbt/black#18,Sicilian_Defense Sicilian_Defense_Old_Sicilian
MERqO,r1b2rk1/ppp2ppp/2nb2q1/4p3/2P5/3P1NPP/PP2BP1K/R1BQ1R2 b - - 0 12,g6h5 f3h4 h5h4 g3h4,2139,81,91,3190,crushing opening quietMove short trappedPiece,https://lichess.org/IPAcQIZh/black#24,Kings_Knight_Opening Kings_Knight_Opening_Normal_Variation
MEXOz,8/p5p1/P1p1P2p/4q3/2B5/1P2p1kP/6P1/5R1K b - - 4 35,g7g5 f1f3 g3h4 g2g3 h4h3 c4f1 h3g4 f1e2 e5b2 f3e3,2160,82,89,670,crushing discoveredAttack endgame master quietMove veryLong,https://lichess.org/8eHoLlyZ/black#70,
MEvcH,3r2k1/1p2b1p1/p3p2p/3q1p2/3N1P2/7P/3RQ1P1/7K b - - 6 38,e7c5 d4f3 c5d4 d2d4,2163,77,91,963,advantage endgame quietMove short,https://lichess.org/4Xz4hvSu/black#76,
MG5FQ,5k2/7p/p1r3p1/1p2Rp2/1P6/P2P3P/5PP1/6K1 w - - 0 28,e5c5 c6c5 b4c5 a6a5 g1f1 b5b4 a3b4 a5a4,2123,77,90,171,crushing defensiveMove endgame quietMove rookEndgame veryLong,https://lichess.org/2R1kJQ7w#55,
MGY9s,r3k1r1/pp3p1p/5B2/2bpp3/3n4/1B1P1P1q/PPP2P1P/R2Q2RK b q - 2 16,d4f3 g1g8 e8d7 g8g2 a8g8 d1f1,2185,81,73,48,advantage defensiveMove hangingPiece long middlegame quietMove,https://lichess.org/dDjpMVNx/black#32,Italian_Game Italian_Game_Giuoco_Pianissimo
MGdLg,8/2p2N1k/3pp3/7P/P7/5K2/1b6/8 b - - 0 39,b2f6 a4a5 f6d4 f7g5 h7h6 g5e6,2178,129,80,23,crushing endgame exposedKing long quietMove,https://lichess.org/dDKOMmrG/black#78,
MGly5,5rk1/1pr3pp/pn2p3/nb1pP3/3P4/PP3NN1/2BK1RPP/7R w - - 9 23,h2h4 f8c8 f3e1 c7c2 e1c2 a5b3,2102,82,84,59,advantage exposedKing long master middlegame quietMove,https://lichess.org/5Vu7KMe5#45,
MH3UG,r3r1k1/1b5p/5ppB/2Qp4/8/5N1P/q1P2PP1/6K1 b - - 0 30,a8d8 c5c7 a2a1 g1h2 f6f5 c2c3 a1c3 c7c3,2181,76,100,174,advantage defensiveMove middlegame quietMove veryLong,https://lichess.org/hCt2rKRK/black#60,
MHHJd,8/p7/3p2pp/2pP4/8/2P4k/PP5P/6K1 b - - 3 40,g6g5 b2b4 c5b4 c3c4 g5g4 c4c5 d6c5 d5d6,2173,75,99,303,crushing endgame pawnEndgame quietMove sacrifice veryLong,https://lichess.org/xx8W6eJL/black#80,
MHIiw,2k4r/pppq1p1p/3p1n2/4r3/4P3/N1P3Q1/PP3PPP/R4RK1 w - - 0 16,g3g7 h8g8 g7f6 d7h3 g2g3 e5h5 f6f5 h5f5,2193,133,83,14,advantage middlegame pin quietMove sacrifice veryLong,https://lichess.org/KupVIEBo#31,Philidor_Defense Philidor_Defense_Exchange_Variation
MHJCU,8/8/1p6/2pp1k2/3P1P2/2P2K2/8/8 w - - 0 44,f3e3 c5c4 e3f3 b6b5 f3e3 f5g4 e3e2 g4f4,2112,75,78,212,crushing endgame master pawnEndgame quietMove veryLong zugzwang,https://lichess.org/0F2svsvZ#87,
MHKQh,8/1p6/8/3p4/8/5kP1/PP5P/6K1 w - - 0 46,h2h3 f3e2 g1g2 d5d4 g3g4 d4d3,2155,79,91,1501,crushing endgame long pawnEndgame quietMove,https://lichess.org/C5huqNHP#91,
MHNFE,2kr1b1r/4n1p1/1Qp2p2/3p1q2/3P4/3R1N1p/PPP2P1P/2K4R b - - 2 22,f5d7 d3b3 d7c7 b6a6 c8d7 b3b7,2111,75,87,307,clearance crushing exposedKing long middlegame pin quietMove,https://lichess.org/kFM7g0Mg/black#44,
MHmAS,Q5nr/p1pk1ppp/2np2q1/2b3B1/2BpP3/2P2N2/PP3Pb1/RN3RK1 w - - 0 12,c4b5 g8e7 a8c6 e7c6,2114,154,76,8,advantage middlegame quietMove short,https://lichess.org/iu8oRucs#23,Scotch_Game Scotch_Game_Scotch_Gambit
MI1AD,8/8/1Rp5/3p4/bP5p/P1k4P/6P1/3K4 w - - 5 41,d1e2 d5d4 e2f2 d4d3 b4b5 a4b5,2187,76,95,477,crushing endgame long quietMove,https://lichess.org/s2YJUChv#81,
MIKbM,rn4Q1/ppp1kp1p/8/4p3/2K1Pp1q/8/PPPP4/RNB5 w - - 1 16,g8c8 b8d7 c8c7 a8c8 c7c8 d7b6 c4b3 b6c8,2197,77,90,617,attraction clearance crushing fork middlegame pin quietMove sacrifice veryLong,https://lichess.org/L3iSkkZJ#31,Kings_Gambit_Accepted Kings_Gambit_Accepted_Kieseritzky
MIWBC,8/2pk4/1p1p1K2/p2P4/8/2P5/PP6/8 b - - 0 33,c7c6 c3c4 b6b5 b2b3,2148,78,90,1742,crushing defensiveMove endgame pawnEndgame quietMove short,https://lichess.org/03WH8U6T/black#66,
MIy7S,r3r1k1/5p1p/1q1p2pQ/1p6/p1pN4/P1Pb2NP/1P3PP1/3R2K1 b - - 3 28,d6d5 g3h5 b6d4 c3d4,2168,75,93,933,advantage middlegame quietMove short,https://lichess.org/wtyDOlkk/black#56,
MJ18j,8/8/8/3p4/8/Pk4K1/1P6/8 w - - 1 54,g3f2 d5d4 a3a4 d4d3 f2e3 b3c2 a4a5 d3d2,2169,77,82,69,advancedPawn crushing endgame pawnEndgame quietMove veryLong,https://lichess.org/MaGPPhSB#107,
MJjL8,3r4/R1k2p2/2p1pp1p/1p1qn1r1/1R1P4/2PQ1P2/5P1P/5K2 b - - 7 28,c7b6 b4a4 g5g1 f1g1 e5f3 g1f1,2183,77,78,54,crushing defensiveMove long middlegame quietMove,https://lichess.org/wTq31vps/black#56,
MJkbe,8/R3n1rp/4p3/6p1/2P1P3/1P5P/Pk4P1/7K b - - 0 37,e7f5 a7g7 f5g7 b3b4 e6e5 c4c5,2151,144,82,8,advantage defensiveMove endgame long quietMove,https://lichess.org/UqazZxNK/black#74,
MJzjL,3b4/8/1p1P4/5Np1/7p/5P2/PP2K3/6k1 w - - 0 42,f3f4 g5g4 f5h6 g4g3,2126,78,79,103,crushing endgame master masterVsMaster quietMove short,https://lichess.org/5HqIXTto#83,
MK0lB,6R1/1b6/p2b1kp1/1p3p2/3p4/P2B3r/1PP5/2N2RK1 w - - 6 31,g8d8 d6g3 f1f5 g6f5,2156,75,91,3951,crushing middlegame quietMove short,https://lichess.org/qxvtWHtH#61,
MKEPr,8/5rk1/7p/1pQ3p1/p1b3K1/P1P4P/6P1/8 w - - 10 48,g4h5 f7f4 c5e5 g7h7 e5f4 g5f4,2143,79,91,3244,crushing defensiveMove endgame long quietMove,https://lichess.org/cTzjCGA9#95,
MKzV3,8/p7/1pk5/4K3/P7/6P1/8/8 b - - 0 61,b6b5 a4b5 c6b5 g3g4 a7a5 g4g5 a5a4 e5d4 b5b4 d4d3 b4c5 g5g6,2136,140,100,14,crushing endgame pawnEndgame quietMove veryLong,https://lichess.org/4mYJ2gJC/black#122,
MKzta,r5k1/pp2rpp1/2p3bp/3pP3/1P4P1/P1q4P/3BR1P1/R4QK1 b - - 5 25,c3g3 e2e3 g3h4 g2g3 h4g5 e3e2 g5e5 e2e5,2152,82,78,64,advantage middlegame quietMove trappedPiece veryLong,https://lichess.org/o7tKDUX9/black#50,
ML68C,8/6k1/6p1/5pP1/7K/6P1/r6P/7R w - - 31 71,h2h3 a2a8 g3g4 f5f4 h1a1 a8h8,2164,104,63,38,endgame long mate mateIn3 quietMove rookEndgame,https://lichess.org/rIn1yWPY#141,
MLJwe,8/1K6/2Bk4/1P3p2/1n1P2p1/8/6P1/8 w - - 6 47,d4d5 f5f4 b5b6 f4f3 g2f3 g4g3 c6b5 g3g2,2189,75,95,299,advancedPawn crushing endgame quietMove veryLong,https://lichess.org/y1scJQVD#93,
MLTrM,3r2k1/pp1r1pbn/1q2p1pp/4PP2/2B3P1/1PB4P/P5QK/R4R2 b - - 0 25,g7e5 c3e5 d7d2 c4e2 b6e3 e5f4,2191,76,94,309,advantage hangingPiece long middlegame quietMove,https://lichess.org/VsgkAmCt/black#50,
MMBed,2k5/pp1qp1rr/3p4/2p2p2/6p1/2PPR1Q1/PP2RPB1/6K1 w - - 6 27,g1f1 e7e5 f2f4 g4f3 g3f3 f5f4 g2h3 h7h3 f3h3 f4e3,2199,80,91,667,advantage enPassant middlegame quietMove veryLong,https://lichess.org/EpXKMcT3#53,
MMU3p,1k5r/p1p3b1/Q4p2/3Rnqp1/7P/2N3r1/PPP3P1/2K4R b - - 2 22,c7c6 c3b5 f5f2 d5d4 c6b5 a6b5 b8a8 b5d5,2106,164,47,20,crushing middlegame queensideAttack quietMove sacrifice veryLong,https://lichess.org/rKQmgR0j/black#44,
MMXgQ,kr6/p1p2ppp/B2p4/Q1p5/2P5/4P3/Pbq3PP/5RK1 b - - 1 23,b2c3 a5c7 c2e4 a6b5 b8b5 c4b5,2175,76,90,254,advantage endgame long quietMove,https://lichess.org/vc2orkKz/black#46,
MNI3c,1k2r3/ppp1q1p1/5n1p/1N6/3Q1Pr1/1P2p3/PKP5/4R3 b - - 3 27,a7a6 d4a7 b8c8 e1d1 f6d5 d1d5,2131,76,93,210,crushing long middlegame quietMove,https://lichess.org/uhnig8Mz/black#54,
MNrGI,r2r2k1/5ppp/p1P1p3/1p6/8/P5P1/5P1P/3R1RK1 b - - 0 24,a8c8 d1d8 c8d8 c6c7 d8c8 f1d1 g8f8 d1d8 f8e7 d8c8,2167,75,88,115,advancedPawn crushing endgame quietMove rookEndgame veryLong,https://lichess.org/h1z36num/black#48,
MP0eM,1R6/8/2r1k1p1/P6p/1P2Pp2/3n1P1P/2r3P1/R4K2 w - - 2 38,a5a6 c2f2 f1g1 c6c2 g1h1 f2g2,2133,152,16,30,clearance crushing endgame long quietMove,https://lichess.org/hMit4uIe#75,
MPJQe,8/p5pp/8/2k2p2/2Pp1P2/3K3P/P5P1/8 w - - 0 30,a2a3 h7h5 g2g3 a7a6,2158,147,83,18,crushing defensiveMove endgame master pawnEndgame quietMove short zugzwang,https://lichess.org/upanxXaz#59,
MQ6sA,r6k/5p2/p3pNpB/2n2P2/1p6/1P3R2/P6K/3r4 b - - 0 36,e6f5 f3h3 d1d3 h3h4,2170,75,95,84,advantage endgame quietMove short,https://lichess.org/AJ9HezmE/black#72,
MQ8V8,6k1/1q3rp1/p5Qp/1p1PpP1P/8/7K/2R5/8 b - - 0 46,b5b4 g6e6 g8h7 c2c8 b7c8 e6c8,2107,75,90,509,crushing endgame long quietMove,https://lichess.org/Zz53oQ6U/black#92,
MQCsE,8/6pp/1R1p1kq1/2pPpr2/2P2p2/2Pb1P1r/5QP1/4R1KN b - - 6 37,f6e7 f2a2 h3h1 g1h1,2194,87,64,42,crushing middlegame quietMove short,https://lichess.org/xjOCOO8P/black#74,
MQiuz,5B2/7K/6rP/1p3k2/1P6/8/8/8 b - - 18 63,f5g5 f8g7 g6d6 h7g8,2107,79,93,3273,crushing defensiveMove endgame master quietMove short,https://lichess.org/kETSg4TQ/black#126,
MRF7v,r4rk1/p6p/bp1N2p1/3pP3/P2P1p1Q/1P2q3/2P3RP/R6K b - - 3 29,e3d4 a1g1 d4e5 g2g6 h7g6 g1g6,2101,77,88,198,advantage kingsideAttack long middlegame quietMove sacrifice,https://lichess.org/jghLxhx0/black#58,
MRHHM,5r1k/5B2/5RP1/2p4p/7P/2P3B1/1Pq5/6K1 b - - 0 33,h8g7 g3e5 c2e4 f6e6 e4e5 e6e5,2180,82,94,807,crushing discoveredAttack endgame exposedKing long quietMove,https://lichess.org/SLGH0kAb/black#66,
MRPZU,r4k1r/8/p3pp1p/1p1pqnpQ/1P6/P3P2P/2P1NPP1/R4RK1 w - - 0 20,h5g6 h6h5 e2d4 h8h6 g6h6 f5h6,2192,75,91,2177,advantage clearance long middlegame quietMove trappedPiece,https://lichess.org/zHQy1pI5#39,
MRX2h,5rk1/5p2/1p1p4/p2Pp1Pn/PpP4Q/1P6/5R2/1q3BK1 b - - 5 43,h5f4 f2h2 f7f6 h4h8 g8f7 h2h7 f7e8 h8g7,2103,83,85,59,advantage endgame quietMove veryLong,https://lichess.org/zbNl1UdF/black#86,
MRZaL,8/8/pp5r/3P1k1p/PPK4R/8/8/8 b - - 0 40,f5g5 h4d4 h6d6 a4a5,2122,78,91,1853,crushing endgame quietMove rookEndgame short,https://lichess.org/gnu4CjlC/black#80,
MRfo6,8/8/8/6p1/8/4kp1P/6P1/4K3 w - - 0 67,e1f1 f3f2 g2g3 e3f3 h3h4 g5g4 h4h5 f3g3,2148,75,96,2147,advancedPawn crushing endgame pawnEndgame quietMove veryLong zugzwang,https://lichess.org/yyPaxQ0L#133,
MRiWZ,1r3r2/4pp1k/3p4/1q4P1/1p2BPb1/1P6/2PQ4/1K1R4 b - - 1 27,g4f5 d2h2 h7g8 d1h1 b5f1 h1f1,2161,76,93,7275,crushing long middlegame quietMove,https://lichess.org/90fQEcEK/black#54,
MRpR4,4b3/5k2/7P/2P2K2/8/6P1/8/8 b - - 2 65,f7g8 g3g4 e8d7 f5f4 g8h7 g4g5,2149,81,86,39,bishopEndgame crushing defensiveMove endgame long quietMove,https://lichess.org/4ajqoFUg/black#130,
MRykQ,4rr1k/1pp3pp/8/8/8/4QpPq/PPP2P1P/R5RK w - - 1 24,e3a7 e8e6 a7d4 e6h6 d4h4 h6h4,2199,77,91,714,crushing endgame long quietMove,https://lichess.org/ny5GEimo#47,
MS54m,8/pp6/2p3p1/3p2k1/3P2Pp/2P2P1K/PP6/8 b - - 1 39,b7b5 b2b4 g5f4 h3h4 a7a6 a2a3 g6g5 h4h5,2170,75,92,2722,crushing endgame pawnEndgame quietMove veryLong zugzwang,https://lichess.org/zuotCuP4/black#78,
MSCNZ,r1b2rk1/5p1p/p2p2p1/q1pP1P2/2B1P3/4N3/1Q4PP/5RK1 b - - 0 23,c8d7 e3g4 f7f6 g4f6 f8f6 b2f6,2107,76,86,215,advantage fork long middlegame quietMove,https://lichess.org/XDknr1F4/black#46,
MSDkE,8/8/p3nk2/1p1p2p1/1P5p/P1P2K1B/7P/8 b - - 0 47,d5d4 h3e6 f6e6 c3d4 e6f5 h2h3 g5g4 h3g4,2151,75,82,162,capturingDefender crushing endgame quietMove veryLong,https://lichess.org/WHySRDog/black#94,
MSMWd,5rk1/2p3pp/1p6/3bq3/3N4/P2Qp1P1/1PP4P/4R1K1 b - - 1 26,f8f2 e1e3 e5f6 d4f3 f6f3 e3f3,2185,75,91,1463,crushing endgame long master masterVsMaster quietMove,https://lichess.org/enfiAtdB/black#52,
MSewq,b3r1k1/5ppp/3R4/1p1n1N2/8/P2Pp1QP/1q2BnPK/5R2 w - - 0 28,f1f2 e3f2 d3d4 g7g6 g3e5 d5f6 e5f6 g6f5,2147,210,100,14,advancedPawn equality middlegame quietMove veryLong,https://lichess.org/hTin1UEz#55,
MT1MO,8/8/r4p2/2nN3p/7k/8/6RK/8 b - - 1 59,c5e6 d5e7 f6f5 e7f5,2100,74,93,7006,endgame master masterVsMaster mate mateIn2 quietMove short,https://lichess.org/hDiyxBS8/black#118,
MTSDI,5r1k/R6p/3p4/P1p5/1p1pPnb1/1B1P4/1PP3P1/R5K1 w - - 1 29,a7c7 f4e2 g1h1 f8f6 c7c8 g4c8,2122,75,87,95,crushing endgame long quietMove,https://lichess.org/ST4fc9jf#57,
MTZ2W,1r5k/p3q2p/bp3p2/8/4B3/4Q3/PP4PP/4R1K1 w - - 2 24,e3f4 b8e8 e1c1 e7e4,2111,76,87,495,advantage endgame quietMove short,https://lichess.org/O2BJXVVl#47,
MTa6Y,8/8/pp4p1/3kp1p1/5pP1/PP1K1P1P/5P2/8 w - - 0 36,b3b4 b6b5 d3c3 e5e4 c3d2 d5d4 f3e4 d4e4,2170,75,84,125,crushing endgame pawnEndgame quietMove veryLong zugzwang,https://lichess.org/tdFhMYE5#71,
MTcY0,3kb3/R3b3/4p3/3pPp2/2pP3n/2P1PN2/2qB3P/5QK1 w - - 14 30,f1a1 h4f3 g1h1 e8a4 a7a8 d8d7,2183,121,74,28,advantage fork hangingPiece long middlegame quietMove,https://lichess.org/wYfb6em9#59,
MTfMw,rnqr2k1/1b3pbp/p1p2np1/1p6/5B2/1BN2NP1/PPP2P1P/R2QR1K1 w - - 3 16,d1e2 c6c5 f3e5 c5c4 b3c4 b5c4,2101,75,80,415,advantage long middlegame quietMove trappedPiece,https://lichess.org/uIUyES05#31,Scandinavian_Defense Scandinavian_Defense_Gubinsky-Melts_Defense
MTh6t,8/4kp2/4p3/5p2/R4P2/P3RKPP/1rr5/8 w - - 0 36,g3g4 c2f2 f3g3 f2g2 g3h4 b2b8 e3g3 b8h8,2195,150,52,8,crushing endgame quietMove rookEndgame veryLong,https://lichess.org/089riR8D#71,
MTi2X,1r6/pp5p/8/3BR1k1/3P1pp1/2P3p1/PP3nK1/8 b - - 5 37,g5h4 d5f7 f4f3 g2f1 g3g2 f1f2,2151,81,83,114,advantage endgame long quietMove,https://lichess.org/QvDvDOPw/black#74,
MTleh,8/p3k2p/1p2b1p1/2p2pP1/2P1pP1P/1P1rPN2/P3K3/R7 b - - 2 31,d3c3 f3e1 c3c4 b3c4,2186,74,87,91,crushing endgame master quietMove short,https://lichess.org/1IV7Ftsv/black#62,
MTwON,8/7p/2kNp1p1/p1P2pP1/3PpP1P/2K5/P7/5b2 b - - 8 39,c6d5 d6e8 e4e3 e8f6,2184,89,78,33,crushing endgame quietMove short,https://lichess.org/nZs80HMg/black#78,
MU86L,1rb1Q3/pp3rk1/3b3p/2p2pBR/3q4/3P4/PPP3PP/5R1K b - - 2 23,f7f6 f1e1 c8e6 g5f6 d4f6 e8e6,2137,136,100,30,advantage long middlegame quietMove,https://lichess.org/j784bGFm/black#46,
MUSxz,rn3r2/1p1qppbk/p1pp2p1/8/2PP4/2N1PBP1/PP1Q1PP1/2K4R b - - 1 14,g7h6 e3e4 g6g5 d2g5 d7e6 f3g4 f7f5 g4f5 f8f5 e4f5,2141,76,86,376,advantage fork middlegame pin quietMove veryLong,https://lichess.org/9WH0Kbft/black#28,Modern_Defense Modern_Defense_Other_variations
MUxEa,2r5/R2nk1Bp/1p2p1p1/1q1pN3/3P2PP/8/5P1K/8 b - - 0 26,b5a5 a7d7 e7e8 g7f6 a5b4 d7h7,2196,77,87,752,crushing discoveredAttack endgame long quietMove,https://lichess.org/1nBmuhh6/black#52,
MVadh,8/7p/8/p7/3p1k2/1P1K1P2/P4P2/8 w - - 2 40,d3d4 h7h5 d4d3 f4f3 a2a3 h5h4,2146,76,86,210,crushing defensiveMove endgame long pawnEndgame quietMove,https://lichess.org/9mUSFKPR#79,
MVkpq,8/8/3k1pp1/p1pPp2p/P3K1PP/1P3P2/8/8 b - - 0 34,h5g4 f3g4 f6f5 g4f5 g6f5 e4f5 d6d5 h4h5 e5e4 f5f4,2188,76,75,131,crushing endgame pawnEndgame quietMove veryLong,https://lichess.org/pynKJM7o/black#68,
MVloG,2r5/1k3ppp/p1n1q3/1pQ1p3/3pP3/K2P1PR1/PPP4P/R7 w - - 0 29,b2b3 c6e7 c5e7 e6e7,2117,86,73,38,advantage endgame quietMove short,https://lichess.org/cQDJyzCj#57,
MW9Ad,8/7p/pp5K/6P1/6k1/8/PP6/8 w - - 4 40,b2b4 b6b5 g5g6 h7g6 h6g6 g4f4,2164,77,92,1870,crushing defensiveMove endgame long pawnEndgame quietMove,https://lichess.org/6RizBEwC#79,
MWGr5,8/5Rpk/8/1P5p/P7/5P2/6K1/3r3n b - - 0 51,d1d4 a4a5 d4d5 f7b7,2133,76,91,3450,crushing endgame quietMove short,https://lichess.org/YjrZxxzh/black#102,
MWlKP,8/8/2p3p1/3p2P1/2kPp3/P1P5/2K5/8 b - - 1 45,e4e3 a3a4 e3e2 c2d2 e2e1q d2e1 c6c5 d4c5,2109,75,94,2913,crushing endgame pawnEndgame quietMove veryLong,https://lichess.org/hbcCTczS/black#90,
MWmhP,8/8/5pk1/1pp3p1/8/P1pK2P1/5P1P/8 b - - 1 49,b5b4 a3a4 g6f5 a4a5 c5c4 d3c2,2100,75,88,182,crushing defensiveMove endgame long pawnEndgame quietMove,https://lichess.org/aHrrU5LT/black#98,
MWv9U,r1b2rk1/4bpp1/1q1p3P/6p1/2B1P3/pP3PN1/P2Q4/2KR3R b - - 0 26,g7g6 d2c3 b6e3 c3e3,2169,76,94,3198,crushing master middlegame quietMove short,https://lichess.org/1226qVyi/black#52,
MX45C,8/7p/1p4p1/2k5/2p2PP1/P1K5/7P/8 w - - 2 42,f4f5 g6f5 g4f5 b6b5 f5f6 c5d6 f6f7 d6e7 f7f8b e7f8,2118,76,81,152,crushing endgame pawnEndgame quietMove veryLong,https://lichess.org/DxOpnUWi#83,
MXDxR,8/8/pp3k2/2p1p3/4K1P1/PP6/8/8 b - - 0 39,a6a5 a3a4 f6g5 e4e5 c5c4 b3c4,2168,80,85,56,crushing endgame long pawnEndgame quietMove,https://lichess.org/RPzna8uA/black#78,
MXSKY,2kr3r/p1p3p1/2p2q1p/2p1p3/4P3/1QP1R2P/PP3P2/RN4K1 w - - 2 18,b1a3 d8d2 a1f1 h8f8 b3c2 d2c2,2136,77,90,105,advantage long middlegame quietMove,https://lichess.org/X6jdoKWc#35,Italian_Game Italian_Game_Giuoco_Piano
MXYQm,8/p3k3/4P3/3KR3/7r/3p4/PP6/8 w - - 0 46,e5e3 d3d2 e3d3 h4h8 d5e5 h8d8 d3d2 d8d2,2114,75,97,692,advancedPawn crushing endgame quietMove rookEndgame veryLong,https://lichess.org/PN21gotK#91,
MXpzm,8/3r1kp1/8/R2P2p1/P1P5/2P1p2K/8/8 w - - 0 44,h3g3 d7e7 d5d6 e3e2 d6e7 e2e1q,2146,83,91,40,advancedPawn crushing endgame long promotion quietMove rookEndgame,https://lichess.org/pXPOWJzV#87,
MYAhf,rnb2rk1/ppp2ppp/3q4/4b3/2P1P3/2NB4/PP3PPP/R1BQ1RK1 w - - 2 11,f2f4 e5c3 b2c3 f8d8 c1e3 d6d3 d1d3 d8d3,2135,76,89,2810,advantage opening quietMove veryLong,https://lichess.org/JpBGzbEH#21,Indian_Defense Indian_Defense_Budapest_Defense
MZQuL,8/7p/p2p4/1p1k2p1/3P2P1/PP2K3/7P/8 w - - 0 32,h2h3 a6a5 e3d3 a5a4 b3a4 b5a4 d3e3 d5c4,2188,77,91,218,crushing endgame pawnEndgame quietMove veryLong,https://lichess.org/sygBSaLt#63,
MZZL4,2k5/ppp2p1p/3bp3/7q/2PP3r/1P3P2/P3Q1RP/3R3K w - - 5 27,c4c5 d6h2 g2g8 c8d7 h1g2 h2f4 e2b5 d7e7 b5e8 e7f6 e8d8 f6f5 d8h4 h5h4,2137,78,90,750,crushing endgame quietMove veryLong,https://lichess.org/fx4EKqff#53,
MZbJ3,1Rr3q1/p4k2/3bpp2/P2p3r/2nP1Q2/2N1P1B1/5PP1/2R3K1 w - - 2 32,b8c8 g8c8 f4f3 c8h8 f3h5 h8h5,2164,101,40,19,crushing long middlegame quietMove,https://lichess.org/T4p8HggP#63,
MaDKc,2k2r1r/ppp3qp/3pp2R/4p3/3nP3/2NP1N2/PPPQ1KP1/7R w - - 3 15,d2e3 h8g8 h6h2 g7g3 f2f1 d4f3 g2f3 f8f3,2176,79,91,1406,crushing deflection middlegame quietMove veryLong,https://lichess.org/kMOrWPIM#29,Kadas_Opening Kadas_Opening_Other_variations
MaDxy,8/8/3k4/p1p5/2K1p2p/1P5P/P4P2/8 b - - 5 44,d6c6 a2a3 c6d6 c4b5 d6d5 b5a5,2172,82,81,48,crushing endgame long pawnEndgame quietMove zugzwang,https://lichess.org/WyQcyqrz/black#88,
Mb8sm,8/8/4kp2/p6K/P6P/8/8/8 b - - 0 45,f6f5 h5g5 e6e5 h4h5 e5e6 h5h6 e6f7 g5f5,2162,74,83,145,crushing endgame pawnEndgame quietMove veryLong,https://lichess.org/TjTeMk5s/black#90,
MbJHy,7r/3rbp2/p1k5/2p1pp1p/2P3nP/1P4P1/PN1B1PK1/R2R4 w - - 4 26,f2f3 h8d8 d2g5 e7g5,2177,78,89,1015,advantage master masterVsMaster middlegame quietMove short,https://lichess.org/eA69GxQW#51,
MbQba,r4k1r/1p3ppp/p4q2/4n3/3b4/3PB3/PP2R2P/R2Q1B1K b - - 3 19,a8d8 e3d4 d8d4 d1e1 g7g6 e2e5,2187,90,77,27,advantage long middlegame quietMove,https://lichess.org/tuzhmx9H/black#38,Queens_Pawn_Game Queens_Pawn_Game_Chigorin_Variation
MbTQZ,8/6Kp/8/p2kB3/3P4/2n4P/8/8 w - - 0 50,g7h7 a5a4 e5f4 c3e2 f4g5 a4a3,2120,78,85,70,crushing endgame long quietMove,https://lichess.org/f9ftjXIM#99,
MbdrW,r1b1R3/1p3p1k/p2b1qpp/2p5/2PpB3/NQ1P2P1/PP3P1P/6K1 w - - 0 19,b3b6 c8h3 b6d6 f6d6,2113,77,87,84,crushing master masterVsMaster middlegame quietMove short,https://lichess.org/yUdtyGBl#37,Kings_Indian_Attack Kings_Indian_Attack_Other_variations
Mc1l8,8/p3Q1pp/1p1P4/3kr3/8/8/P2K1P1P/6r1 w - - 5 38,e7e5 d5e5 d6d7 g1g4 d7d8q g4d4 d8d4 e5d4,2142,88,91,951,crushing endgame exposedKing fork hangingPiece master quietMove veryLong,https://lichess.org/UaFQ7Z4u#75,
McAZv,1k1r3r/1p4pp/p3pp2/1qbp4/5P2/P1BPP1P1/2QP2P1/1R3RK1 b - - 1 21,b5c6 c3d4 d8c8 f1c1 c6d7 d4c5,2120,79,91,1360,crushing long middlegame quietMove,https://lichess.org/xuHTJVHx/black#42,
Mcekv,4r1k1/p4p2/1p2rB2/2p5/8/2PK1R2/P5PP/8 b - - 3 31,e6e2 f3h3 e8e3 h3e3,2125,75,86,152,advantage endgame quietMove short,https://lichess.org/GD8gOevF/black#62,
MclF4,8/8/4p3/p1p3K1/6P1/1P1k1P1P/8/8 w - - 0 55,h3h4 a5a4 b3a4 c5c4 g5f6 c4c3,2160,77,95,567,crushing endgame long pawnEndgame quietMove,https://lichess.org/4D8GpfyG#109,
Mcxa5,6k1/5p1p/5ppB/1q1b4/8/5BP1/4PP1P/2R3K1 b - - 5 25,d5b7 c1d1 b5a5 f3b7,2106,76,79,136,advantage endgame quietMove short,https://lichess.org/vHK7xoeh/black#50,
MdMt3,8/8/3k4/1p3pp1/3K4/2P2P2/7P/8 b - - 0 40,g5g4 f3f4 d6c6 d4e5 c6c5 e5f5,2137,78,91,334,crushing endgame long pawnEndgame quietMove zugzwang,https://lichess.org/HUEHyw73/black#80,
MdZHt,8/8/1P2p3/2K3k1/r4pp1/2R5/8/8 b - - 0 55,g4g3 b6b7 g3g2 c3c1 a4a2 b7b8q,2125,76,98,400,advancedPawn crushing endgame long promotion quietMove rookEndgame,https://lichess.org/B9luFaq0/black#110,
MdZIx,2r5/P1P3pp/5p2/3kp3/1b1p4/3K2P1/5P1P/2R5 b - - 0 43,b4c3 c1b1 e5e4 d3e2,2148,93,78,39,advantage endgame quietMove short,https://lichess.org/6YEizYn2/black#86,
MeI2o,8/8/3kp3/PB5p/1P1P2p1/2K2b2/7P/8 w - - 0 49,b5d3 h5h4 d3f1 h4h3 f1h3 g4h3,2182,89,86,35,bishopEndgame crushing endgame long quietMove,https://lichess.org/g8xarCU6#97,
MeSVm,8/6kp/4ppp1/4P3/5PP1/2pK3P/8/8 b - - 1 35,f6f5 g4g5 g7f8 d3c3,2126,74,85,117,crushing endgame pawnEndgame quietMove short,https://lichess.org/5qRLuY14/black#70,
MfCUo,1r3rk1/5ppp/p2P4/2p3P1/7P/1Q2BP2/4q3/2KR3R w - - 1 27,b3c3 e2a2 c3c2 a2a3 c1d2 b8b2,2158,75,96,2168,crushing exposedKing fork long middlegame pin quietMove,https://lichess.org/ZQYMEhMT#53,
MfHUm,2b5/2P5/1K2p3/5p1p/2pB1Ppk/2P1P3/P7/8 b - - 1 47,g4g3 a2a4 g3g2 e3e4,2119,76,87,92,advantage bishopEndgame endgame quietMove short,https://lichess.org/S3PLlQHX/black#94,
MfHgZ,8/8/6p1/3p1p2/1K1P3k/2P1P2P/8/8 w - - 0 34,b4c5 g6g5 c5d5 g5g4 h3g4 f5g4 c3c4 g4g3,2125,77,94,1430,crushing endgame pawnEndgame quietMove veryLong,https://lichess.org/pZxWZjuJ#67,
MffN5,8/8/6pp/1pk1p3/4Pp2/P1K2P2/6PP/8 w - - 0 37,g2g3 f4g3 h2g3 h6h5 f3f4 e5f4 g3f4 h5h4,2105,76,94,1332,crushing defensiveMove endgame pawnEndgame quietMove veryLong,https://lichess.org/jOYM4Eas#73,
MffuH,8/6nB/p1p2k2/1p1p3p/3P2pP/1PP1K1P1/P7/8 b - - 3 39,g7f5 h7f5 f6f5 b3b4 f5e6 e3f4,2144,75,94,702,crushing endgame long quietMove zugzwang,https://lichess.org/7YpSLnfk/black#78,
MgF3F,3r1r1k/pR6/2n5/3n1p2/2B2P1P/2N1pb2/PPP4K/6R1 b - - 5 29,d5f4 g1g7 d8d2 c3e2 d2e2 c4e2,2188,166,66,7,advantage defensiveMove long middlegame quietMove,https://lichess.org/XygyX2Mw/black#58,
Mgi5K,5rk1/pr2q3/1n3p2/1R1pPRp1/2pP4/2P2NP1/6P1/1Q4K1 w - - 0 26,e5f6 e7e3 g1f1 b7h7 f5g5 g8h8,2142,76,82,59,advantage clearance defensiveMove long middlegame quietMove,https://lichess.org/ac1Rhdve#51,
MgjU4,8/8/p7/1pp1k3/5p2/1PPP1K2/P7/8 w - - 1 37,a2a3 a6a5 f3g4 b5b4,2141,79,90,1759,crushing endgame pawnEndgame quietMove short,https://lichess.org/SMzjrHoA#73,
Mgxa3,8/1r6/1Pr3k1/4pp2/7K/8/4RP2/1R6 w - - 2 46,e2b2 c6c3 f2f3 c3f3 b1g1 g6f6 g1g6 f6g6,2153,76,94,297,crushing endgame quietMove rookEndgame veryLong,https://lichess.org/zytVuiId#91,
Mgy5p,5rk1/1R3ppp/4pB2/8/4q3/2P3P1/r4P1P/3Q1RK1 b - - 0 21,e4b7 d1g4 g7g6 g4f4 a2a1 f1a1,2134,164,41,10,crushing endgame long master pin quietMove,https://lichess.org/i4tU4tRj/black#42,
Mh8EK,3r3k/p5p1/3P1b1p/3R4/2Q5/1P2p3/5qPP/3R3K w - - 2 38,c4c1 e3e2 d1g1 f6d4 d5d4 f2d4,2168,88,85,34,advancedPawn advantage endgame long quietMove,https://lichess.org/LS0C5CZH#75,
MhQax,8/p7/P1p5/6kp/3Pp3/4Pp2/5PKP/8 w - - 0 37,g2h3 h5h4 d4d5 c6c5 d5d6 g5f6,2145,79,92,490,crushing defensiveMove endgame long pawnEndgame quietMove zugzwang,https://lichess.org/T5J8eMPA#73,
MhbbE,8/r6p/3k2p1/1P3p2/4p3/1KR4P/5PP1/8 b - - 0 42,a7c7 c3c7 d6c7 b3c4 c7b6 h3h4 h7h6 g2g3 g6g5 h4g5,2185,151,87,15,crushing endgame quietMove rookEndgame veryLong zugzwang,https://lichess.org/SKmyIYZc/black#84,
MhixB,1r6/1B1P4/R3k1pp/5p2/2p3nP/3p2P1/5P2/6K1 b - - 2 45,e6e7 b7c8 d3d2 a6e6 e7e6 d7d8q,2100,77,90,1221,advancedPawn advantage deflection discoveredAttack endgame exposedKing long master masterVsMaster promotion quietMove,https://lichess.org/IoYpLOkF/black#90,
MhmHM,8/PR6/5pk1/8/1P6/1K2r2p/8/8 w - - 3 48,b3a4 e3e1 a4b3 e1a1 b7e7 h3h2,2139,76,94,4819,advancedPawn crushing endgame long quietMove rookEndgame,https://lichess.org/oj5Qiq57#95,
Mi1Pe,8/8/p7/1p2k2p/1P1p1p2/1P1K4/3B4/8 w - - 0 46,d3e2 h5h4 e2f3 d4d3,2177,89,62,29,bishopEndgame crushing endgame quietMove short,https://lichess.org/auL4fdTC#91,
MiE18,5b2/p4B2/3p4/3PpKp1/P2kP3/6P1/8/8 b - - 0 43,a7a5 f7g6 f8e7 f5e6,2187,74,93,798,bishopEndgame crushing endgame master quietMove short,https://lichess.org/MF7V7LF2/black#86,
MiOtK,r1bq1rk1/ppN3bp/3Pp1p1/4n1B1/2Q5/5p2/P4PPP/3RR1K1 w - - 0 18,g5d8 e5c4 d8e7 c8d7 e7f8 a8f8,2147,79,83,86,advantage hangingPiece long middlegame quietMove,https://lichess.org/s0LFjtab#35,Queens_Gambit_Declined Queens_Gambit_Declined_Marshall_Defense
MiROM,6k1/2Rb2pp/p3r3/3p4/5r2/8/PP2QPPP/6K1 w - - 0 27,e2d2 f4d4 d2c1 d4e4 f2f4 e4e1 c1e1 e6e1 g1f2 e1e7,2159,90,76,35,advantage defensiveMove endgame fork quietMove veryLong,https://lichess.org/bmg9LvSD#53,
MiVEu,8/p7/3P1k2/2p1p3/6Pp/P3K3/6P1/8 w - - 1 48,d6d7 f6e7 e3e4 c5c4 g4g5 e7d7,2136,92,69,35,crushing endgame long pawnEndgame quietMove,https://lichess.org/i1qrzZGU#95,
MivKn,8/pp2k3/5p1P/5Bp1/2p2p2/5nr1/PP6/R6K b - - 1 38,e7f8 h6h7 f8g7 a1d1 g3g1 d1g1 f3g1 h1g1,2105,84,83,394,advancedPawn advantage endgame quietMove veryLong,https://lichess.org/TN1aO0Rp/black#76,
MjTkS,5k2/6pQ/p3b2p/1pPp4/3b1q2/P2B4/1P3PP1/3R2K1 w - - 1 32,h7h8 e6g8 d1f1 g7g6 h8d4 f4d4,2157,78,91,1333,crushing defensiveMove endgame long quietMove trappedPiece,https://lichess.org/n2KRw3fm#63,
MjfGF,8/3B2b1/8/1Pk1pKp1/5p2/5P1P/8/8 b - - 2 51,c5d6 d7c6 e5e4 c6e4,2149,80,90,838,bishopEndgame crushing endgame master quietMove short,https://lichess.org/EhRkAiPR/black#102,
MkaI4,r7/4k3/p1R1Pp1p/Pp1K1p2/1P4p1/5P2/7P/8 w - - 0 46,f3g4 a8d8 d5c5 f5f4 c6c7 e7e6,2121,74,86,351,crushing endgame long quietMove rookEndgame,https://lichess.org/03P9hxli#91,
MkciL,8/7k/p1b3pp/2P1K3/1P6/P6P/6P1/8 b - - 1 41,h7g7 g2g3 g7f7 e5d6,2135,135,-71,17,bishopEndgame crushing endgame quietMove short,https://lichess.org/OLQ1PTsq/black#82,
MkyWQ,8/2b5/2P2pKp/7P/5RP1/6k1/8/8 b - - 0 55,g3f4 g6h6 f6f5 g4g5 f4e3 g5g6 f5f4 g6g7 f4f3 g7g8q,2171,75,85,270,advancedPawn bishopEndgame crushing endgame promotion quietMove veryLong,https://lichess.org/DsNnYWOx/black#110,
MlfCJ,6k1/1p5p/1p1nr3/6RB/2PR4/4p1K1/6PP/1r6 b - - 0 33,g8f8 d4f4 f8e7 g5g7 e7d8 f4f8 d6e8 g7g8 d8c7 f8e8 e6e8 g8e8,2151,77,91,1267,crushing endgame exposedKing master quietMove veryLong,https://lichess.org/FdKQOymz/black#66,
MlgbM,8/8/6R1/2P4p/6p1/4Q1Pk/1q6/7K w - - 0 48,e3g1 b2e2 g6f6 e2e4 f6f3 e4f3 g1g2 f3g2,2132,78,91,3582,endgame exposedKing mate mateIn4 quietMove veryLong,https://lichess.org/v7RDNfn0#95,
MmMZS,rnbq1rk1/pp4pp/3b1n2/1NpP1p2/2B1p3/5P2/PPPP2PP/RNBQ1RK1 w - - 2 9,f3e4 d6h2 g1h2 f6g4 h2g1 d8h4 d1g4 h4g4,2113,76,94,7096,advantage attraction clearance kingsideAttack master middlegame quietMove sacrifice veryLong,https://lichess.org/BqtW4lnV#17,Elephant_Gambit Elephant_Gambit_Maroczy_Gambit
Mmark,1k1r2r1/ppp2Q2/3pRP2/3P4/2q5/P5p1/1P6/K2R4 w - - 0 30,f7g8 d8g8 f6f7 g8c8 e6e8 c4f4 f7f8r f4f8 e8f8 c8f8,2178,75,94,1885,advantage endgame hangingPiece master quietMove veryLong xRayAttack,https://lichess.org/r9MYKSaf#59,
MmlHf,3r1k2/ppp1b3/4p1Q1/4P3/2nPR3/P4q2/5P1P/5RK1 b - - 1 29,c4d2 e4g4 f3f7 g6h6 f8e8 h6d2,2194,75,93,4436,advantage exposedKing fork long middlegame quietMove,https://lichess.org/O7DQD784/black#58,
Mn0Mm,2kr3r/Bppqb1p1/R6p/3np3/8/1QN5/PPP2PPP/2K4R w - - 2 19,a7e3 b7a6 h1d1 c7c6 c3d5 c6d5,2166,75,93,1521,crushing hangingPiece long middlegame quietMove,https://lichess.org/YqtW6Bc2#37,Scotch_Game Scotch_Game_Other_variations
Mn91E,1k1r4/2p4p/R2p2p1/4b1p1/8/3R1B2/1r3P1P/7K b - - 1 30,b8c8 f3c6 b2b8 d3a3 d8f8 a6a8 c8d8 a8b8,2191,87,90,1099,advantage endgame quietMove veryLong,https://lichess.org/PRHhxypQ/black#60,
MnF2L,6k1/4pp1p/p2p2p1/1p6/1P2q3/P1Q4P/5PP1/5K2 b - - 1 35,e4c4 c3c4 b5c4 a3a4 g8f8 b4b5 a6b5 a4a5,2100,77,78,139,advantage defensiveMove endgame queenEndgame quietMove veryLong,https://lichess.org/RO7CRGTO/black#70,
MnFDR,8/5p1p/Pp4p1/2kp4/4n1PP/KB6/8/8 b - - 0 42,e4c3 b3a4 c3a4 a6a7,2151,76,87,67,advancedPawn advantage endgame quietMove sacrifice short,https://lichess.org/y88E9j8N/black#84,
Mnb62,r5k1/p1p1Nppp/3q2r1/3p4/6nN/7b/PPQ2PPP/3R1RK1 b - - 6 18,g8h8 e7g6 h7g6 h4f3 h3g2 g1g2,2195,80,77,45,advantage long middlegame quietMove trappedPiece,https://lichess.org/O4PKILuF/black#36,Ruy_Lopez Ruy_Lopez_Berlin_Defense
MnmPW,8/5p2/p1P5/K4k1p/1P6/P3b3/8/8 b - - 0 42,f5e6 a5a6 e3f4 b4b5 e6d5 a6b7,2190,77,98,103,bishopEndgame crushing defensiveMove endgame long quietMove,https://lichess.org/nQMsJv8v/black#84,
MnsK5,8/8/7p/pp6/k1q2P2/8/8/3QK3 b - - 5 63,c4b3 f4f5 a4a3 d1b3 a3b3 f5f6 a5a4 f6f7 a4a3 f7f8q,2191,75,94,4783,advancedPawn crushing endgame promotion queenEndgame quietMove veryLong,https://lichess.org/SKLfM8sP/black#126,
MnvTE,8/1k6/2p5/1p6/1PpP1n1P/2P3P1/5P2/6K1 b - - 0 43,f4d5 h4h5 d5c3 h5h6 c3e2 g1f1,2161,82,91,2590,crushing defensiveMove endgame knightEndgame long quietMove,https://lichess.org/H18EksY1/black#86,
MoU0y,r3k1r1/p1pp1p2/1p2pq1p/4P1p1/8/2PP3P/P4PP1/1R1QR1K1 b q - 0 15,f6f4 g2g4 f7f5 b1b4 f5g4 b4f4,2189,93,73,26,advantage endgame long quietMove trappedPiece,https://lichess.org/D57ghR0z/black#30,French_Defense French_Defense_Normal_Variation
MomWR,3r1r1k/pp3p2/2p2Pp1/4p2b/2P1B2q/4N3/PP4PP/2Q2RK1 b - - 1 28,h4e4 e3f5 e4f4 f1f4 d8d1 c1d1 h5d1 f4h4,2103,76,91,844,advantage middlegame quietMove veryLong,https://lichess.org/G36XoVHd/black#56,
Morxv,2k3rr/R7/1R2p3/4Pn2/3P4/2P4P/PP1B2K1/8 w - - 5 33,g2h2 f5h4 h2h1 h4f3 a7a8 c8c7 a8g8 h8g8 d2e3 c7b6,2109,79,70,47,advantage endgame quietMove veryLong,https://lichess.org/aTvny8Sr#65,
Mp289,7k/q5p1/3p3p/1pb2R2/7P/p3rPP1/R5K1/3Q4 b - - 1 40,h8g8 d1d5 g8h7 f5f8 a7d7 d5g8,2163,76,84,107,crushing endgame long quietMove,https://lichess.org/T1nzVUg2/black#80,
MpCK4,8/PR6/1K2p3/2p1Pk2/8/8/8/r7 b - - 0 60,c5c4 b7b8 c4c3 a7a8q a1a8 b8a8,2181,80,59,53,advancedPawn crushing endgame long master masterVsMaster promotion quietMove rookEndgame,https://lichess.org/82vC7EHD/black#120,
MpRHJ,r4r2/pp3p2/4b2k/7p/5n1q/2QB4/PPP3P1/R4RK1 w - - 2 30,f1f4 h4f4 a1f1 f4e3 g1h1 f7f5 f1e1 e3b6,2100,83,91,1406,crushing hangingPiece middlegame quietMove veryLong,https://lichess.org/ZkR6Bkgw#59,
MpVZN,8/7p/3p2p1/1K1P4/6Pk/7P/8/8 b - - 2 39,h4h3 g4g5 h3g4 b5c6 g4g5 c6d6,2107,79,87,71,crushing endgame long pawnEndgame quietMove,https://lichess.org/QWBh4udY/black#78,
Mpybq,4r3/2qb1k1p/p2p1bp1/1p1P2B1/4R1P1/1P3Q1P/5P2/6K1 b - - 1 30,e8e4 f3f6 f7g8 g5h6 c7c1 h6c1,2123,84,80,38,crushing endgame long quietMove,https://lichess.org/3056Jn2h/black#60,
Mpz0m,r7/p5R1/1np2q1p/1p1pB2k/3P4/P1N2P1P/1PP2P2/2K5 b - - 0 30,f6f5 c3e2 f5f3 e2f4 f3f4 e5f4,2100,75,94,1008,advantage endgame long quietMove,https://lichess.org/apM2Hds9/black#60,
Mqn4b,8/8/7p/2k3p1/Kp6/6P1/P6P/8 b - - 1 41,c5c4 g3g4 c4c5 a4a5 b4b3 a2b3,2153,75,82,100,crushing endgame long pawnEndgame quietMove,https://lichess.org/bdr5TmOC/black#82,
Mr33m,k2r4/p3q3/Pp5b/1Pp5/4pBBp/7P/2P3P1/5Q1K b - - 0 36,d8f8 f1c4 h6f4 c4d5 a8b8 g4d7 e7d7 d5d7,2143,94,67,34,crushing endgame queensideAttack quietMove sacrifice veryLong,https://lichess.org/0rkgKoDG/black#72,
MrUAB,8/6pp/1p2N3/5P2/n1p3P1/6kP/3K4/8 b - - 4 43,g3h3 g4g5 h3g4 f5f6 g7f6 g5f6 g4f5 f6f7 f5e6 f7f8q,2199,80,45,94,advancedPawn advantage endgame knightEndgame promotion quietMove veryLong,https://lichess.org/WA8Bl893/black#86,
MrXla,8/8/4p1p1/3k3p/1PpP1P1P/4K3/8/8 b - - 0 53,c4c3 b4b5 d5d6 e3d3 c3c2 d3c2,2147,117,86,16,crushing endgame long pawnEndgame quietMove,https://lichess.org/0qF4DAgc/black#106,
Ms5wC,8/8/p1p2k2/1p4pK/1PP5/1P5P/8/8 b - - 2 46,f6f5 c4c5 f5f6 h5h6,2199,83,75,42,crushing endgame master pawnEndgame quietMove short zugzwang,https://lichess.org/HywBv7Uw/black#92,
Ms8kM,8/8/6p1/1p5p/1k3PP1/5K1P/8/8 b - - 0 47,b4c3 g4h5 g6h5 f4f5 b5b4 f5f6 b4b3 f6f7 b3b2 f7f8q,2115,74,90,756,advancedPawn crushing endgame pawnEndgame promotion quietMove veryLong,https://lichess.org/a8bWUtXd/black#94,
Ms8wQ,r1b1k2r/pp5p/2p1p1pB/2P1b3/2Bpq3/5RP1/PP5P/R2Q2K1 b kq - 1 17,c8d7 d1f1 e8c8 a1e1 e4f3 f1f3,2162,77,92,2215,clearance crushing long middlegame quietMove,https://lichess.org/IZexPfHD/black#34,Slav_Defense Slav_Defense_Schlechter_Variation
MsaQS,8/4p1k1/3p2p1/2bPq3/4Pp2/6P1/4Q1BK/8 w - - 0 54,g3f4 e5f4 h2h3 c5f2 e2f2 f4f2,2182,140,88,16,crushing endgame long quietMove,https://lichess.org/yri3O8o7#107,
MszPh,8/8/p7/1p1b1p1p/5k1p/P6P/1PPN1KP1/8 w - - 4 44,d2b3 d5b3 c2b3 a6a5 f2e2 f4g3,2148,79,91,483,crushing endgame long quietMove,https://lichess.org/tzPbJEVt#87,
Mt1ir,6k1/2R2pp1/b6p/1pN5/1P3Bn1/6P1/1r4KP/2N5 w - - 6 38,g2h3 f7f5 c7g7 g8g7 f4e5 g4e5,2101,102,71,37,crushing long middlegame quietMove,https://lichess.org/c0wEEjcZ#75,
Mt9pd,2r5/7p/p5p1/3k4/1pPP1K2/8/P4PP1/2R5 b - - 0 34,c8c4 c1c4 g6g5 f4f5 d5c4 f5e5 a6a5 d4d5 a5a4 d5d6 b4b3 a2b3 a4b3 d6d7,2129,75,90,212,advancedPawn crushing endgame quietMove rookEndgame veryLong,https://lichess.org/YNZpba1W/black#68,
MtkpM,1rb2rk1/5pp1/pnB1p3/4q3/2p1NP2/6P1/1PQ5/2RR2K1 b - - 0 22,e5c7 e4g5 g7g6 c2h2 f7f6 d1d7 c7d7 c6d7,2108,76,98,203,advantage middlegame quietMove veryLong,https://lichess.org/tjGCj4ku/black#44,
Mv58H,8/8/3k4/2p1p1K1/2P3RP/8/8/7r b - - 1 62,d6e6 h4h5 h1f1 h5h6,2149,76,69,72,advantage endgame master quietMove rookEndgame short,https://lichess.org/AJ6DHesM/black#124,
MvHVt,K7/1P6/2n5/6pp/1Pk5/7P/4pB2/8 w - - 1 57,f2e1 h5h4 b7b8q c6b8,2191,90,91,108,crushing endgame master quietMove short,https://lichess.org/f8wjWUEH#113,
MwMoc,1r6/r4kp1/2pPpp2/4q3/8/P3P3/K2Q1PP1/2R4R w - - 5 38,d6d7 a7a3 a2a3 e5b5 d7d8n f7g8 h1h8 g8h8 d8f7 h8g8,2135,169,87,14,crushing endgame quietMove veryLong,https://lichess.org/xdLznmGS#75,
MxARZ,3R4/6pk/5p1p/r7/3P4/3p3P/p4PP1/R5K1 w - - 0 35,g1f1 a5b5 d8e8 d3d2 f1e2 b5b1 e2d2 b1a1 e8a8 a1f1,2169,87,83,26,advancedPawn crushing endgame quietMove rookEndgame veryLong,https://lichess.org/TAoTrozL#69,
MxCWB,r4r2/1b2qpbk/2pp1n1p/p2PpP2/2P4Q/3BBR2/P5PP/R5K1 b - - 3 24,c6d5 e3h6 g7h6 f3h3 f6g8 f5f6 e5e4 f6e7,2105,74,94,5051,advancedPawn crushing discoveredAttack middlegame quietMove sacrifice veryLong,https://lichess.org/OzmrN40m/black#48,
MxgtE,r2qk2r/pp1bbppp/2n5/4P3/Q2N4/P7/1PP2PPP/RNB2RK1 w kq - 1 15,c1e3 c6a5 d4b5 a7a6 b5d6 e7d6,2190,78,81,75,advantage long opening quietMove,https://lichess.org/wiiGhLNt#29,Sicilian_Defense Sicilian_Defense_French_Variation
MxmAy,6k1/5pp1/1Q2p2p/8/8/2P5/PKP5/4q3 b - - 0 35,h6h5 a2a4 f7f5 a4a5,2168,84,87,358,crushing defensiveMove endgame queenEndgame quietMove short,https://lichess.org/B7kzRpa8/black#70,
MyA1z,8/8/1k2N2p/1p4P1/1K1Pn1P1/8/8/8 b - - 0 41,e4g5 e6g5 h6g5 d4d5 b6a6 b4c5 b5b4 c5b4,2122,76,98,201,crushing endgame knightEndgame quietMove veryLong zugzwang,https://lichess.org/11G4IR8L/black#82,
MyJHL,5k2/P4pp1/1n1N3p/8/8/1P6/3K4/8 b - - 3 46,g7g5 b3b4 b6a8 b4b5,2165,131,74,31,advantage defensiveMove endgame knightEndgame quietMove short,https://lichess.org/aDuOBgHH/black#92,
MyN7y,7r/8/p1p1k2r/1p2p1p1/1P2KpPP/P1P2P2/7R/7R w - - 1 38,h4h5 h8d8 h1e1 h6h7,2121,112,85,16,crushing endgame quietMove rookEndgame short,https://lichess.org/RzHfaIuZ#75,
MyPym,r5k1/2p2pp1/7p/4N3/8/2n1P2P/2q3P1/4QRK1 w - - 2 27,e5f7 a8a2 f1f2 c2f2 e1f2 a2f2,2133,75,95,1865,crushing endgame fork long quietMove,https://lichess.org/cMxlctzU#53,
MySxU,1Q6/4bpk1/pB1pr1p1/8/2r1Pp2/q2R4/P5PP/3R2K1 b - - 3 30,a3a2 d3h3 e7f8 h3h8,2127,102,77,22,advantage middlegame quietMove short,https://lichess.org/chkUiNqs/black#60,
MyjlL,r1b3k1/pp3rp1/2p2qNp/2n5/5p1P/3B1Q2/PPP1R1P1/R5K1 b - - 0 26,c5d3 e2e8 g8h7 h4h5 c8f5 e8a8,2125,107,79,25,crushing long middlegame quietMove,https://lichess.org/dSX8lPbn/black#52,
MyljF,8/4b3/8/4K3/3B2Pp/p7/7P/1k6 w - - 3 52,e5e6 e7g5 e6f5 g5c1,2175,79,87,130,bishopEndgame crushing defensiveMove endgame quietMove short,https://lichess.org/753rx0x7#103,
MyyrQ,r5k1/ppp3p1/2np1r1p/8/3P4/4P3/PqBQ2PP/R3R2K b - - 3 22,g8h8 d2d3 g7g6 e1b1 c6b4 b1b2,2170,75,72,184,crushing long middlegame quietMove trappedPiece,https://lichess.org/bjwz7RAB/black#44,
MzGkJ,8/8/1p3Rbk/8/1r6/1P6/PKP5/8 b - - 2 36,h6g5 f6g6 g5g6 c2c4 b4c4 b3c4,2199,75,86,580,crushing endgame long quietMove sacrifice,https://lichess.org/9PGHlFFA/black#72,
MzL7l,5bk1/1p3p2/6pp/p3qb2/B1p5/2P5/PP3QPP/5R1K w - - 2 30,a4c2 f8d6 g2g3 e5d5,2152,77,89,1404,advantage endgame master quietMove short,https://lichess.org/TKfsYgEb#59,
MzXVP,4k1r1/p1q5/Rn2p3/1P1pN3/2pP1K2/Q1P5/8/8 w - - 1 40,a6a7 c7d8 a3e7 d8e7 a7e7 e8e7,2160,77,60,93,crushing endgame long quietMove,https://lichess.org/buSuBTXR#79,
MzzuM,6k1/6p1/qp1rpP2/2p5/p1Pp4/P2Q1N2/1PP2P2/6K1 b - - 0 28,e6e5 f3g5 d6f6 d3h7 g8f8 h7h8 f8e7 h8g7,2165,76,98,144,crushing deflection endgame quietMove veryLong,https://lichess.org/mrdqLIUA/black#56,
N03R0,8/8/8/2r2pkp/R7/3K3P/P7/8 w - - 0 55,a4c4 c5c4 d3c4 g5h4 c4d3 h4h3 a2a4 f5f4 a4a5 f4f3 d3e3 h3g3 a5a6 f3f2 a6a7 f2f1q,2179,175,100,5,advancedPawn crushing endgame promotion quietMove rookEndgame veryLong,https://lichess.org/D9EQ9PVi#109,
N0ASu,8/pp6/2p1k3/8/4Pp2/1PP5/P3K3/8 b - - 0 34,b7b5 e2f3 e6e5 b3b4 a7a6 a2a3 c6c5 b4c5,2102,81,72,57,crushing endgame master pawnEndgame quietMove veryLong zugzwang,https://lichess.org/iIVGMQd4/black#68,
N0tuG,8/1p1R2pk/p6p/5p2/P1p1r2P/2P3Pq/1P1Q1P2/6K1 w - - 2 30,d7b7 f5f4 d2c2 h3f5 c2b1 f4g3,2157,79,84,55,clearance crushing endgame long quietMove,https://lichess.org/2a8JAEp7#59,
N0u6t,r3r1k1/p4p2/7p/2p5/4p1nP/P3P1Pq/2Q2P2/2RR1NK1 w - - 0 28,c2c5 g4e5 c5e5 e8e5,2133,75,90,484,crushing master middlegame quietMove short,https://lichess.org/E1rFSpDK#55,
N1210,1k2B1r1/1Pp4p/3p1p2/3p4/1Q3P2/7P/1R3KP1/3q4 b - - 2 37,g8e8 b2a2 d1e1 b4e1 e8e1 f2e1,2195,75,93,4715,crushing endgame long quietMove,https://lichess.org/yivIQ4S6/black#74,
N1T4w,8/1p4pp/p1p1p3/P1PpPk2/1P1Pp2K/4P1P1/3B3P/3b4 w - - 1 29,d2e1 d1g4 h2h3 g7g5,2168,85,64,70,bishopEndgame endgame mate mateIn2 quietMove short,https://lichess.org/wjPPjjtz#57,
N1YpW,r2q4/1b5k/3p1b2/1Pp2p2/2PP1B2/r4N1P/p1Q1B1P1/R5K1 b - - 0 37,c5d4 c2f5 h7g8 f5g6 f6g7 f3g5 d8f6 g6h7,2169,80,84,150,crushing exposedKing middlegame quietMove veryLong,https://lichess.org/Z6SWWvNv/black#74,
N1eUC,1br2rk1/1p3ppp/p1nqpn2/8/1P1PB3/P4N1P/1B2QPP1/2R2RK1 b - - 0 17,c6d4 b2d4 c8c1 f1c1 d6f4 c1e1 f4e4 e2e4 f6e4 e1e4,2146,76,90,144,advantage middlegame quietMove veryLong,https://lichess.org/v9XFlUHs/black#34,Slav_Defense Slav_Defense_Exchange_Variation
N2R5u,2rr4/1R4kp/Q1qP1bp1/8/5P2/8/P5PP/3R3K b - - 4 34,g7h6 a6a7 c6b7 a7b7,2166,77,87,174,advantage middlegame quietMove short,https://lichess.org/lKSzS7JN/black#68,
N2aqt,5rk1/6pq/2Q3p1/2P2pPn/8/5N2/5P1K/4R3 w - - 3 32,f3h4 h5f4 h2g3 h7h5 g3f4 h5h4,2123,79,82,39,advantage clearance endgame long pin quietMove,https://lichess.org/9a1dteRM#63,
N3mWx,r6r/pR4pp/2p1Nk2/3p1P2/2nPPK2/P7/P1n3PP/8 b - - 2 22,d5e4 g2g4 g7g5 e6g5 c4d6 g5h7 h8h7 g4g5,2190,99,78,32,endgame exposedKing mate mateIn4 quietMove veryLong,https://lichess.org/YvOksD8b/black#44,
N4G1H,8/6p1/7p/1kpK4/7P/1P6/6P1/8 b - - 2 44,b5b4 h4h5 b4b3 d5c5,2136,76,93,4330,crushing endgame master pawnEndgame quietMove short,https://lichess.org/qC1kibyr/black#88,
N4IJb,6k1/2p2ppb/6qP/8/3p1P2/P7/3n1QK1/R2B4 w - - 4 37,g2h1 g6h6 h1g1 h7e4 f2d2 h6h1,2165,79,75,134,crushing endgame long quietMove sacrifice,https://lichess.org/4Nx50mgM#73,
N4Juf,8/8/4kp2/7K/6pP/6P1/8/8 b - - 0 51,f6f5 h5g5 e6e5 h4h5 e5e4 h5h6 f5f4 h6h7,2158,75,81,425,advancedPawn crushing endgame pawnEndgame quietMove veryLong,https://lichess.org/aeB3Y9Hp/black#102,
N4UWe,8/8/8/4R3/1Pk1Pp1p/2P4r/5K2/8 b - - 0 40,h3c3 e5c5 c4b3 c5c3 b3c3 e4e5 c3b4 e5e6,2183,79,89,845,crushing endgame quietMove rookEndgame veryLong,https://lichess.org/wcTo8eSB/black#80,
N4kyf,5Bk1/5pPp/p2N4/3Rp3/1r2Q3/7P/4n1PK/5q2 w - - 4 45,e4e3 b4b1 e3e2 f1e2 d6f5 b1h1 h2h1 e2f1 h1h2 f1f5,2187,80,85,49,advantage attraction fork master middlegame quietMove veryLong,https://lichess.org/NeSCW0ZN#89,
N4mDA,8/8/5kB1/pp1b4/5P2/6P1/5KP1/8 w - - 3 45,g6e8 a5a4 e8b5 a4a3,2116,78,94,363,bishopEndgame crushing endgame quietMove short,https://lichess.org/3tDqcPtt#89,
N5qi0,8/2p5/6pp/1p2k3/8/1PP1K2P/6P1/8 w - - 5 33,c3c4 b5c4 b3c4 g6g5 g2g3 h6h5 e3d3 h5h4 g3h4 g5h4,2110,283,25,3,crushing endgame pawnEndgame quietMove veryLong,https://lichess.org/tahC5bh5#65,
N5uAz,2r5/5R2/3kN3/p2P3R/1p6/1Kr5/P7/8 w - - 2 38,b3a4 c8b8 f7d7 d6d7 e6c5 c3c5,2170,86,85,25,crushing endgame long quietMove,https://lichess.org/jJ9VY1eD#75,
N5y99,2k5/pp2r3/2p2Np1/5b1p/5K1P/1P3P2/P1P3R1/8 w - - 0 30,f6h5 e7f7 f4g5 g6h5,2177,77,95,355,advantage endgame intermezzo master quietMove short,https://lichess.org/3HJEnRwH#59,
N5yiE,1k1r3r/1ppn1p2/1P2p3/p2pP2p/P2N2p1/2P1Q1Pq/5P2/R3R1K1 b - - 0 24,c7c6 d4e2 h5h4 e2f4 h4g3 f4h3,2132,75,91,1176,advantage long middlegame quietMove trappedPiece,https://lichess.org/CBpsEEUO/black#48,
N6A5I,3r1rk1/pp2qp2/2p4p/3B2b1/8/2P3P1/PPQ5/1K1R3R w - - 1 33,h1h6 g5h6 c2g6 h6g7 d1h1 f8e8 d5f7 e7f7,2154,76,53,89,crushing hangingPiece middlegame quietMove veryLong,https://lichess.org/ZJeTLpfT#65,
N6AHV,r5k1/ppp2ppp/2n2n2/8/8/1NPP1RP1/P1P4P/R1B1r1K1 w - - 1 17,g1f2 a8e8 f3e3 e1e3 c1e3 f6g4,2169,78,91,2215,crushing long middlegame quietMove,https://lichess.org/prcCppr8#33,Elephant_Gambit Elephant_Gambit_Paulsen_Countergambit
N6kmm,5rk1/4n1pp/p1q2b2/2Br1p2/1p3P2/1P3N2/P1Q3PP/3RR1K1 w - - 1 26,d1c1 f8c8 c5e7 c6c2 c1c2 c8c2,2125,79,85,71,advantage long master middlegame quietMove,https://lichess.org/Cl0oWjdN#51,
N6pLG,1k5r/pbp1qpp1/Bp3n2/2p1p3/6pP/2P3Q1/PPPR1P2/2KR4 w - - 2 20,g3e5 e7e5 d2d8 b7c8 d8h8 f6e8 d1d8 e5e1,2104,75,97,298,advantage hangingPiece master middlegame quietMove veryLong,https://lichess.org/Pkeyqb8V#39,
N6vZN,rn1qkb1r/pp2pp1p/2p3p1/3n1b2/8/1QN1PN2/PP1P1PPP/R1B1KB1R w KQkq - 0 7,b3b7 d5b6 f3e5 f5c8,2116,76,86,589,advantage master masterVsMaster opening quietMove short,https://lichess.org/VniJnEun#13,English_Opening English_Opening_Caro-Kann_Defensive_System
N74go,4r1k1/1pQ1p1bp/2p1q1p1/p2p2B1/P2P4/1BP5/1P2bRPP/6K1 w - - 5 23,c7b7 e2d3 h2h3 e6e1 g1h2 e1f2,2186,77,82,55,clearance crushing deflection kingsideAttack long middlegame quietMove,https://lichess.org/iJ5HWIjD#45,
N7Ne1,r4rk1/p1q3pR/3pb1P1/1p6/3QPp2/8/PPP2PP1/R3K3 b Q - 2 22,c7a5 e1e2 f8f6 a1h1 f6g6 h7h8 g8f7 h8a8,2117,166,22,9,clearance crushing defensiveMove middlegame quietMove skewer veryLong,https://lichess.org/wvKH9zdR/black#44,
N7PBD,1r4k1/1qp1n1p1/7p/1P1Pp3/3pn3/6P1/RB2QPBP/6K1 b - - 0 26,b7d5 a2a5 d4d3 e2e4 d5e4 g2e4,2120,145,38,9,advantage long middlegame quietMove,https://lichess.org/wecWt0lT/black#52,
N7Qj6,2r1k2r/1p2p2p/pN5n/4pp2/8/5P2/1P2R1PP/3R2K1 b k - 0 22,c8d8 d1d8 e8d8 e2c2 d8e8 c2c8 e8f7 c8h8,2107,77,85,172,crushing endgame quietMove skewer veryLong,https://lichess.org/paAhardu/black#44,
N7TW0,8/8/p3k3/1p2p1p1/2p1K1P1/2P2P2/PP6/8 w - - 0 44,b2b3 c4b3 a2b3 a6a5 e4d3 e6d5,2171,76,93,882,crushing defensiveMove endgame long pawnEndgame quietMove,https://lichess.org/4lzFBNgP#87,
N7hSA,3r2k1/5pp1/1PQ1p3/2P5/4P2p/5P1P/6PK/1r6 w - - 2 35,b6b7 d8d1 b7b8q b1b8 c6a4 b8b1 a4d1 b1d1,2146,80,91,1671,crushing endgame queenRookEndgame quietMove veryLong,https://lichess.org/wZQOVKIF#69,
N7ssU,r5k1/pp1nqppp/1p6/3P4/2B1rP2/1Q6/PP4PP/R4R1K w - - 1 19,b3c2 a8c8 d5d6 e7e8 b2b3 b6b5 c4f7 g8f7,2183,171,5,15,advantage middlegame quietMove veryLong,https://lichess.org/iRHNHE6i#37,Kings_Gambit_Declined Kings_Gambit_Declined_Falkbeer_Countergambit
N87dX,8/1p6/8/2k5/5K1P/8/8/8 b - - 0 55,b7b5 h4h5 b5b4 f4e3 b4b3 e3d2 c5b4 d2c1 b4a3 c1b1,2178,75,88,1126,crushing defensiveMove endgame pawnEndgame quietMove veryLong,https://lichess.org/8euGvSq7/black#110,
N89ag,8/7p/4kpp1/p2p3P/P2P1KP1/2P5/8/8 w - - 1 37,h5g6 h7g6 f4e3 g6g5 c3c4 d5c4,2173,77,87,106,crushing endgame long pawnEndgame quietMove,https://lichess.org/YQQIromH#73,
N8ERx,4k3/1R2P1p1/5r2/1p2Kp1p/1P6/P7/8/8 w - - 0 48,b7b5 f5f4 b5b8 e8e7 b8b7 e7f8,2149,75,93,1504,advantage defensiveMove endgame long quietMove rookEndgame,https://lichess.org/qtoSEc23#95,
N8WKf,4br1k/ppp1R1bB/3p3p/3P4/2P2q2/1P5P/P1QN1r2/2K3R1 b - - 2 25,g7f6 h7g8 f2f1 g1f1 f4f1 d2f1,2117,74,84,278,crushing long middlegame quietMove,https://lichess.org/aWi4KIEc/black#50,
N96vb,8/5k2/5pp1/8/2P1K3/6P1/8/8 b - - 3 43,f7e7 e4d5 e7d7 c4c5 d7c7 d5e6,2139,77,95,795,crushing endgame long pawnEndgame quietMove,https://lichess.org/pT94Mwcl/black#86,
N9DVa,8/R7/1p1k3r/8/2K3p1/2P5/P7/8 w - - 0 42,a2a4 h6g6 a4a5 g4g3,2134,155,79,9,crushing endgame master quietMove rookEndgame short,https://lichess.org/DorARPWA#83,
N9Em7,8/8/8/8/7P/3np2K/5k2/6N1 w - - 4 58,h3h2 d3f4 h4h5 f4h5,2121,79,91,4699,crushing endgame knightEndgame quietMove short zugzwang,https://lichess.org/srlmXBlW#115,
N9u7c,8/8/6p1/4KpBp/7P/6k1/8/8 w - - 4 57,e5d4 f5f4 d4e5 f4f3 g5e3 f3f2,2194,78,86,209,advancedPawn bishopEndgame crushing endgame long quietMove,https://lichess.org/BIh8aWDl#113,
N9zhO,8/6k1/2r1p2p/1p1p2p1/1PrP2PK/q1P1Q2P/2R5/2R5 w - - 0 37,h4h5 a3a8 e3e5 g7h7,2174,78,94,440,crushing defensiveMove endgame quietMove short,https://lichess.org/niEzSEOl#73,
NA06e,r4rk1/1p2q1pp/p1p1b1n1/3pPB2/3P4/4PQBP/PPR3PK/5R2 w - - 1 24,f3g4 f8f5 f1f5 e7d7 c2f2 g6e7 f5f4 e6g4,2180,75,94,4073,crushing master middlegame quietMove sacrifice veryLong,https://lichess.org/jxtLESHT#47,
NAECJ,5q2/ppQ5/5bpk/4pb2/8/1BP5/PPP4P/3R2K1 w - - 1 40,c7b7 f8c5 g1h1 c5e3 b3d5 e5e4 d1f1 e3e2 d5c4 e2c4,2171,117,67,13,crushing endgame quietMove veryLong,https://lichess.org/dni6Hxa6#79,
NATYV,8/8/2p3p1/1pPk1r2/3P1p2/2PK4/1P6/4R3 b - - 6 49,f4f3 b2b3 f3f2 c3c4 b5c4 b3c4,2136,81,84,208,endgame long mate mateIn3 quietMove rookEndgame,https://lichess.org/1pX4PDkV/black#98,
NBI6i,8/R7/4pPpk/7p/7P/3p1KP1/3r1P2/8 b - - 0 48,d2e2 a7a8 h6h7 f6f7,2193,81,85,41,advancedPawn crushing endgame quietMove rookEndgame short,https://lichess.org/WJsovswc/black#96,
NBR8M,3rr2k/p4p1p/2p2P2/3p3R/5p2/1P6/P4PK1/5R2 b - - 3 30,e8e6 f1h1 f4f3 g2f1 e6f6 h5h7 h8g8 h7h8 g8g7 h8d8,2135,74,96,664,crushing defensiveMove endgame quietMove rookEndgame skewer veryLong,https://lichess.org/TWIidjeR/black#60,
NBsXq,2r2k2/7R/r6p/p1pbBp1p/1p3P2/5PR1/6K1/8 b - - 1 39,a6c6 g3g7 d5g8 h7h8 c6g6 g7g6,2185,81,85,167,crushing endgame long quietMove,https://lichess.org/ZKFIeXN0/black#78,
NC43E,8/p1r5/7p/6pk/8/3BnPP1/P4KP1/8 b - - 4 33,e3c2 g3g4 h5h4 d3f1 h6h5 g2g3,2159,76,94,3035,endgame long mate mateIn3 quietMove,https://lichess.org/nxwbNmhy/black#66,
NC69K,r1k2br1/1p6/p1pqp3/8/3B4/5Q2/PPP2PB1/3R2K1 b - - 4 26,d6d5 d4b6 g8g2 g1g2 d5f3 g2f3,2162,108,86,20,crushing long middlegame quietMove,https://lichess.org/bY93WTFV/black#52,
NCKRS,5r1k/1R6/2p5/4b1P1/PPB5/2P3pK/8/8 w - - 0 52,b4b5 f8f2 b5c6 f2h2 h3g4 g3g2 b7b1 h2h1,2157,75,92,593,advancedPawn advantage endgame exposedKing master quietMove veryLong,https://lichess.org/GxqrlEaK#103,
ND07g,2k5/bpp5/p4p2/P3p3/4P2P/r7/P2R1PP1/6K1 b - - 0 31,a3a5 h4h5 a5a4 h5h6 a4e4 g2g3 e4d4 d2d4 a7d4 h6h7,2181,76,85,177,advancedPawn crushing endgame quietMove veryLong,https://lichess.org/MQb60Lnb/black#62,
ND1Gn,r1r5/1p3R1p/1k1P4/3Rp1Np/p3P2P/Pn6/KP6/8 w - - 0 37,d6d7 c8c1 f7f6 b6a7 d5a5 b3a5,2179,79,87,755,crushing defensiveMove endgame long quietMove,https://lichess.org/0VTYB4D1#73,
ND90F,8/1B6/2p2k2/P1n1p2p/P3K2P/6P1/8/8 w - - 0 55,e4e3 c5b7 a5a6 b7d6 a6a7 d6c4 e3d3 c4b6 g3g4 h5g4,2100,77,92,233,crushing endgame exposedKing hangingPiece quietMove veryLong,https://lichess.org/9E7bc0WD#109,
NDBeB,8/8/4p1kp/p3P1p1/1P1r4/1R4PP/4KP2/8 b - - 0 35,d4b4 b3b4 a5b4 g3g4 g6f7 e2d3,2149,77,96,560,crushing defensiveMove endgame long quietMove rookEndgame,https://lichess.org/SDpEMVMw/black#70,
NDTKk,1n4k1/5pn1/1p2p1p1/3pP2p/PB1P1PP1/1p5P/2bN1K2/5B2 b - - 2 36,b3b2 f1b5 b2b1r d2b1,2103,81,74,55,advantage endgame quietMove short,https://lichess.org/v56pdrql/black#72,
NDcTl,8/5bK1/5P2/7p/1k5P/8/8/8 b - - 1 51,f7e6 g7g6 b4c4 g6h5 e6f7 h5g5 c4d4 h4h5 d4d5 h5h6,2120,89,85,86,bishopEndgame crushing endgame quietMove veryLong,https://lichess.org/31XeDCxX/black#102,
NDg7M,5rk1/8/4r1p1/2Q2n1p/2PpNP2/3P2PP/7K/8 w - - 1 39,e4g5 e6e2 h2g1 f8b8 c5d5 g8h8 d5e5 e2e5,2107,120,67,58,crushing endgame master quietMove veryLong,https://lichess.org/iHLBdXvz#77,
NDqrR,1r6/8/8/1Pp1N3/8/1R6/k5K1/8 w - - 2 59,b5b6 a2b3 e5d7 b8g8 g2f3 c5c4 b6b7 c4c3 b7b8r g8b8,2165,76,88,229,crushing endgame exposedKing hangingPiece quietMove veryLong,https://lichess.org/s8T6hz8D#117,
NDs7u,8/4B3/p7/P4p1p/1bk2K1P/8/8/8 w - - 0 49,e7b4 c4b4 f4g5 f5f4 g5f4 b4a5,2115,79,67,52,crushing endgame long master masterVsMaster quietMove,https://lichess.org/m0yStASC#97,
NECwi,8/8/2R4p/pK4p1/P2rp1Pk/7P/r7/7R b - - 9 49,a2a4 h1g1 h6h5 c6h6,2159,75,98,322,crushing endgame quietMove rookEndgame short,https://lichess.org/75XizmVm/black#98,
NFAp8,8/8/p1p1pk2/1p6/1PPPK3/1P6/8/8 b - - 2 54,f6f7 e4e5 b5c4 b3c4 f7e7 c4c5 e7d7 e5f6,2146,80,84,70,crushing endgame master pawnEndgame quietMove veryLong zugzwang,https://lichess.org/WQFgqoBd/black#108,
NFHml,5k2/2R5/6p1/1P4Bp/3bp3/7P/r5PK/8 w - - 0 42,c7b7 d4e5 h2g1 e5g3 g1f1 a2f2,2180,77,85,272,crushing endgame long quietMove,https://lichess.org/QTIknSGC#83,
NFd9L,8/8/8/4P3/1bK5/k7/2P5/8 b - - 0 48,b4f8 c4b5 a3b2 c2c4 b2c3 c4c5,2117,74,92,5432,bishopEndgame crushing defensiveMove endgame long master masterVsMaster quietMove,https://lichess.org/H9eefYkN/black#96,
NFtiD,1r4k1/4r1p1/4p1p1/3N1pPn/RPn5/2P2B1P/1b3P1B/6K1 b - - 0 35,b8e8 d5e7 e8e7 b4b5 c4b6 a4a6,2198,85,86,47,advantage long middlegame quietMove,https://lichess.org/KtF80ssL/black#70,
NGIvb,2rq3k/p1rb2pB/4p1Q1/2BP4/3P4/4n3/P5PP/2R2RK1 b - - 2 23,e3f1 g6h5 f1g3 h2g3 d8g5 h5g5,2131,93,76,29,crushing long middlegame quietMove,https://lichess.org/g2HR3mYh/black#46,
NHL5a,1k5r/pp1q2pp/2pR1n2/4Q1B1/3r4/1B6/PP3PPP/R5K1 b - - 0 21,d7d6 g5f4 d6e5 f4e5 b8a8 e5d4,2189,79,87,70,crushing fork long middlegame quietMove,https://lichess.org/xx1sdHYx/black#42,
NHSup,7k/1p1r3p/pb1P4/7N/6p1/P5Pb/1P3P2/3R2K1 b - - 2 36,b6c5 d1e1 h8g8 h5f6 g8f7 f6d7,2190,77,98,149,advantage endgame fork long quietMove,https://lichess.org/ltgoVs9q/black#72,
NHco1,r4r1k/2p4P/1q3ppP/p2R4/2Q1P3/P4P2/2P5/2K3NR w - - 1 27,d5d7 b6e3 c1d1 a8b8 c4a2 f8d8 d7d3 d8d3,2115,76,91,2142,crushing master middlegame pin quietMove veryLong,https://lichess.org/zTmd85Fe#53,
NHfEY,8/p4ppk/1p4rp/3R4/3PQ3/P6P/5qPK/8 b - - 2 33,f2b2 h3h4 f7f5 d5f5 g6g2 e4g2,2126,93,83,31,crushing endgame long quietMove,https://lichess.org/1pPWJXwr/black#66,
NIFG9,2N5/6p1/p6p/1p2p3/1P6/P2pk2P/6PK/4B3 w - - 2 39,h2g1 e3e2 e1c3 e5e4 c8e7 e4e3,2102,77,79,316,crushing endgame long quietMove,https://lichess.org/LNNkts2P#77,
NIJN4,8/8/8/P7/1PbB2PK/2k5/8/8 b - - 0 55,c3d4 g4g5 d4c3 b4b5 c4b5 g5g6,2100,75,92,3715,bishopEndgame crushing endgame long master quietMove,https://lichess.org/KDqMrNGE/black#110,
NISf7,2bqk2r/r3b1pp/p1p3p1/3p2B1/3P2P1/2N2Q2/PP2RP2/R5K1 b k - 2 20,h7h6 g5e7 a7e7 a1e1 h8f8 e2e7 d8e7 e1e7,2159,76,89,832,advantage exposedKing intermezzo middlegame quietMove veryLong,https://lichess.org/8X25y0zo/black#40,
NIdOP,8/7p/5p2/1k2pP2/2p1P2P/2P1K3/1N4b1/8 b - - 1 40,g2h1 b2d1 h1g2 d1f2 h7h5 f2g4 h5g4 h4h5 g4g3 h5h6,2185,77,88,65,crushing endgame quietMove sacrifice veryLong,https://lichess.org/TrqSyvNG/black#80,
NIpjF,8/5p2/p3k3/1p6/1P2p1P1/6K1/P1P5/8 b - - 1 34,f7f6 g3f4 e6d5 c2c3 e4e3 f4e3,2120,76,93,7605,crushing endgame long pawnEndgame quietMove,https://lichess.org/TVRKH27m/black#68,
NJ2qZ,4r1k1/5p1p/6p1/2qp4/2pp1B2/1P4P1/P1Q4K/3R4 w - - 4 33,a2a4 d4d3 d1d3 e8e1 d3e3 e1e3 f4e3 c5e3,2193,75,91,1411,crushing endgame quietMove veryLong,https://lichess.org/SsFrU6UV#65,
NK2kI,5k2/5ppp/8/2p2N2/8/p1p3P1/q1B2P1P/1R3K2 b - - 1 30,a2c4 f1g1 c4b4 b1b4 c5b4 f5d4 a3a2 d4b3,2176,78,73,75,advantage defensiveMove endgame quietMove veryLong,https://lichess.org/Dcdr0Tto/black#60,
NKKnU,8/5k2/2p5/1p1p4/P7/1PP5/8/2K5 b - - 0 39,f7e6 a4a5 e6d7 b3b4,2192,78,92,1339,crushing defensiveMove endgame pawnEndgame quietMove short,https://lichess.org/O0kCXcZZ/black#78,
NKUFd,8/8/8/1p1Pk3/8/1NPK4/p7/4b3 w - - 1 47,c3c4 b5b4 d5d6 e5d6 c4c5 d6d5,2107,78,90,3422,crushing endgame long quietMove,https://lichess.org/VS5cm85T#93,
NL3GW,8/6p1/p2p4/1p1Pp1kp/1P2P3/P5K1/6PP/8 w - - 0 30,g3f3 g5h4 h2h3 g7g5 f3f2 g5g4,2173,77,91,782,crushing endgame long pawnEndgame quietMove zugzwang,https://lichess.org/SN4OEV6g#59,
NL6Qh,kr4r1/1p6/p3q3/1P3N2/P3npnp/2p4P/2P1Q1P1/1R3RBK w - - 2 37,h3g4 e4g3 f5g3 h4g3 e2e6 g8h8 g1h2 h8h2 h1g1 b8h8 e6e8 h8e8,2179,82,90,935,crushing fork master middlegame quietMove sacrifice veryLong,https://lichess.org/TQjL4G6v#73,
NLLkf,r1b1k2r/1ppp1pp1/1pq5/4PPN1/8/1Q6/P4P1P/R4RK1 b kq - 0 23,d7d5 e5d6 e8g8 b3h3 c8f5 h3f5,2130,76,92,2274,crushing enPassant long middlegame quietMove,https://lichess.org/YAwRgOrM/black#46,
NLyDd,4k3/8/2K4p/5pp1/2P2P2/8/2P4P/8 w - - 0 38,f4g5 f5f4 c6b7 f4f3,2179,76,87,286,crushing endgame pawnEndgame quietMove short,https://lichess.org/CtZ5zKyY#75,
NMsfc,r3rk2/pppb2p1/4ppBB/3nq1N1/8/P4QP1/1P3P1P/5RK1 b - - 3 25,e8e7 f3h5 f6g5 h6g5 d5f6 g5f6 e5h5 f6e7 f8e7 g6h5,2150,154,100,13,equality middlegame quietMove sacrifice trappedPiece veryLong,https://lichess.org/Hs7eMa60/black#50,
NNvzV,R7/1R4pk/P7/5K2/5P1p/6r1/6r1/8 b - - 1 50,h4h3 b7b8 g3g5 f4g5,2142,79,86,86,crushing endgame quietMove rookEndgame short,https://lichess.org/CSV7D4Nw/black#100,
NORU0,r4r2/p6Q/3p2p1/q3P1k1/3P3P/2N5/PP2K1P1/n7 b - - 0 23,g5f5 h7d7 f5f4 d7h3 a5e5 d4e5,2195,76,95,256,advantage endgame long quietMove,https://lichess.org/8JcxQm7M/black#46,
NObRo,8/p1k5/1p4pp/8/4P2P/P3K1P1/8/8 w - - 0 38,e3d4 c7d6 g3g4 b6b5 h4h5 g6g5,2197,125,54,12,crushing defensiveMove endgame long pawnEndgame quietMove,https://lichess.org/RibX6rIi#75,
NOcfN,r3r1k1/2P3pp/5p2/1P6/2R2PP1/p6P/2K1p3/4R3 w - - 0 47,e1e2 e8e2 c2d3 e2e8 c4c1 a3a2,2120,76,85,100,advancedPawn advantage endgame hangingPiece long quietMove rookEndgame,https://lichess.org/77Ju9gbl#93,
NOnO6,8/2kbb2p/p1pNp1p1/2PpP1P1/3N3P/8/P3K3/8 b - - 0 27,e7d6 e5d6 c7b7 d4f3 e6e5 f3e5,2111,76,91,255,crushing endgame long quietMove,https://lichess.org/kBz3G2hR/black#54,
NOzbO,8/r3k3/1R1p4/3PpK1P/8/5p1P/8/8 w - - 0 53,b6b3 f3f2 b3b1 a7a4 b1f1 a4f4,2163,80,89,662,advancedPawn crushing endgame long quietMove rookEndgame,https://lichess.org/HrSduCSB#105,
NPZL7,8/6p1/p2k3p/2p5/P3K1PP/1P6/8/8 b - - 0 46,g7g6 h4h5 g6h5 g4h5 d6e6 a4a5 e6d6 e4f5 d6d5 f5g6,2144,77,91,686,crushing endgame pawnEndgame quietMove veryLong zugzwang,https://lichess.org/6gkiLznU/black#92,
NPlI6,2k3rr/3bqpb1/p1n1p1p1/1p5p/3P4/P6P/BP1QN1P1/R1B2RK1 b - - 0 24,c6d4 e2d4 e7c5 f1d1 g7d4 d2d4 c5d4 d1d4,2159,82,86,35,crushing middlegame quietMove veryLong,https://lichess.org/UnYYL1Ly/black#48,
NPwMW,5rk1/2Q3pp/p4r2/3p1qp1/3Pp3/4B1P1/PP3P2/R3R1K1 w - - 2 32,e1f1 f6h6 e3g5 f5g5,2138,76,77,78,crushing middlegame quietMove short,https://lichess.org/ZRTsXVDg#63,
NPzMA,8/p7/8/7k/2P1K1p1/8/P7/8 b - - 1 47,h5h4 c4c5 g4g3 e4f3 h4h3 c5c6 g3g2 c6c7,2168,83,83,61,advancedPawn crushing endgame pawnEndgame quietMove veryLong,https://lichess.org/KKdHgBx6/black#94,
NQJWT,8/1p6/4p3/2K5/2PPk3/8/8/8 b - - 2 50,e6e5 d4d5 e4f5 c5b6 e5e4 d5d6 e4e3 d6d7 e3e2 d7d8q,2171,77,90,1633,advancedPawn advantage endgame pawnEndgame promotion quietMove veryLong,https://lichess.org/zIxAvn8c/black#100,
NQLm8,3bkr2/1bq2pQp/p3p3/8/1pP5/1P3N2/PB2BnPP/2K4R w - - 0 23,h1f1 c7f4 f3d2 d8g5 g7d4 f4d4 b2d4 f2e4,2144,92,83,41,crushing middlegame quietMove veryLong,https://lichess.org/SvVK5yD5#45,
NQdPs,8/p7/1p6/7p/PP6/5KP1/7k/8 b - - 0 44,h2h3 b4b5 h3h2 g3g4 h5g4 f3g4,2135,74,83,259,crushing endgame long pawnEndgame quietMove zugzwang,https://lichess.org/gQQid3ip/black#88,
NQi77,8/5p1p/6p1/8/p1k2PP1/7P/P1K5/8 b - - 1 33,a4a3 g4g5 c4d4 c2b3,2164,78,91,2730,crushing endgame pawnEndgame quietMove short,https://lichess.org/ReauYIKX/black#66,
NQxCa,8/7p/4k1p1/p1p3P1/2p1K2P/2P5/PP6/8 w - - 2 44,b2b3 c4b3 a2b3 c5c4 b3c4 a5a4 e4d3 e6d6 c4c5 d6c5,2163,76,98,235,crushing endgame pawnEndgame quietMove veryLong,https://lichess.org/dQTs7xRK#87,
NR3pI,1k3r2/1pp5/8/p7/3Q1ppq/PP1P4/2P2P2/4RRK1 w - - 0 31,d4e4 f8h8 e4e8 h8e8 e1e8 b8a7,2133,78,91,1232,crushing endgame long master quietMove,https://lichess.org/XdmbK9SV#61,
NRBem,8/3q3k/p4r1p/1p3p2/3PpR2/1P2P3/P4QPP/6K1 w - - 4 35,f4e4 f6c6 e4f4 c6c1,2171,76,88,403,crushing endgame master quietMove short,https://lichess.org/3Fp3zEsM#69,
NRKtJ,1r6/1P5R/k1K3p1/5p1P/1p6/6P1/8/8 b - - 0 57,b4b3 h5g6 b3b2 h7h4 a6a5 h4h1,2159,91,75,35,crushing defensiveMove endgame long quietMove rookEndgame,https://lichess.org/QWe9M0Fe/black#114,
NRZJO,8/6p1/5p1k/p5p1/P7/1P1Q1PPK/5q1P/8 w - - 0 38,d3d5 f2f1 h3g4 g7g6 d5c5 f6f5 c5f5 g6f5,2112,75,94,1763,crushing endgame queenEndgame quietMove veryLong,https://lichess.org/vcBgSUGI#75,
NRj6R,8/p1Q2pk1/1p4p1/3Pp1q1/1P2P3/P2p2P1/5P2/6K1 w - - 0 36,g1f1 g5h5 f1g2 d3d2,2196,81,84,195,advancedPawn crushing endgame master queenEndgame quietMove short,https://lichess.org/bU6EootX#71,
NSFTt,5k2/P1N3p1/5pr1/8/3P1K2/8/8/7b b - - 0 58,g6g5 d4d5 f8f7 a7a8q,2169,157,33,66,advancedPawn crushing endgame promotion quietMove short,https://lichess.org/9Zh6fos6/black#116,
NSID6,4r1k1/2Q1p2p/2p1R1pq/3p4/1P1P4/2P2R2/5PPK/r7 w - - 9 38,h2g3 a1h1 f3f4 h6h2,2197,76,84,185,crushing endgame master quietMove short,https://lichess.org/cuhJUoQu#75,
NSdyO,r2q1rk1/ppp1bppp/5n2/7b/3P4/1PN2PP1/PB4BP/R2Q1RK1 b - - 0 14,f6d5 c3d5 d8d5 g3g4 h5g6 f3f4 g6e4 g2e4 d5e4 f1e1 e4f4 e1e7,2139,80,91,2048,advantage opening quietMove skewer veryLong,https://lichess.org/j0Z3SGeQ/black#28,English_Opening English_Opening_Anglo-Scandinavian_Defense
NShdV,r4r2/q3b2k/3p1p1p/p3B1pQ/P1b1N3/R7/5PPP/4R1K1 b - - 0 28,d6e5 a3h3 h7g7 h5h6 g7f7 h6h5 f7e6 h5g4,2130,115,-20,28,advantage middlegame quietMove veryLong,https://lichess.org/nDwPWOyE/black#56,
NSwNh,2b2rk1/5p2/p2p2p1/1n1P1P2/3qP3/3B2Q1/2R3KN/8 b - - 2 39,g8g7 h2g4 c8f5 e4f5,2183,147,38,21,advantage middlegame quietMove short,https://lichess.org/oRhZAVZb/black#78,
NT83J,8/8/8/1p5p/1k6/5P2/2rRK1PP/8 b - - 0 46,c2d2 e2d2 b4a3 f3f4 b5b4 f4f5 b4b3 f5f6 b3b2 f6f7,2176,75,91,2261,advancedPawn crushing endgame quietMove veryLong,https://lichess.org/saslQDB8/black#92,
NT9yC,2kr4/1ppb1p2/p2p2pq/4n3/P7/8/2B2BP1/1R1QR1K1 w - - 6 28,d1d5 d7c6 d5b3 d8h8 b3h3 h6h3,2119,76,86,111,advantage long middlegame quietMove,https://lichess.org/JsOhU4xP#55,
NTclk,2r3k1/2n2p1p/p7/1p6/5p2/NR1P1RbP/P5P1/7K w - - 0 28,a3c2 c7e6 b3b2 e6d4 f3f1 c8c2 b2c2 d4c2,2192,87,77,33,advantage endgame quietMove veryLong,https://lichess.org/pDLksKfc#55,
NTrQk,rr4k1/2qnbppp/3pp3/8/NpPPP3/1R2QNP1/2P2P1P/1R3K2 w - - 0 23,b3b4 a8a4 b4b8 d7b8 e3b3 a4a8 b3b7 c7b7,2165,79,85,444,advantage master middlegame quietMove veryLong,https://lichess.org/S7ZLeKL4#45,
NU8xs,8/5p1p/B1k1p1p1/4P1P1/b1P5/4P2P/2P5/2K5 w - - 1 35,a6b5 a4b5 c4b5 c6b5 c1d2 b5c4 h3h4 c4d5 d2c3 d5e5 c3b4 f7f5 c2c4 e5d6,2180,202,87,16,bishopEndgame defensiveMove endgame equality quietMove veryLong,https://lichess.org/KTeMA9Dd#69,
NUUuA,8/8/3p1k2/p1p1p3/P1P3K1/1P4P1/8/8 w - - 1 41,g4h5 e5e4 h5g4 f6e5,2163,119,45,18,crushing defensiveMove endgame pawnEndgame quietMove short,https://lichess.org/EXfGxWsy#81,
NUmAG,6rk/1R1R2pp/1p2p1r1/p2p1n2/3PpP2/PB2P2P/1P1N1QP1/2q3K1 w - - 7 28,g1h2 f5g3 f2g1 c1d2,2158,76,75,147,advantage middlegame quietMove short,https://lichess.org/dqwVIxkE#55,
NUucO,r3kb1r/1p1b1p1p/p1qppp2/8/P1B1P3/8/1PP1QPPP/R1B1K2R w KQkq - 0 12,b2b4 a8c8 c4d3 c6c3 e2d2 c3a1,2148,79,91,1520,crushing fork long master middlegame quietMove,https://lichess.org/Z5F9t1pR#23,Sicilian_Defense Sicilian_Defense_Najdorf_Variation
NUvKN,1k3b2/4n2r/R7/p2r3p/P1PB2p1/8/1P4PP/3R2K1 b - - 0 31,d5d7 d4e5 b8b7 d1d7 b7a6 e5d4 e7f5 d7h7,2135,82,90,874,crushing discoveredAttack exposedKing middlegame quietMove veryLong,https://lichess.org/GOsrXzai/black#62,
NVItI,7r/1p1kbppp/pN1r4/3R4/8/8/PP3PPP/5RK1 b - - 2 21,d7d8 f1c1 e7f8 d5d6 f8d6 c1c8,2155,74,95,187,crushing endgame exposedKing long pin quietMove,https://lichess.org/9xcBgQas/black#42,
NWEWK,7k/8/3q2p1/3p4/4p3/6Q1/PPP4K/8 b - - 0 42,d6g3 h2g3 h8g7 a2a4 d5d4 g3f4,2187,114,78,31,crushing endgame long quietMove,https://lichess.org/z0H3lGEn/black#84,
NWlF2,8/1k6/1P3p2/1K4p1/5P2/8/8/8 w - - 0 53,b5c4 g5g4 c4d3 f6f5,2190,110,58,28,crushing defensiveMove endgame pawnEndgame quietMove short,https://lichess.org/OihdDi0p#105,
NXNvq,8/pp6/3k3p/3p1p1P/PP1K2p1/4P1P1/5P2/8 b - - 0 37,a7a6 a4a5 d6c6 d4e5 c6b5 e5f5,2103,78,91,1604,crushing endgame long pawnEndgame quietMove zugzwang,https://lichess.org/D6SFOkoe/black#74,
NY5PD,1r6/5pk1/2R5/2NpPb2/3P4/4PBb1/1P1R2Pr/6K1 w - - 1 34,f3d5 b8h8 g1f1 f5g4 c5e6 f7e6,2164,83,92,2149,crushing long middlegame quietMove,https://lichess.org/m6eMGkSh#67,
NYMNh,8/p7/8/2k5/1pP2K2/5P2/P7/8 w - - 1 39,f4e5 a7a5 f3f4 a5a4 f4f5 b4b3 a2b3 a4a3 f5f6 a3a2,2119,75,93,8147,advancedPawn crushing endgame pawnEndgame quietMove veryLong,https://lichess.org/rM8bTjwy#77,
NYRde,8/4k1p1/4p1r1/4R3/5P2/5KP1/8/8 b - - 10 46,e7f6 g3g4 f6e7 g4g5 g6f6 g5f6,2197,78,80,63,crushing endgame long quietMove rookEndgame,https://lichess.org/MnrWh16h/black#92,
NYWHj,8/6p1/7p/8/Kpk5/7P/P5P1/8 b - - 2 45,g7g5 g2g4 c4c5 a4a5 h6h5 g4h5,2192,76,97,179,crushing endgame long pawnEndgame quietMove zugzwang,https://lichess.org/DFjATcmA/black#90,
NYxvW,3r4/1b3ppk/8/pp2pNb1/8/1qP1NPQ1/1P6/5R1K b - - 1 32,g5h6 f5h6 g7h6 f1g1 b7f3 g3f3,2131,79,90,3114,advantage long middlegame quietMove,https://lichess.org/2p6CrXWI/black#64,
NZIrN,8/8/1p3p2/2p1b1p1/2P1P3/1P1k3K/3r2R1/5R2 w - - 4 58,g2d2 d3d2 h3g4 d2c2 f1f3 e5c3 g4f5 c2b3 f3c3 b3c3,2109,104,87,22,crushing endgame interference quietMove veryLong,https://lichess.org/FvadktdZ#115,
NZKwP,8/4n3/p2kP2p/5Bp1/P3K3/7P/8/8 b - - 4 42,e7f5 e4f5 d6e7 a4a5 h6h5 f5g5,2193,76,92,3895,crushing endgame long quietMove zugzwang,https://lichess.org/HBoCdQuj/black#84,
NaJhj,r1b2r1k/ppp1q1b1/2n3Qp/4p3/5p1P/2P1PNP1/PP1NB1P1/2KR3R b - - 0 17,f4e3 e2d3 e5e4 d3e4,2162,77,90,134,advantage middlegame quietMove short,https://lichess.org/lnuPZkgk/black#34,Dutch_Defense Dutch_Defense_Other_variations
NbEyt,2kr1b1r/1ppnqppp/p4n2/3P2N1/4pP2/2N5/PPPPQ1PP/R1B1K2R w KQ - 2 10,g5e4 f6e4 c3e4 d8e8 d2d3 f7f5,2103,77,92,7092,advantage long opening quietMove,https://lichess.org/p7iQsUeH#19,Kings_Gambit_Declined Kings_Gambit_Declined_Falkbeer_Countergambit
NbaHk,4b3/8/6p1/8/5NPP/2p1kP2/8/2K5 w - - 1 47,f4g6 e8g6 h4h5 g6d3 g4g5 e3f3,2190,88,70,31,crushing endgame hangingPiece long master quietMove,https://lichess.org/5V5KPF8m#93,
NbhNy,r6r/5p2/3p2k1/2bP1R1p/4pP2/1p4N1/P5PP/3R3K w - - 1 32,a2b3 f7f6 f5f6 g6f6,2195,74,92,1341,advantage endgame quietMove short,https://lichess.org/DOwrQGGA#63,
Nbu5h,r2q3r/pbp4p/7Q/4p3/1kPn4/P7/1P3PPP/R4R1K b - - 0 20,b4c4 f1c1 c4d5 b2b4 d8f8 c1c5 f8c5 b4c5,2146,171,100,23,equality middlegame quietMove veryLong,https://lichess.org/oKE4vpFI/black#40,
NcEOB,5rk1/4Rp1p/1pp2Qp1/p6P/8/2P5/1q3PPK/8 b - - 1 28,b2c1 e7e3 c1e3 f2e3,2135,108,85,19,crushing endgame quietMove short,https://lichess.org/LLYjyrQP/black#56,
NcJWA,8/7p/1p3kp1/p2P4/5p2/1P1K3P/P5P1/8 w - - 1 37,d3c4 f6e5 h3h4 h7h6 d5d6 e5d6,2150,76,84,83,crushing endgame long master pawnEndgame quietMove,https://lichess.org/eh2Tbls1#73,
NcUYY,r1b1qrk1/1pp3p1/pbn3PB/3pNp1Q/3Pn3/N7/PPP4P/2KR1B1R b - - 0 15,g7h6 h5h6 e8e7 e5f7 f8f7 g6f7 g8f7 h1g1 e7f8 h6h7,2195,77,91,2206,advancedPawn crushing exposedKing kingsideAttack middlegame quietMove veryLong,https://lichess.org/tasEAmoA/black#30,Bird_Opening Bird_Opening_Other_variations
NcxXo,8/p7/7k/2p5/6KP/8/2P5/8 w - - 3 51,g4f5 a7a5 f5e4 a5a4 e4d3 a4a3 d3c3 c5c4 c3c4 a3a2,2198,77,79,98,advancedPawn crushing endgame pawnEndgame quietMove veryLong,https://lichess.org/0YltdnGH#101,
NdOYL,4r1k1/N5pp/1p1Ppn2/1P2Q3/2q5/6P1/1B3PP1/6K1 b - - 0 34,c4d5 e5d5 e6d5 b2f6 g7f6 a7c6 g8f7 d6d7,2138,79,79,55,advancedPawn crushing discoveredAttack endgame quietMove veryLong,https://lichess.org/Gtv8pRaK/black#68,
NdWlZ,2kb1r1r/p7/1p1q4/1Qp5/P1PpB1pP/3Pp1P1/2P3K1/R4R2 w - - 1 31,a4a5 d8c7 b5e8 f8e8,2112,77,97,372,crushing middlegame quietMove short,https://lichess.org/maHu54T6#61,
NdhgR,4rrk1/pb2q2p/1p1b2p1/2pPp3/4Qp2/P1PB1N2/1P3PPP/R4RK1 w - - 0 20,c3c4 b7c8 a1e1 c8f5 e4e2 e5e4,2179,81,87,52,crushing long master middlegame quietMove,https://lichess.org/EUveQvMf#39,
NdjMx,8/6p1/1k3p2/pP5p/P2K3P/5P2/1P3P2/8 w - - 0 35,d4d5 g7g5 h4g5 f6g5 f3f4 h5h4 f4g5 h4h3 d5e5 h3h2,2145,75,91,868,advancedPawn crushing endgame pawnEndgame quietMove veryLong,https://lichess.org/inWZdssG#69,
NdrBx,8/5p2/2k1p2p/p1P3p1/PpK5/1P2P2P/6P1/8 w - - 0 42,e3e4 f7f5 e4f5 e6f5 c4d4 f5f4 d4e4 c6c5,2144,86,88,1110,crushing endgame master pawnEndgame quietMove veryLong,https://lichess.org/UVtNV8fC#83,
Ndx9s,8/p2kP3/1p1P4/5p2/8/8/P5Kp/8 b - - 1 49,a7a5 a2a4 b6b5 a4b5,2177,82,91,250,crushing endgame pawnEndgame quietMove short,https://lichess.org/Wv5zXbY8/black#98,
NeMAz,8/7p/6p1/8/7P/5kPK/8/8 w - - 10 74,g3g4 h7h6 g4g5 h6h5,2111,81,90,1145,crushing defensiveMove endgame master pawnEndgame quietMove short,https://lichess.org/1Sh65Iet#147,
Nefsn,8/7p/1p3pp1/1Pk1p3/P1P5/2K2P2/5P1P/8 w - - 2 34,h2h4 h7h5 c3b3 g6g5 h4g5 f6g5,2101,77,91,1185,crushing endgame long pawnEndgame quietMove,https://lichess.org/UKkyDLNg#67,
Neqit,r1b2rk1/1p4np/2pp2p1/2q5/2Pp1N2/3P2PP/PR1Q1PBK/4R3 b - - 6 25,g6g5 f4d5 c6d5 g2d5,2109,83,67,63,advantage master middlegame quietMove sacrifice short,https://lichess.org/DQXjQvQT/black#50,
NesTM,4B3/7p/8/b1p3p1/P1P1P2k/8/2K5/8 b - - 6 41,h7h5 e4e5 g5g4 e5e6 h4g5 e8h5 g5f6 h5g4,2108,75,91,519,bishopEndgame crushing endgame quietMove veryLong,https://lichess.org/N8f5wjf4/black#82,
Nf7tn,6k1/3Q1p2/p1r3pp/1pqN4/1n6/4P1PP/3R1PK1/8 b - - 1 34,b4d5 d2d5 c5b6 d7e8 g8g7 d5d8 b6d8 e8d8,2188,81,89,953,clearance crushing endgame quietMove veryLong,https://lichess.org/sXEFvzf6/black#68,
NfX6C,6rk/pp3p1p/2n1p3/3pPp2/5Prq/PP4P1/1BPRQR1P/6K1 b - - 2 20,g4f4 f2g2 h4h6 g3f4,2117,77,88,213,advantage master middlegame quietMove short,https://lichess.org/KAcDPtqG/black#40,
NfYm6,4Q3/r4pk1/Pr1qp1p1/3p3p/R6P/5P2/5P2/2R3K1 b - - 6 36,b6a6 c1c8 g7f6 e8h8 f6f5 h8h6,2138,74,92,5403,crushing endgame long master quietMove,https://lichess.org/dITuaamz/black#72,
NfnFt,r4rk1/1p3pp1/1q1bpn1p/3p4/1PnP4/1RNQPN1P/5PP1/2B1R1K1 b - - 0 18,d6b4 d3b1 b4c3 b3b6,2192,76,92,6121,advantage middlegame quietMove short,https://lichess.org/wiWKb8QE/black#36,Slav_Defense Slav_Defense_Exchange_Variation
Ng9Q3,2k2r2/ppp1qp2/4p3/3nN3/3P2Qr/4P3/PP3PP1/R1R3K1 w - - 1 21,g4g3 f8h8 g1f1 e7b4 f1e2 b4b2,2141,75,85,372,crushing long middlegame quietMove,https://lichess.org/w7C4UqLv#41,
NgMSz,6k1/6p1/pK5p/8/P5P1/7P/2P5/3n4 b - - 2 42,d1c3 a4a5 g8f7 b6a6 f7e6 a6b7,2181,75,93,1034,advantage defensiveMove endgame knightEndgame long quietMove,https://lichess.org/UYzcwjuF/black#84,
NgRMP,2r3k1/5ppp/1p3b1B/p3p2b/PP1pP3/2qP2QP/B1r3PK/R4R2 b - - 0 28,c3b2 f1f6 c2g2 g3g2 c8c2 a1g1 c2g2 g1g2,2123,115,75,20,crushing middlegame pin quietMove veryLong,https://lichess.org/pRTkIwCP/black#56,
NgdPW,r2k4/pp1n3Q/2pb2p1/3pp1N1/8/1B1Pn3/PPPN1qP1/2K4R b - - 3 23,d8c7 g5e6 c7b6 h7d7 a8h8 h1d1 e3d1 d7d6,2175,75,92,571,advantage deflection middlegame quietMove veryLong,https://lichess.org/F0biwxfB/black#46,
NhEWh,4r3/1p3pkp/p3pnp1/q2p4/3P1Q2/P2BP2P/1PR2PP1/5K2 b - - 1 23,e8e7 f4e5 a5d8 g2g4 g7g8 e5f6,2141,78,77,60,crushing endgame long quietMove,https://lichess.org/37lSkSkM/black#46,
NhHf7,2r1k2r/5p2/1Q1N1q2/p1nPp2p/2P1P1p1/P7/2P2PPP/4R1K1 b - - 0 27,e8d7 d6c8 f6b6 c8b6 d7c7 e1b1 h8b8 b1b5,2137,81,100,60,advantage exposedKing middlegame quietMove veryLong,https://lichess.org/gB0RiYUa/black#54,
NhK9R,8/8/3P2p1/2K1k2p/P6P/8/8/4b3 b - - 0 45,e1h4 a4a5 g6g5 a5a6 g5g4 a6a7,2175,79,86,333,advancedPawn bishopEndgame crushing endgame long quietMove,https://lichess.org/oXOyuqis/black#90,
NhMyr,2r5/pppR3R/2n1pk2/4p3/6r1/6P1/PPP2PK1/8 b - - 4 26,g4g6 d7f7 f6g5 f2f4 e5f4 g3f4 g5g4 h7h3 c8h8 h3h8,2182,78,87,97,crushing endgame quietMove veryLong,https://lichess.org/E1bZasXV/black#52,
NhQ7u,r4rk1/1p1n1p1p/p3pqp1/8/5n2/1P2NN2/P1PQ1P1P/1K1R3R w - - 3 21,d2d7 f4e2 d1d3 f6f3,2182,72,93,9715,advantage discoveredAttack middlegame quietMove short,https://lichess.org/MUObR0g6#41,
Ni65c,8/5p2/6p1/ppN1K1P1/8/P1k5/8/8 w - - 0 45,c5b7 b5b4 a3b4 a5a4 b4b5 a4a3,2150,74,94,8031,crushing endgame knightEndgame long quietMove,https://lichess.org/ZeiCnDvV#89,
NiRqu,8/6R1/4k3/r6P/3p1PP1/8/2n1K3/8 b - - 0 66,a5d5 h5h6 d5d8 h6h7 d8h8 g4g5 c2e3 g5g6 e3g2 g7f7,2136,164,41,8,advancedPawn advantage defensiveMove endgame quietMove veryLong,https://lichess.org/LZEx2Qbv/black#132,
NjL4z,3rr3/5k1p/ppq2pp1/2pb4/6P1/1NQ1R2P/P4P2/2BR2K1 w - - 5 33,c1b2 d5h1 c3c4 f7g7 b2f6 g7f6 g4g5 f6g7,2152,99,79,24,advantage defensiveMove master masterVsMaster middlegame quietMove veryLong,https://lichess.org/av3mAXh7#65,
NkOE2,5rk1/R4pp1/4p2p/6N1/3P4/2Q3KP/5PP1/3b3q w - - 0 28,g5f3 f7f5 a7g7 g8g7,2179,76,84,105,crushing endgame quietMove short,https://lichess.org/KZhOCYZ9#55,
Nko9k,2r2r2/1q1b1p1k/p4Ppp/1p2P3/3pN2Q/P2P2P1/1P5P/5RK1 b - - 2 32,g6g5 e4g5 h7g6 g3g4 d7g4 h4g4 h6g5 h2h4 f8g8 h4g5 c8c1 g4f5,2112,165,79,12,crushing middlegame pin quietMove veryLong,https://lichess.org/kRIBUytM/black#64,
NkpKl,r5k1/pp2q1r1/5R2/3p4/3P1Q2/2P1nPp1/PP6/6KR b - - 1 38,a8e8 f6h6 e3f5 h6h8,2110,94,81,29,crushing middlegame quietMove short,https://lichess.org/ZnNjN2Qy/black#76,
Nl8Sc,1k6/1pr3pp/p2Q4/4P3/8/7P/1P3qP1/R6K b - - 2 30,f2b2 a1f1 b2c3 e5e6,2104,162,52,58,crushing endgame quietMove short,https://lichess.org/04cG4iD6/black#60,
NlCQu,8/8/5k2/pp1p1B2/3PpK2/8/8/8 w - - 0 55,f5d7 a5a4 d7c6 f6e6,2173,80,81,72,bishopEndgame crushing defensiveMove endgame quietMove short,https://lichess.org/OIaHLPir#109,
NlKdg,1r5k/3R1p2/2P3p1/4q2p/1P1p4/5P2/2Q3PP/5K2 w - - 0 38,c6c7 b8e8 c2d2 e5b5 f1g1 b5d7,2139,96,82,31,crushing endgame fork long quietMove,https://lichess.org/48sf0Gpa#75,
NlNYB,7k/8/1pp4P/p2n4/3P2RN/2r5/8/7K b - - 1 46,d5e3 g4g7 c3c1 h1h2,2102,76,91,743,crushing endgame master quietMove short,https://lichess.org/RzXwwkET/black#92,
Nm1gj,3r4/8/5pk1/pNRPrN2/5p2/1P3Pp1/PP4P1/5K2 w - - 1 34,f5d4 d8h8 d4e2 h8h1 e2g1 h1g1 f1g1 e5e1,2161,77,91,162,attraction endgame mate mateIn4 quietMove sacrifice veryLong,https://lichess.org/JRcAZwr5#67,
Nm8Uc,3r2k1/pp3pp1/3b2qp/3N4/4RB2/3K4/PP2Q2P/8 w - - 2 28,d3c4 d6f8 d5e7 f8e7,2153,134,85,13,advantage middlegame quietMove short,https://lichess.org/InEzTboV#55,
NmlUv,5r2/6k1/p1p2p1R/2P3p1/1P6/7Q/2q3rP/4R2K b - - 3 41,f8f7 h6h8 g2h2 h3h2 c2h2 h8h2,2100,78,92,2321,crushing endgame long quietMove,https://lichess.org/JAWLSqdE/black#82,
NmxiZ,8/pp3ppk/2p4p/1NPR4/8/2P1r2P/6P1/6K1 w - - 0 27,g1f2 e3e7 d5d6 c6b5,2198,78,86,108,advantage endgame quietMove short,https://lichess.org/ojsjdmKK#53,
Nna77,6k1/R7/p2B2p1/5p2/2b2P2/7P/1p3KP1/8 w - - 0 36,a7b7 c4b5 b7g7 g8h8 d6e5 b2b1q,2115,78,86,62,advancedPawn advantage endgame long promotion quietMove,https://lichess.org/BjeMyDvU#71,
NnbgM,8/pppk1p1Q/3br3/8/4P1n1/P1PP3B/4Kr2/1R6 w - - 2 29,e2e1 d6g3 h3g4 f2h2 e1d1 h2h7,2128,76,82,290,advantage discoveredAttack exposedKing long middlegame quietMove sacrifice,https://lichess.org/KFGo6eAE#57,
Nni4L,4rrk1/Q6R/4bqp1/5p2/5P2/P1b1B1PP/6B1/4R1K1 w - - 1 38,e1c1 e6f7 h7f7 f8f7,2109,75,86,262,advantage middlegame quietMove short,https://lichess.org/I3TCYPJ7#75,
NoSND,r4r1k/1b3qpB/p7/1p4B1/5P2/2bQ4/P5PP/R4RK1 b - - 2 20,c3a1 d3h3 a1d4 g1h1 g7g6 h7g6 h8g8 g6f7,2174,81,90,227,advantage defensiveMove discoveredAttack master masterVsMaster middlegame quietMove veryLong,https://lichess.org/3h1sKs3D/black#40,
Noin3,r1b1r3/ppp1pRk1/6p1/2P3N1/6P1/2P1n3/P6P/3R2K1 b - - 2 24,g7h6 h2h4 e8h8 d1d8 c8e6 d8a8,2153,75,87,398,crushing long middlegame quietMove,https://lichess.org/4VrQa7vA/black#48,
NpaH2,8/5p2/k3p1p1/7p/PK1P4/7P/5P2/8 w - - 4 33,a4a5 g6g5 b4c5 g5g4 h3g4 h5h4,2168,78,91,971,crushing defensiveMove endgame long pawnEndgame quietMove,https://lichess.org/urwXNTv6#65,
Nq1yS,6k1/5ppp/p7/3p4/PP1Pb1P1/8/8/2B3K1 b - - 0 32,g7g6 b4b5 a6b5 a4a5 e4f3 a5a6 f3g4 a6a7,2139,75,95,2179,advancedPawn bishopEndgame crushing endgame quietMove sacrifice veryLong,https://lichess.org/8SwBwOn1/black#64,
NqFh7,8/8/ppBk1p2/1P2pKp1/6P1/7P/8/8 w - - 0 52,b5a6 d6c6 f5f6 e5e4 h3h4 e4e3,2109,80,78,50,crushing endgame long quietMove,https://lichess.org/VTZPbJxd#103,
NqMU9,8/1p4p1/3p4/3P2k1/p2P2P1/P1P2K2/1P6/8 w - - 1 43,f3g3 b7b5 g3f3 g5h4 f3f4 g7g6,2174,76,94,891,crushing defensiveMove endgame long pawnEndgame quietMove zugzwang,https://lichess.org/8cuwcpq0#85,
NqYkf,8/P1nk4/1K5p/6p1/8/1P6/8/8 b - - 2 52,d7c8 b6c6 c8d8 b3b4 g5g4 b4b5 g4g3 b5b6,2116,81,92,944,crushing endgame knightEndgame quietMove veryLong,https://lichess.org/1bp3NRZr/black#104,
NqePs,6k1/pb3pp1/1p5p/2p3q1/4P3/2N3BP/PPBr2P1/2Q3K1 w - - 3 30,g3f2 b7a6 g2g3 d2f2 c1g5 f2f1 g1g2 h6g5,2125,153,54,13,advantage middlegame quietMove sacrifice veryLong,https://lichess.org/Si01NsC1#59,
NrG8E,8/8/8/4K1k1/1bP5/4PP2/8/8 b - - 0 55,b4c5 f3f4 g5g6 e3e4 g6f7 e5d5,2103,78,85,134,bishopEndgame crushing endgame long quietMove,https://lichess.org/F4FJ79nE/black#110,
NrI45,8/1p5R/p1p1k3/2P5/PK1Pp3/r6P/8/8 b - - 3 38,e4e3 b4a3 e3e2 h7h5 e2e1q h5e5 e1e5 d4e5,2145,94,83,32,crushing endgame exposedKing fork hangingPiece quietMove rookEndgame veryLong,https://lichess.org/pmKgpEjo/black#76,
Nrasp,8/p7/2p1p2p/3k2p1/1P1P2P1/P2K1P2/8/8 b - - 0 36,a7a6 a3a4 e6e5 d4e5 d5e5 d3c4 e5d6 c4d4,2141,75,91,1119,crushing defensiveMove endgame pawnEndgame quietMove veryLong,https://lichess.org/6rAz7Vxl/black#72,
Nre0P,8/5p1k/Rp2qnp1/2b1p1Bp/4P2P/3Q1PP1/6K1/8 w - - 4 41,d3d8 e6c4 a6a1 c4e2 g2h3 f6g4 d8d2 e2f3,2190,114,72,15,crushing endgame quietMove veryLong,https://lichess.org/9rQYN5PQ#81,
NriyT,8/8/p1p1k3/2Pp2pp/2nKp3/1NP5/P4BP1/8 w - - 0 34,f2e3 c4a3 c3c4 a3c2 d4c3 c2e3,2137,103,73,17,crushing deflection endgame long quietMove,https://lichess.org/nnJnsImo#67,
NsGGX,8/8/8/K1p3p1/4k1P1/PP6/8/8 w - - 1 47,b3b4 c5c4 b4b5 c4c3 b5b6 c3c2 b6b7 c2c1q b7b8q c1a3,2100,74,81,106,advancedPawn crushing endgame pawnEndgame promotion quietMove veryLong,https://lichess.org/szImFcKM#93,
NsRuO,8/1p3p1p/p5p1/6k1/6P1/2Br1PKP/PP6/8 b - - 0 26,b7b5 c3g7 d3f3 g3f3,2114,72,94,11343,advantage endgame quietMove short,https://lichess.org/djyB9s7M/black#52,
Nscjw,8/8/8/4kp2/KP6/8/8/8 w - - 1 50,b4b5 f5f4 b5b6 e5d6 b6b7 d6c7 b7b8r c7b8 a4b3 f4f3 b3c4 f3f2,2105,76,89,656,advancedPawn crushing endgame pawnEndgame quietMove veryLong,https://lichess.org/BojsEtfV#99,
Nt8ea,8/8/4p1PK/4k2p/8/8/5R2/7r b - - 0 50,h5h4 f2g2 h1a1 g6g7,2112,79,77,56,advancedPawn crushing endgame master quietMove rookEndgame short,https://lichess.org/FXgWj4Ly/black#100,
NtDbI,8/q5kp/p2R1np1/8/5r2/1Q6/P3B1PP/3r3K w - - 0 44,d6d1 f6e4 h2h3 e4f2 h1h2 f2d1,2114,77,91,738,crushing endgame fork long quietMove,https://lichess.org/h0TNNrC7#87,
NtRbD,8/8/2p1p1kP/1p2p3/p3PnK1/4B3/PPP5/8 b - - 2 41,f4h5 e3g5 h5f6 g5f6,2132,76,90,1932,crushing endgame quietMove short,https://lichess.org/6AvSOH8z/black#82,
Nth4s,r2q1rk1/1p3p1p/p1n3p1/8/P1b5/2N2N1P/2QB1PP1/3R2K1 b - - 1 22,d8c7 c3e4 c7e7 c2c4,2177,76,83,215,advantage discoveredAttack middlegame quietMove short,https://lichess.org/jcJIMz74/black#44,
NtnoE,r3rk2/1pq1ppb1/p2p2pp/3P1b2/3p1B2/1B1P2Q1/PPP1RPPP/4R1K1 w - - 8 18,e2e7 e8e7 f4d6 a8e8 e1e7 e8e7,2154,80,81,58,advantage long master middlegame quietMove,https://lichess.org/akDwMwRq#35,Sicilian_Defense Sicilian_Defense_Nyezhmetdinov-Rossolimo_Attack
NuApM,8/8/6p1/3k3p/3p2PP/3K1P2/8/8 b - - 0 55,d5e5 g4g5 e5f4 d3d4 f4g3 d4e5 g3h4 f3f4 h4g3 f4f5 h5h4 f5g6 h4h3 g6g7 h3h2 g7g8q h2h1q g8b3,2144,140,21,33,advancedPawn crushing endgame master pawnEndgame promotion quietMove veryLong,https://lichess.org/0VskIKHG/black#110,
NuAqp,3rr1k1/1p6/p2bpqN1/3p2pQ/3P4/2P1R3/PP3PPP/6K1 b - - 6 33,d6f4 e3h3 f6g7 g6f4 g5f4 h3h4 e8f8 h4g4,2155,77,85,366,advantage middlegame pin quietMove veryLong,https://lichess.org/Q1MlOxgG/black#66,
NuCqB,8/p5pp/Kp1k1p2/2p2P2/3p2P1/1P5P/P1P5/8 w - - 4 36,a6a7 b6b5 a7a6 c5c4 a6b5 d4d3,2124,77,92,3496,crushing endgame long pawnEndgame quietMove,https://lichess.org/BkRRll8X#71,
NuGWz,2kr4/pp3p2/1q5p/3pP3/2p2p1n/7N/PP1PQ2P/R1B4K w - - 0 23,h3f4 d8g8 d2d4 c4d3,2156,76,91,1898,advantage enPassant middlegame quietMove short,https://lichess.org/kGCPxecH#45,
NuQQU,8/6pk/p4p1p/1p1Q4/3P4/2P2P2/Pq4PK/8 w - - 0 38,d5b3 b2b3 a2b3 a6a5 c3c4 b5c4,2183,76,94,115,crushing endgame long queenEndgame quietMove,https://lichess.org/Dv7f3PAT#75,
NuZki,3r1k1r/p7/2Qp1b2/3B4/2P2P2/6P1/PP6/1q2RK2 b - - 4 28,b1b2 c6c7 h8h1 d5h1 b2h2 h1d5 h2h3 f1f2,2191,82,85,44,crushing defensiveMove master middlegame quietMove veryLong,https://lichess.org/DpwcgBN1/black#56,
NuwVi,8/7p/8/4k1p1/5p2/4KPPP/8/8 w - - 0 45,e3f2 e5d4 h3h4 h7h6 h4g5 h6g5 g3f4 g5f4,2193,76,81,80,crushing endgame master pawnEndgame quietMove veryLong,https://lichess.org/OQvTDgQQ#89,
Nv5KR,6rk/p2R2p1/7p/3Q1p2/5q2/2P4P/PP1p2PK/8 w - - 4 36,h2h1 g8e8 d5d2 f4f1 h1h2 e8e2 d2e2 f1e2,2156,122,81,41,crushing endgame quietMove veryLong,https://lichess.org/yftyVgES#71,
Nv5uJ,2r3k1/6pp/2p3r1/3pQ3/3P4/q7/5PPP/2R2RK1 w - - 0 28,c1e1 a3h3 g2g3 g6h6 g3g4 h3g4,2128,78,91,895,crushing endgame long pin quietMove,https://lichess.org/d9OQkr3T#55,
NvGcG,8/5p2/1k6/2pPpP1p/2K4P/2P5/8/8 w - - 0 57,d5d6 e5e4 d6d7 b6c7 d7d8q c7d8,2130,79,91,2026,crushing endgame long pawnEndgame quietMove,https://lichess.org/9hJz3KIf#113,
NvXUf,8/4kp2/5q2/4p2Q/7K/5pP1/1P3P1P/8 w - - 8 43,h5g5 e5e4 g5f6 e7f6 h4g4 f6e5,2150,75,95,1625,crushing defensiveMove endgame long queenEndgame quietMove,https://lichess.org/rXNMAUqb#85,
Nw4p3,8/1b5p/pP1Pk1p1/R1B2p2/7K/4P2P/6r1/8 w - - 4 39,a5a3 b7f3 e3e4 g6g5,2109,76,96,1599,endgame mate mateIn2 quietMove short,https://lichess.org/mFTj8vgq#77,
Nx1qJ,3R4/4k3/6p1/2p3Pp/8/PK1P4/5r2/8 w - - 0 44,d8d5 f2f5 b3c4 h5h4 d5f5 g6f5,2128,123,86,13,crushing endgame long quietMove rookEndgame,https://lichess.org/6b8wEQah#87,
Nx9BC,1R6/1p4pk/p1p5/4n1n1/PP2P3/2N3Pp/2P2P1K/8 w - - 2 34,b8b7 e5g4 h2h1 g4f2 h1g1 f2g4 c3d1 g5e4,2139,191,100,11,endgame equality quietMove veryLong,https://lichess.org/e1UDBIl2#67,
NxHX1,1r2b1k1/6pp/p7/1pqPp2n/2p1Pp2/5P2/B1QN2PP/2R2R1K w - - 6 27,c1b1 h5g3 h2g3 b8b6 d5d6 b6d6,2157,77,91,2384,crushing long middlegame quietMove sacrifice,https://lichess.org/hLdxT9oo#53,
Nxjhu,8/5kp1/p4r2/8/R7/8/Pr3PR1/5K2 w - - 2 42,f1e1 f6h6 e1f1 h6h1 g2g1 b2b1,2142,75,94,6239,crushing endgame long master masterVsMaster quietMove rookEndgame,https://lichess.org/LwBnlv5k#83,
Nxt6D,5r2/R5k1/3R1p1p/3bPp2/5B2/3r2PK/8/8 b - - 1 38,g7g6 a7d7 f8f7 d7d8 d3d1 d6d5,2195,139,82,18,crushing endgame long quietMove,https://lichess.org/nl5nqbgj/black#76,
NyBin,8/8/1k2pppp/pP6/2K4P/5P2/1P3P2/8 b - - 1 29,h6h5 f3f4 e6e5 f4e5 f6e5 f2f3,2160,76,95,660,crushing defensiveMove endgame long pawnEndgame quietMove,https://lichess.org/aDxNuyIX/black#58,
NycFt,3r3k/p1p2ppP/4p3/5nN1/5P2/7R/PPR4K/4r3 b - - 4 33,d8d7 h3b3 d7d8 g5f7,2175,77,92,4975,crushing endgame quietMove short,https://lichess.org/fZYKn1nP/black#66,
Nz2q8,6k1/1p4p1/1R3pp1/4r3/1P3n1P/P7/1p3PP1/3R1K2 w - - 1 31,b6b7 f4d3 b7d7 d3c1 d7c7 b2b1q,2118,74,94,5588,advancedPawn crushing endgame long promotion quietMove,https://lichess.org/wlndjbNe#61,
Nz5yu,8/5p2/1p3k2/1Pp1p3/2Pp2Pp/P4K1P/8/8 b - - 1 42,f6g5 a3a4 f7f5 g4f5 g5f5 a4a5,2150,80,89,126,crushing endgame long pawnEndgame quietMove,https://lichess.org/tdL5BUw2/black#84,
NzA8Q,r2q1r1k/ppp3bB/1n1p2Qn/6N1/3P2b1/2P5/PP1N2PP/R4RK1 b - - 4 17,d8e7 h7g8 g7d4 c3d4,2196,76,86,100,advantage middlegame quietMove short,https://lichess.org/Mve5p0pm/black#34,Rat_Defense Rat_Defense_Small_Center_Defense
NzJNL,8/1pk5/p1p1K3/2P5/8/1P6/P7/8 b - - 6 52,b7b6 b3b4 a6a5 a2a3,2137,151,52,11,crushing defensiveMove endgame pawnEndgame quietMove short,https://lichess.org/E4OvJHo1/black#104,
O0610,r4rk1/1b3pbp/6p1/pp1pp2q/3N1BP1/PP1PQ2P/1P6/R4RK1 b - - 0 20,e5d4 e3g3 h5h6 f4h6,2174,76,86,157,advantage middlegame quietMove short trappedPiece,https://lichess.org/wnahB0ii/black#40,
O0ggw,3r1k2/p4p2/8/1p2P2R/2p1BP2/8/b2r3P/4R1K1 b - - 2 28,d2b2 f4f5 f8e7 f5f6 e7e6 e4f5,2121,78,92,93,advantage endgame long quietMove,https://lichess.org/pu81luue/black#56,
O1KIk,2r3k1/1p3pp1/p2p3p/n2P4/1bq5/6RP/1Q4P1/6BK b - - 1 31,f7f6 b2f6 c8c7 g1d4 c4d4 f6d4,2180,75,86,123,crushing long middlegame pin quietMove,https://lichess.org/JUawOsMo/black#62,
O1XiQ,r1b4r/1p1pkppp/p7/5N2/5PP1/P2K4/1P4P1/1RB2B1n b - - 2 21,e7f6 c1e3 d7d6 e3d4,2154,75,87,335,advantage middlegame quietMove short,https://lichess.org/Ky11iVKj/black#42,
O2FJA,4r3/Q2nk3/8/1P6/3Pp2q/P3P3/5PP1/5RK1 w - - 0 38,a7c7 e8h8 f2f4 e4f3 f1f3 h4e1 f3f1 e1e3,2178,78,87,84,crushing deflection enPassant endgame quietMove veryLong,https://lichess.org/n2vAfuWX#75,
O2U9d,8/p7/4p1p1/6P1/1k3P2/p3P3/2K5/8 b - - 1 48,b4c4 e3e4 a3a2 c2b2 a2a1r b2a1 c4c5 f4f5 e6f5 e4f5 c5d5 f5f6,2197,76,87,578,crushing endgame pawnEndgame quietMove veryLong,https://lichess.org/9wXkMxIS/black#96,
O2W3Y,r7/6p1/5pPp/4k2P/p7/1R3P2/5K2/1B6 w - - 1 49,b1e4 a4b3 e4a8 f6f5 f2e3 b3b2,2110,75,95,5095,advancedPawn crushing endgame long quietMove,https://lichess.org/lxfo8q0y#97,
O3BPh,r1b1k2B/pp2b3/2p2ppp/7n/P1B1P2q/1QP5/1P3PP1/R3R1K1 w q - 0 20,e4e5 h5g3 f2g3 e7c5 g1f1 h4h1,2164,76,90,583,advantage long middlegame quietMove sacrifice,https://lichess.org/Qdk7cBIk#39,
O3Fsj,r5k1/3b1p1p/p1q3p1/3pQ3/1BP5/4P2P/4BPP1/6K1 b - - 0 35,d5c4 b4c3 f7f6 e2c4 c6c4 e5f6 c4c3 f6c3,2133,80,85,79,advantage deflection endgame intermezzo quietMove veryLong,https://lichess.org/82P5ZvRa/black#70,
O3Tg8,r2q1rk1/5pbp/p3p1p1/Ppnn4/2P5/N4Q1P/1P3PP1/R1B1RBK1 b - - 0 16,d8a5 a3c2 a5d8 c4d5,2174,75,94,3502,advantage master middlegame quietMove short,https://lichess.org/EJAaWMpp/black#32,Zukertort_Opening Zukertort_Opening_Kingside_Fianchetto
O3UbC,8/6p1/1p3p1p/p1pPkB1P/P1P3P1/1PK2n2/8/8 b - - 34 64,f3e1 f5e4 e5e4 d5d6 e1f3 d6d7,2115,75,95,1734,advancedPawn advantage endgame long quietMove sacrifice,https://lichess.org/H3aNHvKf/black#128,
O45A5,5k2/4pBbQ/p3Pp1p/1pp3p1/4q3/2P2RP1/PP1r2PP/4K3 w - - 1 29,e1d2 e4h7 f3d3 g7h8 d3d8 f8g7 d8g8 h7g8 f7g8 g7g8,2125,76,62,78,crushing endgame hangingPiece quietMove veryLong,https://lichess.org/Xei7i9rN#57,
O50U8,6k1/p1P2pp1/4q3/2p5/1r5p/5P2/2B2KPP/5R2 b - - 0 36,b4b7 f1d1 g7g6 d1d8 g8g7 c7c8q,2166,73,94,9908,advancedPawn advantage endgame long promotion quietMove,https://lichess.org/qfFH0drp/black#72,
O50yv,6k1/4b1pp/4pr2/P1Pp4/3P2P1/1q5P/R3QP1K/8 b - - 6 34,e7d8 a5a6 f6h6 f2f3 h6f6 a2b2,2107,183,33,8,advantage endgame long quietMove,https://lichess.org/u3CmN5v4/black#68,
O5Y4J,7R/8/p2kp3/Pp1p2K1/1r5P/6P1/8/8 b - - 1 44,b4c4 h4h5 c4c7 h5h6,2116,77,92,1773,crushing endgame quietMove rookEndgame short,https://lichess.org/5idosDmj/black#88,
O5jEH,2r4r/4pp1p/p1N2np1/8/1R6/8/k1R3PP/7K b - - 1 31,a2a3 c2c3 a3a2 c3c5 a6a5 c5a5,2159,77,91,3449,endgame long mate mateIn3 quietMove,https://lichess.org/EK8pXufl/black#62,
O5kz5,8/8/7p/1p1K1pk1/p1p5/P1P2PP1/1P6/8 w - - 0 39,d5c5 h6h5 f3f4 g5g4,2131,81,91,3578,crushing defensiveMove endgame master pawnEndgame quietMove short,https://lichess.org/5LGz0TGd#77,
O5qlt,8/5K2/5p2/5k1p/6p1/5P2/6PP/8 w - - 0 56,f7g7 g4f3 g2f3 h5h4 h2h3 f5g5,2118,143,100,9,crushing defensiveMove endgame long pawnEndgame quietMove,https://lichess.org/FWUX3qPb#111,
O6Cal,8/5pp1/2k1p2p/1pP5/1K2P2P/P7/6P1/8 b - - 0 41,f7f6 h4h5 f6f5 e4f5,2199,74,91,3593,crushing endgame pawnEndgame quietMove short,https://lichess.org/mAvltQXE/black#82,
O6fK8,3r2k1/pQ1Pqp2/1p2rppp/8/8/7P/P2R1PP1/3R2K1 b - - 2 29,a7a5 d2c2 e6e1 d1e1,2171,78,86,86,advantage endgame quietMove short,https://lichess.org/ITW7KnV4/black#58,
O6sCD,7Q/4r3/4pkp1/5p1p/3p3P/8/4qPP1/2R3K1 b - - 3 43,f6f7 c1c8 e2e1 g1h2 e1e5 h8e5,2116,76,91,666,crushing endgame long quietMove,https://lichess.org/g3Vphzpr/black#86,
O76BJ,8/1p3p2/p5p1/4P2p/5P2/PP4Pk/7P/6K1 w - - 0 40,a3a4 a6a5 g1h1 h5h4 f4f5 g6f5 g3h4 h3h4,2145,75,88,1217,crushing endgame pawnEndgame quietMove veryLong zugzwang,https://lichess.org/i4J2llC8#79,
O7C1O,6Q1/bpkbq3/r3pp2/Pp6/2p4P/4PBP1/5P2/R2R2K1 w - - 3 30,g8a8 d7c8 f3b7 c8b7,2189,80,86,158,crushing middlegame quietMove short,https://lichess.org/MC5Nc2ZK#59,
O7Di5,8/5k2/4N3/p7/2P5/PK5n/3N1pbP/8 w - - 2 41,e6d4 h3g5 b3a4 g5e4 d4b3 g2f3,2114,122,83,14,advantage defensiveMove endgame long quietMove,https://lichess.org/pG2yyi2b#81,
O7OyY,2b2rk1/p5pp/8/2bp2N1/4B3/6qP/Pr3P2/R2Q1R1K b - - 1 21,g3e5 e4h7 g8h8 d1h5 e5g5 h5g5,2151,78,93,7471,crushing long master middlegame quietMove,https://lichess.org/Gk7MIrud/black#42,
O7TuM,8/8/6pp/5p1k/5P1P/R4K2/4r1P1/8 b - - 3 45,e2e4 g2g4 h5h4 a3a1 f5g4 f3e4,2107,75,95,331,crushing endgame long quietMove rookEndgame,https://lichess.org/xFU5ZHMo/black#90,
O7aJW,5rk1/6pp/n2b4/2pq1p2/3p1P2/PP1Q2PK/1B5P/R3R3 w - - 0 33,d3a6 f8f6 e1e8 g8f7 a6a7 f7e8,2189,163,-16,12,advantage defensiveMove long middlegame quietMove,https://lichess.org/vRn7LMaf#65,
O83Iw,r4k1r/1p3n1p/p3RQp1/2q2p2/1P6/8/P4PP1/3R2K1 b - - 0 25,c5c7 d1e1 c7c4 e6e7,2175,77,81,569,advantage master middlegame quietMove short,https://lichess.org/KfnK1xoC/black#50,
O86D2,r1bQ4/1p3kpp/p3p2n/2p1b3/4P1q1/1BP5/PP4PP/5RK1 b - - 3 23,f7g6 d8e8 h6f7 e8f7 g6h6 f1f3 g4g6 f3h3,2162,96,71,27,advantage exposedKing middlegame quietMove veryLong,https://lichess.org/4zM3bSPQ/black#46,
O8AX6,8/5k2/2p1p1p1/2N4p/P2n4/1P4K1/1R4PP/5r2 w - - 1 41,a4a5 d4f5 g3h3 g6g5 g2g4 f5e3 b2f2 f1f2,2163,171,85,14,crushing endgame quietMove veryLong,https://lichess.org/07MnehgE#81,
O8R0F,3r2k1/1p3pp1/p6p/P2qn3/2rN4/4R1P1/1Q1R1P1P/6K1 b - - 7 32,f7f6 d4b3 d5d2 b3d2,2124,75,96,240,advantage master middlegame quietMove short,https://lichess.org/v0PI7xKg/black#64,
O8yy5,8/5p1K/3k4/p7/8/2n2B1P/5PP1/8 w - - 0 42,f3h5 a5a4 h5f7 c3d5 f7g6 a4a3 g6b1 d5c3 b1a2 c3a2,2197,89,86,39,crushing endgame master quietMove veryLong,https://lichess.org/nBbmvdSL#83,
O9PkD,6k1/1p1r1qp1/p1r3bp/5p2/3BpQ2/1PP1RP1P/P5P1/4R1K1 b - - 0 33,e4f3 f4b8 g8h7 e3e8 f7e8 e1e8 g6e8 b8e8,2142,76,85,132,crushing kingsideAttack middlegame quietMove veryLong,https://lichess.org/koAfelB9/black#66,
O9Pw0,8/b7/2B4p/4kn1P/1P6/2P1ppP1/3K3B/8 w - - 0 43,d2d3 e3e2 g3g4 e5f6 d3d2 a7f2 c6f3 e2e1q,2123,76,83,87,advancedPawn crushing defensiveMove endgame promotion quietMove veryLong,https://lichess.org/88mkyU3L#85,
O9s3z,7r/pb4kp/1pnPQ1p1/2p5/1q6/3BP3/2P1KPPP/7R b - - 2 25,b7c8 d6d7 c8b7 h2h4 h8d8 h4h5 b4f4 h5g6,2146,148,85,16,advancedPawn crushing middlegame quietMove veryLong,https://lichess.org/1b3xCJAu/black#50,
O9ucC,5kR1/5b2/p1p1p3/Pp1pP1P1/1P1P3P/2P3K1/8/8 b - - 0 48,f7g8 g5g6 f8g7 h4h5 g8h7 g6h7,2157,75,98,337,advancedPawn bishopEndgame crushing endgame long quietMove,https://lichess.org/FmrPLczy/black#96,
OABCO,5rk1/ppp3pp/3bP3/4n2N/8/1P2q2P/PBQ1B1P1/R6K w - - 0 24,a1e1 e5g4 b2d4 g4f2,2150,440,11,2,crushing middlegame quietMove short,https://lichess.org/V6xfYYPE#47,
OARvn,8/6p1/p2k1p2/Pp6/3K1PP1/2P5/8/8 w - - 1 45,d4e4 d6c5 e4f5 c5c4 f5g6 c4c3 g6g7 b5b4 f4f5 b4b3 g4g5 b3b2 g5f6 b2b1q,2129,81,91,2300,advancedPawn crushing endgame pawnEndgame promotion quietMove veryLong,https://lichess.org/2EAQrqwt#89,
OAkU6,3rr1k1/b4ppp/p1p3b1/8/2B5/1QB2PqP/PP4P1/4RR1K w - - 13 24,b3b7 a7b8 e1e8 d8e8 f3f4 b8f4 f1f4 g3f4,2122,75,94,9539,advantage master middlegame quietMove veryLong,https://lichess.org/UggGzn02#47,
OAkle,r5k1/pp2Pr1p/6p1/3P1pq1/3Q4/5Pp1/PP4P1/2R2RK1 b - - 0 29,g5h5 f1e1 h5h2 g1f1 h2h1 d4g1,2143,81,78,64,crushing endgame long quietMove,https://lichess.org/sCbEwAHY/black#58,
OBAWJ,3r1rk1/2n3p1/6Qp/3p4/1p6/1B5P/1P3qP1/R3R2K b - - 1 31,f2b2 b3c2 f8f6 g6h7,2140,118,85,20,advantage middlegame quietMove short,https://lichess.org/zmQSxLoN/black#62,
OBP8C,2N4k/p4pp1/3Bp2p/8/8/5QPK/1q5P/4b3 b - - 0 32,b2c2 c8e7 c2f5 e7f5,2101,87,74,37,crushing endgame quietMove short,https://lichess.org/0m5tZ2az/black#64,
OBdN0,r5k1/5pp1/p2Q3p/1qBP4/8/5P2/b1P3PP/4R1K1 b - - 0 28,a2d5 d6d5 a8c8 e1e5 b5b1 g1f2,2122,76,91,1120,advantage defensiveMove endgame hangingPiece long quietMove,https://lichess.org/comAMIKn/black#56,
OBtyW,r7/p7/1p2pk1p/5pp1/8/1R4PN/RP1r1P1P/6K1 w - - 0 32,f2f3 a8c8 a2a1 c8c2 b3c3 c2b2,2146,79,83,44,crushing endgame long quietMove,https://lichess.org/0RjuN5J2#63,
OCIwj,6k1/p1p3rp/1p1p4/8/3QP2b/2P5/PP3p1P/5N1K w - - 2 32,d4c4 g8f8 f1g3 h4g3 h2g3 g7g3 h1h2 g3g1 c4c7 f2f1q,2184,76,91,1167,advancedPawn crushing defensiveMove endgame promotion quietMove veryLong,https://lichess.org/hwOPAFNr#63,
OCVUE,8/3Q2pk/5pqp/1p6/2p3P1/P1P3P1/8/5K2 b - - 0 38,g6d3 d7d3 c4d3 c3c4 b5c4 a3a4 c4c3 f1e1 h7g6 a4a5,2184,79,81,124,crushing defensiveMove endgame queenEndgame quietMove veryLong,https://lichess.org/N9kqyleI/black#76,
OCcn2,5r2/p5k1/1p1bRpp1/8/3Q4/P4P1B/1P4Pq/5K2 b - - 1 30,d6e5 e6e7 f8f7 e7f7 g7f7 d4d7 f7f8 h3e6 h2h1 f1f2,2158,77,83,57,advantage attraction endgame master quietMove veryLong,https://lichess.org/DXQczD53/black#60,
OCznz,8/p4p2/3k3p/1P4p1/P2p2P1/3K4/5P1P/8 b - - 3 31,d6d5 a4a5 d5c5 b5b6 a7b6 a5b6 c5b6 d3d4,2162,78,94,8311,crushing endgame pawnEndgame quietMove veryLong,https://lichess.org/llzicCiX/black#62,
OCzot,8/p3k3/1pq3pp/1P1Pp3/4P1P1/7P/5K2/8 w - - 0 45,d5c6 e7d6 f2e3 a7a6 b5a6 d6c6 e3d2 b6b5 d2c3 c6b6,2114,74,77,241,crushing deflection endgame pawnEndgame quietMove veryLong,https://lichess.org/6iJFBtG6#89,
ODUjn,r4r1k/p6P/1p2p1p1/2p5/2P1Q1p1/4P3/P2K1P1R/q2R4 b - - 3 25,a1a2 d2e1 a2b2 d1d4 b2a1 e1e2,2193,80,83,71,clearance crushing defensiveMove endgame long quietMove,https://lichess.org/ZQSK6KuW/black#50,
ODYE8,r4Bk1/pp1q1ppp/8/8/1Q6/P3P3/1P3PbP/R5K1 w - - 0 19,f8g7 g2h3 g1h1 d7c6 e3e4 g8g7,2122,155,85,15,crushing endgame long quietMove,https://lichess.org/cTbCbIYs#37,Indian_Defense Indian_Defense_Budapest_Defense
ODx5r,8/6p1/5p1p/5P2/6PP/5K2/8/4k3 w - - 3 69,f3f4 e1f2 g4g5 h6h5 g5f6 g7f6 f4e4 f2g3,2148,76,100,287,crushing endgame pawnEndgame quietMove veryLong,https://lichess.org/otLWZSMA#137,
OEAKd,8/2b3pp/4k3/1PBp4/3P4/5K2/6P1/8 b - - 0 40,h7h5 c5a7 e6f5 b5b6,2116,167,36,7,bishopEndgame crushing endgame master masterVsMaster quietMove short,https://lichess.org/tK7JyHtx/black#80,
OFMjc,r2qk2r/pp4p1/4p3/2bp3p/6n1/P2P3P/BPP2PP1/R1BQ1RK1 w kq - 0 15,d1e2 d8d6 e2e6 d6e6,2161,77,91,2324,crushing middlegame quietMove short,https://lichess.org/plPpB1Dl#29,Italian_Game Italian_Game_Blackburne-Kostic_Gambit
OFf3d,5r2/8/6p1/p3p1kp/PbBpP2P/1P1P2P1/6K1/8 b - - 0 34,g5g4 c4e6 f8f5 e4f5 g6f5 e6d5 e5e4 d3e4,2187,75,93,3127,crushing endgame quietMove veryLong,https://lichess.org/6nRCbZfE/black#68,
OFx14,8/1p6/1r6/2kP1P2/2P1R3/1K2R3/6r1/8 w - - 11 49,b3c3 g2b2 d5d6 b6b3,2139,77,92,807,endgame mate mateIn2 quietMove rookEndgame short,https://lichess.org/IS1MA37q#97,
OGCTz,4k3/6p1/p2Pp3/1p1bK1P1/P6P/1P6/2P5/8 b - - 0 35,b5b4 h4h5 d5c6 h5h6 g7h6 g5h6 e8f7 h6h7,2135,76,84,100,advancedPawn bishopEndgame crushing endgame quietMove veryLong,https://lichess.org/GtCZFrsy/black#70,
OGCqH,R7/3N1pkp/4p1p1/3p1q2/3P3Q/7P/1rr2PP1/4R1K1 w - - 4 33,d7e5 c2f2 h4g3 f5c2 g1h1 f2g2,2121,74,96,1072,crushing long middlegame quietMove,https://lichess.org/eRoyTNTl#65,
OGF4w,8/8/8/5k1p/5Pp1/4K1P1/8/8 b - - 1 52,h5h4 g3h4 g4g3 h4h5 g3g2 e3f2,2128,89,92,342,crushing endgame long pawnEndgame quietMove,https://lichess.org/nqpKLF6i/black#104,
OGHIs,8/8/pb2k1p1/1p2P2p/4RP2/1P4KP/P7/8 w - - 0 39,g3h4 e6f5 e4e2 f5f4 e5e6 b6d4 e2e4 f4e4,2156,74,93,4158,crushing endgame quietMove veryLong,https://lichess.org/SXE2LVP8#77,
OGQUU,8/8/8/8/5k2/4p1p1/4Kn2/6R1 w - - 4 66,g1g2 f2e4 g2g1 e4c3 e2d3 c3d5,2170,153,87,11,crushing defensiveMove endgame exposedKing long quietMove,https://lichess.org/f07eB8Qr#131,
OGzRY,8/8/3B4/1p3k2/1P1bp3/8/4K2P/8 w - - 6 43,d6c5 d4c5 b4c5 b5b4 c5c6 f5e6 c6c7 e6d7 h2h4 b4b3 c7c8r d7c8,2119,75,93,1781,bishopEndgame crushing endgame quietMove veryLong,https://lichess.org/jbskfW0T#85,
OH3Vc,5r2/p4q1k/3p4/1ppPpB1N/b1n3Q1/2P4P/8/2R3K1 b - - 0 34,h7h6 h5g3 f8g8 g4h4,2166,79,72,59,crushing master middlegame quietMove short,https://lichess.org/Ag2jWJW9/black#68,
OH5OU,8/1Bk5/2P1p3/2P3pp/3K4/5P2/P5n1/8 w - - 0 42,d4e5 h5h4 b7a6 g2e3,2193,84,68,35,crushing defensiveMove endgame quietMove short,https://lichess.org/T6nvGmm7#83,
OHQHe,8/7p/2k2p2/p5p1/P1K5/7P/5PP1/8 b - - 1 42,h7h5 g2g4 h5h4 f2f3 c6d6 c4b5,2165,77,93,1680,crushing endgame long pawnEndgame quietMove zugzwang,https://lichess.org/0MKQekWJ/black#84,
OHmdS,2r3k1/4Rp1p/3p2p1/R2P4/6P1/5P2/3r2P1/6K1 w - - 3 27,g4g5 c8c2 a5a8 g8g7 a8a7 d2g2,2131,75,86,230,advantage endgame long quietMove rookEndgame,https://lichess.org/o3GbaIMD#53,
OHsdH,8/p1k5/Kp6/8/8/2P5/P7/8 b - - 8 52,c7c6 a2a4 c6c5 a6a7,2165,86,91,1747,crushing endgame pawnEndgame quietMove short,https://lichess.org/d2dCZnkR/black#104,
OHvrR,r2r4/pp6/n1pp2kR/4p1P1/2P1P1p1/8/PP2PP2/2K4R b - - 6 27,g6g5 e2e3 g4g3 f2f3 g3g2 h1h5,2160,77,97,2003,endgame long mate mateIn3 quietMove,https://lichess.org/2TQR0a0q/black#54,
OI6FS,7b/8/4N3/3p2Pp/5P2/2k5/K7/8 w - - 0 48,g5g6 d5d4 g6g7 h8g7,2134,77,91,3006,crushing endgame master quietMove short,https://lichess.org/9yyutd4S#95,
OIcRF,8/8/8/5Bk1/4P1Pp/1Kp5/1b6/8 w - - 0 65,b3c2 h4h3 e4e5 g5f4 e5e6 b2a3 e6e7 a3e7,2152,134,83,9,bishopEndgame crushing endgame quietMove veryLong,https://lichess.org/QIbB1eXG#129,
OIwnb,5b2/5k1p/p3pB2/2p3PK/Pp1p1P2/1P1P4/2P5/8 b - - 0 38,f8g7 f6g7 f7g7 a4a5 e6e5 f4e5,2116,75,69,105,bishopEndgame crushing endgame long quietMove zugzwang,https://lichess.org/4hH0hfMt/black#76,
OJhYE,8/1p3p2/4p3/p1k1P1P1/P1P4P/8/3Kb3/8 b - - 2 35,e2c4 h4h5 c5d4 g5g6 f7g6 h5h6,2165,75,93,2147,bishopEndgame crushing endgame long quietMove,https://lichess.org/zGejQ24G/black#70,
OJsQO,1r6/p7/1rp5/p1k3R1/8/1P5P/P1P2P2/2K5 b - - 2 35,c5b4 c1b2 c6c5 a2a4 c5c4 c2c3,2153,76,95,3260,endgame long mate mateIn3 quietMove rookEndgame,https://lichess.org/gZAngy6S/black#70,
OK3gj,r5k1/1p3p1p/p1q1p1pP/3r4/8/4BQ2/P1p2PP1/5RK1 b - - 1 25,a8d8 f3f6 g8f8 e3g5 c6c3 f6c3,2171,75,94,972,advantage endgame long quietMove,https://lichess.org/aVI8cZmT/black#50,
OK49k,6k1/pp5p/2pB1Kp1/5p2/2P5/1P2r2P/6r1/3R2b1 b - - 1 30,e3h3 d6e5 g1b6 c4c5,2166,178,100,11,endgame equality quietMove short,https://lichess.org/v9BCsyLg/black#60,
OKCBx,8/8/1k2p1p1/1p2P1P1/1K2P3/Pp6/8/8 w - - 0 46,b4b3 b6a5 b3c3 a5a4 c3d4 a4a3 d4c5 b5b4 c5d6 b4b3 d6e6 b3b2,2123,75,96,1188,advancedPawn crushing endgame master pawnEndgame quietMove veryLong zugzwang,https://lichess.org/fZPjrW6k#91,
OKDUc,8/4rpk1/3p1qp1/2nP4/8/1P2Q3/P1B5/1K1R4 w - - 5 39,e3g3 e7e2 g3g4 c5e4 g4e4 e2e4,2142,169,88,5,crushing endgame long quietMove,https://lichess.org/bR8Zm0kr#77,
OKG16,6k1/5ppp/p2P4/1p6/2P5/P3r3/6PP/R6K b - - 0 32,b5c4 d6d7 e3d3 a1e1 f7f5 e1e8,2117,76,87,326,advancedPawn crushing endgame long quietMove rookEndgame,https://lichess.org/p2pushH8/black#64,
OKP87,8/6pp/8/ppk2PP1/7P/3K4/2P5/8 b - - 0 40,c5d5 h4h5 d5d6 f5f6 g7f6 g5g6 h7g6 h5h6,2189,101,72,18,crushing endgame pawnEndgame quietMove sacrifice veryLong,https://lichess.org/x3hxpO0d/black#80,
OKy9X,8/2p3K1/1kp5/pp6/6PP/1b6/3B4/8 b - - 1 35,a5a4 h4h5 a4a3 h5h6 b3c2 g4g5,2105,78,90,1851,bishopEndgame crushing defensiveMove endgame long quietMove,https://lichess.org/eTV42AEk/black#70,
OLD6u,8/1p6/p1pQ2k1/6p1/1P2P3/P1q1P1K1/8/8 b - - 1 45,c3f6 e4e5 f6d6 e5d6 g6f6 e3e4 f6e6 e4e5,2162,83,86,95,crushing defensiveMove endgame master queenEndgame quietMove veryLong,https://lichess.org/DkIhqnnZ/black#90,
OLxbQ,8/3B4/4pk2/p2p4/2nP4/6P1/4KP2/8 w - - 2 41,e2f3 c4b6 d7e8 a5a4 e8a4 b6a4,2108,85,90,1048,crushing endgame long quietMove,https://lichess.org/YtkrwP2A#81,
OLzbD,8/2K2kP1/2b5/3p4/p7/2B5/1P6/8 b - - 22 57,c6a8 c3d4 f7g8 c7b6,2196,94,79,34,bishopEndgame crushing defensiveMove endgame quietMove short,https://lichess.org/Ti7qCRve/black#114,
OM0tB,1r5k/4Q1p1/2R2p1p/3N1Pn1/2P3P1/2KP3P/5q2/8 w - - 9 35,d5b4 g5f3 c6c8 b8c8,2125,78,89,1180,crushing endgame quietMove short,https://lichess.org/q4g9mUvH#69,
OM1Gw,2q5/b5Bk/p6p/1p6/8/P3p1P1/1Q2Pr1P/4R1K1 w - - 1 34,g7e5 c8c6 b2b1 h7g8,2181,75,85,118,crushing defensiveMove endgame quietMove short,https://lichess.org/xZPlACqf#67,
OMIux,5rk1/1p2b1p1/p6q/2pRp2r/2P5/1P2RNP1/P3QPK1/8 b - - 4 33,e7g5 e3e5 h5h1 f3h4 h1h4 g3h4,2123,77,89,216,advantage long middlegame quietMove,https://lichess.org/pKi5D413/black#66,
OMcbo,8/1R3pk1/1p3r2/8/PPr1p1p1/4P1P1/1R3PK1/8 w - - 0 38,b7a7 c4c1 a7e7 f6h6 e7e4 f7f5 b2c2 c1c2,2111,121,82,20,crushing endgame quietMove rookEndgame veryLong,https://lichess.org/FjtT2pf0#75,
OMk66,4b3/8/1K4p1/2PkPp2/pB3P2/8/7P/8 w - - 1 42,b4a3 g6g5 f4g5 f5f4 g5g6 e8g6,2104,77,93,7862,bishopEndgame crushing endgame long quietMove,https://lichess.org/CV96uMXV#83,
ONCnP,8/pp2r1p1/5k2/7R/4pPP1/2PpK3/PP6/8 w - - 4 40,h5a5 e7d7 a5f5 f6g6,2115,75,87,121,advantage defensiveMove endgame quietMove rookEndgame short,https://lichess.org/TCA1e9Sx#79,
ONETB,5k2/2R3P1/p7/1p5K/1r1p4/8/7P/8 b - - 0 39,f8g8 h5g6 b4c4 c7c4 b5c4 h2h4 c4c3 h4h5 c3c2 h5h6 d4d3 h6h7,2179,78,94,5690,advancedPawn endgame mate mateIn5 quietMove rookEndgame veryLong,https://lichess.org/hYs3GuMI/black#78,
ONGVp,8/7p/p2N2pP/Pkp2p2/5p1P/1P1b1P2/5K2/8 b - - 7 43,b5a5 d6e8 a5b4 e8f6 b4b3 f6h7,2127,75,87,170,crushing endgame long quietMove,https://lichess.org/TKWX4xg4/black#86,
ONHnf,8/8/4p1p1/pp3p1p/3k2PP/P2P1P2/1P2K3/8 w - - 0 39,g4h5 g6h5 e2d2 e6e5 d2e2 e5e4 d3e4 f5e4 f3e4 d4e4,2188,99,88,20,crushing endgame pawnEndgame quietMove veryLong,https://lichess.org/Ze8LFPnC#77,
ONplI,1r4k1/5pp1/6p1/R5P1/4p2P/pP6/r4PK1/4R3 b - - 1 33,b8b3 a5a8 g8h7 e1e4 b3b2 e4e8 b2f2 g2g1,2167,118,89,27,crushing endgame quietMove rookEndgame veryLong,https://lichess.org/uwFmnQbM/black#66,
ONqee,rn2kb1N/ppp3p1/3p3p/8/2B1P3/2N4q/PPPP1Pn1/R1BQ1K2 w q - 0 11,f1g1 g2h4 c4f1 h4f3 d1f3 h3f3,2105,74,94,10205,advantage kingsideAttack long middlegame quietMove,https://lichess.org/m0Gxv72s#21,Russian_Game Russian_Game_Three_Knights_Game
ONxif,8/5k2/7p/3K4/6PP/8/pbN5/8 w - - 0 43,g4g5 h6h5 d5c4 b2c1,2193,153,83,8,crushing endgame master quietMove short,https://lichess.org/0a5gvD3C#85,
OO9Uf,r5rk/1pq2p1p/p4P2/3p1RnQ/2pP3R/8/P1P3PP/6K1 b - - 7 24,c7a5 h2h3 a5e1 g1h2 e1h4 h5h4,2198,91,80,41,advantage long middlegame quietMove,https://lichess.org/N3BwGJbJ/black#48,
OOJ10,8/4k2p/3p2p1/4p3/Pp2P3/1Pr4P/3K2P1/R7 b - - 6 40,e7d7 a4a5 d7c7 a1c1 c3c1 d2c1,2159,190,54,6,advantage endgame long pin quietMove rookEndgame,https://lichess.org/9cTrP4k0/black#80,
OONni,8/p7/5ppp/2k5/5KPP/8/P4P2/8 w - - 1 32,g4g5 f6g5 h4g5 h6h5 f4e5 h5h4,2127,86,90,520,crushing defensiveMove endgame long pawnEndgame quietMove,https://lichess.org/9sogCfdw#63,
OOtX1,8/8/1k5p/p2Kp2P/4Pp2/5P2/2P5/8 w - - 0 42,d5e5 b6c5 e5f6 a5a4 e4e5 a4a3 e5e6 a3a2 f6f7 a2a1q,2174,74,85,142,advancedPawn crushing endgame pawnEndgame promotion quietMove veryLong,https://lichess.org/TR1byFlE#83,
OP6qQ,8/6k1/b3B2p/P5pK/6P1/5P2/8/8 w - - 4 57,e6d5 a6b5 d5f7 g7f7 h5h6 f7f6,2158,75,94,862,bishopEndgame crushing defensiveMove endgame long quietMove,https://lichess.org/HBatYSCl#113,
OP8xd,r4rk1/1p1bbpp1/1qn1p2p/pB1pP1NQ/P2P3P/2N1P3/1P4P1/R4RK1 b - - 1 15,h6g5 b5d3 g7g6 d3g6 f7g6 h5g6,2174,75,95,787,advantage kingsideAttack long middlegame quietMove,https://lichess.org/zQppuaiI/black#30,French_Defense French_Defense_Advance_Variation
OPLEa,rnbq2nr/pppkb2p/3p4/3Pp2Q/2P1PpR1/6P1/PP3P2/RNB1KBN1 b Q - 4 9,g8f6 f1h3 d8f8 g4g8 d7d8 g8f8,2186,77,92,374,advantage discoveredAttack long middlegame quietMove,https://lichess.org/ovv3kd6S/black#18,Kings_Pawn_Game Kings_Pawn_Game_Maroczy_Defense
OPbwF,8/2p5/3p1k2/3P2p1/p1PNp1P1/P1n1P3/8/4K3 b - - 1 39,f6e5 d4c2 c3d5 c4d5,2181,121,29,27,advantage endgame knightEndgame quietMove short,https://lichess.org/oONAPb1p/black#78,
OPnr8,r2qkb1r/1b1pnppp/p3p3/1p1nP1B1/3P4/2N2N2/PP2BPPP/R2Q1RK1 b kq - 5 11,h7h6 c3e4 d8b8 e4d6 b8d6 e5d6,2107,74,92,2642,crushing long middlegame quietMove,https://lichess.org/iXmebWRM/black#22,Sicilian_Defense Sicilian_Defense_Smith-Morra_Gambit
OQCod,8/1pk5/p2p2p1/2PPp1P1/1P2K3/P7/8/8 b - - 0 40,b7b6 c5d6 c7d6 a3a4 b6b5 a4a5 d6e7 e4e5,2147,75,94,1855,crushing endgame pawnEndgame quietMove veryLong zugzwang,https://lichess.org/eqnEciE4/black#80,
OQWWw,r5k1/1p3rb1/2p1pB1p/4Pp1P/3P1P2/pPq3R1/P1B2Q2/3K4 b - - 3 31,c3b4 f2g1 b4f8 g3g6,2152,75,84,144,crushing middlegame quietMove short,https://lichess.org/c5n0yCrX/black#62,
OQazy,8/8/4k3/1p3pp1/P2K2P1/1P6/8/8 b - - 0 52,f5g4 a4a5 g4g3 d4e3 e6d7 b3b4 g3g2 e3f2,2184,74,92,5966,crushing endgame pawnEndgame quietMove veryLong,https://lichess.org/sAwETK1e/black#104,
OQgJd,rn3r2/pp3p1k/5Q1p/5N2/8/3R1KP1/P3R2P/2q5 b - - 13 29,c1g5 d3d6 g5f6 d6f6,2162,90,81,30,crushing middlegame quietMove short,https://lichess.org/61aR0bRo/black#58,
OQrzO,6k1/5pp1/R7/7p/4Pp2/2P5/P1P1KP2/r7 w - - 0 27,e2f3 a1g1 c3c4 h5h4 a6a3 h4h3,2177,90,60,60,crushing endgame long quietMove rookEndgame,https://lichess.org/WPpH5Fhn#53,
OQs9F,6rk/4Rp2/pp5n/2p5/P7/2NP4/1PP2Pr1/R5K1 w - - 0 27,g1h1 g2g5 e7e3 g5h5 e3h3 h5h3,2176,128,87,56,endgame exposedKing long mate mateIn3 quietMove,https://lichess.org/9kIAfFRO#53,
OR0ta,8/3R2P1/8/p5r1/4p3/4k2K/6P1/8 b - - 1 54,a5a4 g2g4 a4a3 h3h4 a3a2 h4g5 a2a1q g7g8q,2143,75,91,611,advancedPawn crushing endgame promotion quietMove rookEndgame veryLong,https://lichess.org/Hj1dIeVh/black#108,
ORqyJ,K7/1P6/7p/4k3/P7/4q3/8/8 b - - 6 46,e3b6 b7b8q b6d6 a4a5 e5d5 b8d6,2197,84,90,931,advancedPawn crushing endgame long promotion queenEndgame quietMove,https://lichess.org/AL8R68ze/black#92,
ORtKV,r5k1/2Q2pp1/pp1N2qp/n2p4/3P4/2P5/P4PP1/4R1K1 b - - 3 26,b6b5 d6c8 a8c8 c7c8,2111,79,93,4088,advantage endgame quietMove short,https://lichess.org/QSAIlcAe/black#52,
ORuIk,8/p1p5/2p2Pk1/3p2Pp/2P3pP/1P2K3/P7/8 w - - 4 34,e3f4 d5d4 f4e5 d4d3 e5e6 d3d2 f6f7 d2d1q f7f8q d1d6 f8d6 c7d6,2140,76,95,6551,advancedPawn crushing endgame pawnEndgame promotion quietMove veryLong,https://lichess.org/p1b5PJdI#67,
OT3OU,r3r1k1/pp3ppp/3b4/3N2B1/3n3P/5P2/PP2N3/R3K2R w KQ - 1 18,d5e3 d4f3 e1f1 f3g5 e3f5 g5e4 f5d6 e4d6,2149,77,90,188,crushing middlegame quietMove veryLong,https://lichess.org/u3q8cBzD#35,French_Defense French_Defense_Other_variations
OTWL5,8/8/1p6/p2pk3/P1P5/1P2K3/8/8 w - - 0 43,e3d3 d5d4 d3d2 e5e4 b3b4 a5b4 c4c5 b6c5 a4a5 e4d5 a5a6 d5c6 a6a7 c6b7 a7a8r b7a8,2121,75,94,4097,crushing endgame pawnEndgame quietMove veryLong zugzwang,https://lichess.org/HZUtuMSI#85,
OUMBa,8/7p/8/3NKp2/2pPp3/2Pb1kP1/1P3P2/8 w - - 3 48,d5f4 f3f2 d4d5 d3c2 d5d6 c2a4,2181,89,78,39,advantage defensiveMove endgame long quietMove,https://lichess.org/aNP7oJp0#95,
OUZzN,1r3rk1/p3pp1p/4b1p1/8/8/P1b1BPP1/2P4P/2KR1B1R w - - 0 19,e3a7 e6a2 a7b8 f8b8 d1d8 b8d8,2122,76,87,387,advantage long middlegame quietMove sacrifice,https://lichess.org/qpiI3nZP#37,Sicilian_Defense Sicilian_Defense_Dragon_Variation
OUc62,r7/6R1/p7/1p3k1R/2p5/5P2/r5PP/6K1 b - - 1 40,f5f4 g7e7 a2a1 g1f2,2199,84,81,38,crushing endgame quietMove rookEndgame short,https://lichess.org/htXswYLF/black#80,
OUcEQ,4r1k1/1p4pp/2pN4/2Pb4/8/Pn1q2P1/1Q3PBP/6K1 w - - 0 27,d6e8 d3d1 g2f1 b3d4 b2d4 d1d4,2196,76,94,300,crushing endgame long quietMove,https://lichess.org/E0l0AKzK#53,
OUfKP,8/k4p2/4p1pp/PK1pP3/2p2P1P/5P2/1P6/8 w - - 0 38,b5a4 d5d4 a4b4 d4d3,2123,75,83,88,advantage endgame pawnEndgame quietMove short,https://lichess.org/SIp7GzGq#75,
OUgXR,8/8/5p2/R1p1b1p1/3k3p/5P1P/6K1/8 w - - 2 51,a5a8 c5c4 g2f2 d4d3,2121,75,83,104,crushing defensiveMove endgame quietMove short,https://lichess.org/vUFRAgqG#101,
OUicP,8/8/6Rp/3kb2P/P7/r3p3/4N1P1/1K6 w - - 7 45,g6h6 a3d3 b1c1 d3d2,2127,139,52,12,crushing endgame master quietMove short,https://lichess.org/pTXgeHTe#89,
OVTIt,7r/6q1/3k4/p1p1pR2/PpPpPbPp/1P1P1B1Q/2K5/8 b - - 9 37,d6e6 g4g5 e6e7 f5f6 g7f6 g5f6,2130,76,86,466,crushing endgame long quietMove,https://lichess.org/mxwHcezr/black#74,
OVl0D,1rb2rk1/1pq1bpn1/p2pp2Q/2p5/P1B5/2NPR3/1PP2PP1/R5K1 b - - 2 17,d6d5 e3h3 f7f5 c3d5,2142,79,89,56,advantage middlegame quietMove short,https://lichess.org/Zb15d9HO/black#34,Sicilian_Defense Sicilian_Defense_Closed
OWjpZ,r4rk1/1p5p/1Pp4q/2Pp4/4p2p/4PNP1/1Q3P1K/R4R2 b - - 0 31,f8f3 a1a8 g8f7 g3g4 h6g7 b2g7,2196,75,93,1356,crushing endgame hangingPiece long quietMove,https://lichess.org/Liynbm5B/black#62,
OWuax,3B4/1p6/p7/1bPp4/1P2ppkP/4P3/1P3K2/8 w - - 0 34,e3f4 d5d4 d8f6 e4e3 f2e1 d4d3,2126,82,82,38,bishopEndgame crushing endgame exposedKing long quietMove,https://lichess.org/hGkIBCYu#67,
OX5ZY,1k1r3r/1pq2p2/p2p4/3P3p/2Pp1P2/7Q/PP4K1/R1B2R2 w - - 0 25,b2b3 c7e7 c1d2 e7e2 g2h1 e2d2,2103,137,91,12,crushing exposedKing fork long middlegame quietMove,https://lichess.org/r2NxPIVN#49,
OXC7Z,r4rk1/p4p2/1p5p/2pp2q1/3P2pP/P2QP1B1/1P3P2/2K4R b - h3 0 23,g4h3 h1g1 f7f5 g3h2 g8h7 g1g5,2105,79,86,73,advantage discoveredAttack endgame long pin quietMove,https://lichess.org/KcitBJm8/black#46,
OXZA5,5brk/1br2p1p/pq2pP2/3pP2Q/6RP/1Pp2B1R/P1P2P2/1K6 b - - 6 24,b6f2 g4g8 h8g8 h5g4 g8h8 h3g3 f2e1 f3d1 e1g3 g4g3,2160,115,67,24,attraction crushing middlegame quietMove veryLong,https://lichess.org/kFeWuJQp/black#48,
OXt9Q,3r2k1/pp3r1p/1n4p1/2p3B1/3q1pPQ/8/P1PN4/2K1R3 w - - 4 28,g5d8 d4a1 d2b1 b6c4 e1e8 g8g7,2197,80,85,457,crushing long middlegame quietMove,https://lichess.org/VW0QzDCz#55,
OYIUl,6k1/3bq1p1/4p1P1/3pP3/1ppP1Q2/pP3N2/P1P5/2K5 b - - 0 29,c4b3 f4h2 e7e8 h2h7,2130,77,86,57,crushing endgame quietMove short,https://lichess.org/uxpPmw4u/black#58,
OYIea,2kr1qr1/p1p2p2/1p3n1p/1R2N3/2NP1P2/1Q2P2P/P3b2K/5R2 w - - 3 24,f1c1 f8g7 c4b6 a7b6 c1c7 c8c7 b3c3 c7d6,2101,74,88,262,advantage middlegame quietMove veryLong,https://lichess.org/1yTmHqEK#47,
OYzD5,8/8/4k1p1/5p1p/7P/5KP1/5P2/8 b - - 1 70,e6f6 f3f4 f6f7 f4g5 f7g7 f2f3 g7f7 g5h6 f5f4 g3f4 f7f6 h6h7,2157,91,72,36,crushing endgame pawnEndgame quietMove veryLong zugzwang,https://lichess.org/4KvlHsBR/black#140,
OZIwv,8/8/2k1p1p1/p1p5/4KPP1/PP6/8/8 b - - 4 42,c6d6 a3a4 d6e7 e4e5,2189,74,85,416,crushing endgame pawnEndgame quietMove short zugzwang,https://lichess.org/7qXdrB8P/black#84,
OZS1H,8/6p1/6p1/K4p2/2k1p2P/P5P1/5P2/8 b - - 0 39,c4c5 a3a4 g6g5 h4g5,2135,78,89,2206,crushing endgame pawnEndgame quietMove short,https://lichess.org/2f27DSVd/black#78,
OZreC,r4k1r/1p3ppp/pqp3b1/3pR3/8/P1NP1Q2/1P3PPP/4R1K1 b - - 3 18,b6b2 f3e3 f7f6 e3c5,2102,97,60,25,advantage middlegame quietMove short,https://lichess.org/wJJI2xFI/black#36,Queens_Pawn_Game Queens_Pawn_Game_Accelerated_London_System
OZxkA,2k2r2/8/p1PP2p1/7p/3Bp3/8/P3K1pP/8 b - - 0 37,h5h4 d4b6 c8b8 d6d7 g2g1q b6g1 b8c7 g1c5,2141,102,91,18,advancedPawn advantage endgame quietMove veryLong,https://lichess.org/ZYpnphfI/black#74,
Oa8lj,7K/8/3kB3/p2P4/1p6/7P/8/8 w - - 0 43,h3h4 a5a4 h4h5 a4a3 h5h6 a3a2 h6h7 a2a1q,2191,76,92,1406,advancedPawn bishopEndgame crushing endgame promotion quietMove veryLong,https://lichess.org/yor7ufq3#85,
OakzJ,8/1p5p/2p4K/p7/3P2kP/P7/1P6/8 w - - 1 38,h4h5 a5a4 h6g7 g4h5,2178,79,91,3074,crushing endgame pawnEndgame quietMove short,https://lichess.org/PRu3w7e3#75,
Ob2i0,8/8/8/5k1p/2p2P2/4K3/7P/8 w - - 1 52,h2h3 h5h4 e3f3 c4c3 f3e3 c3c2 e3d2 f5f4 d2c2 f4g3 c2d2 g3h3 d2e2 h3g2,2156,78,86,522,advancedPawn crushing defensiveMove endgame pawnEndgame quietMove veryLong,https://lichess.org/nJPLNThb#103,
ObCcU,8/1b1B1p2/1P5p/6p1/1P1p1kP1/8/5K1P/8 b - - 2 42,d4d3 b4b5 d3d2 f2e2 d2d1b e2d1 f4e5 d7c6,2190,77,85,2898,bishopEndgame crushing endgame master quietMove veryLong,https://lichess.org/606igBLk/black#84,
ObI6W,8/8/5k1p/pp4p1/3pP3/P2P2P1/1P6/5K2 w - - 1 45,g3g4 f6e5 f1g2 e5f4 g2h3 a5a4 e4e5 f4e5,2194,76,88,72,crushing endgame pawnEndgame quietMove veryLong zugzwang,https://lichess.org/BaMSwl0O#89,
OcJ45,5rk1/R1QP1pbp/6p1/4p3/2P1Pp2/P4BqP/5rP1/3R3K b - - 3 41,f2g2 f3g2 f4f3 g2f1 f3f2 f1g2,2129,88,81,29,crushing defensiveMove long middlegame quietMove,https://lichess.org/UAiy3RDx/black#82,
OcTMu,8/1R4p1/p5p1/2k1pr2/2Pp4/3K1P1P/6P1/8 b - - 8 39,f5g5 g2g4 e5e4 f3e4,2109,75,78,83,crushing endgame quietMove rookEndgame short,https://lichess.org/sxsSMPnx/black#78,
OcnoM,8/p2p1k2/1ppP4/4P3/P4K1P/8/4N1pn/8 b - - 1 39,f7e6 h4h5 h2f3 f4f3,2132,76,88,91,crushing endgame knightEndgame quietMove short,https://lichess.org/TExVVXBT/black#78,
Octul,8/P7/2p1p1k1/8/1P4p1/4PbK1/3r4/R7 b - - 0 45,d2g2 g3f4 g6f6 e3e4 e6e5 f4e3 g2e2 e3d3 e2e4 a7a8q,2146,75,89,636,advancedPawn crushing endgame promotion quietMove veryLong,https://lichess.org/f9yyJhIx/black#90,
Od0jL,8/8/3k1N2/p3p3/3p4/8/4K3/8 w - - 0 64,f6e4 d6d5 e2d3 a5a4 e4f6 d5e6,2177,79,86,230,crushing defensiveMove endgame knightEndgame long quietMove,https://lichess.org/vlBqgMG0#127,
OdhHF,1r6/8/3pN3/1p1Bp3/4P1k1/1QP1Pq2/1P2K3/8 w - - 4 36,e2d2 b8h8 b3d1 h8h2 d2c1 h2h1 d1h1 f3h1,2179,79,81,58,advantage endgame pin quietMove veryLong,https://lichess.org/3HETQrNP#71,
Odujz,r2r3k/pp4pp/2n1Q3/8/1P6/P1N3qP/2K1B1P1/R4R2 w - - 8 23,c2b2 d8d2 b2b1 g3c3 a1a2 c6d4 e6f7 h7h6 a2d2 c3d2,2166,107,24,31,crushing deflection middlegame quietMove veryLong,https://lichess.org/3eQszlOP#45,
Odx10,5rk1/5p2/r4Pp1/p2p2K1/3P4/7R/n7/3R4 b - - 1 36,a2c3 h3c3 f8b8 d1h1 a6f6 g5f6,2171,99,80,19,advantage endgame hangingPiece long master quietMove,https://lichess.org/kxev054q/black#72,
Oe0XO,5r1k/6pp/1B6/p2Qp2q/4n3/P4pP1/1PP2P1P/R4RK1 w - - 1 21,h2h4 h5g4 g1h2 e4g5 h4g5 g4h5 h2g1 h5h3 d5f3 f8f3,2137,209,100,17,equality kingsideAttack middlegame quietMove sacrifice veryLong,https://lichess.org/FPNFrGy2#41,
Oe0uO,k5r1/pRp2p2/3r3p/5Q2/4P3/2P5/2q2PPP/1R4K1 w - - 1 25,f5f3 g8d8 h2h3 d6d1 g1h2 d1b1,2189,84,74,41,advantage endgame long quietMove,https://lichess.org/z2NoZRu9#49,
Oel28,5r2/p1n3k1/2qNp1p1/3pP1P1/6p1/2P5/PPQ5/2K4R b - - 3 28,d5d4 c2h2 c6h1 h2h1,2143,77,92,7542,crushing endgame master quietMove short,https://lichess.org/15Rauh17/black#56,
OeqaO,8/4Bp2/2k4p/p1P3p1/P3KPP1/7P/8/6n1 b - - 0 47,g5f4 h3h4 f4f3 e4e3,2132,77,86,108,crushing endgame quietMove short,https://lichess.org/3XuBHTNJ/black#94,
Oernj,r5k1/6p1/1nb1p1Pp/1p1pPp1B/2pP1P2/BqP3P1/R5K1/Q7 b - - 0 40,b6a4 a3b4 b3a2 a1a2,2108,74,91,2531,crushing middlegame quietMove short,https://lichess.org/bS36y591/black#80,
OfG1q,1k1r2r1/1pq2p1p/6n1/1B3Q2/2N5/P1b1P2P/R1P2PP1/5RK1 w - - 1 23,a3a4 g6h4 f5f4 g8g2 g1h1 d8g8 b5c6 c7f4 e3f4 b7c6,2132,162,60,11,crushing discoveredAttack middlegame quietMove veryLong,https://lichess.org/I4IfrgTN#45,
OfTIv,6k1/p2b1p2/6p1/4p3/4P3/q2p1PK1/8/1r1B1Q1R b - - 3 34,d7a4 f1h3 g8f8 h3h8 f8e7 h8e5,2108,76,91,1594,crushing endgame long quietMove,https://lichess.org/gUqJ8kjn/black#68,
OfdSP,6rk/bb1n4/p1p4p/Pp1pPN2/1P1P4/1N1B3P/2P3r1/2R2R1K w - - 1 34,e5e6 a7b8 f5g3 g2g3,2145,76,93,4742,crushing middlegame quietMove short,https://lichess.org/aIHq1Om9#67,
Ofug6,8/6PR/6r1/1kp1K3/8/8/8/8 b - - 3 56,b5b4 e5f5 g6g3 h7h4 c5c4 h4g4 g3g4 f5g4 c4c3 g7g8q c3c2 g8g5 b4a3 g5c1,2141,77,59,76,advancedPawn crushing endgame promotion quietMove rookEndgame veryLong,https://lichess.org/LCxVEcID/black#112,
OfzXI,1N3k2/p4pbp/4q1p1/2p1P3/B4n2/1PP5/P4PpP/R3Q1K1 w - - 1 26,e1e3 e6g4 a1e1 f4h3 e3h3 g4h3,2119,123,27,30,advantage kingsideAttack long middlegame quietMove,https://lichess.org/kHfqsYGz#51,
OgBo4,1k1rr3/ppp4p/5P2/8/1PP1bPq1/P1Q2N2/4P2P/3R1RK1 w - - 3 26,g1h1 d8d1 f1d1 e8g8 d1d8 g8d8,2100,80,92,588,crushing long middlegame quietMove,https://lichess.org/qhEBr9q3#51,
OgHxn,5b2/4k2p/2Pp2p1/p3p3/P3N3/7P/4KPP1/8 b - - 0 33,d6d5 e4c5 e7d6 c6c7,2138,77,84,123,advancedPawn advantage endgame quietMove short,https://lichess.org/se5eGPjb/black#66,
OgNK7,8/r4p2/1r4p1/1pR2p1p/1P1Pk3/4P2P/1R3PK1/8 b - - 8 36,h5h4 b2b3 f5f4 f2f3,2186,78,80,143,endgame mate mateIn2 quietMove rookEndgame short,https://lichess.org/zJ3ZgsaO/black#72,
OgNWB,6k1/5p2/p1p5/4P1p1/1PP5/7p/P4K2/8 b - - 1 37,g5g4 a2a4 g8f8 b4b5 a6b5 a4a5 f8e7 a5a6,2191,80,71,49,crushing endgame pawnEndgame quietMove veryLong,https://lichess.org/64f8F5zu/black#74,
OgPt7,5rk1/5p2/p7/1p1Pb3/4P1p1/1Q3p2/PP4KP/8 w - - 0 31,g2g1 e5d4 g1f1 f8c8 b3d1 d4e3,2149,76,53,84,crushing defensiveMove endgame long quietMove,https://lichess.org/aeK1WbVk#61,
OgQDq,2R1Q3/5pqk/6pp/8/p7/4P1PK/5P1P/6r1 w - - 4 40,e8a4 g7e5 a4g4 e5b5 c8c4 b5d5,2190,145,71,18,crushing endgame long quietMove,https://lichess.org/BnxGL9s5#79,
OgcB4,8/5p2/6p1/pN2k1P1/1n2Pp2/1P3P2/3K4/8 w - - 1 47,b5c3 b4c6 c3d5 c6d4,2108,76,86,186,crushing endgame knightEndgame master quietMove short,https://lichess.org/26zj46o4#93,
OhMQh,4r3/4PR2/6pk/1R6/8/1P2K2p/6r1/8 w - - 1 45,e3f3 g2g1 b5b4 g1f1 f3e3 f1f7,2173,77,97,73,crushing endgame exposedKing long quietMove rookEndgame skewer,https://lichess.org/dQkQYiI1#89,
OhY2M,r5k1/P4ppp/2p1p3/2Bp4/3P4/2r1Pb2/3K3P/R7 b - - 3 25,c3c4 a1b1 c4c2 d2e1 h7h6 b1b8 a8b8 a7b8q,2166,75,91,3192,advancedPawn advantage defensiveMove endgame promotion quietMove veryLong,https://lichess.org/IbML4rN1/black#50,
Ohddm,r1bq1rk1/1p1nbp1n/7p/p3P1p1/2BPQp2/5N1P/PPPB2P1/2KR3R b - - 2 15,d7b6 c4d3 f7f5 e5f6 f8f6 e4h7,2183,80,91,1373,crushing enPassant kingsideAttack long middlegame quietMove,https://lichess.org/g8UDdhYV/black#30,Vienna_Game Vienna_Game_Omaha_Gambit
Ohn7n,r3r3/pp5k/1np2p1p/4p2q/5Qn1/1BN1B3/PPP2PK1/3R2R1 w - - 0 26,f4f3 e8g8 b3g8 a8g8,2163,81,90,1261,advantage middlegame quietMove sacrifice short,https://lichess.org/Eh6oMhZY#51,
Ohul3,8/7p/6p1/p2kP3/4pPP1/pPK1P3/8/8 b - - 0 42,d5e6 g4g5 a3a2 c3b2 a2a1r b2a1,2189,76,93,1205,crushing endgame long pawnEndgame quietMove,https://lichess.org/FjhXcton/black#84,
Oi2oC,4r1k1/pp3p1p/5p1B/n1p5/q7/2P2QP1/P4P1P/R5K1 b - - 3 24,e8e6 a1d1 a5c6 d1d4 a4d4 c3d4,2192,96,70,52,advantage endgame long quietMove,https://lichess.org/ivcut8d4/black#48,
Oi80V,8/1p3K2/3k4/p1pp4/3P4/1PP5/P7/8 w - - 0 48,f7f6 b7b5 a2a3 b5b4,2178,75,90,433,crushing endgame master pawnEndgame quietMove short,https://lichess.org/ozOV3zrG#95,
Oi9Wk,1Q4k1/1p1b1p1p/pq2r1p1/8/4N3/4P2P/P4PP1/3R2K1 b - - 6 27,d7e8 e4f6 e6f6 b8e8 g8g7 d1d8 b6d8 e8d8,2176,76,87,202,crushing deflection endgame quietMove veryLong,https://lichess.org/MxfXqhnl/black#54,
OiUqX,8/8/6p1/5pKp/5B1P/2p3k1/8/8 b - - 1 41,g3h3 f4e5 c3c2 e5f4 c2c1q f4c1,2174,74,92,3314,bishopEndgame crushing endgame long quietMove zugzwang,https://lichess.org/K0Flgz90/black#82,
OiW8w,8/6pB/1k2pp1p/1b1pP2P/1P1K1P2/8/6P1/8 b - - 0 45,b5d7 g2g4 f6e5 d4e5,2162,135,9,10,bishopEndgame crushing endgame quietMove short,https://lichess.org/RyHTHQcQ/black#90,
Oiexq,8/8/3p4/pp6/5k2/2P5/P4PK1/8 w - - 0 39,a2a3 d6d5 g2f1 d5d4,2181,76,90,1259,crushing endgame pawnEndgame quietMove short,https://lichess.org/a5OxSSNW#77,
Oj8Fk,8/1k6/5pp1/Pp2p2p/4P3/2K4P/5PP1/8 w - - 2 43,c3b4 b7a6 g2g4 h5h4 g4g5 f6g5,2113,79,90,626,crushing endgame long pawnEndgame quietMove zugzwang,https://lichess.org/L2hdTylI#85,
OjZTg,8/6pp/8/p1k2p2/2Pp4/P2K3P/1P4P1/8 w - - 0 35,g2g3 a5a4 b2b3 a4b3,2190,78,88,63,crushing endgame pawnEndgame quietMove short,https://lichess.org/8kc1MtsR#69,
OjdKe,r3qrk1/5p2/p1pp1Q1p/3P4/2p1P3/3B3P/PP4P1/5RK1 b - - 0 25,c4d3 f1f4 e8e5 f4g4,2175,77,90,871,advantage endgame quietMove short,https://lichess.org/Ubio1cb5/black#50,
Ojogh,6r1/p7/8/2p2P1P/3k1KP1/1P6/P7/8 b - - 2 41,d4d5 g4g5 g8e8 g5g6,2193,83,90,497,crushing endgame master quietMove rookEndgame short,https://lichess.org/CPmmXqtC/black#82,
OkXsM,r2q2k1/p4ppp/2p4r/2p2n2/5Q2/1P1P1R2/P4PPP/4R1K1 b - - 7 26,f5d4 f4f7 g8h8 f3e3 d8f8 e3e8,2101,75,92,3018,advantage long middlegame pin quietMove,https://lichess.org/3nBcfcDr/black#52,
OkZ4w,6rk/p1p1Qpqp/1p2p3/8/2P5/1P1r2PP/P4P2/R4RK1 w - - 1 23,e7c7 e6e5 g1h1 d3g3,2116,95,81,26,crushing endgame quietMove short,https://lichess.org/AjDVgwz5#45,
OkaP8,8/1p3kp1/3pp3/p1p1p1PK/P3P3/1P1PP3/2P5/8 b - - 0 35,b7b6 c2c3 f7f8 h5g6,2186,83,85,54,crushing endgame pawnEndgame quietMove short zugzwang,https://lichess.org/3jDSyVnQ/black#70,
OlDid,r4rk1/1pp3B1/p2q1p2/4R3/3P2Q1/P1P2P2/5P1P/n5K1 b - - 1 21,f8f7 g7h6 g8h8 e5h5 f7h7 h6g7,2182,78,92,2449,crushing discoveredAttack long middlegame quietMove,https://lichess.org/C8oUXdbX/black#42,
OlQUA,r1b2rk1/4Qp1p/p1p1p1q1/1p2P3/5P2/4P3/PP4PP/3R1RK1 b - - 0 20,f7f5 f1f3 f8e8 d1d8,2186,77,91,3952,crushing middlegame pin quietMove short,https://lichess.org/044fXvSO/black#40,
OlYBn,4r2k/8/6pp/p4p2/Pb2NP2/1P1p1B2/6PP/2R4K w - - 0 39,e4f6 d3d2 c1g1 e8e1 f6d7 b4c3 d7e5 c3d4,2182,77,86,174,advancedPawn crushing endgame quietMove veryLong,https://lichess.org/BgzvLfzN#77,
Oljd1,8/2P1K3/p7/P7/6b1/5k1p/7B/8 b - - 1 54,f3g2 h2d6 h3h2 d6h2 g2h2 e7d8,2138,78,71,45,bishopEndgame crushing defensiveMove endgame long quietMove sacrifice,https://lichess.org/B1qknfKv/black#108,
OlsFm,2rqr1k1/p4p2/1p2p1p1/2b1PnB1/4B1Q1/P4P2/5P1P/R4R1K b - - 7 23,d8d4 g5f6 c5e7 e4f5 d4g4 f5g4,2167,80,92,2210,advantage long master middlegame pin quietMove,https://lichess.org/xUFVBRD5/black#46,
Om3ZU,8/8/pp1p3p/4k1p1/2P3P1/1P2K2P/P7/8 w - - 0 36,a2a4 a6a5 e3d3 e5f4 d3d4 f4g3 d4d5 g3h3 d5d6 h3g4 b3b4 a5b4,2115,80,92,1525,advantage endgame pawnEndgame quietMove veryLong zugzwang,https://lichess.org/KWcdywGN#71,
OmDa4,8/6k1/4Kp2/6pp/5P1P/5P2/8/8 w - - 0 38,h4g5 h5h4 g5f6 g7f8 f6f7 h4h3,2121,97,80,36,crushing defensiveMove endgame long pawnEndgame quietMove,https://lichess.org/tF7GNJQy#75,
OmSou,5r1k/6p1/7p/Q7/7b/1B1RP2P/1q3PP1/6K1 w - - 1 28,a5b4 b2f2 g1h1 h4g3 b4f8 f2f8,2191,80,91,292,advantage endgame long quietMove,https://lichess.org/4hCrkjbg#55,
OmUCB,3k4/2p2ppp/p1P5/3P1r2/1P1R1B2/5bPP/5P2/6K1 w - - 1 33,f4c7 d8c7 d5d6 c7d8 c6c7 d8d7 d4c4 f3b7 c7c8r b7c8,2115,76,91,4280,advantage endgame hangingPiece quietMove veryLong,https://lichess.org/hr9CJgsA#65,
OmeG1,r2q2k1/1p3p2/p2prb1B/2p1n1p1/4P3/3P3P/PPP1BQP1/R4RK1 w - - 2 18,f2f5 f6e7 h6g5 e7g5,2187,75,92,6262,advantage middlegame quietMove short,https://lichess.org/IX94axi6#35,Sicilian_Defense Sicilian_Defense_Closed
OmeHv,1rbq2k1/5p1p/6p1/2BPb2n/N7/1p3R1P/1P1QB1P1/6K1 w - - 0 29,a4b6 b8b6 d2e3 e5c7 d5d6 b6d6,2100,78,86,52,crushing long master middlegame quietMove,https://lichess.org/Bc8k4hCU#57,
OnRe1,r6k/ppp3pp/3bbr1q/8/Q2n4/2P1P1P1/PP1NBP1P/R4RK1 w - - 0 15,c3d4 d6g3 h2g3 h6h3 e2f3 f6h6 f1e1 a8f8 f3g2 h3h2,2127,140,86,15,clearance crushing middlegame quietMove sacrifice veryLong,https://lichess.org/CoobHgVC#29,Englund_Gambit_Complex Englund_Gambit_Complex_Soller_Gambit_Deferred
OnrAD,8/4kp2/2K3p1/4P1N1/pp3P2/n1P3PP/8/8 w - - 0 54,c3b4 a3b5 c6b5 a4a3 b5c4 a3a2,2126,79,91,6589,advancedPawn advantage endgame knightEndgame long master quietMove sacrifice,https://lichess.org/mS30Dcd8#107,
OnyJ9,r2qr1k1/p1p1bp1p/1pn1p1pB/3n4/Q7/3P2P1/PP2PPBP/RN3RK1 b - - 3 14,e7f6 a4c6 f6b2 b1d2 b2a1 f1a1,2195,78,77,168,crushing long opening quietMove,https://lichess.org/dNqjybLt/black#28,English_Opening English_Opening_Anglo-Indian_Defense
OoBhF,6k1/p1q2p2/2p3pp/3p3P/2bBp1Q1/P1P5/2r2PP1/4R1K1 b - - 0 24,g6g5 g4f5 c6c5 d4e5 c7c6 e1b1 c2c1 b1c1,2137,101,75,26,crushing endgame quietMove veryLong,https://lichess.org/LNulOUYD/black#48,
OoNvm,r7/1p4kp/1B2qbp1/3R4/P7/1QP3P1/7P/6K1 w - - 1 38,b6d4 f6d4 c3d4 a8f8 b3b7 g7h6 d5e5 e6a2 b7b5 a2f2,2169,135,81,19,crushing endgame master quietMove veryLong,https://lichess.org/Z5NmJfiB#75,
OoxZ8,8/7p/2p3p1/b2k1p2/5P1P/3KP3/r1NP2R1/8 w - - 0 34,h4h5 c6c5 h5g6 h7g6 e3e4 f5e4 d3e3 a2c2,2161,79,91,45,crushing endgame quietMove veryLong,https://lichess.org/IcXfXTRm#67,
Op3EP,8/3r1p1p/2k1p1p1/2P1P3/1RK3P1/8/8/8 b - - 2 48,d7b7 b4b7 c6b7 g4g5 b7c6 c4b4 c6d5 b4b5,2188,80,90,216,crushing defensiveMove endgame quietMove rookEndgame veryLong,https://lichess.org/x0T8dpD4/black#96,
OpM6p,8/8/1p4k1/4P3/3Kp3/8/6P1/8 b - - 3 46,g6f5 g2g4 f5e6 d4e4 b6b5 g4g5 b5b4 g5g6 b4b3 e4d3 b3b2 d3c2 b2b1r c2b1,2169,76,97,101,crushing deflection endgame pawnEndgame quietMove veryLong,https://lichess.org/fcphtEhb/black#92,
OrDfi,r1b1r1k1/5p2/p2q1npp/2Np4/Q2Pp3/4P2P/1P2BPP1/R4RK1 w - - 0 19,e2a6 c8a6 c5a6 e8e6 a6c5 a8a4,2141,76,87,119,advantage long middlegame quietMove,https://lichess.org/qn4YWTQ2#37,Queens_Pawn_Game Queens_Pawn_Game_Mason_Variation
OruZf,3r2k1/5r1p/1PR3p1/8/2P5/8/3p2PP/3R2K1 w - - 0 39,c4c5 d8e8 h2h4 e8e1 g1h2 e1d1,2129,75,96,1571,advantage endgame long quietMove rookEndgame,https://lichess.org/4YXRp91F#77,
Ory1V,r1b2r1k/p4p1B/4pbp1/qp6/8/2PR4/PPQ2PPP/1K4NR w - - 0 16,d3h3 e6e5 h7g6 c8h3 g1h3 f7g6,2138,82,81,537,advantage discoveredAttack long middlegame quietMove,https://lichess.org/jtiQJLF9#31,French_Defense French_Defense_Alapin_Gambit
Os49A,7r/1b4k1/1p3pP1/p2pq3/P7/8/1P3Q2/R4RK1 w - - 0 32,a1e1 d5d4 f2f6 e5f6,2125,76,92,2491,crushing endgame quietMove short,https://lichess.org/VJ1yj2VU#63,
OsDXV,8/7p/8/3p1kP1/1p1K3P/1P6/8/8 b - - 1 50,f5e6 h4h5 e6f5 g5g6 h7g6 h5g6,2116,74,92,184,crushing endgame long pawnEndgame quietMove,https://lichess.org/k37eLrkP/black#100,
OsNDQ,8/2k5/P4ppp/8/1PK5/5P2/8/8 b - - 1 44,h6h5 c4c5 h5h4 b4b5 h4h3 b5b6 c7d7 a6a7 h3h2 a7a8q,2154,81,90,2170,advancedPawn crushing endgame exposedKing pawnEndgame promotion quietMove veryLong,https://lichess.org/nxXS7V3g/black#88,
OsP4w,2kr4/ppqb1pp1/2p2n2/3p3r/N2N4/bP1Q2P1/P1PB1P1P/1K1RR3 b - - 0 18,h5h2 b3b4 a3b4 d2b4,2155,76,93,4593,advantage master middlegame quietMove short trappedPiece,https://lichess.org/KBg7dnur/black#36,French_Defense French_Defense_Exchange_Variation
OsRmR,7R/1k1nr1p1/p1p1p3/1p1p2P1/1P1P1P2/2NP4/2Q3K1/4q3 b - - 3 30,e1e3 c3e2 e6e5 h8h3 e5f4 h3e3,2191,75,92,753,advantage endgame long quietMove trappedPiece,https://lichess.org/iYyEaAo3/black#60,
Osf1r,8/3k4/1P4pp/2R1p3/4Pp2/2K2P2/5r1P/8 w - - 1 43,c3c4 f2c2 c4b5 c2c5 b5c5 g6g5 b6b7 d7c7 b7b8r c7b8,2120,76,95,3096,crushing endgame quietMove rookEndgame veryLong,https://lichess.org/sa2JyhNK#85,
OsuB7,8/8/4P1k1/6p1/5p1p/5Pr1/5K2/5R2 b - - 0 46,h4h3 f1e1 g3g2 f2f1 g2a2 e6e7,2117,74,93,4634,advancedPawn crushing endgame long quietMove rookEndgame,https://lichess.org/ohKXABP0/black#92,
OsweB,8/p1p3R1/3pk2p/b1p4P/4P3/8/P5P1/7K w - - 0 40,g7g6 e6e5 g2g4 c5c4 g4g5 c4c3 g5h6 c3c2 g6g1 e5e4,2148,113,73,23,advancedPawn crushing defensiveMove endgame quietMove veryLong,https://lichess.org/gB2bpI73#79,
OtDmc,8/2k5/4Pp2/3K1p2/3B4/bp6/6PP/8 w - - 2 46,h2h4 b3b2 d4b2 a3b2 h4h5 b2c1 e6e7 c7d7 e7e8q d7e8 d5e6 c1g5 e6f5 e8f7,2152,77,95,497,advancedPawn bishopEndgame crushing defensiveMove endgame master quietMove veryLong,https://lichess.org/BjIUdi8r#91,
OtK6A,r5k1/p4pp1/5n2/3n4/2pp2q1/B7/P1PQRPPP/4R1K1 w - - 2 23,e2e4 f6e4 d2d4 e4f6 d4g4 f6g4,2101,81,81,56,advantage long middlegame quietMove,https://lichess.org/GYAs2TJQ#45,
OtX6i,1rb2rk1/ppN3pp/6n1/4p3/4P2q/1P2Q3/PB3PPP/3RR1K1 w - - 1 20,e3a7 b7b6 f2f3 b8b7 a7a8 b7c7,2162,167,-92,18,advantage clearance interference long middlegame quietMove,https://lichess.org/D8lv0bZ3#39,
OtlCv,r4rk1/pbp2p2/1pn2P1p/2bqp1pQ/8/2PP2NP/PP4P1/RNB2R1K b - - 1 15,c6d8 f1f3 d5f3 g2f3,2188,87,77,48,crushing middlegame quietMove short,https://lichess.org/YTqZauFb/black#30,Bishops_Opening Bishops_Opening_Other_variations
OtrhJ,r3k2r/pp1b2pp/5n2/q2p4/1b1P1B2/1QN1P3/PP3PPP/R3KB1R w KQkq - 0 15,f1d3 d7a4 f4c7 b7b6 e1e2 a4b3,2112,77,92,6404,advantage long middlegame quietMove,https://lichess.org/atI0sTsu#29,Slav_Defense Slav_Defense_Three_Knights_Variation
Ou4f3,2kr4/1p1nbp1r/pq1p1p2/2pPp3/4P3/1PN3P1/PBP1B1P1/R2Q1RK1 w - - 0 16,e2f3 c5c4 f1f2 d8h8 g1f1 h7h1 f1e2 h1d1,2129,78,91,1195,advantage discoveredAttack middlegame quietMove skewer veryLong,https://lichess.org/zY8pWQO8#31,Benoni_Defense Benoni_Defense_Benoni-Indian_Defense
OuGuR,3qr1k1/1p3ppp/p3bn2/4Q3/2P5/1P6/PB2BPPP/4R1K1 w - - 0 21,e1d1 e6d7 e2f3 e8e5,2191,79,91,180,advantage discoveredAttack middlegame quietMove short,https://lichess.org/DeXxPmsG#41,
OuPhI,r1r5/pRp2ppk/3p3p/Q2P4/2P1Pp2/P4P2/P3KP1q/2R5 w - - 0 24,b7c7 a8b8 c7c8 b8b2 a5d2 b2d2,2186,76,91,1020,crushing endgame long quietMove sacrifice,https://lichess.org/EM2UJLqT#47,
OujAE,r5k1/p3R3/bpp4p/3pB2N/8/8/PPP3rP/2K5 b - - 2 28,g8f8 e5d6 g2g6 e7a7 g6d6 a7a8,2159,77,87,127,advantage discoveredAttack endgame exposedKing long quietMove,https://lichess.org/8Of1GzUX/black#56,
Ov1Pi,8/8/p1n1k3/2P1p1P1/4K2p/P1B5/5P2/8 w - - 0 42,c3d2 c6d4 g5g6 h4h3 g6g7 e6f7,2199,83,91,491,crushing endgame long quietMove,https://lichess.org/iYC8pe9v#83,
Ov6ig,r6k/7p/8/3q1p2/2Nn4/3P4/1Q3PPP/4N1K1 w - - 0 25,c4b6 d5e5 g1f1 a8e8 e1f3 d4f3,2128,82,73,45,crushing endgame long quietMove,https://lichess.org/SmCuBSjW#49,
Ov8pp,r6k/1pp2p2/pb1p2rp/7N/PP3P1q/2P2Q1P/R5P1/5R1K w - - 4 26,g2g4 a8e8 f3g3 h4h5,2124,80,79,57,advantage middlegame quietMove short,https://lichess.org/q7E78k1N#51,
Ov9Nh,5r1k/6b1/pp6/4P1P1/2QP4/P1P4P/1P4RK/4q3 w - - 3 44,c4a6 f8f1 a6f1 e1f1,2105,75,88,502,crushing endgame master quietMove short,https://lichess.org/5cXnpaSU#87,
OvPpW,1r5k/8/7p/8/2B2P2/P5Pp/1P2r2P/3R2K1 b - - 4 31,b8b2 c4e2 b2e2 d1a1 e2g2 g1h1,2120,135,78,15,crushing endgame long quietMove,https://lichess.org/XIqK3EC5/black#62,
OvXa2,8/8/7b/1p1KB3/p1pPn3/2P4k/PP6/8 b - - 0 47,h6c1 d5e4 c1b2 d4d5 b5b4 d5d6,2100,74,93,5158,crushing endgame long quietMove,https://lichess.org/LXD6tjTK/black#94,
OvjSh,8/5Np1/7p/1P6/n1K5/5P1P/6k1/8 b - - 0 56,g2f3 f7e5 f3e4 e5d7 a4b2 c4b3 e4d5 b3b2,2151,79,58,58,advantage endgame knightEndgame quietMove veryLong,https://lichess.org/x90DuMzp/black#112,
OwMyg,1k5r/2p1r1p1/p4pB1/1pP4n/3N4/7P/PPP2P2/2BR1K1b b - - 2 24,e7e5 f2f3 h5g3 f1f2,2171,75,91,1657,advantage middlegame quietMove short,https://lichess.org/VyeaGNzb/black#48,
OwNoM,2bq1r1k/Q1p3pp/1p3p2/2P5/1P3bn1/PB1P4/1B1N1PP1/R4R1K w - - 2 25,f2f3 f6f5 g2g3 f4g3,2118,81,45,57,crushing middlegame quietMove short,https://lichess.org/LthxTqiz#49,
OwdBt,7r/p1q3k1/Qp1r1p1p/4pP2/4P1PP/P2B4/1PP5/1K1R4 w - - 1 37,d1g1 b6b5 a6b5 h8b8 b5b8 c7b8,2106,75,85,315,advantage endgame long quietMove,https://lichess.org/Lt9gOvuX#73,
OxKxr,5r2/2p3bk/2b2npp/2Q5/N1B1p3/1P4qP/P1P3P1/4RRK1 w - - 0 26,c5c6 f6g4 f1f8 g3e1 f8f1 e1e3 g1h1 e3g3,2188,117,97,55,advantage kingsideAttack master masterVsMaster middlegame quietMove veryLong,https://lichess.org/ayGXcsSy#51,
OxoYl,8/8/p3p1p1/4P3/1k3P2/3K4/P7/8 w - - 0 51,d3d4 a6a5 d4d3 a5a4,2172,76,92,120,crushing defensiveMove endgame pawnEndgame quietMove short,https://lichess.org/sLcYd0yX#101,
OyLJW,7k/6pp/2q1pp2/3N4/1n6/1P5P/1Q2BPP1/6K1 b - - 0 30,e6d5 b2a3 c6b7 e2b5 h8g8 a3b4,2194,77,91,711,crushing endgame interference long quietMove,https://lichess.org/1eSKZ3gx/black#60,
OyXA6,r7/p2R4/1b2p1kp/2p2q2/4p1P1/2P1Q2P/PP3P2/6K1 b - - 0 25,f5e5 h3h4 h6h5 g4h5,2140,76,91,79,advantage endgame quietMove short,https://lichess.org/SbBNZHJL/black#50,
OybQG,3q2k1/5Qp1/7p/2pr4/3p4/6P1/5R1P/6K1 b - - 1 38,g8h8 f2e2 h8h7 e2e8 d8e8 f7e8,2168,75,94,394,advantage endgame long quietMove,https://lichess.org/mzRtVmeS/black#76,
OypHI,3r3k/1p4pp/p7/P1QP4/2P3P1/5q1P/5P2/3R2K1 w - - 3 34,d1d2 d8e8 g1h2 f3f4 h2g2 f4d2,2114,137,82,8,advantage endgame fork long quietMove,https://lichess.org/iwFzdlHm#67,
OyqbW,6R1/8/8/4p2r/4K3/5Pk1/8/8 b - - 6 59,g3h4 g8g1 h5h6 g1h1 h4g5 h1h6,2147,74,86,256,crushing endgame long quietMove rookEndgame,https://lichess.org/qHTr5Ytv/black#118,
Oz3rh,1rr3k1/3R3R/2n3pb/p2pP3/3P4/4q2P/4N1P1/3Q3K b - - 0 23,b8b2 d1f1 c8f8 h7f7 b2b1 f7f8 h6f8 f1b1,2182,105,78,21,advantage exposedKing middlegame quietMove veryLong,https://lichess.org/OODw2A5J/black#46,
OzMhM,3r2k1/5p2/7R/Kp1q4/4N3/1PBP4/1PP5/8 b - - 0 41,d8a8 a5b4 g8f8 c3f6 f8e8 e4c5,2173,86,77,36,crushing defensiveMove endgame long quietMove,https://lichess.org/AuV4PMto/black#82,
OzWs5,r5k1/1p2b1p1/4ppp1/3pB3/1PqP1QP1/2P2R1P/5PK1/8 w - - 0 33,e5d6 a8a1 d6e7 c4f1,2197,81,84,113,crushing endgame master quietMove sacrifice short,https://lichess.org/FuD1zgS2#65,
OzYGn,7R/1p2k1p1/p7/5r2/3nN3/1P2p3/1P2K3/5R2 w - - 8 48,e2e1 f5a5 e4f2 a5a1 f2d1 e3e2,2184,77,90,511,advancedPawn advantage endgame exposedKing long quietMove,https://lichess.org/BdvGjhDN#95,
Ozc7L,8/6R1/5P2/1p2K3/1Pb4k/2P5/7p/8 w - - 0 51,e5f4 c4e2 g7e7 h2h1q,2109,77,91,2370,advancedPawn crushing endgame promotion quietMove short,https://lichess.org/xAAN73Y1#101,
Ozm6F,8/B7/8/1p1k1p1p/1P5P/3K1P2/1n6/8 w - - 2 41,d3c3 b2c4 c3d3 c4e5,2120,77,83,48,crushing endgame master quietMove short,https://lichess.org/eLNEdAAs#81,
OzteY,r1b2rk1/1pp2ppp/p1n2p2/3p4/3P1q2/P1Q1P3/1PPN1PPP/2KR1B1R b - - 0 11,f4f2 d2f3 f8e8 d1e1 c8g4 e1e2 f2f3 g2f3,2135,77,84,89,advantage middlegame quietMove trappedPiece veryLong,https://lichess.org/nrvv9nUF/black#22,Richter-Veresov_Attack Richter-Veresov_Attack_Other_variations
Ozxeq,8/7p/5pp1/6k1/6P1/5K2/5PP1/8 w - - 0 56,g2g3 h7h6 f3e4 g5g4,2116,78,91,409,crushing endgame pawnEndgame quietMove short zugzwang,https://lichess.org/zSCbXC8h#111,
P0Atd,8/pp5p/3p3r/5k2/2P3R1/P1P1p3/1P2K1P1/8 w - - 1 42,e2f3 h6e6 g4f4 f5g5,2165,80,90,1545,crushing defensiveMove endgame quietMove rookEndgame short,https://lichess.org/x4dF8ZKW#83,
P0By7,8/6B1/2k5/5n1p/2PK1P2/8/8/8 w - - 1 54,d4e5 h5h4 e5f5 h4h3 f5e4 h3h2,2143,75,95,1258,advancedPawn crushing endgame long master quietMove sacrifice,https://lichess.org/bODgM8rB#107,
P0C4h,8/R2Br2k/3p2p1/2pP3n/8/4prPp/3B3P/R5K1 w - - 0 33,d2e1 f3f7 a7a3 e7d7,2146,187,88,5,advantage middlegame quietMove short,https://lichess.org/oOigZj5c#65,
P0Mgw,8/2p5/1p6/5kp1/2P2p2/1P1N1P1P/4K3/3n4 b - - 2 44,d1c3 e2d2 c3a2 b3b4 b6b5 c4b5,2156,142,70,14,crushing defensiveMove endgame knightEndgame long quietMove,https://lichess.org/0eecVwpl/black#88,
P0OtO,4R3/5rpk/1p5p/3p1b2/8/2q2PB1/4Q2P/4R2K w - - 3 39,e2e5 c3f3 h1g1 f5e4 e5e4 d5e4,2166,75,96,914,advantage long middlegame quietMove,https://lichess.org/NDXbrmfm#77,
P0U8c,8/6kp/1p2N1p1/2p5/p1P2pP1/1r2p2P/8/4R2K b - - 1 44,g7h6 g4g5 h6h5 e1g1 h5h4 e6f4,2173,77,85,106,advantage endgame long quietMove,https://lichess.org/MpyjvjbT/black#88,
P0caD,6k1/5r1p/3Q2p1/4p3/4b3/4B3/1PP2PPK/q7 b - - 3 29,a1b2 e3h6 f7g7 d6d8 g8f7 d8d7,2114,75,94,6090,crushing endgame long quietMove,https://lichess.org/VCj39GqX/black#58,
P0r5V,5rk1/2p2rp1/1p1p4/p2Pp1pN/2P3Pn/7K/PP3P1N/1RR5 w - - 0 27,c1f1 g7g6 h5g3 f7h7 g3e4 h4f3,2134,83,78,36,advantage clearance discoveredAttack long master middlegame quietMove,https://lichess.org/DTfhNyo4#53,
P0xRB,r5k1/2p2pp1/p6p/1pqP4/8/2P2P1b/PP2Q2P/R3R2K w - - 0 28,e2d3 c5f2 e1g1 a8e8 g1g3 e8e2 d3e2 f2e2,2121,73,93,7580,advantage endgame quietMove veryLong,https://lichess.org/W9rEqxKM#55,
P19LA,r7/1p2b1pk/p2p1rqp/P2Pp3/4P3/2N1B2Q/1P3Pp1/2R2RK1 w - - 0 24,h3g2 g6h5 c3e2 h5e2,2194,80,90,398,advantage middlegame quietMove short,https://lichess.org/x1f3aHpT#47,
P1BQX,4b1B1/7p/6p1/4kp2/7P/4K1P1/8/8 w - - 0 38,g8h7 e8f7 g3g4 f5g4,2111,75,96,342,bishopEndgame crushing endgame quietMove short,https://lichess.org/rwja8dii#75,
P1Cbw,6k1/6r1/p2r3q/1pQp4/1P2p2b/2P1P2B/1P1R4/5R1K b - - 5 41,h4g3 c5c8 g8h7 f1f8 h6h3 c8h3,2156,86,83,60,crushing long master middlegame quietMove,https://lichess.org/4Hvs1QhL/black#82,
P1lW9,2r1k1r1/1p1qbp1p/p1b5/8/1P1NpP2/P1Q1P2P/6PK/R1B1R3 w - - 3 22,c1b2 c6a4 c3d2 c8c2 d2c2 a4c2,2126,75,86,192,advantage clearance long middlegame quietMove,https://lichess.org/Rfgh35ex#43,
P1raE,8/pR6/2p2Ppk/2P5/6K1/8/r6P/8 b - - 0 36,a2h2 b7b8 h2g2 g4f3,2133,77,90,3933,crushing defensiveMove endgame master quietMove rookEndgame short,https://lichess.org/T4N4zOLE/black#72,
P2Eh6,8/8/1RP3p1/6k1/P1r4p/5K1P/8/8 b - - 1 39,c4a4 b6b5 g5f6 b5c5 a4a8 c6c7 a8c8 f3g4,2197,75,91,1505,advancedPawn crushing endgame quietMove rookEndgame veryLong,https://lichess.org/t6c9po9Y/black#78,
P2KGT,2R5/P5pk/3q3p/8/4p3/6P1/5PKP/8 b - - 0 40,d6d3 c8f8 d3a6 a7a8q,2136,88,76,56,advancedPawn crushing endgame promotion queenRookEndgame quietMove short,https://lichess.org/qxMVfXZ9/black#80,
P2RRT,8/5p2/1k2p1p1/3pP2p/KP3P1P/6P1/8/8 w - - 0 41,a4a3 b6b5 a3b3 d5d4 b3a3 b5c4 b4b5 c4b5 a3b3 b5c5,2135,80,90,573,crushing defensiveMove endgame master pawnEndgame quietMove veryLong zugzwang,https://lichess.org/jqXpNSrI#81,
P2WDQ,r4rk1/1p5p/2qPRppQ/3p4/3P4/7P/p4PP1/R5K1 b - - 1 29,c6c3 a1a2 a8e8 a2e2 e8e6 e2e6,2147,143,80,27,crushing endgame long quietMove,https://lichess.org/ZiSB45Se/black#58,
P2pJg,8/8/1p6/p7/1k2K3/1P2P3/8/8 w - - 0 55,e4d5 b4b3 e3e4 a5a4 e4e5 a4a3 e5e6 a3a2 e6e7 a2a1q e7e8q a1a5 d5d6 a5c5 d6d7 c5b5 d7d8 b5e8,2123,76,92,932,advancedPawn crushing endgame master pawnEndgame promotion quietMove veryLong,https://lichess.org/DH90UAK8#109,
P3EeJ,5r2/p5k1/2pp2P1/1rn1pp2/7P/qP2QP2/P1P5/1K1B2RR w - - 1 25,h4h5 c5a4 e3a7 g7f6 a7a4 a3a4,2139,75,91,331,advantage defensiveMove long middlegame pin quietMove,https://lichess.org/MZtWZc8B#49,
P3Uuq,2rq1r1k/pb2b1pp/4Qp2/2ppP3/2pP4/2P2N2/PP4PP/R1B2RK1 w - - 2 18,c1e3 f6f5 d4c5 c8c6,2199,81,92,1458,advantage middlegame quietMove short,https://lichess.org/S2XujeYZ#35,Sicilian_Defense Sicilian_Defense_McDonnell_Attack
P3cZb,4r1rk/pbpp2pp/1p3N2/3q2B1/1P5P/8/PQ4P1/5R1K b - - 5 27,g7f6 g5f6 g8g7 f6g7 h8g8 g7h6 d5g2 b2g2 b7g2 h1g2,2138,77,86,187,advantage middlegame quietMove veryLong,https://lichess.org/vaX0BpTD/black#54,
P3moe,8/p6p/6p1/1P4k1/3K4/8/P7/8 b - - 0 44,h7h5 a2a4 h5h4 d4e3 g5f5 a4a5,2147,77,96,190,crushing defensiveMove endgame long pawnEndgame quietMove,https://lichess.org/3hSU0heJ/black#88,
P4V5B,8/5p2/1kpb1p2/2p5/P3QP2/3PPNK1/q7/8 b - - 3 33,a2e6 e4e6 f7e6 f3d2 b6a5 d2c4 a5a4 c4d6,2108,155,72,8,crushing endgame fork quietMove veryLong,https://lichess.org/lOhsJuAD/black#66,
P4VQk,1r5r/3R1pk1/8/p7/1b4R1/1P2PKP1/P4P2/8 b - - 1 31,g7h6 d7d1 b8b5 d1h1 b5h5 h1h5 h6h5 g4h4 h5g5 h4h8,2161,76,93,4845,attraction crushing endgame exposedKing master quietMove skewer veryLong,https://lichess.org/ruMQnfpB/black#62,
P4apS,rn5Q/ppp3pp/1k1p4/3Bp3/4P3/2NP1q1b/PPP4P/R1BK4 w - - 0 15,c3e2 h3g4 d1d2 f3e2 d2c3 e2e1 c1d2 e1a1,2117,76,80,168,crushing middlegame quietMove veryLong,https://lichess.org/RTTxW0XM#29,Bishops_Opening Bishops_Opening_Other_variations
P4bDe,8/4K1p1/7p/1p6/7P/kB4P1/P7/1b6 w - - 7 48,e7f7 b1a2 b3a2 a3a2 h4h5 b5b4 g3g4 b4b3 f7g7 b3b2 g4g5 h6g5,2131,79,91,213,advancedPawn bishopEndgame crushing endgame quietMove veryLong,https://lichess.org/lM5U26mV#95,
P4wvK,8/pp6/2p2p2/2Pk2p1/1P1p4/3K2PP/2P5/8 b - - 0 36,a7a6 h3h4 g5h4 g3h4 d5e5 h4h5 e5f5 d3d4 f5g5 d4e4 f6f5 e4e5,2121,89,49,30,advantage endgame pawnEndgame quietMove veryLong,https://lichess.org/0fLrMU2w/black#72,
P55sr,1r1r2k1/1b1Q1ppp/p1n5/4p3/1pP1P3/qN1R1P2/P1P1B1PP/1K5R w - - 3 21,d7g4 d8d3 e2d3 a6a5 g4g5 a5a4 g5c1 a4b3,2140,80,80,164,advantage middlegame quietMove veryLong,https://lichess.org/dgVoCwu7#41,
P5Ev2,r2q2k1/pp4pp/2p2b2/8/4Q3/6BP/PPP3P1/5RK1 b - - 0 22,d8d2 e4e6 g8h8 f1f6 g7f6 e6f6 h8g8 g3e5 d2d7 f6h8,2144,137,83,15,crushing endgame quietMove veryLong,https://lichess.org/MLwrJO1W/black#44,
P5mDc,8/p4k1p/3P2p1/8/8/P4K2/7P/8 w - - 1 40,f3e4 f7e6 e4f4 h7h6 d6d7 e6d7 f4e5 d7e7,2102,75,95,570,crushing defensiveMove endgame pawnEndgame quietMove veryLong,https://lichess.org/dIX5AGDs#79,
P60bc,5nk1/1b3p1p/p4Qp1/1p1p4/3P3P/4N3/B4PPK/q7 b - - 3 29,a1a2 e3g4 a2d2 f2f4,2124,77,90,800,crushing defensiveMove endgame quietMove short,https://lichess.org/QZVFj1s7/black#58,
P6343,r1b2rk1/ppqnbppp/2n1p3/3pP1N1/3P4/1PP5/1PB2PPP/R1BQR1K1 b - - 6 13,h7h6 d1d3 f7f5 g5e6,2163,78,79,47,advantage opening quietMove short,https://lichess.org/xbbQWWmo/black#26,French_Defense French_Defense_Tarrasch_Variation
P63C4,6k1/2R5/8/p5pp/P6q/8/KP6/2R5 b - - 0 37,g5g4 c7d7 h4f6 c1c8,2119,76,93,3815,clearance crushing endgame queenRookEndgame quietMove short,https://lichess.org/99f2L3Ys/black#74,
P6el8,8/p5p1/1p2kbp1/4Bp2/1P1K1P2/P5P1/7P/8 w - - 8 41,a3a4 f6e5 f4e5 g6g5 g3g4 f5f4,2121,76,91,460,bishopEndgame crushing defensiveMove endgame long quietMove,https://lichess.org/bcN77U8g#81,
P6iK9,8/5p2/p7/6pp/8/5Pk1/PP4P1/5K2 w - - 0 34,a2a4 a6a5 b2b4 a5b4,2117,75,87,245,crushing endgame pawnEndgame quietMove short,https://lichess.org/gBE81NHc#67,
P6oda,8/8/2R5/1P4p1/Pk6/5pr1/1K6/8 w - - 1 54,c6f6 g3g2 b2c1 f3f2 c1d1 g5g4 d1e2 g4g3,2192,81,91,389,advancedPawn crushing endgame master quietMove rookEndgame veryLong,https://lichess.org/8dGpkpRK#107,
P6yna,8/p1p5/2r1kp2/4n3/P7/4N3/3r2PP/3R1RK1 b - - 1 36,d2e2 e3f5 e2e4 f5d4 e4d4 d1d4,2171,76,83,159,crushing endgame fork long quietMove,https://lichess.org/8WwgRAIH/black#72,
P7k3R,3r3k/p5pp/1p1p4/5q2/1Q2rp2/BPPR4/P2K1P2/R7 w - - 0 30,d3d6 d8e8 b4e4 f5e4,2152,78,92,1229,crushing middlegame quietMove short trappedPiece,https://lichess.org/6FlLQ8Uy#59,
P8F0A,8/5p1k/8/4pp1p/8/P1P2PPK/1P4P1/8 w - - 0 41,h3h4 e5e4 f3e4 f5e4 g3g4 e4e3 h4g3 h5g4 a3a4 f7f5 a4a5 f5f4,2167,78,92,928,crushing endgame pawnEndgame quietMove veryLong,https://lichess.org/aKEOdODh#81,
P8MCF,8/8/P5pp/2b2p2/2P2K2/1P4P1/7k/8 b - - 0 45,g6g5 f4f5 h2g3 b3b4 c5a7 c4c5 h6h5 c5c6,2140,79,92,672,bishopEndgame crushing endgame quietMove veryLong,https://lichess.org/PR6NFjP6/black#90,
P8aKp,1k1r4/8/5p2/5n2/3pR3/2P3Pp/PP2K2P/8 w - - 0 40,c3d4 f5g3 h2g3 d8h8 e2d3 h3h2,2168,75,92,1666,advancedPawn advantage endgame long quietMove sacrifice,https://lichess.org/X4oVeLLX#79,
P8dCC,7k/5Q2/5K2/3p1p1p/3P3q/4P3/8/8 w - - 0 42,f6f5 h4f2 f5e6 f2f7 e6f7 h5h4 e3e4 h4h3 e4e5 h3h2 e5e6 h2h1q,2123,78,92,611,advancedPawn crushing endgame promotion queenEndgame quietMove veryLong,https://lichess.org/Jli9Il3T#83,
P8fpB,5k2/1pn2p2/2p1pBp1/2PpP3/3P1KP1/7P/8/8 b - - 6 45,c7a8 f6d8 f8e8 d8a5,2137,79,85,60,crushing defensiveMove endgame quietMove short,https://lichess.org/KthP3jcn/black#90,
P8gVp,8/7p/4k1p1/2Pp1p2/5P2/4P1K1/7P/8 w - - 0 43,g3h4 h7h6 h4g3 e6d7 g3f3 d7c6,2112,73,94,11788,crushing endgame long pawnEndgame quietMove,https://lichess.org/bMiAko7U#85,
P9MlA,8/ppp5/3p4/3P3p/2P2pP1/PPk2P2/4K3/8 b - g3 0 40,h5g4 f3g4 c3d4 e2f3 d4e5 b3b4 a7a6 a3a4,2197,76,88,128,advantage defensiveMove endgame pawnEndgame quietMove veryLong,https://lichess.org/1jdigum6/black#80,
P9uIJ,4r3/pp3k2/1bp5/3bBBp1/6P1/1PP2P2/P3RK2/8 w - - 2 31,f2f1 d5f3 e2e1 e8d8 e5d4 b6d4,2128,78,67,41,advantage endgame long quietMove,https://lichess.org/yVT4PbRV#61,
PADM4,6k1/6p1/4p2p/1R1nN3/3Pp3/2q4P/6RK/r7 b - - 2 40,c3d4 b5b8 g8h7 e5g6 d4g1 g2g1,2196,89,91,42,advantage endgame long quietMove,https://lichess.org/Dsv21cHT/black#80,
PATuj,3r2k1/2qP1ppp/pp2r3/8/2P5/PQ6/3R2PP/3R3K b - - 4 32,e6c6 d2e2 g8f8 b3b4,2170,224,-60,9,crushing endgame quietMove short,https://lichess.org/4sYXDHBw/black#64,
PAh7D,r1b2rk1/ppp2nbp/2np4/8/2PP1pp1/1PNB2Pq/PBN2P1P/R2Q1RK1 w - - 1 15,c3e2 f7g5 e2f4 f8f4,2144,74,93,8495,crushing master masterVsMaster opening quietMove short superGM,https://lichess.org/idZBbxpw#29,Nimzo-Larsen_Attack Nimzo-Larsen_Attack_Other_variations
PAslx,8/6R1/5p2/1p3P2/5K2/2n5/p6k/5B2 w - - 2 49,g7a7 c3a4 f1e2 a2a1q a7h7 h2g1,2103,83,91,149,advancedPawn crushing endgame long promotion quietMove,https://lichess.org/4sw2yGeD#97,
PAsmH,8/ppp3r1/5p1k/2P2qp1/1P2R1P1/3Q4/6PK/8 b - - 0 43,f5f2 e4e3 f2e3 d3e3,2134,75,91,2676,crushing endgame quietMove short,https://lichess.org/AmgQ7Kj8/black#86,
PBiQR,8/pp6/3P4/2p1p1kp/P1PR4/2Pr2p1/5pN1/5K2 b - - 2 55,d3c3 d4d1 c3f3 d6d7,2186,74,82,115,advancedPawn crushing endgame quietMove short,https://lichess.org/YryImhQW/black#110,
PBrLF,2kr3r/ppp2pp1/3p1q2/3Pn3/5Pp1/2P4P/PPB1Q1P1/4RR1K b - f3 0 22,g4h3 g2g4 e5g4 e2g4,2102,142,27,16,advantage middlegame quietMove short,https://lichess.org/UeAtYbId/black#44,
PCGKv,8/7K/5kp1/8/6pP/6P1/8/8 b - - 2 53,f6f5 h7g7 f5e4 g7g6 e4f3 h4h5 f3g3 h5h6 g3f2 h6h7 g4g3 h7h8q,2114,75,95,349,advancedPawn crushing endgame pawnEndgame promotion quietMove veryLong,https://lichess.org/jVpjr0Np/black#106,
PCU2Z,8/3k4/2pP1R2/4pPp1/3r4/P5K1/8/8 b - - 0 60,d4d6 f6d6 d7d6 a3a4 c6c5 a4a5,2119,76,93,2611,crushing defensiveMove endgame long quietMove rookEndgame,https://lichess.org/8qhkSVCm/black#120,
PCoXs,8/4Kppp/8/8/6P1/5k1P/8/8 w - - 2 46,e7f7 g7g5 f7f6 f3f4 f6g7 f4g3,2143,80,91,1589,crushing endgame long pawnEndgame quietMove zugzwang,https://lichess.org/3UJhPr76#91,
PCw7B,8/2bP4/1p6/p7/5PBp/1k5P/3p2r1/3K1R2 b - - 0 48,a5a4 f4f5 g2g1 f1g1,2151,86,75,50,crushing endgame quietMove short,https://lichess.org/gdVHO1F2/black#96,
PD3cl,8/4n3/4N3/3p3p/3Np2P/3n2Pk/4KP2/8 w - - 1 46,e6f4 d3f4 g3f4 h3h4 f2f3 h4g3 f3e4 d5e4 e2e3 h5h4 e3e4 h4h3,2199,99,90,464,crushing endgame knightEndgame quietMove veryLong,https://lichess.org/XxhPAjHx#91,
PD79k,8/R6p/6p1/4p1k1/6P1/p5K1/1b5P/8 b - - 6 40,h7h6 a7f7 h6h5 h2h4 g5h6 g4g5,2188,76,94,4192,endgame long mate mateIn3 quietMove,https://lichess.org/2R10U7wD/black#80,
PDHMU,5k2/4p3/1p5b/p3R3/3P1P2/2p3P1/6KP/8 w - - 0 41,e5e2 b6b5 g2f3 b5b4 f3e3 b4b3 e3d3 c3c2 e2c2 b3c2,2137,96,76,54,advancedPawn advantage endgame quietMove veryLong,https://lichess.org/cL63FCu4#81,
PDToE,8/6pp/8/1pk5/4P1PP/3K4/8/8 b - - 0 38,c5b4 d3d4 b4a5 d4c5 b5b4 c5c4 g7g6 g4g5 a5b6 c4b4,2173,129,85,15,crushing endgame pawnEndgame quietMove veryLong zugzwang,https://lichess.org/jZZQi20N/black#76,
PDTxh,r1b3k1/pp4p1/2p1p2p/8/3P1Q2/2PB1P2/1q4PP/5RK1 b - - 0 24,b2c3 d3g6 c8d7 f4f7 g8h8 f7d7,2186,76,94,94,advantage endgame fork long quietMove,https://lichess.org/db7szEa2/black#48,
PDpxS,r4kr1/3q1p1p/1Qb1p3/5p2/P2p4/2PB4/2P2PPP/1R2R1K1 w - - 0 24,g2g3 d7d5 b6b4 f8e8 d3e4 f5e4,2163,77,90,1124,advantage defensiveMove long middlegame quietMove,https://lichess.org/Q8LcnE47#47,
PDy0w,8/3k1ppp/4p3/P1Pp4/3P1n2/1N6/5K2/8 b - - 0 41,d7c6 a5a6 c6c7 b3a5 c7b8 c5c6,2105,76,95,8708,crushing endgame knightEndgame long quietMove,https://lichess.org/j3SBwSHv/black#82,
PE0fp,Q4k2/5p1p/3p2q1/1p6/8/P1r1R3/2r3PP/5R1K b - - 7 28,f8g7 e3e8 g6g2 a8g2 c2g2 h1g2,2119,75,86,398,crushing endgame long master quietMove,https://lichess.org/owj0W7PM/black#56,
PEQbV,8/8/8/p5p1/5kP1/P7/1P2K3/8 w - - 1 41,e2f1 a5a4 f1f2 f4g4,2168,77,91,2275,crushing endgame pawnEndgame quietMove short,https://lichess.org/XClHxDJE#81,
PEbln,2r3k1/5pp1/p3r2p/1b6/2R2B1P/4P1Q1/PP1pKPP1/8 w - - 2 34,b2b3 c8d8 e2d1 b5c4 b3c4 e6b6,2143,75,95,295,crushing defensiveMove endgame long pin quietMove,https://lichess.org/Xg6ei5QE#67,
PEohd,8/8/6p1/1p6/1Q3B2/1qn4P/1k3PPK/2q5 w - - 2 53,b4b3 b2b3 f4c1 b5b4 g2g4 b3c2,2198,78,91,767,crushing endgame long quietMove,https://lichess.org/YX8rGxyL#105,
PEwuE,8/8/8/p1r5/7P/5R2/1k3K2/8 w - - 3 57,f3h3 a5a4 h4h5 a4a3,2137,78,82,235,crushing endgame quietMove rookEndgame short,https://lichess.org/YniDPl60#113,
PFE8J,8/1kp5/4Qb2/1pP2K1q/4pP2/7P/7B/8 w - - 11 43,f5e4 h5e2 e4f5 e2e6 f5e6 b5b4 e6f6 b4b3,2115,76,91,3427,crushing endgame fork quietMove sacrifice veryLong,https://lichess.org/Rm6d7WIG#85,
PFWgv,8/p7/1p3kp1/7p/2P1P3/4K3/1P5P/8 b - - 0 40,f6e5 h2h4 e5f6 e3f4,2158,76,99,241,crushing defensiveMove endgame pawnEndgame quietMove short,https://lichess.org/LtOo58MP/black#80,
PFdSC,r3k2r/pppqbppp/8/3Bp3/4P3/3n2P1/PP1PNP1P/R1BQ1K1R w kq - 3 12,d1b3 d7h3 f1g1 d3e1 e2f4 e5f4,2100,76,92,501,advantage long middlegame quietMove,https://lichess.org/wuX890df#23,English_Opening English_Opening_Kings_English_Variation
PFup7,1B6/p2B1pk1/1pP5/3n2p1/3P4/P4P2/5PK1/2r5 b - - 2 34,d5f4 b8f4 g5f4 d4d5 g7f6 d5d6 f6e5 c6c7,2135,76,93,5559,advancedPawn crushing endgame quietMove veryLong,https://lichess.org/MXa2o5F7/black#68,
PFyQt,8/p6r/1p2pk2/3P1p2/P1P3rP/1P1R4/5K1R/8 b - - 0 42,h7h4 h2h4 g4h4 d5d6 h4h8 b3b4 f6f7 c4c5 b6c5 b4c5,2100,75,96,1026,advantage endgame quietMove rookEndgame veryLong,https://lichess.org/KxR8KyIQ/black#84,
PGYM8,8/r3kppp/8/4p3/pK2P2P/5P2/2P2P2/R7 w - - 4 32,a1a4 a7a4 b4a4 h7h5 a4b3 g7g5,2118,155,2,12,crushing endgame long quietMove rookEndgame,https://lichess.org/Ya309ZcJ#63,
PGaTs,8/5p2/8/2p1k1p1/2r5/R1P1KP2/6P1/8 b - - 6 36,f7f5 g2g3 g5g4 e3d3 e5d5 a3a8 g4f3 a8d8 d5e5 d3c4,2102,168,85,83,crushing deflection endgame master quietMove rookEndgame veryLong,https://lichess.org/XOgNQ7LJ/black#72,
PGfix,8/p4b2/1pp2k2/3p1p1p/5P1K/2P2BP1/PP4P1/8 w - - 0 31,f3h5 f7h5 h4h5 c6c5 g3g4 d5d4,2152,75,92,2146,bishopEndgame crushing endgame long quietMove,https://lichess.org/UZy1QT8E#61,
PGhnT,8/8/2B2k1p/p5pK/5p2/8/6P1/8 w - - 6 64,h5h6 g5g4 h6h5 f4f3 h5g4 f3f2 c6b5 a5a4 g4f3 a4a3,2181,78,89,516,advancedPawn bishopEndgame crushing endgame quietMove veryLong,https://lichess.org/GzIrDsri#127,
PHDmE,8/p7/1p3pk1/1P1p2Pp/P2P1P2/5K2/8/8 b - - 0 50,h5h4 g5f6 g6f6 f3g4 h4h3 g4h3 f6f5 h3g3 f5e4 g3g4 e4d4 f4f5 d4e3 f5f6 d5d4 f6f7 d4d3 f7f8q,2177,77,93,1869,advancedPawn crushing endgame pawnEndgame promotion quietMove veryLong,https://lichess.org/btff9lob/black#100,
PHVwr,8/6p1/pp2k1pp/2p1P3/2P1K1PP/PP6/8/8 w - - 0 44,a3a4 g6g5 h4h5 a6a5 e4d3 e6e5,2199,88,77,54,crushing endgame long pawnEndgame quietMove zugzwang,https://lichess.org/pGlVyyLy#87,
PHyBl,8/4kp1p/8/8/p4K2/P7/1P5P/8 w - - 1 44,f4f5 f7f6 h2h3 e7f7,2190,83,84,838,crushing defensiveMove endgame master pawnEndgame quietMove short,https://lichess.org/syGLniWY#87,
PI2rg,8/8/1k3pp1/1p1P4/1K3P1p/7P/6P1/8 b - - 0 38,g6g5 f4f5 b6a6 b4c5 b5b4 c5b4 a6b6 b4c4,2120,83,92,84,crushing defensiveMove endgame pawnEndgame quietMove veryLong zugzwang,https://lichess.org/CXS1HEa1/black#76,
PIBQ9,r3r3/pp3R1k/7p/4P1q1/3Pp3/P1P5/6PP/4Q1K1 b - - 0 27,h7h8 e1e4 g5g8 e4f5 e8e6 f5e6,2154,83,87,34,crushing endgame long quietMove,https://lichess.org/Sbpj6L1L/black#54,
PIZjx,8/5p2/3K4/1pN1Pk2/1P6/8/6b1/8 b - - 12 68,g2f3 c5b3 f3e4 b3d4 f5f4 d4b5,2188,75,86,483,crushing endgame long master quietMove,https://lichess.org/LmAsWQ4O/black#136,
PIkux,8/8/8/2R1nk2/8/5p2/PPP3p1/6K1 w - - 1 38,c5c8 f5f4 c8g8 e5g4 b2b4 f4g3 g8g4 g3g4,2113,87,84,24,crushing endgame quietMove veryLong,https://lichess.org/8csGCxuS#75,
PJ7Iw,4N3/5K1k/7p/3N2p1/6P1/7r/8/8 b - - 1 65,h3f3 e8f6 h7h8 d5e7 f3f6 f7f6,2113,75,83,89,crushing endgame long quietMove,https://lichess.org/DwPzAoom/black#130,
PJBVR,1r2r1k1/p1p2ppp/2pp4/2n5/3qPPP1/1BN4R/PPP2K1Q/R7 w - - 11 24,h3e3 c5e4 c3e4 e8e4 a1e1 b8e8 b3f7 g8f7,2110,92,85,31,advantage middlegame quietMove veryLong,https://lichess.org/GqhPgGsX#47,
PJmnu,4r1k1/5r2/4p3/5p2/2QP2p1/2P3q1/PP2B2R/R5K1 w - - 6 37,h2g2 g3e3 g1f1 f7h7 g2g3 e3g3,2177,78,92,287,crushing long middlegame quietMove,https://lichess.org/Nmr45Ypa#73,
PK7TE,8/6pk/7p/N2pP3/3Pp3/P1p1P3/6PP/3b2K1 w - - 1 34,e5e6 d1a4 e6e7 c3c2 a5b3 a4b3,2160,83,78,48,advancedPawn crushing endgame long quietMove,https://lichess.org/Mvs8FKOQ#67,
PK8aU,r1q1n1k1/p4ppp/1p2p3/3p4/Q2P1B2/2P2bP1/PP3P1P/R4RK1 w - - 2 22,a4a3 e6e5 c3c4 e5e4 a3f3 e4f3,2132,75,93,495,crushing long middlegame quietMove,https://lichess.org/nYcAqAkt#43,
PKHmv,8/p4p2/1p3k2/3KpnRp/1P3p1P/8/6P1/8 w - - 4 39,g5h5 e5e4 d5e4 f5g3 e4f4 g3h5,2124,97,69,50,attraction crushing endgame fork long quietMove,https://lichess.org/ZaqOfIQg#77,
PKgzx,8/8/p1pb4/k7/P3N3/1K6/8/8 b - - 10 46,d6e5 e4d2 a5b6 d2c4 b6c7 c4e5,2137,76,85,125,crushing endgame fork long quietMove,https://lichess.org/PAlV3R5O/black#92,
PKlwf,6k1/4pp2/3b2p1/1R5p/3P1K2/2r3P1/7P/7R w - - 1 34,f4e4 e7e6 d4d5 e6e5 h1f1 f7f5,2186,74,93,5034,crushing endgame long quietMove,https://lichess.org/nqYLXBKL#67,
PKpim,2r5/1R6/p1pk4/8/5p2/2P2B1P/PP3bPK/8 w - - 0 33,b7h7 f2g3 h2g1 c8e8 h7h6 d6c7,2163,75,78,73,advantage defensiveMove endgame long quietMove,https://lichess.org/xeUG6DSZ#65,
PKusp,8/8/3K3p/5pk1/8/4P1P1/8/8 w - - 0 54,d6e5 h6h5 e3e4 f5e4 e5e4 g5g4,2171,88,91,258,crushing endgame long pawnEndgame quietMove,https://lichess.org/sk59lYwS#107,
PL5ur,8/8/3bpk2/8/1pPp1P2/1P1B1K2/8/8 b - - 3 53,e6e5 f4f5 d6f8 f3e4,2160,76,86,361,bishopEndgame crushing endgame quietMove short,https://lichess.org/jat6d2Mj/black#106,
PLUjv,8/p7/3Np3/R3P3/P4kpp/8/3r1PPK/8 w - - 4 46,d6f7 g4g3 f2g3 h4g3 h2h3 d2d1 f7g5 d1h1,2144,76,93,8274,endgame mate mateIn4 quietMove veryLong,https://lichess.org/4mGy2sq6#91,
PLasM,q6k/5p1p/1P6/2p5/3bb3/P4pQP/2R4K/1R6 w - - 2 60,c2c1 a8d5 g3b8 h8g7 c1g1 e4g6,2182,133,43,21,advantage endgame long quietMove,https://lichess.org/19nkCSjT#119,
PLrQe,3r2k1/3q1pp1/3P3p/Q2R4/4Nn2/5P2/6PP/6K1 w - - 3 39,e4c5 d7e8 c5e4 f4d5,2138,154,92,25,endgame equality quietMove short,https://lichess.org/FafiLO5m#77,
PMGng,3rr1k1/5p1p/8/3P2pN/q7/6P1/5P2/1Q3RK1 b - - 1 27,a4a6 b1b2 f7f6 h5f6 g8f7 f6e8,2169,76,79,92,crushing endgame fork long quietMove,https://lichess.org/LaiUMjFm/black#54,
PMLwP,8/2p2p2/1p2n1p1/p3k2p/7R/P1P1K1P1/7P/8 w - - 0 33,g3g4 e6f4 e3f2 g6g5 h4h5 f4h5,2100,84,87,38,crushing endgame long quietMove trappedPiece,https://lichess.org/kPsd8mMz#65,
PMY7l,r6r/pp1bkp2/2p2n2/Q5N1/4B2p/4P3/Pq3PPP/R3R1K1 b - - 3 21,b2b5 a5a3 e7e8 f2f4 f6e4 g5e4,2135,137,43,18,crushing long middlegame quietMove,https://lichess.org/avMf1mGC/black#42,
PMyAr,2r1r3/1R6/1p4kp/2p3p1/2pPpP2/2P1P1P1/5K2/7R b - - 4 33,c8c6 g3g4 g5f4 e3f4,2144,86,91,1587,crushing endgame quietMove rookEndgame short,https://lichess.org/cpw1JYLJ/black#66,
PMzJH,r1b5/1p3pk1/8/p4p2/3P1P2/PQ2P3/4K2q/R3R3 w - - 4 32,e2d3 b7b6 b3b5 c8a6 b5a6 a8a6,2142,80,66,84,advantage clearance endgame long pin quietMove,https://lichess.org/oUr0mvEU#63,
PNvHH,1r5k/5Qbp/6p1/3B4/6P1/p6P/2q2P2/4R1K1 b - - 2 28,c2c5 e1e7 c5e7 f7e7,2114,77,91,294,crushing endgame quietMove short,https://lichess.org/ZiJ2bLb7/black#56,
PNwi0,5rk1/p1pq2pp/Qrnppn2/2b1p3/4P3/2PP1N1P/PP3PP1/RNB2RK1 w - - 3 12,a6c4 c6a5 f3e5 d7e8 c4c5 d6c5,2122,75,91,1759,crushing long middlegame quietMove trappedPiece,https://lichess.org/ijfvs9zx#23,Italian_Game Italian_Game_Classical_Variation
PO6ml,8/R5k1/6p1/4P3/p4K2/5P2/8/r7 b - - 2 55,g7f8 f4g5 a1f1 f3f4 a4a3 a7a3 f8g7 a3a7,2136,76,93,2807,crushing endgame master quietMove rookEndgame veryLong,https://lichess.org/0oUnSw2d/black#110,
PO8fd,6k1/p2r1p2/1p2pQp1/4P2p/5R1P/3b1B2/5qPK/8 b - - 3 40,d3f5 f4c4 f2c5 c4c5,2121,77,92,2516,crushing endgame master quietMove short,https://lichess.org/9UPxW1EG/black#80,
POzHb,8/8/BPn5/4pp2/2P5/5k2/2K5/8 w - - 1 40,b6b7 c6b4 c2d2 b4a6 c4c5 a6b8 c5c6 b8c6,2173,75,90,184,crushing endgame fork quietMove veryLong,https://lichess.org/hRQu1enR#79,
PP5VR,8/8/8/1P3k2/4n3/K5p1/8/B7 w - - 0 60,b5b6 e4d6 a1c3 g3g2 b6b7 d6b7,2177,80,83,64,advancedPawn crushing endgame long quietMove,https://lichess.org/JnzgwsMZ#119,
PPKPj,5rk1/p5p1/2p3P1/1r1pq3/8/b3P3/PP1RQ1P1/K6R b - - 0 33,a3c5 e2g4 c5e3 d2e2 e5f6 e2f2 f6f2 g4e6,2189,114,76,54,advantage clearance middlegame quietMove sacrifice veryLong,https://lichess.org/bkGGWA0S/black#66,
PQ35u,3r4/1p1r2kp/6p1/b1P2p2/8/1BKP1RP1/4RP1P/8 w - - 2 35,c3c4 d7d4 c4b5 d4b4 b5a5 b4b3 a5a4 b3b1 e2b2 b1b2,2154,78,90,1651,crushing endgame fork quietMove veryLong,https://lichess.org/YiD8HQVK#69,
PQApE,r4r1k/p1qb1ppB/2p1p3/1p2N3/3PQ3/1P2nP2/PB4PP/2KR4 b - - 1 20,e3d1 e4h4 c7d8 h4h5 d8g5 h5g5,2141,76,77,106,crushing long middlegame quietMove,https://lichess.org/I7f0twmN/black#40,
PQKhQ,2b1n2k/4q2p/3p1p1P/1p1PpP1B/pB1pP3/P2P4/5K1Q/8 b - - 2 35,e8c7 h2g1 e7f8 g1c1,2162,167,-68,14,crushing endgame quietMove short,https://lichess.org/F1xSor6W/black#70,
PQQKT,8/p7/1k4pp/1P3p2/1K3P1P/8/6P1/8 b - - 0 40,b6b7 b4a5 h6h5 g2g3 b7c7 a5a6 c7b8 b5b6 a7b6 a6b6 b8c8 b6c6,2162,78,94,6959,crushing defensiveMove endgame master pawnEndgame quietMove veryLong zugzwang,https://lichess.org/RCiei0uk/black#80,
PQjkT,8/3R1P2/6P1/8/8/Kp2kr1p/b7/8 b - - 0 49,h3h2 d7d1 e3e2 d1h1,2135,75,84,354,crushing endgame quietMove short,https://lichess.org/uOhRWaFQ/black#98,
PR20b,8/3b4/1p6/4k1p1/1PPp2P1/3B1K2/8/8 w - - 3 40,d3e2 d7c6 f3g3 c6e4 e2f3 d4d3 c4c5 d3d2,2173,152,76,22,advancedPawn bishopEndgame crushing endgame quietMove veryLong,https://lichess.org/HdJQttAH#79,
PR8fi,r4rk1/ppp2pp1/1b3q1p/n3P3/6b1/2N2N2/PPB2PPP/R2Q1RK1 b - - 0 14,f6f4 d1d3 g7g6 c3d5,2183,79,91,3072,advantage middlegame quietMove short,https://lichess.org/n6jojLJ4/black#28,Italian_Game Italian_Game_Giuoco_Piano
PRw3m,7k/8/2N1p2p/4N1pK/Pp6/1P6/6r1/8 b - - 1 36,g2b2 h5g6 h8g8 e5d7 g5g4 c6e7,2141,76,81,266,crushing endgame long quietMove,https://lichess.org/EGxHyC4i/black#72,
PRwCR,r5k1/1b2R2p/p5p1/3q4/2P2P2/1P3p1P/2P2QP1/6K1 b - - 0 28,d5c6 f2d4 f3f2 g1f2 c6g2 f2e1,2140,75,90,173,crushing endgame long quietMove,https://lichess.org/RmQFDhJ7/black#56,
PSoAE,8/5p1p/p5p1/Pp1k4/1P1p4/3K1P1P/2P3P1/8 b - - 0 35,f7f5 f3f4 g6g5 f4g5,2172,75,93,11299,crushing endgame pawnEndgame quietMove short zugzwang,https://lichess.org/bnVgB0GD/black#70,
PTNn4,r5k1/ppp2ppp/5r2/7q/P2P4/RN3pPP/1P3P2/3Q1RK1 w - - 1 24,g1h2 f6h6 h3h4 h5g4 h2g1 h6h4 d1f3 g4f3,2138,78,90,774,crushing discoveredAttack middlegame pin quietMove veryLong,https://lichess.org/XEmDuB0c#47,
PTZDS,8/1p6/8/3pp1kp/3b3R/1p1P2P1/7P/1K6 b - - 5 49,b3b2 h4d4 e5d4 h2h3 h5h4 g3g4,2173,77,91,404,crushing defensiveMove endgame long quietMove sacrifice,https://lichess.org/smHR2o4Y/black#98,
PTu9x,8/2p5/8/pK5p/P4k1P/8/8/8 b - - 1 43,f4g4 b5a5 g4h4 a5b4 c7c6 a4a5 h4g3 a5a6 h5h4 a6a7,2175,77,98,183,advancedPawn crushing endgame pawnEndgame quietMove veryLong,https://lichess.org/A95cvdTt/black#86,
PU20q,2q2bk1/5p2/2r2P1p/pR2B1pQ/P2pP3/3r3P/6P1/5R1K w - - 1 42,b5a5 c6c1 f1c1 c8c1 h1h2 d3d1 h5d1 c1d1,2191,75,93,1582,crushing middlegame quietMove veryLong,https://lichess.org/kZdf0RKJ#83,
PU33k,8/6pk/1p3p2/p2P3p/3PQnqP/P5P1/5P2/6K1 b - - 1 35,f6f5 e4f4 g4f4 g3f4 h7g6 a3a4 g6f7 g1f1,2180,100,64,24,advantage defensiveMove endgame quietMove veryLong,https://lichess.org/MbRz6ann/black#70,
PUAns,8/p4p2/4p3/1p2Pk2/5P1p/5K2/PP4P1/8 w - - 0 39,b2b3 b5b4 g2g3 h4g3 f3g3 f5e4,2189,77,91,111,crushing endgame long pawnEndgame quietMove,https://lichess.org/L0V7VBhg#77,
PULzN,r1b1r1k1/1p1p1p2/p1nRp1p1/q7/4P3/P1N2Q2/BP3PP1/2R3K1 b - - 0 19,g8g7 c3d5 a5d8 f3c3,2104,79,84,53,advantage clearance middlegame quietMove short,https://lichess.org/oEFFaLsN/black#38,Sicilian_Defense Sicilian_Defense_Smith-Morra_Gambit
PUnPP,8/8/5Rp1/1k5p/8/R1p4P/P1r2Pb1/4K3 w - - 2 34,f6g6 g2f3 a3c3 c2c3,2182,75,93,4825,advantage endgame quietMove short,https://lichess.org/Urx3rz4l#67,
PVN3e,2b2rk1/1p1p1p2/4r1p1/p1PB3p/q1PQ2pP/4P3/1R2KP2/1R6 b - - 5 22,e6a6 b2d2 d7d6 d4f6 c8f5 b1b7,2138,140,73,12,advantage long middlegame quietMove,https://lichess.org/SFhgA0q1/black#44,
PVOLe,8/2q1k3/p1P1Ppp1/1p1Q1p1p/3P3P/P7/5PP1/6K1 w - - 1 42,d5d7 c7d7 e6d7 a6a5 g1f1 b5b4 a3b4 a5a4 f1e2 a4a3 b4b5 a3a2 b5b6 a2a1q,2186,77,83,104,advancedPawn crushing endgame promotion queenEndgame quietMove veryLong,https://lichess.org/82vV4TYc#83,
PW6wS,8/8/p4k2/1p1ppPp1/4P3/2P5/PP3K2/8 w - - 0 40,f2e3 d5e4 e3e4 g5g4 b2b3 g4g3 e4f3 f6f5,2123,82,90,640,crushing endgame pawnEndgame quietMove veryLong,https://lichess.org/1ZRtZ1T1#79,
PWLdc,r1bq3r/pp4b1/2nB1n1p/1N1B2k1/4P2p/8/PPP3PP/R4QK1 b - - 3 17,c8g4 d5f7 d8b6 g1h1 b6e3 a1e1,2194,78,69,91,advantage defensiveMove long middlegame quietMove,https://lichess.org/9En1m6X9/black#34,Kings_Gambit_Accepted Kings_Gambit_Accepted_Hanstein_Gambit
PWShv,8/6kp/6p1/p4p2/2P2Q2/1P5P/P3r1PK/4n3 w - - 8 43,h2g3 e2g2 g3h4 g2g1 f4d4 g7h6 d4g1 e1f3 h4g3 f3g1,2167,359,-100,4,crushing endgame fork quietMove sacrifice veryLong,https://lichess.org/e0fvXz9K#85,
PWkLX,8/8/3k1ppp/1p1p4/1P1K1PPP/2P5/8/8 b - - 0 41,g6g5 f4g5 f6g5 h4h5 d6c6 d4e5,2149,77,93,9345,crushing endgame long pawnEndgame quietMove zugzwang,https://lichess.org/VjftBPTv/black#82,
PX1S0,r1bq3r/pppp2pp/4kn2/6Q1/5R2/8/PPP3PP/RN4K1 b - - 2 13,d8e7 b1c3 e6f7 c3d5 e7c5 g1h1,2112,91,78,30,crushing defensiveMove long middlegame quietMove,https://lichess.org/3Y24z9si/black#26,Kings_Gambit_Accepted Kings_Gambit_Accepted_MacLeod_Defense
PXLPg,2kr3r/pppq1ppp/2nbp3/3p4/3P4/2PBPNP1/PP3PP1/R2QK2R w KQ - 1 12,h1h7 h8h7 d3h7 g7g6 h7g6 f7g6,2163,82,89,1113,advantage long middlegame quietMove,https://lichess.org/ltVyvZSm#23,Queens_Pawn_Game Queens_Pawn_Game_Accelerated_London_System
PXPTN,1k1r1b1r/p1p2pp1/QP2p1p1/8/1P1Pp1P1/Bq5P/4PP2/R4K1R b - - 0 21,c7b6 a3c1 d8d7 c1f4 f8d6 f4d6,2107,77,85,93,crushing long middlegame quietMove,https://lichess.org/bCj0BxlF/black#42,
PXWS3,r4rk1/pp1n1ppb/2p1pn1p/q7/1b1PN3/1B3QNP/PPP2PP1/R1B2RK1 w - - 6 13,c1h6 f6e4 f3g4 h7g6 g3e4 g7h6,2103,82,81,38,advantage long middlegame quietMove,https://lichess.org/Z6xfvydC#25,Scandinavian_Defense Scandinavian_Defense_Main_Line
PXmOg,6k1/p4ppp/3n4/2pB4/P4N2/2Pb3P/4rP2/2R3K1 b - - 1 28,e2c2 f4d3 c2d2 d3f4 g7g5 f4h5,2172,90,85,60,advantage defensiveMove endgame hangingPiece long quietMove,https://lichess.org/NVrLGrGi/black#56,
PXzP0,5r1k/pp4p1/2p4p/8/3P2b1/P1P1Q1q1/1P4P1/3NR1K1 b - - 2 24,g4f3 e1e2 f8f4 e2f2 f4e4 e3f3 e4e1 f2f1 g3f3 g2f3,2180,79,87,785,advantage endgame quietMove veryLong,https://lichess.org/ysWw0ael/black#48,
PXzky,6k1/Rp2B1pp/5p2/4pPP1/8/1r6/5PKP/3r4 b - - 0 25,f6g5 a7a8 g8f7 e7c5 g7g6 a8f8 f7g7 f5f6,2104,81,82,80,advantage endgame quietMove veryLong,https://lichess.org/HSDsIzBR/black#50,
PYW2m,8/7p/1pp1k3/p1p2pP1/P1P2N1P/1PK2b2/8/8 b - - 0 48,e6e5 h4h5 f3h5 f4h5,2184,99,90,20,crushing endgame quietMove short,https://lichess.org/It1F3olN/black#96,
PYxge,rn2r1k1/pp1bp1bN/2p3Q1/7n/2PP1q2/5P2/PP3BP1/R4K1R b - - 0 21,h5f6 h7g5 f4g5 g6g5,2119,76,85,160,advantage middlegame quietMove short,https://lichess.org/ZMLsoPvE/black#42,
PZ0tt,8/p4k2/1p3P1B/2p2rPP/4Kn2/8/PP6/8 b - - 2 36,f5d5 e4f4 f7e6 h6g7 d5f5 f4g4,2177,86,87,298,crushing endgame hangingPiece long quietMove,https://lichess.org/kioOrsDU/black#72,
PZ4KN,3k4/3R1ppp/5q2/1p2N3/8/B7/5PPP/3b2K1 b - - 7 30,d8c8 a3d6 d1b3 d7c7 c8d8 e5c6 d8e8 c7e7,2110,77,86,255,advantage endgame exposedKing quietMove veryLong,https://lichess.org/iuPwSeRi/black#60,
PZKUY,8/p7/1p1k3p/3p2p1/1P1Kp3/2P4P/P4PP1/8 w - - 2 34,f2f3 e4f3 g2f3 b6b5 d4e3 d6e5,2100,76,83,70,crushing defensiveMove endgame long pawnEndgame quietMove,https://lichess.org/TEjc3uXw#67,
PZNtq,6k1/KB6/1p1n3p/6p1/8/P6P/1P6/8 w - - 1 41,a7b6 d6b7 b6b7 h6h5 a3a4 g5g4 h3g4 h5h4,2138,95,88,21,crushing defensiveMove endgame quietMove veryLong,https://lichess.org/8TPCrXnz#81,
PZsQ0,4r3/5Qkp/p1q3p1/2p5/8/PP2p2P/2P3P1/5RK1 b - - 6 38,g7h6 f1f4 c6d6 f4h4 h6g5 h4g4,2135,78,92,2388,crushing endgame long quietMove,https://lichess.org/NgY0LSsM/black#76,
Pa50D,r5k1/p4ppp/1ppq1n2/3PrQ2/2P2N2/1P3P2/P4P1P/R2R2K1 w - - 1 27,f5d3 e5g5 f4g2 f6h5 d3e3 h5f4 g1h1 g5g2,2171,75,66,103,crushing kingsideAttack middlegame quietMove veryLong,https://lichess.org/hJintgh6#53,
PaIL2,1B6/8/2k3p1/p1p2p2/Pp1bPP2/1P1K1P2/8/8 w - - 14 49,b8e5 d4e5 f4e5 f5f4 d3c4 g6g5,2179,78,89,207,bishopEndgame crushing defensiveMove endgame long master quietMove,https://lichess.org/6RSazTuN#97,
PaknQ,r2q2k1/1p3p2/p3p1p1/n3P3/3r1P2/P6Q/1P1p1PR1/1N1R3K b - - 1 31,d4f4 g2h2 d8d5 h1g1 d5e5 h3h7 g8f8 h7h8 e5h8 h2h8 f8e7 h8a8,2131,76,94,3032,crushing defensiveMove middlegame quietMove skewer veryLong,https://lichess.org/Z27fBI7p/black#62,
Pb2Fu,8/8/1p1p2p1/3Pp1k1/1P2P2p/5KP1/7P/8 w - - 0 39,g3g4 h4h3 f3g3 b6b5 g3h3 g5f4 h3h4 f4e4,2114,75,98,240,crushing endgame pawnEndgame quietMove veryLong zugzwang,https://lichess.org/PpdXl6lh#77,
PbCLx,8/5pkp/5bp1/2p5/4Q3/4P1qP/P5P1/3R1K2 w - - 2 39,d1d7 f6h4 d7f7 g7f7,2125,75,89,1290,crushing endgame master quietMove short,https://lichess.org/0xOSgFLR#77,
PbE41,8/p7/1p6/4pp1B/8/2k5/6PP/7K w - - 0 47,h5e2 a7a5 e2b5 c3b4 h2h4 b4b5 h4h5 a5a4,2162,75,93,260,advantage bishopEndgame defensiveMove endgame quietMove veryLong,https://lichess.org/B2YpU5D7#93,
PbVAc,8/8/5p2/8/6kP/2K3P1/8/8 b - - 0 50,g4g3 h4h5 f6f5 h5h6 f5f4 h6h7 f4f3 h7h8q f3f2 h8h1,2172,75,87,193,advancedPawn crushing defensiveMove endgame pawnEndgame promotion quietMove veryLong,https://lichess.org/ZXDGOunP/black#100,
PbXtT,8/2R5/4p3/pp1bPp2/3K4/PkP2p2/5P2/8 w - - 0 40,c7c5 d5c4 a3a4 b3a4 c5c4 b5c4,2176,76,89,480,crushing endgame long quietMove,https://lichess.org/4ot1dC3a#79,
PbmK8,r1r3k1/4bppp/pq1pbn2/N1p5/4P3/4BP2/PP1QB1PP/2RR2K1 b - - 5 18,e6a2 b2b3 a2b3 c1b1 b3d1 b1b6,2101,75,91,3869,advantage long master middlegame quietMove,https://lichess.org/tf1LD95N/black#36,Sicilian_Defense Sicilian_Defense_Prins_Variation
Pbpuz,r2q1rk1/1b2bp1p/p1npp1pQ/1p2n1P1/3NP3/1BN1BP2/PPP4P/2KR3R w - - 1 15,h2h4 f8e8 d4e6 f7e6 b3e6 g8h8,2187,77,86,77,advantage long middlegame quietMove,https://lichess.org/MEnZYF2C#29,Sicilian_Defense Sicilian_Defense_Najdorf_Variation
PckcS,8/6pp/8/p2kp3/2p5/1PP2K2/P4P1P/8 b - - 1 31,h7h5 h2h4 g7g6 f3e3,2183,76,84,79,crushing defensiveMove endgame pawnEndgame quietMove short,https://lichess.org/wRAlXqOm/black#62,
PcxFS,2kr3r/pp3N2/2p1pn2/7p/P2pP3/3P2q1/1PP3P1/R2QR1K1 w - - 2 22,f7d8 h8g8 d1e2 f6g4 e2f3 g3h2,2152,157,100,10,advantage long middlegame quietMove,https://lichess.org/xbVRaHNd#43,
PdKhO,rn1q3k/pQ2b1p1/2p5/6Pp/3P3P/2P1Pr2/P4P2/R1B2RK1 w - - 0 20,b7a8 d8c8 a8b8 c8b8,2107,75,95,341,crushing middlegame quietMove short,https://lichess.org/gvTD5O4t#39,
Pdy2A,2r4k/p4p1P/5Pp1/5nN1/1p1r4/3p1P2/PP6/1K1R3R b - - 3 39,c8c7 d1e1 f5d6 e1e7,2182,143,33,15,advantage endgame master quietMove short,https://lichess.org/QVT07JMd/black#78,
Pe9zM,6k1/7p/3p2p1/p1p1p3/1pPq2P1/1P1P1R1P/P4RK1/8 b - - 5 34,e5e4 f3f8 g8g7 g4g5 d4f2 f8f2,2171,82,90,410,crushing endgame long queenRookEndgame quietMove,https://lichess.org/007wtARd/black#68,
PexWO,5r2/4qpk1/r1n2npp/1p2p3/p2pP3/Pb1P1NNP/1P1QBPP1/2R1R1K1 w - - 2 22,g3f5 g6f5 f3h4 b3e6 h4f5 e6f5,2165,75,84,142,crushing long middlegame quietMove,https://lichess.org/cL9Gn0OW#43,
Peyco,8/5rpk/R7/1p1QPq1p/3Pp3/4P2P/PP4P1/6K1 w - - 0 33,d5d6 h5h4 g1h2 f5g5 d6g6 g5g6 a6g6 h7g6,2119,129,47,20,crushing endgame quietMove veryLong,https://lichess.org/mkgJefl0#65,
Peymu,8/3k1p2/6p1/3Pn1P1/1KPN3P/5p2/8/8 w - - 0 58,d4c2 e5g4 b4c3 f3f2,2106,77,95,2876,advancedPawn crushing endgame knightEndgame quietMove short,https://lichess.org/sXdGvF4X#115,
PfFs8,3r1k2/1p3r2/2p2p1Q/p1p1pPp1/2P1P2p/3P4/1R2RPKP/2q5 b - - 7 41,f8e7 b2b7 d8d7 e2b2 h4h3 h6h3,2143,101,83,24,crushing endgame long pin quietMove,https://lichess.org/z6pzgexp/black#82,
PfkHa,8/8/pp3k2/5P1p/1P2Pp2/P4K2/8/8 b - - 2 49,f6e5 a3a4 h5h4 f3g4 f4f3 g4f3,2184,75,82,264,crushing endgame long pawnEndgame quietMove zugzwang,https://lichess.org/RChjUwsZ/black#98,
PfoKL,8/8/4p3/6p1/5kP1/5P2/5K2/8 w - - 6 48,f2g2 f4e3 g2g3 e6e5 g3g2 e3e2,2158,75,90,64,crushing endgame long pawnEndgame quietMove zugzwang,https://lichess.org/cPOJxIHY#95,
Pg8nf,1k6/1P6/2PK1ppp/5b2/8/5PPP/8/8 b - - 0 50,f5h3 g3g4 h3f1 c6c7 b8b7 d6d7 f1b5 d7d8,2160,77,86,122,advancedPawn bishopEndgame crushing defensiveMove endgame exposedKing quietMove veryLong,https://lichess.org/M4YFFcY1/black#100,
PgV5i,8/6p1/3k1p1p/1p1p4/1P1K1PPP/2P5/8/8 b - - 0 39,g7g5 f4g5 f6g5 h4h5 d6e6 d4c5 e6e5 c5b5,2183,77,91,3075,crushing endgame pawnEndgame quietMove veryLong zugzwang,https://lichess.org/NoFbbQ1e/black#78,
PgYul,r1bq1r2/3nbp2/pp1p1n1k/2p1pN2/P1B1P3/3P4/1PP2PPP/R2QR1K1 b - - 1 16,h6h7 e1e3 d7b8 e3h3,2192,81,75,96,crushing middlegame quietMove short,https://lichess.org/49rGh1A4/black#32,Sicilian_Defense Sicilian_Defense_Modern_Variations
PgxBW,1rr3k1/p4p1b/4p3/P1NpP1Qp/1PqP2P1/6K1/1R1B4/8 b - - 1 32,g8h8 g5f6 h8g8 d2h6 c4c3 g3h4 c3e1 b2f2 e1f2 f6f2,2118,75,93,3032,clearance crushing middlegame quietMove veryLong,https://lichess.org/vHl1L59i/black#64,
Ph71A,1R3nk1/5qpp/r1p2p2/p1Qp4/3PbP2/P1R5/6PP/6K1 b - - 7 33,g7g6 c3b3 a6a7 b8f8 f7f8 c5a7,2112,77,84,145,advantage deflection fork long middlegame quietMove,https://lichess.org/F1aQKLwF/black#66,
PhpNL,2r2rk1/1b1nbppn/pPq4p/P7/2pP1B2/2N2N1P/2PQ1PP1/1R2R1K1 b - - 2 19,c6g6 e1e7 b7f3 f4g3 f3b7 e7d7,2108,76,83,95,crushing long middlegame quietMove,https://lichess.org/3BoTncpN/black#38,
Phsm1,r5k1/2p4p/1p1p2p1/p1nP1p2/2P2Q2/3q1P2/PP5P/K3R2R w - - 0 28,e1c1 a5a4 a2a3 c5b3 a1a2 b3c1,2176,75,81,188,crushing endgame fork long quietMove,https://lichess.org/vu1C9Iz8#55,
Pi5CH,8/K3k1p1/1P2p3/4p3/P4P2/8/1r5p/2R5 w - - 0 48,f4e5 g7g5 b6b7 g5g4 b7b8q b2b8 a7b8 g4g3,2174,75,92,2248,crushing endgame quietMove rookEndgame veryLong,https://lichess.org/GV4QpVhg#95,
PigxB,8/8/8/2p5/Pk3K2/8/6P1/8 w - - 1 48,g2g4 c5c4 a4a5 c4c3 f4e3 b4b3 e3d3 c3c2 d3d2 b3b2,2162,76,92,5453,advancedPawn crushing defensiveMove endgame pawnEndgame quietMove veryLong,https://lichess.org/BCCnmsZO#95,
Pir9u,r2qkb1r/pp2pppp/2p2n2/4Nb2/3nP3/6P1/PP1N1PBP/R1BQK2R b KQkq - 0 9,d8c7 d2c4 f5e4 g2e4,2134,76,86,729,advantage opening quietMove short,https://lichess.org/9YjpHGHG/black#18,Queens_Gambit_Declined Queens_Gambit_Declined_Marshall_Defense
PjjlP,3rr1k1/p6p/1pn2p1B/2p1b1p1/P1P1P1qP/2PpQ1P1/1P4B1/3R1RK1 w - - 1 24,h4g5 c6d4 c3d4 e5d4,2143,76,83,117,advantage master middlegame pin quietMove sacrifice short,https://lichess.org/FVKdo354#47,
Pjkrm,8/p5p1/4p1kp/P1p1P3/2P3P1/7P/7K/8 w - - 1 38,h3h4 h6h5 h2g3 a7a6 g3f4 h5g4 f4g4 g6h6,2162,165,78,15,crushing defensiveMove endgame pawnEndgame quietMove veryLong,https://lichess.org/gTmzUL5g#75,
PjspE,7k/6pp/2p2p2/1pNp1q2/P1nP4/1QR1r1P1/7P/1R4K1 b - - 1 32,e3c3 b1e1 c3e3 e1e3 c4e3 b3e3,2109,76,89,1002,advantage endgame long quietMove,https://lichess.org/Mh4g5OkR/black#64,
Pk565,8/8/R5R1/5p1k/6qp/8/5P1P/5K2 b - - 0 44,g4g6 a6g6 h5g6 f2f4 g6f6 f1g2,2106,81,65,35,crushing defensiveMove endgame long quietMove,https://lichess.org/9aqOMv0P/black#88,
PkKES,2r5/8/2b1pk2/1pK2p2/2p4P/2P3P1/8/1R4R1 w - - 6 34,c5d6 c6e8 g3g4 c8c6,2122,75,94,10376,clearance endgame mate mateIn2 quietMove short,https://lichess.org/zZcdb94v#67,
PksMP,3r1r1k/pp4pp/2n5/7P/3pp2q/1Q1b1PN1/PP4BP/R1B1R1K1 w - - 0 21,f3e4 c6e5 c1g5 h4g5,2110,76,84,1095,advantage master middlegame quietMove short,https://lichess.org/vbNOAVKf#41,
Pl3ps,2b2r1k/ppq2ppB/3b4/2p3B1/5n2/2P2Q1P/PP1N2P1/4R1K1 b - - 0 24,f4e6 e1e6 f7e6 f3h5 g7g6 h7g6,2121,83,84,42,advantage discoveredAttack kingsideAttack long middlegame quietMove sacrifice,https://lichess.org/DXAizM8k/black#48,
PlAFy,8/8/p7/1pp4p/3p2kP/1PPP2P1/1P3K2/8 w - - 0 56,f2g2 d4c3 b2c3 a6a5 d3d4 c5d4,2139,78,87,64,crushing endgame long pawnEndgame quietMove,https://lichess.org/6nvANfyD#111,
PlR0x,7R/5pk1/5rp1/7p/3r4/6RP/6P1/6K1 w - - 8 43,h8h5 d4d1 g1h2 f6f1 g3g4 f7f5,2140,74,93,9919,advantage endgame long quietMove rookEndgame,https://lichess.org/gdyASilK#85,
PlUYe,8/8/3k2pp/pp2p3/3KP1PP/P1P5/2P5/8 w - - 0 28,d4d3 d6c5 g4g5 h6h5 c3c4 b5c4 d3e3 c5b5 e3d2 b5a4 d2c3 a4a3,2108,76,83,82,crushing endgame pawnEndgame quietMove veryLong zugzwang,https://lichess.org/lQVUGY3z#55,
PlZX2,8/1R5p/6pk/q7/p6P/1P3BP1/5PK1/8 b - - 0 39,a4a3 g3g4 g6g5 f3e4 g5h4 b7h7 h6g5 h7h5,2180,75,98,568,crushing endgame master quietMove veryLong,https://lichess.org/4bVwZZnX/black#78,
PllBz,8/8/pBb5/P7/5R2/r7/4kPK1/8 w - - 8 47,g2g1 a3h3 f2f3 c6f3,2114,81,78,42,crushing endgame quietMove short,https://lichess.org/NiowXMVd#93,
Plq2h,2r2rk1/pbRnqpp1/1p2p2p/8/3R4/1P2PN2/P3BPPP/2Q3K1 b - - 2 19,d7f6 d4c4 e7c7 c4c7,2110,74,87,122,crushing middlegame quietMove short,https://lichess.org/HyJTxhMY/black#38,Queens_Gambit_Declined Queens_Gambit_Declined_Three_Knights_Variation
Plso4,8/8/2kP4/1pP2p1p/1P2p2K/5P1P/8/8 w - - 0 45,f3e4 f5f4 e4e5 c6d7 h4g5 f4f3,2179,75,92,1986,crushing endgame long pawnEndgame quietMove zugzwang,https://lichess.org/t36SbN7h#89,
Pm3Hl,5k2/p5Rp/7P/4pP2/4q3/P1p5/1rP2R2/K1Q5 w - - 5 36,g7a7 e4d5 c1b2 c3b2 a1b1 d5d1 b1b2 d1d4,2174,76,95,679,advancedPawn crushing endgame exposedKing quietMove veryLong,https://lichess.org/0fFXGtlE#71,
PmCDp,7r/3R2pb/pk2P2p/5p2/2PN2Pb/8/PP3P2/2K5 b - - 0 30,f5g4 b2b4 h8c8 c4c5 c8c5 b4c5,2138,77,90,279,advantage endgame long master quietMove,https://lichess.org/nU67T2R6/black#60,
PmO4Z,2kr4/1pp2p1p/p1b1p1r1/8/8/1P3P2/P1PP2PK/RN3R2 w - - 2 21,d2d3 d8g8 f1f2 c6f3 f2f3 g6g2,2142,125,87,9,advantage deflection endgame long quietMove,https://lichess.org/7nIrkjIX#41,
PmbHx,8/4kp2/8/p7/1pp1P2P/P4BP1/5P2/6K1 w - - 0 34,a3b4 a5a4 f3e2 c4c3 e2d1 a4a3,2150,77,91,173,advantage bishopEndgame endgame long quietMove,https://lichess.org/BIFldL1u#67,
Pmq37,8/ppqbb1k1/3p4/3B2r1/3PQpP1/N1PK4/PP2pr2/4R1R1 b - - 1 33,e7f6 g1h1 g5d5 h1h7 g7f8 e4g6 d7b5 a3b5 c7h7 g6h7,2193,155,81,19,crushing exposedKing middlegame quietMove sacrifice veryLong,https://lichess.org/lQch0xu9/black#66,
Pn85z,2r3k1/1b3pp1/4n2p/pp3R2/2Pp4/1P1Bb1qP/P1Q3PN/5R1K w - - 6 28,f5f7 e3f4 f1f4 e6f4 f7b7 f4d3,2163,79,76,42,advantage long middlegame quietMove,https://lichess.org/BNZtEJNS#55,
PnGOQ,8/6p1/6p1/K1kBp3/P3P1P1/2P2P2/1r1b4/7R w - - 9 43,h1h7 b2b6 h7h8 d2c3,2100,103,54,75,endgame mate mateIn2 pin quietMove short,https://lichess.org/sLgolI2T#85,
PnTIY,2k5/8/2p4b/1p1p4/8/4p1qP/2P3P1/1R3Q1K w - - 2 37,f1f3 h6f4 f3g3 f4g3,2136,75,95,3014,crushing endgame master quietMove short,https://lichess.org/fwgK416i#73,
Pnct4,8/8/5p2/2pprk1p/1P4pP/2PKR1P1/6P1/8 b - - 0 37,c5c4 d3d4 f5e6 b4b5 e6d6 b5b6,2199,80,80,154,crushing defensiveMove endgame long quietMove rookEndgame,https://lichess.org/p8hMKQMC/black#74,
Pnd0l,r3r2k/pp3Qpp/1np1p3/q3N3/4PP2/8/6PP/1R1R2K1 b - - 0 27,a5a4 e5g6 h7g6 d1d3 a4d4 d3d4,2175,77,91,662,crushing long middlegame quietMove sacrifice,https://lichess.org/B8vAbKIA/black#54,
PnpZM,5b2/8/3N4/3K3p/2P3kP/8/8/8 b - - 0 45,g4h4 c4c5 f8e7 d6f5 h4g5 f5e7,2109,75,86,411,crushing endgame fork long master quietMove,https://lichess.org/0bt1kVkW/black#90,
Pnunf,5k2/pp3rpQ/2p2q2/3pn2p/P6P/6P1/1PB2P2/5RK1 w - - 3 28,h7h5 e5f3 g1h1 f6e6 h1g2 f3e1 f1e1 e6e1,2184,108,76,17,crushing endgame fork quietMove veryLong,https://lichess.org/E2QoHgnl#55,
Po6H6,8/6pk/7p/5b2/Pp6/1Pr5/2p1RPPP/2R3K1 w - - 6 49,e2e3 f5d3 g2g3 c3b3 e3d3 b3b1,2181,151,100,11,crushing endgame long pin quietMove sacrifice,https://lichess.org/TF2wZOa3#97,
Po6iL,1r1r2k1/1p3ppp/p7/2P5/1P3n2/P4B2/1R3PPP/5R1K w - - 3 27,f1d1 d8d1 f3d1 b8e8 h2h3 e8e1 h1h2 e1d1 b4b5 a6b5,2174,82,84,46,advantage clearance endgame fork quietMove veryLong,https://lichess.org/K5pscvgD#53,
PoARG,2rr2k1/pp3p1p/4b1p1/3P4/1K1R4/4B3/P4PPP/1R6 b - - 2 21,e6d5 b1d1 a7a5 b4a5 d5a2 d4d8 c8d8 d1d8,2147,76,82,61,crushing endgame quietMove veryLong,https://lichess.org/im616svR/black#42,
PoYxd,5r2/6k1/4Pp1p/5K2/4B1P1/5P2/8/8 b - - 0 50,f8b8 e4c6 b8c8 e6e7 c8c6 e7e8q,2181,75,92,560,advancedPawn crushing endgame long promotion quietMove,https://lichess.org/pql2zlrc/black#100,
Pp2Ti,8/p5p1/2k1P2p/2p2P2/8/1P5P/6P1/6K1 w - - 0 37,g2g4 c5c4 b3c4 a7a5 h3h4 a5a4,2168,80,51,55,crushing defensiveMove endgame long pawnEndgame quietMove,https://lichess.org/sqrvaE5T#73,
Pp98d,8/7p/3k2p1/8/r2pK3/3P3P/6P1/2R5 w - - 4 41,c1c4 a4c4 d3c4 d6c5 e4d3 g6g5 g2g3 h7h5 g3g4 h5h4,2188,76,81,97,crushing defensiveMove endgame quietMove rookEndgame veryLong zugzwang,https://lichess.org/lRALzRxK#81,
PpLDp,8/5kn1/r3qN2/1p1pP1Q1/n1pP4/2P4P/6P1/R5K1 b - - 0 42,a4c3 a1f1 c3e2 g1h1 e2d4 g2g4 d4f5 g4f5 e6e5 g5g6 f7f8 f6d7,2114,103,85,23,crushing defensiveMove exposedKing middlegame quietMove veryLong,https://lichess.org/bSZ8tYIk/black#84,
Ppcj9,rb1q1rk1/1b2nppp/p3p3/np5Q/4NP2/1B1PBR2/PPP3PP/R5K1 b - - 5 17,a5b3 e4f6 g7f6 f3h3 d8d3 c2d3,2122,80,84,125,crushing long middlegame quietMove sacrifice,https://lichess.org/lyiQzdTk/black#34,Scandinavian_Defense Scandinavian_Defense_Blackburne_Gambit
PpmNw,8/8/8/8/6Kp/4k3/7P/8 b - - 0 50,e3f2 g4h4 f2g2 h2h3 g2f3 h4g5,2163,75,84,297,crushing endgame long pawnEndgame quietMove,https://lichess.org/bu52LpDG/black#100,
PpoUJ,2r3k1/1R2Qp2/6p1/p6p/7P/2P1Pq2/P4P2/6K1 w - - 0 24,b7c7 c8b8 e7f7 f3f7,2130,79,90,1355,crushing endgame quietMove short,https://lichess.org/Ygd2uJcx#47,
PqUaz,r5k1/p4p1p/p4K1B/8/1n6/7P/2P3P1/3R4 b - - 3 30,b4c2 d1d3 a8b8 d3g3,2123,76,84,88,advantage endgame quietMove short,https://lichess.org/cKtdNt6v/black#60,
PqYHj,4R3/1Q3pbk/1p4pp/p4b2/1BP2p1q/1P1P4/5PPP/7K b - - 2 27,a5b4 b7f7 h6h5 e8e7 h4e7 f7e7,2113,76,91,245,crushing endgame long quietMove,https://lichess.org/2nnaiJ5M/black#54,
PqpUi,1k6/p4p2/1p4p1/5p2/5P1P/5Q2/6PK/1q6 b - - 2 40,b1e4 f3e4 f5e4 g2g4 b6b5 h4h5 b8c7 h5h6,2138,75,94,2645,advantage endgame queenEndgame quietMove veryLong,https://lichess.org/ZT4RkZyW/black#80,
Prg0u,2kr4/p2n4/3Pp3/3p4/3P3q/2P2R2/P5K1/R2Q4 w - - 2 33,f3g3 d8h8 d1g4 h4h2 g2f1 h8f8 g3f3 h2h1 f1e2 h1a1 f3f8 d7f8,2161,74,84,120,advantage endgame exposedKing quietMove skewer veryLong,https://lichess.org/gMNfYhpp#65,
PrlGa,6r1/pk6/1p3p1b/3Q1Bn1/2P5/8/PPK1Pq2/R7 b - - 2 33,b7a6 f5d3 f2c5 d5g8,2184,76,90,3253,crushing middlegame quietMove short,https://lichess.org/r5YCcMxO/black#66,
Ps2UM,8/pp2R1p1/4N2k/3r3p/7K/4PP2/P3n3/8 w - - 2 40,e7g7 d5d1 g7h7 h6h7,2181,77,91,1766,crushing endgame quietMove short,https://lichess.org/w4ziYUV2#79,
Ps4Yh,3r3r/p4kp1/1p2q1p1/2p1Pp2/3PpB2/PbP1R1Q1/1P1R2PP/6K1 b - - 6 25,e6c4 d4d5 c4d5 d2d5,2122,138,55,20,advantage middlegame quietMove short,https://lichess.org/PH9mCCHX/black#50,
Ps5iG,6k1/2R4p/1rp1N1p1/1p1p4/1b1P2KP/8/5P2/8 b - - 3 34,b4d6 c7g7 g8h8 g7d7 b6b8 d7d6 b5b4 d6c6 b4b3 c6c1 b3b2 c1b1,2189,75,90,2173,advantage endgame quietMove veryLong,https://lichess.org/Ghm1gUXJ/black#68,
PsGg0,8/2p1k1p1/1pP1pp1p/1P2P3/2K3PP/4P3/8/8 w - - 0 35,c4d4 f6f5 g4f5 e6f5 e3e4 f5f4 h4h5 e7e6,2176,79,90,188,crushing endgame pawnEndgame quietMove veryLong zugzwang,https://lichess.org/FJoG8J7Q#69,
PsPYa,8/5p2/1n1k4/3p2p1/1N1K1P1p/4P2P/6P1/8 b - - 0 48,f7f6 f4f5 b6d7 b4d5,2149,97,83,35,advantage endgame knightEndgame quietMove short zugzwang,https://lichess.org/kBlrU7b1/black#96,
PsffD,8/8/7p/p4p2/P2k1P1P/1K4P1/8/8 w - - 1 40,b3a3 h6h5 a3b3 d4d3,2172,143,88,37,crushing defensiveMove endgame master pawnEndgame quietMove short,https://lichess.org/2laIhyGc#79,
PsyHA,r4rk1/p4p1p/bqpp2pQ/2p3P1/4PpP1/2NP1R2/PPP4P/R6K b - - 1 17,b6b2 f3h3 b2a1 h1g2 f8e8 h6h7 g8f8 h7h8 f8e7 c3d5 c6d5 h8a1,2195,77,93,5715,advantage defensiveMove discoveredAttack middlegame quietMove sacrifice veryLong,https://lichess.org/EmTm9MIs/black#34,Sicilian_Defense Sicilian_Defense_Closed
PtWH7,3k3r/1p4p1/pN6/2P3P1/1P6/5n1p/P1P2P2/3K3R w - - 6 31,g5g6 h8e8 b6c4 e8e1 h1e1 f3e1 d1e1 h3h2,2197,75,93,7154,advancedPawn advantage endgame quietMove sacrifice veryLong,https://lichess.org/32pL15Pz#61,
Ptg4e,2r2r1k/1pq2p1p/p3pPp1/3pP3/PP1P1Q2/8/4N1PP/R5K1 b - - 3 23,c7b6 f4h6 f8g8 a1a3 g6g5 a3h3 c8c1 g1f2 b6d4 e2d4,2172,76,91,360,crushing endgame quietMove veryLong,https://lichess.org/Z84iX24n/black#46,
PtlZZ,1r1q1rk1/1p1bbp1p/p2p1p1Q/2pN4/2P5/N4P2/PP3P1P/R4RK1 b - - 0 17,d7e6 g1h1 g8h8 f1g1 f8g8 g1g8 d8g8 d5e7 g8g5 h6g5,2106,77,94,2061,clearance crushing kingsideAttack middlegame quietMove veryLong,https://lichess.org/UMtgFTa0/black#34,Philidor_Defense Philidor_Defense_Exchange_Variation
Ptxpo,8/7p/6p1/1p2k3/2pp2PP/P2P1K2/2P5/8 w - - 0 36,f3g3 c4d3 c2d3 h7h6 g4g5 h6g5 h4g5 e5f5 g3f3 f5g5,2138,129,85,30,crushing endgame pawnEndgame quietMove veryLong,https://lichess.org/60CN8GFP#71,
PtyuM,3r2k1/RR3pp1/7p/4P1b1/8/p5BP/r4PP1/6K1 w - - 1 38,f2f4 d8d1 g1h2 a2a1 g3f2 g5f4,2101,80,91,989,advantage endgame long quietMove,https://lichess.org/XVKBw1E5#75,
PuIyn,8/5p2/5kp1/1R5p/5P1P/5P2/7r/5K2 w - - 1 45,b5b6 f6f5 b6b7 f7f6 b7b6 h2h4 f1g2 h4f4,2132,76,87,118,crushing defensiveMove endgame quietMove rookEndgame veryLong,https://lichess.org/5NqcVmyR#89,
PuYMl,5R2/8/8/2kp1P2/6K1/3r4/8/8 b - - 0 65,d5d4 f5f6 c5d5 f8e8 d3d1 f6f7,2104,79,88,57,advancedPawn crushing endgame long quietMove rookEndgame,https://lichess.org/mqdONjUh/black#130,
PufOq,Q7/ppp2k2/4bB2/3pPp1p/7P/8/PPPq3P/R4K2 w - - 0 28,a1e1 f5f4 e1e2 d2d1 f1f2 f4f3 a8d8 d1e2,2103,154,100,8,crushing endgame exposedKing quietMove veryLong,https://lichess.org/MJvIb3dc#55,
PvYkf,6k1/2r3p1/1q2p2p/3p4/1Pn1p3/P3P1P1/1b3P1P/1NRQ1BK1 w - - 6 33,c1c2 c4e3 f2e3 b6e3 g1h1 b2d4 d1d4 e3d4,2156,76,95,1599,crushing kingsideAttack middlegame quietMove veryLong,https://lichess.org/tRKazCnl#65,
PvdPb,R7/7p/6p1/7k/p4K1P/r4PP1/8/8 b - - 0 44,h5h6 a8a7 a3d3 g3g4 g6g5 h4g5,2107,75,87,169,crushing endgame long quietMove rookEndgame,https://lichess.org/pv7CiJzJ/black#88,
PvfDF,8/4k1p1/7p/8/K6P/2P5/8/8 w - - 1 48,a4b5 g7g5 h4g5 h6h5 c3c4 h5h4 c4c5 h4h3 g5g6 h3h2 g6g7 e7f7 g7g8q f7g8 c5c6 h2h1q,2175,78,92,344,advancedPawn crushing endgame pawnEndgame promotion quietMove veryLong,https://lichess.org/qZPNn9EH#95,
PvkfQ,2r1k2r/qb3p1p/p2Qp1pP/1p4P1/4PP1R/PnP2B2/1P3N2/R3K3 b Qk - 0 25,b3a1 f2g4 a7g1 e1e2,2172,75,91,461,crushing master middlegame quietMove short,https://lichess.org/bPnL0cUA/black#50,
PwO7f,r2q1r1k/1pp3pp/p1pb1pn1/7b/2Q1P1P1/1P3N1P/PBP2P2/RN1R2K1 b - - 0 14,d6h2 g1h2 d8d1 b1d2 d1d2 f3d2,2131,95,100,22,advantage long master middlegame quietMove sacrifice trappedPiece,https://lichess.org/RyBztxhh/black#28,Ruy_Lopez Ruy_Lopez_Exchange_Variation
PwQYa,5k2/P4p2/1K6/4P2p/4b3/1P3p2/5B2/8 b - - 0 46,f8e7 b6c7 e7e6 b3b4 h5h4 f2h4,2195,86,84,263,bishopEndgame crushing endgame long quietMove,https://lichess.org/Kl63oTDo/black#92,
PwUDU,r1q1b1k1/p3br1p/3p1pNR/1pp5/4P3/PQ1R4/1P3PPP/6K1 b - - 0 24,h7g6 d3h3 c8h3 b3h3,2134,78,83,134,advantage middlegame quietMove short,https://lichess.org/KOrucu1l/black#48,
PxMkz,1k1rr3/2pq1p2/Q2p2nR/3N2p1/4P3/3R1n2/PPP2b2/1K6 b - - 1 32,f3d4 d3a3 d7c6 a3b3 d4b3 a6c6,2190,87,81,35,advantage deflection long middlegame quietMove,https://lichess.org/fWhsXIbH/black#64,
PxrTk,r2q1rk1/p1nn1ppp/bp2p3/3pP3/1b1P1B2/1P3N2/P1BN1PPP/R2QR1K1 w - - 3 15,c2h7 g8h7 f3g5 h7g8 d1h5 a6d3 d2e4 d3e4,2177,195,68,13,equality hangingPiece opening quietMove veryLong,https://lichess.org/0vIKTKZD#29,
PxyyE,3r2k1/pp1n1ppp/4p1b1/1P2n3/2P1p3/P1B3N1/4BPPP/3R2K1 b - - 2 18,f7f6 c3e5 f6e5 c4c5 g8f7 c5c6,2121,76,90,2610,crushing long middlegame quietMove,https://lichess.org/nx9G9x3r/black#36,Queens_Gambit_Declined Queens_Gambit_Declined_Marshall_Defense
PyA5G,r4b1N/pp1kpQpp/3p4/q1pN4/2PnPP2/3P4/PP1K1nP1/R1B1R3 w - - 1 21,b2b4 a5a4 b4c5 f2g4 f7f5 d4f5,2108,119,-33,29,advantage long middlegame quietMove,https://lichess.org/vxD2R2YD#41,
PyFVf,r1b3k1/pp4pp/1b1qp3/8/2pPN3/P3B3/1P1Q2PP/5RK1 b - - 3 20,d6d5 d2f2 d5f5 f2h4,2180,79,87,666,advantage middlegame quietMove short,https://lichess.org/kbXHh8z8/black#40,
PyO17,r7/pp1qnk1Q/2pp4/3P4/8/3B4/PPP3PP/6K1 b - - 1 25,f7f8 d3g6 e7g6 h7d7,2140,76,89,1090,crushing endgame quietMove short,https://lichess.org/c2ggEZkv/black#50,
PyiCJ,8/p7/1p6/2p1k1N1/2P3P1/Pn2K3/8/8 b - - 0 48,b3d4 g5f3 d4f3 e3f3 e5d4 g4g5 d4e5 f3g4,2199,85,88,532,crushing defensiveMove endgame knightEndgame master masterVsMaster quietMove veryLong,https://lichess.org/8riksRU5/black#96,
PynaG,1kr5/1pN3p1/1P6/3pp3/3n4/6Pp/7P/2R3K1 b - - 0 33,e5e4 c1a1 c8c7 a1a8 b8a8 b6c7,2188,76,92,193,advancedPawn advantage endgame long quietMove sacrifice,https://lichess.org/T1GJd9uN/black#66,
PysxB,8/6kp/1r4p1/1P2ppP1/2B5/P4P2/7P/1K6 b - - 0 35,g7f8 a3a4 b6d6 a4a5 d6d4 a5a6 d4c4 a6a7 c4a4 b5b6,2156,78,92,112,advancedPawn advantage endgame master quietMove sacrifice veryLong,https://lichess.org/A2w33bUU/black#70,
PyzYs,8/1p6/p1b3p1/4R1k1/r3p3/1r2N3/4R1PK/8 b - - 1 46,g5h6 e3g4 h6g7 e2f2 b3f3 g2f3,2116,75,93,5143,advantage endgame long quietMove,https://lichess.org/bQxvfdas/black#92,
Pz4H9,r1bq1k1r/pp4bp/4ppp1/1B1p2B1/1Q5P/8/PP3PP1/R1R3K1 b - - 1 25,d8e7 g5d2 e7b4 d2b4,2187,133,83,20,advantage middlegame quietMove short,https://lichess.org/8X5RaYpz/black#50,
PzIdU,r1r3k1/1b1n2pp/1qn1p3/1p1pPp2/p2P1N2/5N2/PP1Q1PPP/KBRR4 w - - 0 19,f4e6 c6a5 c1c8 b7c8,2121,76,90,388,advantage middlegame quietMove short,https://lichess.org/MfMXnqvN#37,French_Defense French_Defense_Tarrasch_Variation
Pzisq,8/ppk2R2/2p5/2P5/P2r2Pp/7P/7K/8 b - - 1 40,d4d7 f7d7 c7d7 a4a5 d7e6 h2g2,2151,107,67,33,crushing defensiveMove endgame long quietMove rookEndgame,https://lichess.org/ERge1XPG/black#80,
Q083L,6k1/1p6/p2N4/6pp/8/2P5/PP6/1K6 w - - 0 36,d6b7 g5g4 b7d6 g4g3 d6e4 g3g2,2139,77,94,1904,advancedPawn crushing endgame knightEndgame long quietMove,https://lichess.org/6mZAvxqq#71,
Q088r,8/8/pp2pk1p/3p2b1/3P2P1/1P2B2P/P3K3/8 b - - 0 41,g5e3 e2e3 e6e5 d4e5 f6e5 h3h4 d5d4 e3d3,2146,78,90,1641,crushing endgame quietMove veryLong,https://lichess.org/irZJFnqG/black#82,
Q0J7E,r1b5/ppp4k/6pp/2b2r2/2N2P1q/2P5/PPQB2PP/4RRK1 w - - 1 21,g1h1 f5h5 c2g6 h7g6,2195,100,66,32,crushing middlegame quietMove short,https://lichess.org/B5Fcfu3K#41,
Q0Un9,6k1/p5pp/P2p3b/2p1p2n/2P1P3/1P3rPq/5P2/R2Q1RK1 b - - 3 23,h5g3 d1f3 g3e2 f3e2 h6f4 f2f3 f4e3 f1f2 h3g3 g1f1,2186,76,90,862,crushing hangingPiece middlegame quietMove veryLong,https://lichess.org/otdpcO0o/black#46,
Q0W0R,7k/8/2p2N2/1pP1pPp1/1P2P3/2K2n2/8/8 w - - 0 41,f6d7 g5g4 c3d3 g4g3 f5f6 h8g8 d3e3 g3g2 e3f3 g2g1q,2153,76,90,733,advancedPawn crushing endgame knightEndgame promotion quietMove veryLong,https://lichess.org/NlaFBLIU#81,
Q0Yuk,8/8/p6p/k5p1/2K3P1/2P4P/8/8 b - - 0 40,a5a4 c4d5 a4b3 c3c4 a6a5 c4c5 a5a4 c5c6 a4a3 c6c7 a3a2 c7c8q,2161,76,95,385,advancedPawn crushing endgame pawnEndgame promotion quietMove veryLong,https://lichess.org/TVsAdq2R/black#80,
Q0bJu,3r2k1/1b2qppp/pQ6/1p6/2P1r3/P5BP/BPP2PP1/R5K1 w - - 3 23,c4b5 e4e1 a1e1 e7e1 g1h2 d8d1 a2f7 g8h8,2128,76,89,922,crushing defensiveMove kingsideAttack middlegame quietMove veryLong,https://lichess.org/9kh6RcTf#45,
Q0lte,r4q2/p1R1p1bk/1p4r1/8/4Q3/7P/PPP2P2/R4K2 b - - 4 26,f8f6 e4a8 f6g5 a8h1 g5b5 c2c4,2165,110,85,31,crushing hangingPiece long middlegame quietMove,https://lichess.org/8i71YX1R/black#52,
Q14fU,8/3Q3p/2P4k/3P2r1/P3q3/6P1/5P2/5RK1 w - - 1 47,d5d6 g5h5 f2f3 e4e2,2116,77,85,85,crushing endgame quietMove short,https://lichess.org/7Em1ZyvA#93,
Q1C0H,r6k/p1p1R3/7p/1p3p1q/2pP1P2/2P5/PPQ2P2/2K5 w - - 2 27,e7c7 a8e8 c2d1 h5h2,2140,110,52,14,advantage endgame quietMove short,https://lichess.org/ZFAyHe0y#53,
Q1NRU,8/pp6/7p/K3B3/2kP4/4R3/Pr5P/8 w - - 1 43,a2a4 b2b6 e3c3 c4c3,2123,74,95,342,crushing endgame quietMove short,https://lichess.org/VMoPjSk1#85,
Q1Nxb,7r/2R5/4pk2/1p3pq1/p2P2n1/P3PQP1/1P3P2/1B4K1 w - - 2 32,f3b7 g5h5 b7f3 h5h2 g1f1 h2h1 f3h1 h8h1 f1e2 h1b1,2144,76,91,1165,crushing endgame master quietMove skewer veryLong,https://lichess.org/YUv1HYDL#63,
Q1O8f,5k2/2R1n1p1/KP5p/6p1/8/P4P2/1r5P/8 b - - 12 53,b2a2 c7c3 e7c6 c3c6,2133,81,79,55,advantage endgame quietMove short,https://lichess.org/4fcxxDqQ/black#106,
Q1Rw4,q1r3k1/5ppp/1Q6/6PP/8/4Bn2/PPb5/K2R3R w - - 2 30,d1d7 f3d4 h1e1 d4b3 b6b3 c2b3,2182,108,51,27,advantage long middlegame pin quietMove,https://lichess.org/Akg6Iw24#59,
Q1Whj,8/5p2/8/b6K/6PP/1k6/8/8 b - - 0 48,f7f6 h5g6 b3c4 h4h5 a5d2 g6f6,2179,76,93,2606,bishopEndgame crushing endgame long quietMove,https://lichess.org/dgriq3b4/black#96,
Q1bhd,r1b2rk1/4ppbp/p2p1npB/1p4Q1/3NP2P/1PN2P2/1qPK2P1/3R3R b - - 0 16,b5b4 c3e2 f6e4 f3e4,2186,75,80,181,advantage middlegame quietMove short,https://lichess.org/IOS244Tz/black#32,Sicilian_Defense Sicilian_Defense_Accelerated_Dragon
Q2K0l,3r1bk1/5qp1/4R3/8/4Q3/Pp1p4/1Pr4P/KN4R1 b - - 0 42,d8a8 e6h6 f7c4 e4h7,2126,78,86,55,advantage master middlegame pin quietMove short,https://lichess.org/Myp8m2Cs/black#84,
Q2xJy,8/5p2/2N3k1/p1r5/2p2n2/P7/1P3P2/2R2K2 w - - 2 40,c6d4 c5h5 f1g1 h5d5 c1c4 d5d4,2143,135,55,25,crushing endgame long quietMove,https://lichess.org/cifSsvV3#79,
Q35lj,8/8/4r3/2R2kpp/4p2P/5PK1/6P1/8 b - - 1 43,e6e5 f3e4 f5e4 c5e5 e4e5 h4g5 e5f5 g3h4 f5g6 g2g3 g6f5 h4h5,2115,79,91,3427,attraction crushing endgame pin quietMove rookEndgame veryLong zugzwang,https://lichess.org/UxNBQPoV/black#86,
Q3Dlf,2r3k1/pp1b1p2/4p1p1/q2pP3/3P1PQ1/2rB3R/2P3P1/2RK4 b - - 1 27,a5a3 g4h4 c3d3 h3d3,2197,76,93,2387,advantage middlegame quietMove short,https://lichess.org/HkKVOIXZ/black#54,
Q3uvT,8/p6p/8/p1p1k1p1/2P1P1P1/1P2K2P/P7/8 w - - 0 32,a2a3 a5a4 b3a4 a7a5 e3f3 e5d4 e4e5 d4e5,2191,75,85,218,crushing endgame pawnEndgame quietMove veryLong zugzwang,https://lichess.org/ArY0VSU9#63,
Q4caB,8/8/1pk2p1p/p3p1p1/PPK1P3/5P1P/6P1/8 b - - 0 36,h6h5 b4a5 b6a5 g2g3 c6d6 c4b5,2152,76,90,747,crushing endgame long pawnEndgame quietMove,https://lichess.org/eUiMvD3g/black#72,
Q4exg,4rr2/P1pq3k/1pNp3p/1P1P2pb/2P1pp2/4P1P1/1Q3P1P/1R2R1K1 w - - 0 35,e3f4 h5f3 b2e2 f3e2,2118,75,90,94,crushing middlegame quietMove short,https://lichess.org/h6mOt0nO#69,
Q4scg,5r1k/p4B1p/1p5b/5p2/P7/1Q3P2/1P3q1P/3R3K w - - 0 31,d1g1 h6e3 b3d1 f2g1 d1g1 e3g1,2133,81,78,91,crushing endgame long master masterVsMaster quietMove,https://lichess.org/aPheMpxk#61,
Q4wlW,6R1/1b3p1k/p2p3p/1ppP4/6Q1/7P/P5PK/q7 b - - 12 40,b7d5 g8e8 a1g7 g4f5 g7g6 f5d5,2196,109,85,36,crushing endgame fork long quietMove,https://lichess.org/x1w3HvN4/black#80,
Q52eW,8/5p1p/5p2/2p4k/2P2P2/2K1PP1P/8/8 w - - 3 46,c3d3 f6f5 d3c2 h5h4,2188,79,91,1514,crushing endgame pawnEndgame quietMove short,https://lichess.org/O0GjFAA8#91,
Q57jr,8/7p/5k2/4pp2/1P3P2/6K1/8/8 w - - 0 48,f4e5 f6e5 b4b5 h7h5 b5b6 e5d6 b6b7 d6c7 b7b8r c7b8,2148,76,86,215,crushing endgame pawnEndgame quietMove veryLong,https://lichess.org/DYb361Cy#95,
Q5B98,8/8/3K4/Q4p2/P2q1k2/8/8/8 w - - 1 59,d6e7 d4e5 a5e5 f4e5 a4a5 e5d5 a5a6 d5c6 a6a7 c6b7 a7a8q b7a8 e7e6 f5f4 e6d5 f4f3 d5d4 f3f2,2111,77,85,49,advancedPawn crushing endgame queenEndgame quietMove veryLong,https://lichess.org/p4eyMm7G#117,
Q5Ma2,1Q5r/7k/6p1/3pP3/3P4/1P2q2p/P6P/6RK w - - 1 33,b8b7 h7h6 b7d5 h8c8 g1g6 h6g6,2134,111,52,21,crushing endgame long quietMove,https://lichess.org/PlOOHB6X#65,
Q5aXb,8/8/8/p1p4p/2P1k3/1P2p2P/P2K2P1/8 w - - 0 42,d2e2 h5h4 a2a3 e4d4,2139,78,91,822,crushing endgame pawnEndgame quietMove short,https://lichess.org/C8wR8fDi#83,
Q64QD,8/2p2ppp/1pk1p3/p3P3/P1P3P1/2K2P1P/1P6/8 w - - 3 29,b2b4 a5b4 c3b4 g7g5 c4c5 b6c5,2164,78,91,940,crushing endgame long pawnEndgame quietMove zugzwang,https://lichess.org/WPj91M2y#57,
Q6lS3,rnbq1rk1/ppp1b3/3pp2Q/8/4P2P/2NP4/PPP2PP1/R3K2R b KQ - 0 13,g8f7 h6h5 f7g7 h1h3 f8f7 h3g3,2168,79,99,264,advantage long middlegame quietMove,https://lichess.org/5SDUEhUG/black#26,Zukertort_Opening Zukertort_Opening_Basman_Defense
Q6rUT,4r3/6k1/P7/7p/7P/B1PB1pp1/2P5/5K2 w - - 0 42,a6a7 g3g2 f1f2 e8e1 f2e1 g2g1q,2128,89,77,47,advancedPawn attraction crushing deflection endgame long promotion quietMove,https://lichess.org/FO31g8SU#83,
Q7Fwd,r4r2/1p4k1/p1pp2p1/5q2/2PpRR2/1P4QP/P6K/8 b - - 1 33,f5h5 e4e7 g7g8 f4g4 f8f6 g4h4 f6f3 g3e1 f3e3 e7e3,2112,164,82,11,crushing endgame quietMove veryLong,https://lichess.org/GdzFMKWM/black#66,
Q7HGT,2r2b1k/1p1R2pp/p3q3/3p4/8/1PP3Q1/P2B2PP/7K w - - 0 25,d7b7 e6e2 g3e1 c8e8 e1e2 e8e2 g2g4 e2d2,2183,75,93,457,advantage endgame quietMove veryLong,https://lichess.org/ho5rfpFF#49,
Q7mTR,8/1q3pk1/p7/6QP/2p3p1/2N3P1/PP3P1K/4r3 b - - 6 35,g7h7 c3d5 e1e6 d5f6 e6f6 g5f6,2111,74,91,772,crushing endgame exposedKing long quietMove,https://lichess.org/126Q4W03/black#70,
Q7sGo,1rb3k1/1p1p1p1p/p1n4B/3N1p2/B1P1r3/8/P5PP/R5K1 b - - 5 20,e4c4 d5f6 g8h8 a1e1 c4e4 f6e4,2185,75,92,579,crushing long middlegame quietMove,https://lichess.org/KTr6mx2y/black#40,
Q7yAE,2krr3/pbpq1ppp/8/8/4n3/3Q1N2/PP1BPPPP/2KR1B1R b - - 8 13,d7d3 e2d3 e4f2 h1g1 f2d1 c1d1,2156,79,86,95,advantage long middlegame quietMove,https://lichess.org/ICSc7xmA/black#26,Queens_Gambit_Declined Queens_Gambit_Declined_Chigorin_Defense
Q82Qx,6B1/8/1p3b2/1Pp2P2/2P3p1/8/4K3/6k1 w - - 2 61,g8d5 f6d4 d5b7 g4g3 e2f3 g1h2,2145,125,82,10,bishopEndgame crushing defensiveMove endgame long quietMove,https://lichess.org/VvuUMZ5e#121,
Q8OjX,2r2rk1/p2qp1b1/3p1p2/1ppN1P2/4P1Q1/3P3R/PPn3PP/R5K1 b - - 1 20,c2a1 d5f4 a1c2 f4e6 d7e6 f5e6,2148,117,13,33,crushing long middlegame quietMove,https://lichess.org/Gnj7HlLG/black#40,
Q8kQ7,2r3k1/3qn3/bp5p/pN1P2p1/P3PNP1/7P/1P3Q2/5RK1 b - - 0 34,a6b5 f4h5 b5f1 h5f6,2105,74,92,6792,crushing middlegame quietMove sacrifice short,https://lichess.org/DMmfJFOc/black#68,
Q8ot5,r2q1r1k/2p1bppB/pn2p3/1p1bP3/3P4/5N2/PPQ2PPP/R1BR2K1 w - - 1 16,h2h3 d5f3 g2f3 g7g6 c2d2 h8h7,2150,76,91,2132,advantage interference long opening quietMove trappedPiece,https://lichess.org/HwitH6Wz#31,Queens_Gambit_Accepted Queens_Gambit_Accepted_Old_Variation
Q9inU,8/8/3k4/p1p3pp/1PK1pp2/P1P5/5PPP/8 b - - 0 33,c5b4 c3b4 a5b4 a3b4 d6e5 b4b5 g5g4 b5b6,2150,75,94,186,crushing endgame pawnEndgame quietMove veryLong,https://lichess.org/zrXqohww/black#66,
Q9j0L,8/6k1/4p2p/2P1P1p1/3BQ3/4P2K/5q2/8 w - - 4 58,c5c6 h6h5 c6c7 g5g4 e4g4 h5g4,2120,77,83,132,crushing endgame exposedKing long quietMove,https://lichess.org/TTKG4zrQ#115,
Q9sWw,r4k1r/ppp2ppp/8/8/5B2/6Pq/P1P2P2/Q3R1K1 b - - 0 18,a8e8 e1e8 f8e8 a1g7 h8f8 f4h6 h3h5 g7f8,2197,83,95,7758,crushing endgame quietMove veryLong,https://lichess.org/ejfwyM6O/black#36,Kings_Pawn_Game Kings_Pawn_Game_Other_variations
QA03L,r2qr1k1/1ppb2pN/p3p1Q1/3pPn2/5Pn1/2N4P/PPP5/R4RK1 b - - 0 23,f5e3 h3g4 d8h4 h7f6 g8h8 f1f2 h4g3 g1h1,2144,113,79,20,crushing middlegame pin quietMove veryLong,https://lichess.org/PXWCBtyX/black#46,
QAMoP,r2q1rk1/pb3ppp/8/3pb3/8/1BPQ4/P3N1PP/1R3RK1 b - - 0 18,f8e8 b3c2 e5h2 g1h2,2191,79,84,228,advantage middlegame quietMove short,https://lichess.org/xmAKCQ4i/black#36,Sicilian_Defense Sicilian_Defense_Sozin_Attack
QAXNS,r2q3r/ppp3pp/3bk3/3N4/4P1n1/3P4/PPQ3PP/R1B1K2R w KQ - 2 13,e1g1 d6h2 g1h1 d8h4 c1g5 h4h5 g2g3 h2g3,2195,84,80,60,advantage discoveredAttack kingsideAttack middlegame quietMove veryLong,https://lichess.org/oE21yIat#25,Bishops_Opening Bishops_Opening_Vienna_Hybrid
QAc81,3rr3/1kp1N1pp/p4p2/4n3/4Q3/q1P4P/3B1PP1/3R2K1 b - - 1 26,b7a7 d1b1 d8b8 e7c6 e5c6 d2e3 c6d4 e4d4,2190,117,70,22,crushing fork middlegame quietMove sacrifice veryLong,https://lichess.org/Xa6yRlIf/black#52,
QAdgi,1k5r/pPn2p2/4p1pp/8/2Br4/5K2/P4P2/1RR5 b - - 8 34,c7d5 c4a6 d5c7 c1c7 b8c7 b1c1 c7b6 c1c8 b6a6 b7b8q h8c8 b8c8,2120,72,94,11477,advancedPawn advantage attraction endgame promotion quietMove sacrifice veryLong,https://lichess.org/zYXvfxao/black#68,
QArIC,8/1r1q1ppk/4p3/2ppP1Qp/5B1P/2P5/2P2PPK/8 b - - 15 37,g7g6 g5h6 h7g8 f4g5 f7f5 h6g6,2147,76,92,1959,clearance crushing endgame long quietMove,https://lichess.org/XKE7JgiM/black#74,
QAukc,r2q1k1r/p3b1pp/4Q3/1B6/8/2N5/P1Pn1PPP/3R2K1 b - - 4 21,a8b8 b5c4 d2c4 d1d8 b8d8 e6c4,2110,74,94,8055,advantage long middlegame quietMove,https://lichess.org/R6738aoN/black#42,
QB9oh,1qn3k1/5pbp/Qp1ppnp1/1P6/P2PP3/7P/1B1N1PP1/4N1K1 w - - 0 23,e1d3 f6e8 d3b4 e8c7 b4c6 c7a6 c6b8 a6b8,2132,76,94,1847,advantage middlegame quietMove trappedPiece veryLong,https://lichess.org/DemqiqWo#45,
QCSjj,r4rk1/2q2p2/2b3pQ/pp1pp1N1/3RnB2/1PP4P/1P3PP1/R5K1 b - - 1 22,e4g5 f4g5 f7f6 d4h4 c7g7 h6g7 g8g7 g5h6 g7g8 h6f8,2180,76,94,2517,advantage attraction kingsideAttack middlegame quietMove skewer veryLong,https://lichess.org/IwMfL1z9/black#44,
QCbON,8/p1pk2p1/1p1p1bp1/1P1K2B1/P1P4P/8/2P5/8 b - - 10 43,f6d8 g5d8 d7d8 d5e6 d8e8 c2c3 e8f8 e6d7,2126,75,94,6691,bishopEndgame crushing endgame quietMove veryLong zugzwang,https://lichess.org/XDWrzpQE/black#86,
QCo72,8/2p5/8/p4k2/1p6/4K3/1PP2P2/8 w - - 0 38,e3d4 a5a4 d4c4 c7c5,2157,84,100,45,crushing defensiveMove endgame pawnEndgame quietMove short,https://lichess.org/Z1y74qYu#75,
QD2ZL,8/5Rk1/7p/p4p2/2B2P1P/r5P1/6K1/4b3 b - - 0 44,g7g6 h4h5 g6h5 f7g7 a3g3 g7g3 e1g3 g2g3,2166,75,87,97,crushing endgame quietMove veryLong,https://lichess.org/mfgxDCvZ/black#88,
QDK9I,7k/8/8/p2p2K1/2pP4/2P3P1/1n2N3/8 w - - 1 44,g5f5 b2d3 f5e6 a5a4 e6d5 a4a3 d5c4 a3a2,2162,87,79,31,advancedPawn advantage endgame knightEndgame quietMove sacrifice veryLong,https://lichess.org/yQZgq1ZW#87,
QE766,8/5k2/6p1/p5PN/1p6/8/P6P/5K2 w - - 0 45,h2h4 a5a4 h5f4 b4b3 a2b3 a4a3,2130,81,100,49,advantage endgame knightEndgame long master quietMove,https://lichess.org/0UdncnOQ#89,
QEp3S,r6r/pp1kp3/2p1Q3/6pp/3N4/2Pb2q1/PP3RP1/6K1 b - - 3 31,d7c7 e6e7 c7b6 f2f7 g3e1 e7e1,2115,84,83,39,crushing long middlegame quietMove,https://lichess.org/tw49OWbX/black#62,
QEt1c,1k6/pP4pp/8/3B4/2P5/P5P1/2r2r1P/1R4K1 b - - 1 28,f2h2 b1f1 c2b2 f1f8,2119,75,85,251,advantage endgame master quietMove short,https://lichess.org/PTSxjrkz/black#56,
QF8wz,2R5/8/3kp2R/p5p1/8/1r2bKP1/8/8 w - - 3 44,f3e4 e3b6 h6e6 d6e6,2140,146,-18,17,crushing endgame quietMove short,https://lichess.org/QbTgzrM5#87,
QFCXh,8/p4pkp/4p3/1P2Pp2/3p4/7P/PQ2B1PK/2r1r3 w - - 0 32,e2f3 f5f4 g2g4 d4d3 b2c1 e1c1,2162,81,67,40,crushing endgame long quietMove,https://lichess.org/U0ZBxSBv#63,
QFPSD,8/8/8/2p2k1p/5P2/4K3/7P/8 w - - 0 46,h2h3 h5h4 e3f3 c5c4 f3e3 c4c3,2135,79,53,54,crushing endgame long pawnEndgame quietMove,https://lichess.org/9pVGsQWz#91,
QFxQr,5r2/ppk5/2p1RN2/5nPp/1P6/2P4P/P7/6K1 w - h6 0 31,f6e8 c7d7 e6e5 f5h4 e5e4 h4f3 g1g2 f3g5,2109,75,88,80,advantage defensiveMove endgame exposedKing quietMove veryLong,https://lichess.org/2T5Nymsx#61,
QGCMk,3r1k2/pb5p/3qpp2/4N3/2Pp1P1P/1P4Q1/P6K/5R2 b - - 3 31,d6a3 f1g1 a3b2 h2h3 b2c3 e5d3 f8e7 g3g7,2177,84,81,54,crushing defensiveMove endgame quietMove veryLong,https://lichess.org/enwMbEQD/black#62,
QGUFq,8/1p6/p7/2ppk2p/P6P/5KP1/1PP5/8 b - - 1 40,e5f5 a4a5 d5d4 b2b3,2130,76,92,3179,crushing defensiveMove endgame pawnEndgame quietMove short zugzwang,https://lichess.org/ulFWQfng/black#80,
QGdEh,8/5pkp/6p1/p1P1R3/Pb6/3r2P1/3p1PKP/1R6 w - - 1 33,c5c6 d2d1q b1d1 d3d1 e5c5 d1d8 c6c7 d8c8,2130,78,86,54,advancedPawn crushing endgame promotion quietMove veryLong,https://lichess.org/TwFJUzud#65,
QGjfY,r1b1r1k1/ppp1qppp/5n2/2b5/3NP3/1PN1B3/1PP3PP/R2QR1K1 b - - 0 14,f6e4 c3e4 e7e4 e3f2 c8g4 e1e4 g4d1 e4e8 a8e8 a1d1,2149,79,91,5736,advantage discoveredAttack opening quietMove veryLong,https://lichess.org/yd8tFm1E/black#28,Italian_Game Italian_Game_Giuoco_Pianissimo
QGtJa,8/8/p7/1p1Q2p1/8/1P2q1PP/4k2K/8 w - - 13 47,d5c6 e3f2 c6g2 a6a5 g2f2 e2f2,2179,84,87,57,crushing endgame long master queenEndgame quietMove,https://lichess.org/iXWhaLxC#93,
QHJ9H,6rk/1R3R2/p4p2/3p4/1P1PbP1p/P5p1/8/6K1 w - - 0 47,f7f6 g8c8 f6h6 h8g8 b7b8 c8b8,2129,77,85,171,crushing endgame long quietMove,https://lichess.org/9v7RPX0M#93,
QHil6,8/4P3/2R1rBk1/1p1p2P1/pP5r/8/5K2/8 b - - 0 54,h4f4 f2g3 f4e4 f6e5 e6c6 e7e8q,2180,75,84,147,advancedPawn crushing defensiveMove endgame long pin promotion quietMove,https://lichess.org/9CLD5QgP/black#108,
QHmvf,3R4/5ppk/6rp/3P4/3B2b1/2P3Pq/2B2P2/1R4K1 w - - 5 40,c2g6 h7g6 d8g8 f7f6 b1b6 g6h7 g8g7 h7g7,2197,140,61,15,advantage endgame quietMove veryLong,https://lichess.org/4wI6noyu#79,
QHp7c,5rk1/2Q3b1/3n2p1/3Pp2p/2P1P3/3q2NP/R4P2/6K1 b - - 0 30,d6e4 a2a7 d3b1 g3f1 b1f1 g1f1,2156,89,87,63,crushing defensiveMove long middlegame quietMove,https://lichess.org/rkWPJnSf/black#60,
QHqRR,4r1k1/p1qb2p1/4p1Q1/3pPn2/2pP4/2P5/PrBN1P2/2R2RK1 b - - 0 26,c7d8 d2f3 b2c2 c1c2,2164,78,88,625,crushing middlegame quietMove short,https://lichess.org/eDSvxpnv/black#52,
QHsXU,6k1/2p2r1p/p2p2pQ/1p1P1p2/3p1P1P/PB1P2R1/1PP1r1RK/4q3 w - - 1 30,h4h5 e2g2 h2g2 f7e7 h6g6 h7g6,2184,76,92,3949,crushing long middlegame quietMove,https://lichess.org/ccfOs7e6#59,
QHwMK,8/8/6p1/5pKp/P6P/4n1P1/2k5/8 b - - 0 49,e3f1 a4a5 f1g3 a5a6 f5f4 g5f4,2121,77,90,2226,crushing endgame knightEndgame long quietMove,https://lichess.org/HzYlys52/black#98,
QHwu4,r1b2r2/ppp2pk1/3p2p1/2b1n3/4P2q/P1N5/1PP1BPPP/R1BQ1RK1 w - - 2 15,c1e3 f8h8 e3f4 h4f4,2170,75,91,3591,crushing middlegame quietMove short,https://lichess.org/Duzxk6j8#29,Scotch_Game Scotch_Game_Other_variations
QIIqZ,8/7p/1p4p1/2k2p2/p1P1pP2/2K1P1P1/P6P/8 b - - 0 45,h7h6 a2a3 b6b5 c4b5 c5b5 c3d4,2160,76,88,709,crushing endgame long pawnEndgame quietMove,https://lichess.org/f29hUCaF/black#90,
QIQkf,8/8/3kp3/P5p1/4K3/2P5/8/8 b - - 0 51,d6c5 c3c4 g5g4 e4f4 e6e5 f4g4,2107,77,97,530,crushing endgame long pawnEndgame quietMove zugzwang,https://lichess.org/aE0GyOIH/black#102,
QIUJd,6rk/5pp1/4n2p/7q/1p5P/8/1PP2QR1/1K4R1 w - - 0 36,f2d2 h5a5 g2g7 g8g7,2126,98,20,41,advantage endgame quietMove short,https://lichess.org/hGSXk1mE#71,
QIy7H,rnb1k2r/p3bpp1/2p2qnp/1p2p3/4P3/1BNQ1N2/PPP2PPP/R1BR2K1 w kq - 4 11,c3b5 c6b5 b3d5 b8c6 d3b5 c8d7,2100,77,84,131,advantage defensiveMove long middlegame quietMove,https://lichess.org/3grsKyH3#21,Kings_Pawn_Game Kings_Pawn_Game_McConnell_Defense
QJIgw,5bk1/1p3p2/1r2p1p1/1r1pP1P1/p1qP4/P1P4R/1PRQ4/K3B3 b - - 1 40,f8a3 d2h2 a3b2 c2b2 c4a2 a1a2,2159,79,90,727,crushing long master middlegame quietMove,https://lichess.org/npV47kWI/black#80,
QKDwA,8/8/4nK2/8/5kPP/5P2/8/8 b - - 4 52,e6d4 g4g5 d4f3 g5g6 f3h4 g6g7,2156,76,97,950,advancedPawn crushing endgame knightEndgame long quietMove sacrifice,https://lichess.org/8aufq3re/black#104,
QKeoE,8/5kp1/p7/1p3r1p/8/1P1PR2P/2P3P1/6K1 w - - 0 40,e3f3 f5f3 g2f3 a6a5 g1f2 a5a4 b3a4 b5a4 f2e3 a4a3,2189,79,91,966,crushing endgame master quietMove rookEndgame veryLong,https://lichess.org/dQoqtjyD#79,
QKuKV,r3k2r/p1pb1ppp/8/2QpP3/5B2/2P2PP1/PP2N2q/RN2K2n b Qkq - 1 14,h2g2 f4g5 g2f2 c5f2 h1f2 e1f2,2162,75,85,87,advantage long middlegame quietMove,https://lichess.org/AWGJI3Si/black#28,Danish_Gambit_Declined Danish_Gambit_Declined_Sorensen_Defense
QKyGe,1r4k1/2QN1ppp/4p3/p7/P2P4/4PnPK/1q3P1P/8 w - - 0 44,d7b8 h7h5 h3g2 f3e1 g2f1 e1d3,2197,112,79,26,crushing endgame long quietMove,https://lichess.org/2AJya2dh#87,
QLCFZ,1R6/2n2pk1/1Bp1p1p1/4P2p/p4P1P/P4KP1/1Pr5/8 b - - 2 31,c7b5 b6d8 f7f5 e5f6,2189,77,95,3170,crushing enPassant endgame quietMove short,https://lichess.org/JgnfE5e6/black#62,
QLhId,r1b2q1r/2ppkBp1/2n4B/p3pQN1/Pp6/2P5/1P4PP/3R1NK1 b - - 12 27,g7h6 f1e3 h6g5 e3d5 e7d8 f5f6 c6e7 d5e7,2117,76,91,1304,crushing middlegame quietMove sacrifice veryLong,https://lichess.org/uHSCEzSL/black#54,
QLnXA,2N5/5p2/5k1p/4b1p1/p1PpK1P1/Pp1P4/1P5P/8 b - - 0 43,e5c7 h2h3 c7a5 e4d4 f6e6 c4c5,2156,156,-60,8,advantage defensiveMove endgame long quietMove,https://lichess.org/rAtkhgB4/black#86,
QLvRi,1k5r/p4R2/3p4/2pP2P1/6b1/2N3Pr/PP3PK1/R7 w - - 0 30,a1g1 h3h2 g2f1 h8e8 f2f3 g4h3,2189,78,94,4976,crushing endgame long quietMove,https://lichess.org/h1U4bo4N#59,
QLzgD,r7/pp3R2/1k4p1/3P4/5P2/2b5/P1P1B1P1/2K5 w - - 1 23,e2c4 a8e8 f7f6 c3f6,2195,77,81,105,crushing endgame quietMove short,https://lichess.org/EhxjNflC#45,
QM7br,b7/5ppk/p2Bp2p/N1QpP3/8/5q1P/8/6RK w - - 0 39,g1g2 d5d4 c5c2 d4d3,2112,77,87,253,crushing defensiveMove endgame quietMove short,https://lichess.org/CcaVDsvV#77,
QMAaD,8/1pp3k1/3p3p/pP3P2/P1P1PK2/8/8/8 w - - 0 50,e4e5 d6e5 f4e5 h6h5 e5e6 g7f8,2135,77,93,1598,crushing defensiveMove endgame long pawnEndgame quietMove,https://lichess.org/E0jcEheI#99,
QMEXl,5r1k/p2q2p1/7p/8/8/2P3PK/PP2Q2P/R7 w - - 7 29,e2g4 f8f5 h3g2 f5f2 g2f2 d7g4,2100,177,-65,7,advantage discoveredAttack endgame long quietMove,https://lichess.org/KvtlynyV#57,
QMQKa,5r2/p4r2/1p4pk/7p/1P3p1P/P1P1K3/5R2/5R2 w - - 0 34,f2f4 f7f4 f1f4 f8f4 e3f4 b6b5 c3c4 b5c4,2123,101,81,38,crushing endgame quietMove rookEndgame veryLong,https://lichess.org/PaAWwzK6#67,
QMemn,8/pp6/2k1p3/4P3/P1P1K3/2B5/8/6b1 w - - 0 39,c3d4 g1d4 e4d4 b7b6 d4e4 c6c5,2129,108,83,27,bishopEndgame crushing endgame long quietMove,https://lichess.org/A1ypzAOF#77,
QNDZq,8/8/r7/4p3/1Pk3p1/2P5/2R5/1K6 w - - 1 56,b1b2 a6g6 c2g2 c4d3,2181,191,-27,7,crushing endgame quietMove rookEndgame short,https://lichess.org/8yXeUK19#111,
QP5LP,r5qr/p4p2/3P1nk1/1Pb1p3/4P1p1/P2B2P1/1B2QPK1/2R1R3 w - - 0 48,c1c5 g8h7 f2f4 h7h2 g2f1 h2h1 f1f2 h8h2 f2e3 h2e2,2179,75,91,120,advantage master middlegame quietMove skewer veryLong,https://lichess.org/08o0b2uC#95,
QPmd7,6r1/8/1P1Bp3/4Pp2/7K/4kP2/8/8 b - - 0 44,g8g7 d6c7 e3f3 b6b7 f3f4 h4h5 g7c7 b7b8q,2137,77,92,3575,advancedPawn crushing endgame promotion quietMove veryLong,https://lichess.org/jdBYUDKU/black#88,
QQ2Nz,r4rk1/1p3pp1/7p/pP5n/2q1P2Q/5R1P/1BP3P1/1R5K b - - 1 24,g7g6 h4h5 c4c2 h5e5 c2b1 h1h2 b1b2 e5b2,2153,76,81,100,crushing middlegame quietMove sacrifice veryLong,https://lichess.org/LP9WX8O0/black#48,
QQ7oj,Q7/2p3pk/p5rp/4n3/8/2N4q/PP3PPP/3R2K1 w - - 1 25,g2g3 c7c6 a8f8 g6f6 f8f6 g7f6,2166,75,91,1278,crushing endgame long quietMove,https://lichess.org/LKxh6iE5#49,
QQ85x,8/5p2/4k3/3p4/2bPp3/K1PnN3/P3B3/8 w - - 2 38,e3c4 d5c4 a3a4 f7f5 a4b5 f5f4,2141,80,83,46,crushing defensiveMove endgame long quietMove,https://lichess.org/evxb2dNZ#75,
QQIAF,4n3/3b1ppp/1k2p3/1p1p4/pP1P1K2/2N1P1P1/1P3P1P/5B2 w - - 7 31,f4e5 g7g5 c3d5 e6d5,2140,78,92,447,crushing endgame quietMove short,https://lichess.org/epx4bVsm#61,
QQXqt,1r2r2k/1pp1q1pp/p2b1p2/7Q/4R3/P3P1P1/1B3PBP/6K1 b - - 6 22,e7f8 e4h4 h7h6 h5g6 d6e5 g2e4 f6f5 e4f5 f8f5 g6f5,2121,104,86,25,crushing middlegame quietMove veryLong,https://lichess.org/RoAmjS2Q/black#44,
QQfRZ,8/pp5p/8/4kp2/2P3P1/4K3/P6P/8 w - - 0 29,g4g5 f5f4 e3f3 e5f5 h2h4 b7b6 h4h5 f5g5 c4c5 b6c5,2110,75,98,585,crushing endgame pawnEndgame quietMove veryLong zugzwang,https://lichess.org/eKQbIGQ5#57,
QQwrS,8/8/p4p2/1p2k1pp/1P5P/P3KPP1/8/8 w - - 2 45,f3f4 g5f4 g3f4 e5d5 e3d3 f6f5 d3e3 d5c4,2101,80,87,37,crushing endgame pawnEndgame quietMove veryLong zugzwang,https://lichess.org/3OB7WPXF#89,
QRR6m,r2q2k1/p1p2p2/4bp1p/2bN4/2B1r3/1P6/P1P2PPP/R2Q1RK1 w - - 1 15,d1f3 e6d5 a1d1 c7c6 c4d5 c6d5,2132,74,81,170,advantage long middlegame quietMove,https://lichess.org/CPon2Iw2#29,Scotch_Game Scotch_Game_Schmidt_Variation
QReak,1qr2kn1/5pp1/4p3/4P2P/1p1P4/2p1R1P1/5P2/1QR3K1 w - - 2 36,b1b3 g8e7 e3c3 b4c3,2156,76,89,1139,advantage endgame quietMove short,https://lichess.org/vY018vkb#71,
QRfRw,5r1k/pp3pRp/2p2P2/2P5/PP2p2P/r3P3/4K3/7R w - - 1 32,a4a5 a3a2 e2f1 f8d8 f1e1 a2a1,2152,75,85,183,advantage endgame long quietMove rookEndgame,https://lichess.org/Jk2sV7qv#63,
QRkHF,8/8/7k/8/P5pr/6K1/7p/7R b - - 1 57,h6g5 h1h2 h4h2 g3h2 g5f4 a4a5 f4f3 h2g1 f3e4 a5a6,2125,132,74,16,crushing endgame quietMove rookEndgame veryLong,https://lichess.org/5dp8EXF8/black#114,
QRkP7,k6r/1pP5/8/p1P2p2/P4Pp1/7p/3r1P1K/5R1R b - - 7 40,d2c2 f1d1 c2f2 h2g1 f2g2 g1f1 h8c8 d1d8,2175,85,92,110,advantage endgame pin quietMove rookEndgame veryLong,https://lichess.org/IW3K7vg7/black#80,
QRqP0,3r3k/2p3p1/2P4p/p7/7q/BB6/PP3QP1/5rK1 w - - 0 30,f2f1 d8e8 a3c5 e8e1 c5f2 e1f1,2114,80,91,1543,crushing endgame long pin quietMove,https://lichess.org/v2zGU9vD#59,
QRyr4,8/pp6/2p1k3/2PpPpp1/3P4/PP3KP1/8/8 b - - 0 40,b7b6 c5b6 a7b6 a3a4 c6c5 d4c5 b6c5 a4a5,2178,76,96,835,advantage defensiveMove endgame pawnEndgame quietMove veryLong,https://lichess.org/VTR07NN6/black#80,
QSEvB,8/8/1pp2kp1/7p/p1P1KP2/P1P2P1P/8/8 w - - 1 34,e4d3 f6f5 d3e3 h5h4 e3d4 f5f4,2170,75,87,60,crushing endgame long pawnEndgame quietMove,https://lichess.org/UZEqyw6D#67,
QSGgy,6k1/2R5/2P2p2/6p1/1P5p/P1r5/1K6/8 b - - 2 49,c3c4 b4b5 c4c5 a3a4,2168,75,92,7146,crushing defensiveMove endgame quietMove rookEndgame short,https://lichess.org/AMTvYa65/black#98,
QSa2L,3r3k/5Qpn/2n4p/2p1p3/6P1/3q1N1P/1P2RPB1/1K2R3 w - - 0 25,b1c1 d8a8 f7e8 a8e8,2128,80,92,511,advantage middlegame quietMove short,https://lichess.org/X93TK7Ud#49,
QSlWq,5r2/pp3ppk/7b/4Pb2/3P1Q2/P7/KPr3P1/7R b - - 4 29,f5g6 g2g4 h7g8 g4g5 h6g5 f4g5,2107,79,86,1043,advantage endgame long master masterVsMaster pin quietMove superGM trappedPiece,https://lichess.org/J6WLYNw5/black#58,
QTTg0,1k5r/1r4bp/1Rp1p1p1/Q2pqp2/8/P1NRP3/2P3PP/1K6 b - - 0 26,e5c7 c3a4 b7b6 a4b6,2150,81,86,239,advantage master masterVsMaster middlegame quietMove short superGM,https://lichess.org/juNdkOkl/black#52,
QU3Ox,8/6k1/p7/1p1r1P2/2pp2P1/5K1P/PP1R4/8 w - - 0 37,f3f4 b5b4 f4e4 c4c3 b2c3 b4c3 d2c2 d4d3 c2c3 d3d2,2146,76,94,5194,advancedPawn advantage endgame quietMove rookEndgame veryLong,https://lichess.org/NrtZv9GQ#73,
QU7sq,3r4/1R4p1/5p1p/3p1k2/5P2/4PK1P/6P1/8 b - - 2 41,g7g6 b7e7 g6g5 g2g4 f5g6 f4f5,2104,76,94,4645,endgame long mate mateIn3 quietMove rookEndgame,https://lichess.org/Y2w3kuUz/black#82,
QUtNt,5rk1/PQ3pp1/5bp1/3R4/8/P5PP/5PK1/2q5 b - - 0 35,c1c8 b7c8 f8c8 d5b5 f6e5 b5e5,2170,79,90,418,crushing endgame long quietMove,https://lichess.org/ENfmkqTd/black#70,
QV1KU,8/p6k/5p1p/5P1P/2PKB3/8/8/4b3 b - - 0 47,e1f2 d4d5 h7g7 c4c5 g7f8 d5d6 f8e8 c5c6 f2g3 d6e6,2196,82,87,86,bishopEndgame crushing defensiveMove endgame quietMove veryLong,https://lichess.org/zkDVR4WP/black#94,
QVKpV,8/p7/6K1/6p1/8/r6k/P5RP/8 w - - 10 46,g2g3 a3g3 h2g3 g5g4 g6f5 h3g3,2132,74,84,186,crushing endgame intermezzo long quietMove rookEndgame,https://lichess.org/RANhVtME#91,
QVyE1,1r6/R1pq4/Q2b2k1/N2Pp1p1/4PpP1/5P2/6K1/8 w - - 2 37,a5c6 b8b2 g2f1 d7h7 c6e5 g6g7 a7c7 d6c7 a6g6 h7g6,2118,76,81,150,crushing endgame quietMove veryLong,https://lichess.org/hqEEhw79#73,
QW2yr,3r1k2/1p1r1p2/p3pPp1/P7/3pP1P1/1Pp5/2P3K1/R2R4 b - - 0 37,d4d3 d1h1 f8g8 h1h6 d3c2 a1h1,2136,76,90,654,advantage clearance defensiveMove endgame long master quietMove rookEndgame,https://lichess.org/LTtxQfiw/black#74,
QWGdS,8/4k2p/1p3p2/p1pPpK1P/4P3/1P6/P7/8 b - - 0 42,e7f7 a2a4 f7e7 h5h6 e7d7 f5f6 b6b5 a4b5,2175,163,43,14,crushing endgame pawnEndgame quietMove veryLong zugzwang,https://lichess.org/jHPXfoKm/black#84,
QWXDT,8/8/7p/6p1/p1p3P1/PpK1Pk1P/1P6/8 b - - 2 51,f3g3 c3c4 g3h3 e3e4 h3g4 e4e5 g4f5 c4d5,2166,76,72,76,crushing defensiveMove endgame pawnEndgame quietMove veryLong,https://lichess.org/iOekZOFI/black#102,
QWcbN,8/8/8/1p2K3/2k5/8/2P5/8 w - - 0 53,e5e4 b5b4 e4e3 c4c3 e3e2 c3c2,2167,76,94,1639,crushing endgame long pawnEndgame quietMove,https://lichess.org/86VkEWyf#105,
QX7n1,7R/pppk4/2p2K2/5p2/1P4q1/N1P3B1/P7/8 b - - 2 31,g4g3 a3c4 c6c5 c4e5 g3e5 f6e5,2164,122,79,41,crushing endgame long quietMove,https://lichess.org/iemQAZe1/black#62,
QXWnh,8/p1pbk1b1/3p4/3Q4/3PPq2/2P2Pp1/PP2K3/RN6 w - - 0 21,b1d2 g7h6 d2c4 d7e6 d5e6 e7e6,2177,78,91,811,crushing endgame long quietMove,https://lichess.org/TesA6cYz#41,
QYLJf,2r2rk1/pp3pb1/2p1pnp1/2PqN2p/3P1P1P/2N1Q3/PP4P1/2KR3R b - - 2 18,d5g2 d1g1 f6d5 e3e1 g2h1 g1h1,2141,75,93,3507,crushing long middlegame quietMove trappedPiece,https://lichess.org/R3JKrDuM/black#36,Caro-Kann_Defense Caro-Kann_Defense_Main_Line
QYNKE,8/6p1/8/1k4P1/2p4P/8/pK6/8 b - - 1 43,b5b4 h4h5 c4c3 b2a2 b4c4 a2b1 c4d3 b1c1,2131,80,75,57,crushing defensiveMove endgame pawnEndgame quietMove veryLong,https://lichess.org/Hn73nO3W/black#86,
QYQfU,8/8/4p2k/p7/1p1K1P2/6P1/P7/8 b - - 1 57,h6g6 g3g4 a5a4 d4c4,2166,83,91,455,crushing endgame master pawnEndgame quietMove short,https://lichess.org/4NfXazqW/black#114,
QYVgt,8/6p1/1P5p/N7/P2r1kP1/7P/5PK1/8 b - - 0 42,d4a4 a5c6 a4a2 b6b7,2160,100,83,18,advancedPawn crushing endgame quietMove short,https://lichess.org/e2Ap0wW0/black#84,
QYb5w,8/5pk1/1ppR2p1/4r3/1P2P3/P4P2/8/7K b - - 1 35,e5e6 d6e6 f7e6 a3a4 c6c5 b4c5,2168,76,84,64,crushing endgame long quietMove rookEndgame,https://lichess.org/bpeURL3M/black#70,
QYtu5,8/p4p2/8/P3P1p1/2pP4/2K2kP1/8/5b1N b - - 5 45,f3g2 d4d5 g2h1 e5e6 f7e6 d5d6,2142,76,90,430,crushing endgame long quietMove sacrifice,https://lichess.org/L7DDvb8D/black#90,
QZE1h,8/8/R2Rpk1p/8/8/6PP/P6K/1r2r3 w - - 7 41,h3h4 b1b2 h2h3 h6h5 d6e6 e1e6,2192,76,94,1981,crushing endgame long quietMove rookEndgame,https://lichess.org/MXNVFpU6#81,
QZJbB,8/p6p/k1p2Q2/8/4qP2/2P1K1P1/6bP/1N1R4 w - - 2 32,e3f2 e4f3 f2g1 g2h3 f6c6 f3c6,2128,76,87,190,crushing endgame fork long quietMove,https://lichess.org/YBFbI5F3#63,
QaUV8,4rrk1/p1p2p1p/5Q2/2q5/7P/1P6/P1P3P1/R5KR w - - 1 20,g1f1 e8e5 h1h3 e5f5 f6f5 c5f5,2196,75,84,176,advantage endgame fork long quietMove,https://lichess.org/ht3pHyeL#39,
Qb3zy,1r1q1rk1/pBpbbppp/3p1n2/8/2PQ4/2N3P1/PP2PP1P/R1B2RK1 w - - 1 11,d4a7 c7c6 c1e3 d8c7 b7c6 c7c6,2186,75,93,7920,advantage clearance long opening quietMove,https://lichess.org/a9GP9EO2#21,English_Opening English_Opening_Kings_English_Variation
QbCw6,8/6Kp/8/2k5/8/7P/8/8 b - - 5 57,c5d5 g7h7 d5e5 h7g6 e5e6 h3h4 e6e7 g6g7,2197,75,94,460,crushing defensiveMove endgame pawnEndgame quietMove veryLong,https://lichess.org/ic06QQMV/black#114,
QbJoU,r3qnk1/1R3p2/2p2Ppp/2Np4/3P1Q2/p3P2P/6P1/6K1 b - - 1 36,g8h7 b7e7 a3a2 c5b3 a2a1q b3a1,2192,78,89,971,advantage endgame long quietMove,https://lichess.org/LwlC71si/black#72,
QbU7J,8/1p6/8/1P4k1/P5pp/8/6K1/8 b - - 1 46,h4h3 g2g3 h3h2 g3h2 g5f4 a4a5 f4f3 h2g1,2141,76,88,308,crushing defensiveMove endgame pawnEndgame quietMove veryLong,https://lichess.org/OEazpabo/black#92,
QbZ2C,8/7p/1p6/5P2/3N4/pk1p4/8/1K6 b - - 1 54,b3c3 d4f3 c3c4 f5f6 c4d5 f6f7,2181,75,93,8846,advancedPawn crushing endgame knightEndgame long quietMove,https://lichess.org/fZ0xtQjV/black#108,
Qbffw,5rrk/1R3Qpp/p7/1b1pB1qB/2pP4/b1P5/2P3PP/1R4K1 w - - 7 26,f7d5 g5e3 g1h1 a3c1 d5g8 f8g8,2160,75,91,258,advantage long middlegame quietMove,https://lichess.org/spz7657X#51,
QcO68,r2k4/5p2/1nR1p2p/2np2pP/p2P2P1/P2KPP2/3N4/8 w - - 0 33,d4c5 b6c8 f3f4 d8d7,2143,80,90,396,crushing endgame master quietMove short,https://lichess.org/wvTQ264l#65,
QclRq,8/8/4p3/4P2k/BP3P2/P2p4/2b2K2/8 w - - 2 51,f2e1 c2a4 e1d2 a4b5 f4f5 e6f5,2185,76,91,423,bishopEndgame crushing endgame hangingPiece long quietMove,https://lichess.org/t1CgtJTY#101,
QcmmH,2k3r1/pp4Pp/2p2Bp1/5r2/8/8/bPP3PP/3R2KR w - - 2 24,d1d8 g8d8 f6d8 a2c4 g2g4 f5f1 g1g2 f1h1,2198,85,85,47,crushing endgame quietMove veryLong,https://lichess.org/luZVFloi#47,
QcrR7,r1bq1rk1/1pp2ppp/p3n3/2P1b3/1P6/8/P1B2PPP/RNBQ1RK1 w - - 1 14,d1h5 f7f5 c2f5 f8f5,2159,135,40,21,advantage opening quietMove short,https://lichess.org/kEAfM2AC#27,Ruy_Lopez Ruy_Lopez_Closed
Qd5Xg,r4r2/pb4pQ/1p2p3/4Ppk1/1n1q4/5P2/P4RP1/R5K1 b - - 1 22,f5f4 h7g7 g5f5 a1e1 d4f2 g1f2,2124,191,57,10,equality fork long middlegame quietMove,https://lichess.org/w3ueTZyp/black#44,
QdAmp,5r2/p1p1k3/6pb/3Bp1Np/7P/N1Pb2P1/PP1PnK2/n1B4R w - - 1 26,f2e3 e5e4 d5e4 d3e4 e3e2 e4h1,2158,118,70,27,advantage long middlegame pin quietMove,https://lichess.org/J9JGNH9l#51,
QdBRx,4R3/K6p/6p1/5pP1/8/3p4/3k3P/8 w - - 3 56,a7b6 f5f4 e8f8 d2e3,2139,76,87,318,crushing defensiveMove endgame quietMove rookEndgame short,https://lichess.org/PRZRF6Gg#111,
QdRzc,2r2rk1/6pp/p2p4/nppPp2P/6Q1/2PP3P/PP3q2/R3R2K b - - 1 24,f2b2 e1g1 c8c7 g4e6,2116,130,86,21,crushing middlegame quietMove short,https://lichess.org/1cVoXFRQ/black#48,
QddVK,4r3/8/3R1pk1/P2p2p1/1B1P2P1/2Pn1P2/5K2/8 w - - 3 48,f2g3 e8e2 d6f6 g6f6,2101,76,70,215,crushing endgame master masterVsMaster quietMove short,https://lichess.org/JtZAuyG1#95,
Qe6NY,8/p4p2/8/3k1N2/1pn2PP1/5K2/P7/8 w - - 0 41,f5e3 c4e3 f3e3 a7a5 g4g5 a5a4,2166,77,84,326,crushing defensiveMove endgame knightEndgame long quietMove,https://lichess.org/3nDiyuD4#81,
QeI3V,3r4/5p2/R4p2/3p1k1p/5P2/P2R2KP/2r2P2/8 w - - 1 34,f2f3 h5h4 g3h4 c2g2 d3d5 d8d5,2162,104,83,25,crushing endgame long quietMove rookEndgame,https://lichess.org/ikYHA9NU#67,
QerWp,3kn3/2p3pp/2Pp4/1N1Pp1p1/2K1P1P1/5P1P/8/8 b - - 7 31,e8f6 b5a7 f6g8 c4b5,2105,75,96,83,crushing defensiveMove endgame knightEndgame quietMove short,https://lichess.org/IPO2cvj9/black#62,
Qf0o5,8/p3R2p/1n3ppk/1B1P1p2/2P2n2/5PqP/PQ4P1/6K1 w - - 2 29,e7a7 g3e1 g1h2 f4e2 b2e2 e1e2,2126,103,86,26,advantage endgame long quietMove,https://lichess.org/EHMjFPV4#57,
Qf41H,1r2r1k1/5p1p/7P/3RN3/5P2/1pb5/P1P5/1K1R4 w - - 0 31,a2b3 b8a8 d1g1 g8f8 e5d7 f8e7 g1e1 c3e1,2133,78,83,84,advantage endgame quietMove veryLong,https://lichess.org/0Xu3P5lc#61,
QflVF,2kr4/ppp1np1q/4p3/PP6/8/5P2/4QP1P/R4R1K w - - 0 23,a5a6 d8h8 e2e5 f7f6,2112,81,71,54,advantage endgame quietMove short,https://lichess.org/KtNjP60i#45,
QfoIu,r2qr1k1/n1p2p1n/p2b2pB/1p1PNb2/3Q4/8/PPB1RPPP/RN4K1 w - - 3 19,e5d7 f7f6 c2f5 g6f5 e2e8 d8e8 d7f6 h7f6,2147,82,76,34,advantage middlegame quietMove veryLong,https://lichess.org/NOjKEdM0#37,Ruy_Lopez Ruy_Lopez_Morphy_Defense
Qg41S,4r1k1/5p1p/pNpP1np1/p7/4pB2/PP2P2P/5PP1/6K1 b - - 0 29,f6d5 b6d5 c6d5 f4g5 e8b8 d6d7,2143,81,92,1796,advancedPawn advantage endgame long quietMove,https://lichess.org/HeUUrF4G/black#58,
QgPZO,5bk1/1p3pp1/p2p2p1/2pP1b2/P1P4B/1P3N2/4QPPK/q7 b - - 5 27,a1c3 e2e8 f5g4 h4e7 g4f3 e8f8 g8h7 g2f3 c3f3 e7h4 g6g5 h4g3,2100,75,79,73,crushing endgame quietMove veryLong,https://lichess.org/kHQbjdcK/black#54,
Qgjig,8/8/p7/1ppPk3/P1P3p1/2P5/5K2/8 w - - 0 52,a4b5 a6a5 b5b6 e5d6 f2g3 a5a4 b6b7 d6c7,2126,75,87,220,crushing endgame pawnEndgame quietMove veryLong,https://lichess.org/th6WlvDq#103,
QhVau,5k2/3r1p2/8/p7/1b2R3/1KqB1Q2/2P3PP/5R2 w - - 4 35,b3a2 c3a3 a2b1 b4c3 e4e8 f8e8 f3a8 e8e7 f1f7 e7f7,2162,76,92,1092,clearance crushing middlegame quietMove veryLong,https://lichess.org/boXcr4nn#69,
QhjN0,8/6p1/3K4/7p/8/7P/6P1/4k3 w - - 0 60,d6e5 e1f2 g2g4 h5h4 e5f4 f2g2 g4g5 g2h3,2185,76,85,122,crushing endgame master pawnEndgame quietMove veryLong,https://lichess.org/lQg0e9kt#119,
QiEQP,8/p1r4p/5k2/2p1Rp2/2K2P1P/8/P7/8 w - - 3 45,e5c5 c7c5 c4c5 f6g6 c5d5 g6h5 d5e5 h5g4 h4h5 h7h6 a2a3 a7a6,2110,75,93,1110,crushing defensiveMove endgame quietMove rookEndgame veryLong zugzwang,https://lichess.org/Zq5x3reH#89,
QiVnR,3r1rb1/1p4kp/1q1n2p1/p5N1/P1PRP3/1P5P/4Q1P1/3R3K b - - 0 27,h7h6 e2b2 h6g5 d4d6 g7h7 d6b6,2183,76,99,131,advantage discoveredAttack long middlegame quietMove,https://lichess.org/8g0izkIQ/black#54,
Qj2e7,8/6K1/6p1/2B3k1/8/5p2/8/8 w - - 0 69,g7f7 g5f5 f7g7 g6g5 c5f2 f5f4,2105,75,83,381,bishopEndgame crushing defensiveMove endgame long quietMove,https://lichess.org/nDHHBHdn#137,
QjTcj,r7/p5pk/1p3r2/2pQ3P/6B1/5Pq1/4P3/6RK b - - 2 30,g3b8 g4f5 h7h8 f5e4 a7a5 d5a8 b8a8 e4a8,2101,78,91,1077,advantage endgame quietMove veryLong,https://lichess.org/XzRiO71I/black#60,
QjfgS,r1b2rk1/ppp3bp/1qn2pp1/8/2Q4N/5NP1/PB2P1BP/5R1K b - - 0 19,g8h8 h4g6 h7g6 c4h4 h8g8 f3g5 f8f7 h4h7,2132,75,91,177,clearance crushing kingsideAttack middlegame quietMove sacrifice veryLong,https://lichess.org/LIK4Vg3l/black#38,
QjlaH,1r6/5p2/2p4r/1P2P1p1/P2P1kP1/3K3p/3R4/7R b - - 0 58,c6b5 h1g1 f4f3 d2d1 h3h2 d1f1,2198,78,95,3910,endgame long mate mateIn3 quietMove rookEndgame,https://lichess.org/KaIDcV9P/black#116,
QjvFW,r4r1k/p2nNpp1/7p/1p1p4/8/1PPQR2P/P4qP1/R6K b - - 0 22,a8e8 a1f1 d7c5 f1f2 c5d3 f2e2 d3f4 e7g6 f4g6 e3e8,2138,147,26,16,crushing discoveredAttack middlegame quietMove veryLong,https://lichess.org/AgfxUo4R/black#44,
QkGZc,3b4/1pp2pk1/1r2q3/4N1p1/p1PpNP2/P2PnKP1/1P2Q3/7R b - - 2 40,f7f6 e2h2 g5g4 f3e2 b6b2 e4d2 b2d2 e2d2 e3f1 h1f1,2173,83,90,35,crushing defensiveMove middlegame quietMove veryLong,https://lichess.org/uRTnh7Lf/black#80,
QkJJd,8/5k1p/8/p2K2p1/1p1P4/2p5/P1P3PP/8 w - - 0 35,d5c6 a5a4 d4d5 b4b3 d5d6 b3c2 d6d7 c2c1q,2140,80,78,44,advancedPawn crushing endgame pawnEndgame promotion quietMove veryLong,https://lichess.org/U5MGWQBj#69,
Ql35a,2r5/b3Nppp/6bk/1p2p3/2B1P2P/5PP1/PP6/2R2K2 b - - 2 29,c8c4 c1c4 b5c4 g3g4 g6e4 f3e4,2116,76,63,81,advantage endgame long quietMove,https://lichess.org/Qyrz2ovI/black#58,
QlBFC,8/2n2N2/2k1p3/Qp3p2/2p4P/6PK/5q2/8 b - - 1 39,f2b6 f7e5 c6b7 a5b6 b7b6 h4h5 c7d5 h5h6 d5f6 e5d7 b6a7 d7f6,2168,177,100,7,endgame equality quietMove veryLong,https://lichess.org/nMOWu9OH/black#78,
QljHa,7r/3qpk2/pp3n2/4p3/3pPppr/1NP2P2/PP2Q1Bp/3R1R1K w - - 0 35,c3d4 f6h5 e2f2 h5g3 f2g3 f4g3,2152,98,84,325,advantage exposedKing fork long middlegame quietMove,https://lichess.org/04YeTnqZ#69,
QmXIY,6rk/bp3p2/p2p3p/2p3r1/P2PP3/2P2pP1/1P3P1K/R2B1R2 w - - 0 28,d4d5 g5h5 h2g1 c5c4 d1f3 g8g3,2146,77,85,142,crushing endgame long pin quietMove,https://lichess.org/i5GU1DnK#55,
QmmFV,r6r/p2pkpRp/2nqp3/8/4B3/2P1Q3/P1P2P1P/R6K b - - 2 19,a8g8 e3g5 e7f8 a1g1 c6e7 g5f6,2195,116,80,17,crushing long middlegame quietMove,https://lichess.org/PdR4RTMk/black#38,
QnIrR,8/8/6p1/p1p4p/P1P1K2P/1P4k1/8/8 b - - 0 47,g3h4 b3b4 c5b4 c4c5 b4b3 e4d3 g6g5 c5c6 b3b2 d3c2 g5g4 c6c7 g4g3 c7c8q b2b1q c2b1,2111,75,91,2605,advancedPawn crushing endgame pawnEndgame promotion quietMove veryLong,https://lichess.org/1X1g92gM/black#94,
Qnaf9,2kr3r/pppq1pp1/2np1bp1/4p3/2N1P3/3P3P/PPP2PP1/R1BQ1RK1 b - - 1 13,h8h3 g2h3 d7h3 c4e3 c8b8 d1g4,2195,75,93,3642,advantage long middlegame quietMove,https://lichess.org/6calO9sX/black#26,Vienna_Game Vienna_Game_Max_Lange_Defense
Qnluf,1r4k1/5p1p/pN1p2p1/P1PPp3/Q3P2q/7b/3b1PP1/1R3R1K w - - 0 34,g2g3 h4h5 a4d1 h3g4,2149,80,90,1002,advantage discoveredAttack middlegame quietMove short,https://lichess.org/K7isFZjp#67,
Qo4ky,8/7p/2N3p1/5p2/5P2/4P3/PK1n1Pk1/8 w - - 2 38,b2c2 h7h5 c2d2 h5h4,2135,76,93,8602,advantage defensiveMove endgame knightEndgame quietMove sacrifice short,https://lichess.org/0QSnv0Ku#75,
Qot2L,2kr1b1r/pppbn2p/n4qp1/3P4/8/P1N5/1PP1BPPP/R1BQR1K1 w - - 3 15,e2a6 f6a6 c1g5 d8e8 d1d4 h8g8,2111,79,80,115,advantage defensiveMove long opening quietMove,https://lichess.org/YW2kvAkQ#29,Elephant_Gambit Elephant_Gambit_Other_variations
Qp8SV,r3qrk1/pbpp1p1p/1p3B2/2b1P3/8/3P1P2/PP3P1P/R2Q1RK1 b - - 0 15,h7h5 f3f4 e8e6 d1h5 e6f6 e5f6,2187,77,99,324,crushing discoveredAttack long middlegame quietMove,https://lichess.org/lLQVdBfn/black#30,Alekhine_Defense Alekhine_Defense_Normal_Variation
QpXft,5rk1/1r3p2/Rp2p1p1/1qp2p2/2P2P2/3P3P/4Q1P1/R5K1 b - - 0 33,b5b4 e2c2 b6b5 a1b1 b4b1 c2b1,2128,78,84,82,crushing endgame long quietMove trappedPiece,https://lichess.org/l64XEtcu/black#66,
QpXqV,2r2r2/7k/p3bq1P/1p1pp2N/1P3pp1/2P5/P2Q1PP1/R3K2R b KQ - 1 30,f6h6 h5g3 h6h1 g3h1,2139,76,92,3282,advantage middlegame pin quietMove short,https://lichess.org/7o8MRKcp/black#60,
QqD5T,3r3r/5kp1/pq1bRn1p/1p3Q2/8/2N5/PPP2PPP/4R1K1 b - - 4 21,b6c6 g2g3 h8e8 c3d5,2165,113,70,18,advantage middlegame quietMove short,https://lichess.org/330Ok4ID/black#42,
QqlDL,5rk1/pp3p1p/2p2pbQ/3p4/3P3N/2P4P/qPB2PP1/6K1 b - - 3 24,a2b2 h4f5 g6f5 c2f5 b2c1 h6c1,2111,76,100,84,crushing endgame long quietMove,https://lichess.org/CdmfvqZw/black#48,
Qqp7E,7Q/pp1k2P1/4p3/4PqP1/3p4/1P6/P1r5/K1R5 w - - 3 37,c1b1 f5f2 h8e8 d7e8,2129,75,89,520,crushing endgame quietMove short,https://lichess.org/H2EijeRg#73,
QrH3L,5rk1/5pp1/1q4r1/2p1Q3/pp1pP3/P2P3P/KPP2P2/3R2R1 w - - 1 25,f2f4 b4b3 c2b3 b6b3 a2b1 f8b8 e5b8 b3b8,2116,76,90,545,crushing endgame quietMove veryLong,https://lichess.org/UNLut9Xf#49,
QrMgd,8/8/8/1r5P/4p1P1/2k1K3/5P2/8 b - - 2 69,b5e5 h5h6 e5e7 g4g5 e7h7 e3e4,2158,76,96,4311,crushing endgame long master quietMove rookEndgame,https://lichess.org/BTfEG5QQ/black#138,
QraI5,6k1/1p3pp1/p4n1p/3p4/PN1R4/2P4P/1PQ2PPK/4rq2 w - - 3 31,b4d5 f6h5 d5e7 g8f8 e7g6 f7g6,2116,80,83,166,crushing defensiveMove endgame long quietMove,https://lichess.org/qAOh8KPo#61,
QrcGW,3k4/pp3R2/6pP/4n3/2P3b1/1BP5/PP2r1P1/7K w - - 1 28,f7b7 e5f3 g2f3 g4f3,2111,83,72,42,advantage endgame quietMove sacrifice short,https://lichess.org/E6fjH7JW#55,
QrgwS,2r2rk1/p4pp1/7p/1p2p3/3qR3/1P1P3P/1PP3QP/5R1K b - - 3 22,d4b2 f1g1 g7g6 e4g4 f8e8 g4g6,2132,81,100,92,crushing endgame long quietMove,https://lichess.org/tAlYpPad/black#44,
QrnRX,5k2/5p2/p2N4/1p4p1/7p/P2n2P1/1P2RPKP/2r5 w - - 0 34,d6f5 g5g4 h2h3 d3e1,2111,75,94,2344,crushing endgame quietMove short,https://lichess.org/SrGkPL3A#67,
QrtnX,8/8/1k6/7p/1pK3p1/4P1P1/7P/8 b - - 1 65,b6a5 e3e4 a5a4 e4e5 a4a3 e5e6 b4b3 e6e7,2132,83,91,652,advancedPawn crushing endgame pawnEndgame quietMove veryLong zugzwang,https://lichess.org/xjLzfXbY/black#130,
Qry69,8/1R3p1k/4b2p/1Q2p1p1/4P3/5N1P/5bPK/3q4 w - - 0 31,b5e5 f2e3 h2g3 e3f4 e5f4 g5f4,2109,154,69,12,advantage endgame fork long quietMove,https://lichess.org/evIF0oeS#61,
QsBSs,8/p2k4/1p6/3PK3/8/8/P7/8 b - - 0 50,a7a5 a2a4 b6b5 a4b5 a5a4 e5d4 d7d6 b5b6 a4a3 d4c3 a3a2 c3b2 a2a1q b2a1,2156,78,88,356,crushing endgame pawnEndgame quietMove veryLong zugzwang,https://lichess.org/encw9G53/black#100,
QsIQp,8/8/8/pp2k2p/5p2/1PK2P1P/P7/8 w - - 0 37,a2a4 b5a4 b3a4 e5d5 c3d3 h5h4 d3c3 d5c5,2148,108,42,30,crushing defensiveMove endgame pawnEndgame quietMove veryLong zugzwang,https://lichess.org/YRwkLpTM#73,
QsVvm,r4rk1/pp3pp1/2p5/7R/4Q3/2P5/1q3PPP/5BK1 b - - 1 22,g7g6 h5h3 b2d2 e4h4 g8g7 h4h7,2156,76,79,71,advantage endgame long quietMove,https://lichess.org/oD0I32e6/black#44,
QsqWF,8/r3kp2/2PR2pp/3K4/8/8/5PPP/8 w - - 1 43,d5e5 f7f6 d6f6 a7a5 e5d4 e7f6 c6c7 a5a8 d4d5 f6e7,2160,76,91,1371,advantage defensiveMove deflection endgame quietMove rookEndgame veryLong,https://lichess.org/LqO5nmqI#85,
QtDup,8/7p/6p1/1kp2p2/5P2/2PK4/5P1P/8 w - - 0 35,h2h4 h7h6 d3c2 b5c4 f2f3 h6h5 c2b2 c4d3,2148,79,91,305,crushing endgame master pawnEndgame quietMove veryLong zugzwang,https://lichess.org/dR6By7d5#69,
QtKEJ,2r2rk1/ppq2ppp/2np4/3B4/8/B1Q4P/P4PP1/4R1K1 b - - 4 18,f8e8 e1e8 c8e8 a3b2 e8e5 f2f4,2165,78,91,490,advantage long middlegame quietMove,https://lichess.org/aFePPmuL/black#36,Italian_Game Italian_Game_Giuoco_Piano
QtX8A,8/6p1/5pkp/8/6KP/7P/5P2/8 w - - 3 49,f2f4 f6f5 g4f3 g6h5 f3g3 g7g6 g3g2 h5h4,2158,77,93,1539,crushing endgame pawnEndgame quietMove veryLong zugzwang,https://lichess.org/EXc1hIyb#97,
Qtc2I,8/8/8/3Pp1p1/b2kP1K1/2p5/6P1/1B6 w - - 4 41,g4g5 c3c2 b1c2 a4c2 d5d6 c2a4 g5f6 d4e4 g2g4 e4d5,2161,87,80,29,advancedPawn bishopEndgame crushing endgame quietMove veryLong,https://lichess.org/0AStPnfr#81,
Qtp27,8/p4p1k/1p6/5P1p/3p4/1P1K3P/1P6/8 b - - 1 32,h7h6 h3h4 h6g7 d3d4 g7f6 d4e4 a7a5 e4f4,2130,101,75,48,crushing defensiveMove endgame pawnEndgame quietMove veryLong,https://lichess.org/SdAasa5U/black#64,
QtvpX,8/8/6pp/5p1k/3PpQ1P/4PP2/7K/4q3 b - - 8 43,e1h4 f4h4 h5h4 f3f4 g6g5 d4d5,2185,106,74,29,crushing defensiveMove endgame long queenEndgame quietMove,https://lichess.org/LvaaJCQg/black#86,
QtxHG,8/8/8/pBp3p1/P2k1p1p/1P3P1P/3K2P1/1b6 b - - 0 53,b1a2 d2c2 d4e3 c2b2 e3f2 b5d7 f2g2 d7g4,2178,115,85,15,bishopEndgame crushing defensiveMove endgame quietMove veryLong,https://lichess.org/CpRmHXMl/black#106,
Qu8VW,4r1k1/pp3ppp/4r3/3p4/1n1P3q/1PQ2P2/PB2BP1P/R3R2K w - - 3 23,c3b4 e6h6 b4d6 h6d6,2144,76,85,413,crushing middlegame quietMove short,https://lichess.org/86FK57iF#45,
QuWuS,6k1/5ppp/8/3p4/P7/5P2/1Nq2K1P/R1B5 w - - 3 34,f2g1 d5d4 a4a5 d4d3 a5a6 d3d2 c1d2 c2b2 a1e1 b2b6,2177,107,79,35,advancedPawn advantage deflection endgame fork quietMove veryLong,https://lichess.org/GejmSwxs#67,
Qv0gX,6k1/p4pp1/bp1n1n1p/2pPN3/P1P2q2/3Q2P1/1BB2P1P/6K1 b - - 0 27,f4e4 d3d1 e4c2 d1c2,2159,76,85,121,crushing master middlegame quietMove short trappedPiece,https://lichess.org/Qog7LHzW/black#54,
QvIUy,8/8/3Bkp1R/2P2r2/4K1p1/5r2/8/8 b - - 0 46,g4g3 h6h7 f3f4 d6f4,2148,171,100,10,endgame equality quietMove short,https://lichess.org/yq74mQBT/black#92,
QvnvO,8/4k1p1/p3P2p/1p2K1P1/5P1P/1P6/n7/8 b - - 0 43,h6g5 f4g5 a2b4 h4h5 b4d3 e5f5 g7g6 h5g6,2176,192,100,11,endgame equality knightEndgame quietMove veryLong,https://lichess.org/7cqUPRDm/black#86,
Qvuzq,8/4R2p/8/6p1/PK1kr3/8/8/8 w - - 0 56,e7e4 d4e4 a4a5 e4d5 b4b5 d5d6 b5b6 g5g4 a5a6 g4g3 a6a7 g3g2 b6b5 g2g1q a7a8q g1c5,2189,77,91,1624,advancedPawn crushing endgame promotion quietMove veryLong,https://lichess.org/L3lxuiVX#111,
Qvw6v,2b5/7N/p3p3/1p1p4/1P1Pp3/P3Pk2/2K2P2/8 w - - 3 36,h7g5 f3f2 c2d2 e6e5 d4e5 c8f5 e5e6 d5d4 g5e4 f5e4,2182,148,88,25,clearance crushing endgame quietMove veryLong,https://lichess.org/Ul6qITli#71,
Qw4jt,3rr1k1/pp3p2/1q2b1pB/3P1p2/8/1B3Q2/PP4PP/R6K b - - 2 22,e6d7 f3c3 f7f6 d5d6 g8h7 c3h3 f5f4 h3h4,2161,79,89,276,advantage discoveredAttack middlegame quietMove veryLong,https://lichess.org/HUMj1OBJ/black#44,
QwG2W,8/8/1p2ppp1/1p6/1PkP2P1/2P4P/3K4/8 b - - 4 39,c4d5 h3h4 d5e4 h4h5 g6h5 g4h5,2173,77,86,141,crushing endgame long pawnEndgame quietMove,https://lichess.org/D7rVOACA/black#78,
QxERJ,8/p1p5/2pk4/4p3/1PP1K3/P7/8/8 b - - 0 35,c6c5 b4b5 d6e6 a3a4 e6f6 a4a5 f6e6 a5a6 e6f6 e4d5,2143,180,100,13,endgame equality pawnEndgame quietMove veryLong zugzwang,https://lichess.org/dPIFYzIp/black#70,
Qxbea,8/2R3p1/p3pk2/8/1p2PPPP/r7/6K1/8 b - - 0 35,a6a5 h4h5 e6e5 g4g5,2176,75,90,3665,crushing endgame quietMove rookEndgame short,https://lichess.org/nk3TrHXj/black#70,
Qxcsd,8/6p1/8/6P1/7P/3pN3/1nk2K2/8 b - - 2 49,c2c3 h4h5 d3d2 h5h6 g7h6 g5g6 d2d1r e3d1,2198,120,71,19,crushing endgame knightEndgame quietMove veryLong,https://lichess.org/mVMAqIbk/black#98,
Qxdl6,2r5/4p2Q/3p1kp1/p7/1p1NbP2/1P6/P1PRK1P1/q7 b - - 4 31,a1c3 g2g4 e4f3 d4f3,2116,74,93,2538,advantage endgame master quietMove short,https://lichess.org/7oMm91B7/black#62,
QxotW,r1b2rk1/5pb1/2p1p1p1/p2pP3/1q1P1R2/7R/1P3Q1P/1BK5 b - - 1 31,c8a6 f2h4 f7f5 e5f6 f8f6 f4f6 g7f6 h4f6,2124,185,100,16,enPassant equality middlegame quietMove veryLong,https://lichess.org/At97BfLF/black#62,
Qy2co,2r3k1/5p2/p2q1npQ/1p6/3P4/1P6/1Pr2P2/1K1R2R1 b - - 2 33,c2f2 g1h1 f6h5 h1h5 d6f6 h6h7 g8f8 h7h8 f6h8 h5h8 f8g7 h8c8,2113,74,95,3782,crushing middlegame quietMove skewer veryLong,https://lichess.org/gjc9qIA2/black#66,
QyLaM,8/3k1pp1/4p2p/3pP3/1R1P4/nP1b4/P4PPP/6K1 w - - 5 34,f2f3 d3b5 b4b5 a3b5,2139,75,92,1698,advantage endgame master quietMove short,https://lichess.org/y2lubYhm#67,
QyeyL,8/6B1/7p/8/2p1P1PP/1kb1P3/4K3/8 w - - 2 40,g7h6 c3e5 g4g5 c4c3 g5g6 c3c2,2150,77,97,221,advancedPawn bishopEndgame crushing endgame long quietMove,https://lichess.org/LhFVzmjL#79,
Qyjyg,k2q4/8/2p5/3pQ3/3P4/p5P1/5PPK/8 w - - 0 46,e5e3 d8a5 e3e8 a8b7,2128,83,79,54,crushing defensiveMove endgame queenEndgame quietMove short,https://lichess.org/2OHVdAhx#91,
QywXE,1b5k/pp3qpp/3P1p2/4rN2/4p3/4P2P/PP3QP1/5RK1 b - - 0 28,e5d5 f1c1 b8d6 f5d6 d5d6 c1c8 f7g8 c8g8,2146,83,72,72,advantage endgame quietMove veryLong,https://lichess.org/h7VsMwl8/black#56,
QyzS8,7k/7r/b1p1p1p1/PpPp4/1P1Pp3/4PqN1/4KP2/R2Q4 w - - 8 48,e2d2 f3f2 g3e2 h7h2 d1f1 f2f3 f1f3 e4f3,2186,88,47,67,crushing endgame fork quietMove veryLong,https://lichess.org/xaFHzMT0#95,
Qz4MK,8/p5k1/1bp4p/1p2p2P/1P2P1K1/5Q2/1B4P1/7q b - - 1 37,b6d4 b2d4 e5d4 e4e5 h1c1 f3f6 g7g8 e5e6,2113,77,90,742,crushing endgame quietMove veryLong,https://lichess.org/5zpgqdVQ/black#74,
QzMhz,8/8/p3pk2/1p1pR1p1/1P1P1rP1/P1Pb1BK1/8/8 w - - 1 44,f3e2 d3e4 e2d1 f4f1,2173,75,92,7889,crushing endgame quietMove short zugzwang,https://lichess.org/sr4QzbUL#87,
QzOFs,8/8/pp1p4/1k1p2p1/3P1pP1/2P2P2/PPK5/8 b - - 3 37,b5c4 a2a4 a6a5 b2b3,2171,77,85,270,endgame mate mateIn2 pawnEndgame quietMove short,https://lichess.org/giZfUX5H/black#74,
QzQDq,8/6pp/8/3kP3/1pp2K2/6P1/1B5P/8 w - - 0 35,f4e3 c4c3 b2a1 d5e5 e3d3 e5d5 g3g4 g7g5 a1c3 b4c3,2128,78,91,1870,bishopEndgame crushing endgame interference quietMove veryLong zugzwang,https://lichess.org/EX9hfuoR#69,
QzRtn,r6r/pppk2p1/3p2q1/3Ppp1p/4P1nQ/2P2PPP/PP1NR3/R6K w - - 2 22,f3g4 h5g4 e4f5 g6f5 a1f1 f5g6 f1f7 g6f7,2118,75,85,191,advantage middlegame quietMove veryLong,https://lichess.org/e4dXooiU#43,
QzddW,8/8/4ppk1/3p3p/3P1K2/4P1P1/6P1/8 w - - 0 47,g3g4 h5h4 e3e4 d5e4 f4e4 g6g5,2133,75,83,295,crushing endgame long pawnEndgame quietMove,https://lichess.org/IS6GKilx#93,
R0T9K,8/4bk2/p4p2/4pP2/6RP/1p3K2/8/8 w - - 0 44,g4g2 a6a5 h4h5 e7f8 g2b2 a5a4,2118,75,92,498,crushing defensiveMove endgame long quietMove,https://lichess.org/1BE7fgdQ#87,
R0UKx,8/8/4n1P1/p7/4rP2/4BK2/8/1k6 b - - 2 69,a5a4 f3e4 a4a3 e3d4 e6d4 g6g7,2109,156,68,21,advancedPawn crushing endgame hangingPiece long quietMove,https://lichess.org/uWJFBrg1/black#138,
R0nCm,3b4/krpq2rp/1p3p2/p2P4/2Q2B2/4P1PP/5P2/R5K1 b - - 4 35,b6b5 a1a5 a7b6 c4a2 d7d5 a2d5,2154,86,90,1521,advantage long middlegame quietMove,https://lichess.org/IhvrzmYR/black#70,
R0yKk,8/8/3k4/1n1p1p1p/5P2/1N1K2P1/7P/8 w - - 0 40,b3d4 b5d4 d3d4 d6c6 h2h3 c6d6 h3h4 d6c6 d4e5 c6c5 e5f5 d5d4 f5g6 d4d3 f4f5 d3d2 f5f6 d2d1q,2156,76,86,764,advancedPawn crushing endgame knightEndgame master masterVsMaster promotion quietMove veryLong zugzwang,https://lichess.org/fWRCxTKH#79,
R1J2K,8/6p1/5pk1/1K6/8/8/P7/8 b - - 1 45,f6f5 a2a4 f5f4 b5c4 g6f5 a4a5 f5e4 a5a6 f4f3 a6a7 e4e3 a7a8q,2133,77,92,3212,advancedPawn crushing endgame pawnEndgame promotion quietMove veryLong,https://lichess.org/iuGT2Gjc/black#90,
R1RDK,8/5p2/3k4/6pp/2P5/5PKP/8/8 w - - 3 47,h3h4 f7f6 h4g5 f6g5 f3f4 g5g4 f4f5 d6e5 c4c5 e5f5 c5c6 f5e6 c6c7 e6d7 c7c8r d7c8,2107,79,90,272,crushing endgame pawnEndgame quietMove veryLong,https://lichess.org/yxaFsgGk#93,
R1UpO,8/5rp1/R1p1r3/1p1p4/1P1P1B1P/2Pk1pP1/4bK2/7R w - - 8 38,h1c1 f7f4 g3f4 e6g6 c1g1 g6g1 f2g1 d3e3,2107,77,94,7208,crushing endgame quietMove sacrifice veryLong,https://lichess.org/ssp5u6WA#75,
R1bTc,8/8/7p/8/8/2K2kP1/5P2/8 w - - 3 48,c3d3 h6h5 d3c2 f3f2,2186,76,93,3361,crushing endgame master pawnEndgame quietMove short,https://lichess.org/UydcbiE5#95,
R1ouw,8/p6p/3N4/k1p5/7K/8/6P1/8 w - - 0 45,h4h5 a5b4 h5h6 a7a5 g2g4 a5a4 g4g5 a4a3,2113,77,69,101,crushing endgame knightEndgame quietMove veryLong,https://lichess.org/JBHrXcwd#89,
R24Ur,8/p7/2p4p/P2k2p1/1P6/3K3P/6P1/8 w - - 1 39,g2g4 a7a6 d3c3 c6c5,2128,76,92,9500,crushing endgame pawnEndgame quietMove short,https://lichess.org/WSJCteqh#77,
R2H7h,r1b1r1k1/p4pp1/2q2n1p/2b5/2N5/2P4P/P1B2PP1/R1BQ1RK1 w - - 0 22,f1e1 c8b7 e1e8 a8e8,2141,77,86,716,crushing opening quietMove short,https://lichess.org/F9yLZqCd#43,
R2Lqo,r5k1/2qb1ppp/p2p2n1/4rNPQ/1p2P3/3B2R1/PPP4P/2K2R2 b - - 7 23,a8c8 g3h3 g8f8 h5h7,2103,75,85,255,crushing master middlegame quietMove short,https://lichess.org/ES3WOdp9/black#46,
R2Mwn,r4rk1/4bpp1/4p1p1/p1Pp4/1p1Pn3/1P6/R1Q2PPP/R1B1qNK1 b - - 7 24,e4c3 c1e3 e1a1 a2a1,2108,77,92,2144,advantage middlegame quietMove short,https://lichess.org/JPzKWgmj/black#48,
R2hGq,8/4p3/P3R2p/6kP/1p4p1/6P1/5PK1/1r6 b - - 0 42,b4b3 e6e5 g5f6 e5a5 b3b2 a6a7 b1a1 a7a8q,2120,80,91,2204,advancedPawn crushing endgame master promotion quietMove rookEndgame veryLong,https://lichess.org/mY8JbnGi/black#84,
R2nqB,8/k4p2/2R2P2/4p3/7P/P2K1p2/1r6/8 w - - 0 41,c6c1 b2e2 h4h5 e5e4 d3d4 f3f2 c1f1 e4e3,2167,73,93,7743,advancedPawn crushing endgame exposedKing master quietMove rookEndgame veryLong,https://lichess.org/JcalT3AY#81,
R2w0s,r6k/1pR3p1/1P3bPp/7P/4P3/3PK3/8/8 b - - 3 41,a8b8 d3d4 f6d8 d4d5,2115,131,76,30,crushing defensiveMove endgame quietMove short,https://lichess.org/GxsEjlsJ/black#82,
R3CiL,8/8/8/p2p4/1k6/3K2P1/7P/8 w - - 0 51,h2h4 a5a4 g3g4 a4a3 d3c2 d5d4,2116,77,92,2339,crushing defensiveMove endgame long pawnEndgame quietMove,https://lichess.org/iBIvLbEE#101,
R3Zap,8/8/1p5p/1Prk1KpP/1R6/4P3/8/8 b - - 2 49,c5c4 e3e4 d5d4 b4c4 d4c4 e4e5 g5g4 f5g4,2105,76,94,4302,crushing endgame master quietMove rookEndgame veryLong,https://lichess.org/wl97MYxj/black#98,
R3h6v,r2qr1k1/pp3ppp/5n2/8/2p2P2/1PQ2P2/P1P4P/R1B2B1K b - - 0 18,d8d1 c1d2 f6d5 a1d1 d5c3 d2c3,2117,74,95,8261,advantage discoveredAttack long middlegame quietMove trappedPiece,https://lichess.org/ZXLyVPsl/black#36,Sicilian_Defense Sicilian_Defense_McDonnell_Attack
R3mVZ,8/4kp2/8/3pP1pp/8/4PKPP/6P1/8 w - - 0 45,e3e4 d5d4 g3g4 h5h4 g2g3 h4g3,2167,79,91,1812,crushing endgame long master pawnEndgame quietMove,https://lichess.org/eVmzswb4#89,
R4l6O,8/5k1N/5pp1/8/3b1PPP/2pK4/8/8 w - - 1 38,g4g5 f6f5 h4h5 g6h5,2130,79,85,168,crushing endgame quietMove short,https://lichess.org/3jkuf1Qj#75,
R59Je,8/8/2k2pp1/2P1p2p/2K5/5P2/6PP/8 b - - 1 48,f6f5 h2h4 f5f4 c4b4,2121,74,95,327,crushing defensiveMove endgame pawnEndgame quietMove short,https://lichess.org/tf6Pf2Qd/black#96,
R5K7s,8/p4ppp/Pp2k3/1P6/3PK1P1/8/7P/8 b - - 0 36,g7g6 g4g5 f7f5 g5f6 g6g5 f6f7,2194,79,91,246,advancedPawn crushing enPassant endgame long pawnEndgame quietMove,https://lichess.org/jS4rss50/black#72,
R5T39,q3k2r/5p2/p1bp1p1p/B1p5/2Pp4/P2P2PP/1P2NP2/4RRK1 b k - 2 20,c6h1 f2f3 e8d7 g1h1,2172,129,81,13,advantage interference middlegame quietMove short,https://lichess.org/6DmrWXn9/black#40,
R5Yo9,r3r1k1/p4ppp/b4n2/2p5/P1PpP1PP/qP5N/2PNQ3/1K4RR w - - 0 22,g4g5 f6d5 c4d5 a6e2,2175,77,80,261,crushing middlegame quietMove short,https://lichess.org/Y298XUcn#43,
R5iMt,1r1qr1k1/6p1/3pPP2/p1pNp3/4P2p/8/PP6/2K3RR b - - 0 27,e8e6 g1g7 g8f8 h1g1 d8f6 d5f6 e6f6 g7g8,2129,77,100,90,advantage endgame quietMove veryLong,https://lichess.org/KZWgBKrR/black#54,
R5lZ7,8/7p/2k3p1/P3pp2/1P2n3/6P1/6BK/8 w - - 0 36,g2e4 f5e4 h2g1 h7h5 g1f2 g6g5 f2e3 h5h4 e3e4 h4h3,2142,77,86,54,crushing endgame quietMove veryLong,https://lichess.org/vcQscLIs#71,
R5oAR,8/p7/p1p5/2Pp4/1P3rkp/P6R/6K1/8 b - - 1 48,f4f2 g2f2 g4h3 a3a4 h3g4 b4b5 g4f5 b5b6,2120,77,86,341,crushing endgame quietMove rookEndgame veryLong,https://lichess.org/2twQmP5i/black#96,
R5uGN,7r/7q/2Q2pk1/1N2p3/2N1P3/2PP2P1/P5Rn/6K1 w - - 0 34,b5d6 h2g4 c6e8 h8e8 d6e8 h7a7,2193,79,90,1323,crushing long middlegame quietMove,https://lichess.org/i71RuLlp#67,
R5ysR,r7/pQ6/1p1p1qpk/3Pp2p/7r/5P2/PPP5/2KR2R1 b - - 4 29,f6d8 g1g6 h6g6 d1g1 h4g4 f3g4 h5h4 g1f1 d8g5 c1b1,2106,77,91,1005,attraction crushing defensiveMove endgame quietMove sacrifice veryLong,https://lichess.org/hDKBEbV8/black#58,
R68FV,8/p7/1p1P1b2/1P3p2/5Pp1/2Bk2P1/5K2/8 b - - 0 49,f6d8 c3g7 d3c4 g7f8 d8f6 f8e7 f6d4 f2e2 d4c5 e7f8 c5d6 f8d6,2122,128,82,12,bishopEndgame crushing defensiveMove endgame quietMove veryLong,https://lichess.org/FMY1s6Q7/black#98,
R6Na5,1r3k2/r5pp/4P3/5P2/8/p5P1/Q6P/6K1 b - - 0 32,b8b2 a2d5 f8e8 d5c6,2157,98,88,23,advantage endgame queenRookEndgame quietMove short,https://lichess.org/JIpVDSOL/black#64,
R788x,2Rr3k/6p1/5p1p/2R2K2/3P1PP1/2PQ3r/8/4q3 b - - 3 44,h3d3 c8d8 h8h7 c5c8 g7g6 f5f6 e1h4 f6f7 h4d8 c8d8,2131,78,62,90,advantage endgame hangingPiece master queenRookEndgame quietMove veryLong,https://lichess.org/JOKBIwhr/black#88,
R7Aad,8/8/p7/1p2kppp/8/PpP1KPPP/1P6/8 w - - 0 38,g3g4 h5h4 g4f5 e5f5 a3a4 b5a4,2189,145,73,12,crushing endgame long pawnEndgame quietMove,https://lichess.org/FqqVhWnJ#75,
R7rxm,8/8/8/p2p1kpp/P2P4/2P1K2P/5P2/8 w - - 0 40,e3f3 h5h4 f3e3 g5g4 h3g4 f5g4,2105,76,93,11364,crushing endgame long pawnEndgame quietMove zugzwang,https://lichess.org/bcY5SJWU#79,
R88qw,rnb1r1k1/ppp2ppp/1bq5/3N4/8/3N4/PPPPBPPP/R1BQK2R w KQ - 1 10,d5b6 c6g2 h1f1 c8h3 d3e5 e8e5,2129,76,90,2021,crushing long opening quietMove,https://lichess.org/Xm68ECv3#19,Russian_Game Russian_Game_Three_Knights_Game
R8afS,5rk1/2pq2pp/Qbb5/3p4/3P4/P4pP1/1P1B1P1P/3RR1K1 w - - 1 23,a6d3 c6b5 d3e3 f8f6 e3e8 d7e8 e1e8 b5e8,2109,154,82,10,advantage middlegame quietMove veryLong,https://lichess.org/LaOT2Ieh#45,
R8nxH,Rr4k1/1P1n1pp1/7p/8/P7/7P/6K1/8 b - - 0 42,g8f8 a4a5 f8e7 a5a6 e7d6 a8b8 d7b8 a6a7 d6c7 a7a8q,2118,75,95,2018,advancedPawn crushing endgame pin promotion quietMove veryLong,https://lichess.org/NQh6c1VA/black#84,
R8o1b,1r4k1/2b2pp1/4b2p/1p1p2q1/8/2PQ1RN1/1PB2PPP/6K1 b - - 10 28,e6g4 d3h7 g8f8 f3e3 g5e3 f2e3,2133,94,74,29,crushing long middlegame quietMove,https://lichess.org/l5tXOv6p/black#56,
R8ogG,r3k2r/ppp2ppp/2nbb1q1/4p3/2P5/P2P1NPP/1P2BP1K/R1BQ1R2 b kq - 0 13,g6h5 f3h4 h5h4 g3h4,2177,77,92,1550,crushing middlegame quietMove short trappedPiece,https://lichess.org/uBihhq25/black#26,Four_Knights_Game Four_Knights_Game_Gunsberg_Variation
R90WT,8/6p1/p2p4/1p1k2P1/1P6/2PK4/P7/8 w - - 0 32,a2a3 g7g6 c3c4 b5c4 d3c3 d5e4 a3a4 d6d5,2112,76,88,188,crushing defensiveMove endgame pawnEndgame quietMove veryLong zugzwang,https://lichess.org/FcohnOGy#63,
R97iB,8/8/1q3kp1/7p/p7/P1R3BP/6PK/8 b - - 1 49,b6b3 c3b3 a4b3 g3e1 f6f5 e1c3,2105,77,92,186,crushing defensiveMove endgame long quietMove,https://lichess.org/jLeDaarI/black#98,
R9EsY,1br3k1/1p3pp1/pBn3rp/P6q/1P1NpP2/1NP4P/5Q1K/R4R2 w - - 5 25,a1e1 c6e5 f2e2 e5g4 e2g4 g6g4,2127,116,82,18,crushing long master middlegame pin quietMove,https://lichess.org/vU1ZNhnf#49,
R9N4O,6k1/7R/1r6/3p1P2/3P4/p1P5/4R1KP/r7 w - - 1 44,h7a7 b6b2 e2f2 a1a2 f2b2 a3b2 a7a2 b2b1q,2163,76,94,868,advancedPawn advantage endgame master promotion quietMove rookEndgame veryLong,https://lichess.org/5lQNdV1G#87,
R9yQW,r1q1r1kb/pp3p1R/2n3p1/6N1/3pp3/P3B1P1/1P3PK1/R2Q4 b - - 0 21,h8f6 d1h1 c8f5 h7f7 f5f3 g5f3,2161,99,78,21,advantage long middlegame quietMove,https://lichess.org/ntk2ER2f/black#42,
RA6Qg,r6k/pp4pp/2p1Q3/8/8/5rqP/PPP5/R1B2R1K w - - 0 26,c1d2 a8f8 f1g1 g3h4,2157,76,86,275,advantage master middlegame quietMove short,https://lichess.org/ap3KGwRg#51,
RAHJA,7r/2p1kp1P/q1np1p2/r7/3PP3/1PQ4R/N1P5/1K1R4 w - - 1 31,c3b2 h8a8 h7h8q a5a2 h8a8 a2b2 b1b2 a6a8,2113,76,87,629,crushing master middlegame quietMove veryLong,https://lichess.org/SHKzhQpH#61,
RAe8O,8/5p2/3K4/2p4p/2k4P/P7/5P2/8 w - - 0 59,f2f4 c4d4 a3a4 c5c4 a4a5 c4c3 a5a6 c3c2 a6a7 c2c1q a7a8q c1f4,2130,76,89,133,advancedPawn crushing endgame pawnEndgame promotion quietMove veryLong,https://lichess.org/7bCo3SHz#117,
RAfiY,1b2rrk1/5ppp/p7/1p1p1q2/3P4/1PP1R1Pb/P4PQP/R1B2NK1 w - - 3 24,g2f3 f5f3 e3f3 e8e1 c1b2 f8e8 f3e3 e8e3 f2e3 e1e2,2168,76,80,152,advantage clearance middlegame pin quietMove veryLong,https://lichess.org/IbQNI8Qq#47,
RAoEs,7R/5p2/1P3n2/5b2/1PP5/4K1kp/8/8 w - - 0 49,h8h3 f5h3 b6b7 f6d7 c4c5 h3g2 b4b5 g2b7,2170,81,89,579,crushing endgame hangingPiece master quietMove veryLong,https://lichess.org/rcOijP3f#97,
RBN3c,r5k1/1p4bp/pn1p2p1/P1pPpr1n/8/1BNQB2q/1PPN1P2/R2R2K1 w - - 0 18,a5b6 h5g3 d3e4 g3e4,2126,77,91,737,crushing middlegame quietMove short,https://lichess.org/fy5V82rp#35,Benoni_Defense Benoni_Defense_Old_Benoni
RBbCE,8/8/7p/6pk/4p3/7P/P1P2K2/8 b - - 0 43,g5g4 h3g4 h5g4 a2a4 h6h5 a4a5 h5h4 a5a6 h4h3 a6a7,2184,75,95,679,advancedPawn crushing endgame pawnEndgame quietMove veryLong,https://lichess.org/HNcek9Ud/black#86,
RC6wC,8/1bk2p2/2ppq3/p3p1r1/Pp2PbNr/1P1P1QNP/1PR2PP1/5RK1 w - - 11 27,f3e2 g5g4 h3g4 e6h6 g3h5 f4h2,2122,75,87,310,advantage long middlegame quietMove sacrifice,https://lichess.org/ReVFxOT8#53,
RCbs4,2r4k/4Q1pp/p7/3q1pP1/Np2bP1P/1P5B/P1P4R/3K4 w - - 1 25,d1c1 d5d4 a4c5 d4g1,2138,138,82,16,crushing middlegame quietMove short,https://lichess.org/dOwWqy7t#49,
RD8e0,1r1b1k2/R6p/5ppN/8/2p1P3/P3P1P1/5P1P/6K1 w - - 0 32,a7a4 b8c8 a4c4 c8c4,2110,87,79,33,crushing endgame quietMove short,https://lichess.org/v86n4qTl#63,
RDUNe,5rk1/pp4p1/3bp1Q1/3p3p/3P4/P1N1P3/1PR1P1Bq/5K2 w - - 3 27,g2f3 d6g3 g6g3 h2g3,2142,78,85,301,crushing middlegame pin quietMove short,https://lichess.org/s4PQEjEa#53,
RDohQ,8/1kr5/rp1RQ3/p1p1p2p/4Pp2/P4P2/KBq5/8 b - - 5 37,c5c4 e6d5 b7a7 d6d8 c7b7 d5g8,2137,136,85,16,crushing endgame long quietMove,https://lichess.org/VUaL44jB/black#74,
REML1,8/8/pp6/2p2pp1/2Pk2P1/1P3K2/P6P/8 b - - 0 39,f5f4 h2h4 g5h4 f3f4 b6b5 g4g5 h4h3 f4g3 d4e5 g3h3 e5f5 h3h4 b5c4 b3c4,2179,76,91,236,crushing deflection endgame pawnEndgame quietMove veryLong,https://lichess.org/xuM8ziUU/black#78,
REaFW,8/7p/2p3p1/2kp1p2/p4P2/P1PK4/1P4PP/8 w - - 0 35,h2h4 h7h6 h4h5 g6h5 g2g3 h5h4 g3h4 h6h5 d3c2 c5c4,2188,77,87,1239,crushing endgame pawnEndgame quietMove veryLong zugzwang,https://lichess.org/DZBj34mO#69,
RFPk6,8/pk2b1p1/1pRp3p/1P1Pp2r/P7/3PB2P/6PK/8 b - - 2 27,h5h4 g2g4 h6h5 e3f2 h5g4 f2h4,2187,77,91,1003,crushing endgame long quietMove trappedPiece,https://lichess.org/4O5xJX0h/black#54,
RFoe8,1rr5/1p1Rk2p/5p2/pN1Rp3/n7/2P5/6PP/6K1 b - - 1 30,e7e6 g2g4 c8c6 b5c7 c6c7 d5d6,2140,77,92,2631,endgame long mate mateIn3 quietMove sacrifice,https://lichess.org/FqgJV5wU/black#60,
RGG9L,7r/3R3P/1p6/3Bb3/2P5/4p1k1/P3Kp2/8 w - - 10 60,d7e7 h8f8 e7f7 f8f7 d5f7 g3g2,2104,117,83,20,crushing defensiveMove endgame long quietMove,https://lichess.org/6dgXJiYY#119,
RGK8B,5r1k/p5pp/Pp2Q3/1P1p4/2pP3q/2P5/5PPP/4R1K1 w - - 1 31,e6e8 h4f2 g1h1 h7h6 e8f8 f2f8,2137,76,91,2004,advantage endgame long quietMove,https://lichess.org/sls4EfVz#61,
RGP7c,5rk1/4Qp2/4p1pp/3pP3/1R1P4/2q1P3/2b3PP/4R1K1 w - - 3 31,g1f2 c2d3 e1e2 d3e2 e7f8 g8f8,2161,84,77,64,crushing endgame long quietMove,https://lichess.org/Bonh09c6#61,
RGmiT,r7/1p1knr2/p1pp2p1/6B1/Q5P1/7q/P4P2/3R1RK1 w - - 0 34,g5e7 a8h8 d1d6 d7e7,2199,75,83,152,crushing intermezzo master middlegame quietMove short,https://lichess.org/kxuFZX6B#67,
RH9RI,8/8/p4KP1/1p6/8/Pbk4P/8/8 b - - 0 57,c3b2 h3h4 b2a3 h4h5 b3c2 h5h6 b5b4 h6h7 b4b3 h7h8q b3b2 h8h3,2143,85,71,36,advancedPawn bishopEndgame crushing endgame master promotion quietMove veryLong,https://lichess.org/LfmYageW/black#114,
RHRPi,8/p5p1/7p/1P2p3/P3k1P1/2K4P/8/8 b - - 0 40,e4f3 a4a5 e5e4 b5b6 a7b6 a5a6,2198,75,92,1654,crushing endgame long pawnEndgame quietMove,https://lichess.org/yG9Q1DpZ/black#80,
RHYWU,5rk1/p4p2/2p1p2p/5pq1/2Bb1P2/1P6/1rP3PP/R1Q2R1K b - - 2 22,g5g6 f1f3 g8h7 f3g3 g6f6 c2c3,2124,75,91,1242,advantage long middlegame quietMove,https://lichess.org/ILLDn1KY/black#44,
RHiW5,3r4/ppR1Q1pk/4ppqp/8/P2p4/1P2N1P1/5PPK/8 b - - 3 34,d4e3 e7d8 e3f2 d8d1 g6f5 c7c1,2179,76,84,120,crushing defensiveMove endgame long quietMove,https://lichess.org/aJCidWji/black#68,
RIMr8,8/8/1k6/3p3p/5K1P/8/5P2/8 b - - 1 65,b6c7 f4e5 c7c6 f2f4 d5d4 e5d4,2146,76,85,107,crushing endgame long pawnEndgame quietMove,https://lichess.org/0AmuvBKf/black#130,
RIdkr,3r2k1/5pp1/7p/8/P7/5P1P/1Prp1P2/R2R2K1 w - - 5 33,b2b4 d8c8 g1f1 c2c1 f1e2 c1a1 d1a1 c8c1 e2d2 c1a1,2180,125,85,20,attraction clearance crushing endgame pin quietMove rookEndgame veryLong,https://lichess.org/gpK49WA8#65,
RJBqQ,4r1k1/R5p1/2pB1p1p/2Pp4/P1n5/5P2/6PP/6K1 b - - 0 30,c4d6 c5d6 e8d8 d6d7 g8f7 a4a5 f7e7 a5a6,2162,79,92,7520,advancedPawn crushing endgame quietMove veryLong,https://lichess.org/mqIzTmNq/black#60,
RJFGL,8/2p5/1pN5/p7/P4K2/2k5/8/8 w - - 0 51,f4e5 b6b5 a4b5 a5a4 e5e4 a4a3,2125,79,91,1347,crushing endgame knightEndgame long quietMove,https://lichess.org/2xogM9sY#101,
RJJGo,2kq1r2/Qp3p2/1np4p/6p1/6P1/1BP5/P5PP/3R2K1 b - - 0 25,d8c7 b3c2 c7e7 a7b6,2143,103,86,25,crushing endgame quietMove short,https://lichess.org/1eqYmJXS/black#50,
RJaSg,3r2k1/p1r1bppp/Bpb1pn2/6q1/3P4/1P2N3/PBR1QPPP/5RK1 b - - 10 18,e7d6 f1c1 c6g2 e3g2,2189,77,75,66,advantage master middlegame quietMove short,https://lichess.org/c6bRJau9/black#36,Benoni_Defense Benoni_Defense_Old_Benoni
RJabH,1Q6/5ppk/2p4p/5P2/2bq4/8/nPP3PP/1K2RR2 w - - 1 36,c2c3 c4d3 b1a1 d4a4 b2b3 a4a3,2199,77,91,2236,clearance crushing endgame fork long quietMove,https://lichess.org/VsQLQDHa#71,
RKRFv,8/1p3p2/p5p1/3p1k1p/3P4/4PK1P/PP4P1/8 w - - 0 32,b2b4 h5h4 e3e4 d5e4,2189,78,95,1163,crushing endgame master pawnEndgame quietMove short,https://lichess.org/Gv45eZke#63,
RKhZI,r2q1rk1/p3p2p/2pp1b2/5bNQ/5P2/4B2P/P1P3P1/1R3RK1 b - - 0 17,f5c2 f4f5 f6g5 h5g5,2194,80,90,115,crushing kingsideAttack middlegame quietMove short,https://lichess.org/nswtKKfH/black#34,Sicilian_Defense Sicilian_Defense_Dragon_Variation
RLCiy,3r4/2R5/6k1/p1N1p3/P7/2K1P3/4b3/8 w - - 0 40,c7g7 g6g7 c5e6 g7f6 e6d8 e2f3 c3c4 f6e7 c4b5 e7d8,2182,86,89,1258,crushing endgame hangingPiece master quietMove trappedPiece veryLong,https://lichess.org/tDlX7C2g#79,
RLhqG,4r3/5pk1/2p3p1/p1p1q3/PrP3P1/1P1QP3/2P5/1K1RR3 w - - 0 28,d3d7 e8b8 d7d3 b4a4,2135,81,87,54,crushing endgame master pin quietMove short,https://lichess.org/2CqnNuoM#55,
RLi4I,8/3k2p1/1p6/3P1PK1/2P5/8/P1P2n2/8 b - - 5 51,d7e7 g5g6 e7f8 c4c5 b6c5 a2a4 f2g4 a4a5 g4e5 g6g5 e5d7 a5a6,2102,130,-11,21,crushing defensiveMove endgame knightEndgame quietMove veryLong,https://lichess.org/Bw8YRfxN/black#102,
RLqar,8/7p/1Pb3p1/6k1/2B5/P5K1/8/8 b - - 2 46,c6b7 a3a4 g5f5 a4a5 f5e5 a5a6 b7a6 c4a6 e5d6 a6b5,2128,86,90,757,bishopEndgame crushing defensiveMove endgame quietMove veryLong,https://lichess.org/4C1xkGit/black#92,
RM588,6k1/b2b1pp1/p2p3p/2p5/2r1q2N/2P3BP/P2Q1PP1/R5K1 w - - 2 25,g3d6 e4h4 d6g3 h4e7 a1e1 d7e6,2102,79,86,51,crushing hangingPiece long middlegame quietMove,https://lichess.org/ikfzOfZw#49,
RM6xm,8/6p1/8/2k3p1/P1p3P1/2K5/8/8 b - - 0 52,g7g6 a4a5 c5b5 a5a6 b5a6 c3c4 a6b6 c4d5 b6c7 d5e6 c7d8 e6f7,2123,77,91,2328,crushing deflection endgame pawnEndgame quietMove veryLong,https://lichess.org/VdsLzIZC/black#104,
RMDhx,r3r1k1/p4p1p/1p3Qp1/1b1B4/1B4q1/5NP1/P3nPKP/4R3 b - - 2 25,g4d7 e1e2 b5e2 b4c3 e2f3 d5f3,2127,76,98,204,advantage long middlegame quietMove sacrifice,https://lichess.org/sQmXP2sJ/black#50,
RMJYh,1n2k2r/pB3ppp/1pP1p3/1P1p4/1b1Pnq2/2NQ1b1P/P4PP1/2R2RK1 w k - 0 20,g2f3 b4d6 f1d1 f4h2 g1f1 h2f2,2146,79,83,92,kingsideAttack long mate mateIn3 middlegame quietMove,https://lichess.org/ytDHJZTv#39,
RMn8i,8/5B2/7p/2n5/2P2p1P/4k3/6K1/8 w - - 0 61,f7h5 c5d3 h5g4 d3e5,2104,134,85,13,crushing endgame master quietMove short zugzwang,https://lichess.org/pg1TelSA#121,
RN74t,4r1k1/2b2p1p/p1N3p1/3P4/2P5/6Pb/P2Q1P1P/6K1 w - - 0 29,f2f4 c7b6 g1h1 h3g4 c6d4 e8e4 h2h3 e4d4,2111,78,83,86,advantage endgame quietMove veryLong,https://lichess.org/whkwCU9h#57,
RND8h,8/8/8/1P5r/2B5/5pk1/2K4p/7R w - - 3 59,b5b6 g3g2 b6b7 h5h8 h1b1 h2h1q b7b8q h8b8,2112,80,92,3346,advancedPawn advantage endgame promotion quietMove veryLong,https://lichess.org/koXfSREo#117,
RNLXp,6rk/1p3p1p/5P2/p3rqpQ/P7/2P4R/1P4PP/4R2K w - - 0 31,e1d1 g8e8 d1g1 e5e1,2159,93,75,40,crushing endgame quietMove short,https://lichess.org/W6vNugnI#61,
RNN6B,7k/p2b2p1/3P3p/4qp1Q/8/1B4PP/P2R1P1K/2r5 w - - 0 37,d2e2 d7c6 h5e8 e5e8,2170,77,90,427,crushing endgame quietMove short,https://lichess.org/sUFp0sw6#73,
RNNEt,8/4k3/N1K5/5bp1/1P6/8/8/8 w - - 0 62,b4b5 g5g4 c6d5 g4g3,2110,76,91,97,crushing endgame quietMove short,https://lichess.org/RE0RC9t0#123,
RNggc,8/1Q6/p2p2pk/4p1b1/5rqp/2P5/PP2RP1P/3R3K w - - 1 35,d1e1 e5e4 e2e3 f4f2,2123,77,91,354,crushing endgame master quietMove short,https://lichess.org/whuXr78u#69,
RNlwu,8/5k1p/5p2/3P1K2/8/8/7P/8 b - - 0 50,h7h5 h2h4 f7e7 f5g6,2107,146,48,10,crushing endgame pawnEndgame quietMove short zugzwang,https://lichess.org/dMJAaCE1/black#100,
RNrBF,3rkb1r/4nppp/p7/qpQ1pP2/3n4/1BN5/PPP2PPP/R1B1K2R w KQk - 4 13,e1g1 e7c6 c5d5 d8d5,2138,72,94,11550,advantage opening quietMove short trappedPiece,https://lichess.org/MPL4ECAL#25,Sicilian_Defense Sicilian_Defense_Lowenthal_Variation
ROMca,r2k1b1r/ppp5/3p1P2/3P4/Q4P1p/2N1B1pq/PP5P/R4RK1 w - - 0 23,f1d1 h8g8 a4e4 h3h2 g1f1 g3g2 f1e2 g2g1q,2132,135,85,20,advancedPawn crushing deflection discoveredAttack kingsideAttack middlegame promotion quietMove veryLong,https://lichess.org/v8RFQyoq#45,
ROMzC,2r5/p2n2P1/1p1bNk2/2p1pPB1/8/2PP4/1P2KP2/8 b - - 2 42,f6f5 e6d8 d7f6 g5f6 f5f6 g7g8q,2137,76,93,6369,advancedPawn crushing endgame long promotion quietMove,https://lichess.org/gKerM16E/black#84,
RP2WJ,r1b1k1r1/pp1p1p1p/4pQ2/8/3P2P1/1P2P2P/q1RK1P2/7R b q - 0 19,a2b3 h1c1 b3b4 d2e2 b4b5 e2f3,2155,111,82,34,crushing defensiveMove long middlegame quietMove,https://lichess.org/1VmjBqlL/black#38,Indian_Defense Indian_Defense_Other_variations
RPJw4,8/7p/2p1k1p1/2P5/3PK2P/8/8/8 w - - 3 37,d4d5 c6d5 e4d4 h7h6 c5c6 e6d6 c6c7 d6c7 d4d5 c7d7,2141,78,98,450,crushing defensiveMove endgame pawnEndgame quietMove veryLong,https://lichess.org/BPcK8y3C#73,
RPNQE,6rk/6r1/p1p2Nq1/1p1b3p/5p1Q/1P3P1P/P2R4/5R1K w - - 2 38,h4h5 g6h5 f6h5 g7f7 d2d4 g8f8,2194,133,81,32,crushing defensiveMove long middlegame quietMove,https://lichess.org/rpNouzDb#75,
RPsG5,5rk1/6p1/R6p/p7/P4P2/4b2P/1P1p2P1/5R1K w - - 0 32,a6a5 f8c8 a5d5 c8c1,2156,99,44,16,crushing endgame quietMove short,https://lichess.org/LOY1RaFn#63,
RQGLY,r7/3Nb1k1/ppnq2P1/3b4/1P4p1/P2B4/4QPP1/2R2RK1 w - - 1 25,d7b6 a8h8 f2f4 g4f3 e2b2 e7f6,2154,100,69,32,advantage enPassant long master middlegame quietMove,https://lichess.org/GJwWBhtN#49,
RQGgj,8/6p1/6k1/ppB4P/2b2RP1/6K1/r7/8 b - - 0 35,g6g5 c5e3 g5h6 f4c4,2172,74,93,4113,crushing discoveredAttack endgame quietMove short,https://lichess.org/BMnQFkDl/black#70,
RQejU,8/3B4/1P5p/7k/p2pb3/5p2/1P3K2/8 b - - 0 54,h5g5 d7c8 g5f4 b6b7 e4b7 c8b7,2187,75,94,2048,advancedPawn bishopEndgame crushing endgame long quietMove,https://lichess.org/rtJ4UTxG/black#108,
RR53R,8/1p3p2/p3k2p/4Pp1P/2P2K2/1P5P/P7/8 w - - 2 39,a2a4 a6a5 c4c5 f7f6 e5f6 e6f6 b3b4 a5b4 c5c6 b7c6 a4a5 b4b3 a5a6 b3b2 a6a7 b2b1q,2172,76,90,470,advancedPawn advantage endgame pawnEndgame promotion quietMove veryLong,https://lichess.org/GcFaP8qz#77,
RRkQ8,8/7p/1N2k3/2p2p2/Pn2p3/4P1KP/5P2/8 w - - 4 48,g3f4 b4d5 b6d5 e6d5 f4f5 c5c4 a4a5 c4c3 a5a6 d5c6 f5e4 c3c2 a6a7 c6b7,2176,83,63,46,advancedPawn crushing endgame knightEndgame quietMove sacrifice veryLong,https://lichess.org/97icVyeA#95,
RSaKX,8/8/1p6/1k2p2p/4P2P/PK6/8/8 w - - 2 53,b3c3 b5a4 c3c4 a4a3 c4d5 b6b5 d5e5 b5b4,2152,76,82,75,crushing defensiveMove endgame pawnEndgame quietMove veryLong,https://lichess.org/D45Z2cO2#105,
RT1tm,5k2/4p2R/3p1p1P/2pP1P1K/3r3P/8/8/8 w - - 8 42,h5g6 d4g4 g6h5 g4g8 h7g7 g8g7 h6g7 f8g7,2163,75,84,168,crushing endgame quietMove rookEndgame veryLong,https://lichess.org/poMBcnR5#83,
RTlLy,r1b1kbnr/pp2pppp/2n5/2P5/Q1p5/2B5/Pq2PPPP/RN2KBNR b KQkq - 1 7,b7b5 a4d1 b2a1 c3a1,2126,77,85,78,advantage opening quietMove short trappedPiece,https://lichess.org/KpfEdIWr/black#14,Queens_Gambit_Declined Queens_Gambit_Declined_Austrian_Defense
RTqwv,q5k1/6pp/3B1p2/pQ6/4r3/P1p2P1P/1b4P1/1R4K1 b - - 0 41,e4d4 b1e1 h7h6 e1e8 a8e8 b5e8,2182,76,92,1499,crushing endgame fork long quietMove,https://lichess.org/Ko6weBCy/black#82,
RTvqT,r2q2k1/pp3pp1/5n1p/3p3r/2p5/2P1PPP1/PPBQ1P2/R3R1K1 w - - 1 18,a1d1 d8c8 g1f1 f6e4 c2e4 d5e4 d2d7 h5h1 f1e2 e4f3 e2f3 c8d7,2199,95,73,40,advantage kingsideAttack middlegame quietMove veryLong,https://lichess.org/YX8TcTTd#35,Queens_Pawn_Game Queens_Pawn_Game_Accelerated_London_System
RUClM,3N2k1/pp5p/8/3p1r2/5Pnq/4P1p1/PPP1Q3/R4RK1 w - - 2 22,d8e6 f5h5 e2g2 g4e3 f1e1 e3g2,2125,88,100,26,crushing fork long middlegame quietMove,https://lichess.org/NwFXTKXX#43,
RUItV,5r1k/pp1q2pp/2n1p3/2p3P1/P1Bp2Q1/3P4/1P6/R1B2K2 w - - 1 23,f1g1 d7f7 c1f4 f7f4 g4f4 f8f4,2100,74,90,534,crushing long middlegame quietMove,https://lichess.org/AJt8AmZh#45,
RUOEb,5r2/2k2P2/1R2p1q1/n2pP1r1/2pP4/2P4P/P4QP1/1R5K b - - 2 39,f8f7 f2b2 a5b3 b6b3 c4b3 b2b3 g6b1 b3b1,2175,100,82,17,crushing middlegame quietMove veryLong,https://lichess.org/gYjCag1h/black#78,
RVb7M,8/R7/1k6/1p5P/8/pr3P1K/6P1/8 w - - 1 42,h5h6 b6a7 h6h7 b3b1 h3h2 a3a2 h7h8q a2a1q,2120,76,87,458,advancedPawn crushing endgame hangingPiece promotion quietMove rookEndgame veryLong,https://lichess.org/BTYCSD5S#83,
RVh4F,8/4r3/2B5/3K4/1k1PP3/8/8/8 b - - 4 66,e7h7 e4e5 b4c3 e5e6 h7h5 d5e4,2138,85,64,31,crushing endgame long quietMove,https://lichess.org/CAFtNLML/black#132,
RW8VB,r1bqr1k1/p4pp1/2p1p3/3pn1BQ/8/1P1B4/P1P2PPP/5RK1 b - - 1 17,g7g6 h5h4 d8g5 h4g5,2189,80,90,2242,advantage middlegame quietMove short,https://lichess.org/bLHpl4Th/black#34,Sicilian_Defense Sicilian_Defense_Taimanov_Variation
RWIsj,8/5p1k/1r2q1p1/3p3p/1P1R1P1P/2Q3PK/8/8 w - - 6 44,h3h2 e6e2 h2g1 b6a6 d4d2 e2e1,2158,95,87,29,crushing endgame long quietMove,https://lichess.org/N5VoS78f#87,
RWNst,r5k1/6p1/p3p2p/1p2p2q/8/N1P2rP1/PP4Q1/R3R1K1 w - - 0 28,e1e5 h5g4 g1h2 a8f8 a3c2 f3f2,2147,80,90,1421,crushing long middlegame pin quietMove,https://lichess.org/ZrFFDfkS#55,
RWWtz,2r3k1/6p1/2p5/p3R1PP/1p1P4/P1n5/3B1P2/6K1 w - - 0 38,e5a5 c3e2 g1f1 b4b3 a5a7 c8b8 f1e2 b3b2,2149,75,94,10233,advancedPawn advantage endgame master quietMove sacrifice veryLong,https://lichess.org/rHcHiMwC#75,
RXb9N,kr2b3/6r1/p1p1Q3/P2PN2p/6p1/2P2pP1/2P2P1P/6K1 w - - 1 31,e5d3 b8b1 d3e1 e8d7 e6e4 c6c5 h2h3 g7g8 g1h2 g8e8 e4e8 d7e8,2120,170,67,18,crushing endgame quietMove veryLong,https://lichess.org/GbRdFKPw#61,
RXcif,8/3p4/4p3/1p1k4/8/3P2P1/5PKP/8 w - - 0 34,h2h4 b5b4 h4h5 d5e5 h5h6 e5f6 g2f3 b4b3,2107,74,93,9230,crushing endgame pawnEndgame quietMove veryLong,https://lichess.org/JmtNPA4d#67,
RXz6t,3r2k1/2q1p2p/2r1P1p1/p1Bp1pQ1/1P6/P1P5/6PP/4R2K b - - 3 28,d8e8 c5d4 c6c4 d4e5 c7e5 e1e5,2112,81,91,1005,advantage endgame long quietMove,https://lichess.org/SQPYP8uU/black#56,
RY1jJ,7k/5R1p/6p1/8/P1B5/1PK5/3r3r/8 b - - 0 32,d2f2 f7f2 h2f2 a4a5 h8g7 a5a6,2123,76,87,599,crushing endgame long quietMove,https://lichess.org/7Fr4aOqO/black#64,
RY5mX,8/8/2p5/8/2R5/P6k/4K3/1r6 b - - 2 38,b1b3 a3a4 h3g3 e2d2,2172,77,91,1375,advantage defensiveMove endgame master quietMove rookEndgame short,https://lichess.org/sNCPPaD9/black#76,
RYCnJ,r3k1nr/2pp1ppp/2p5/p1b1P3/2Q5/2P5/PP3qPP/R1BK1B1R b kq - 1 12,c5e3 f1e2 e3c1 h1f1 f2f1 e2f1,2143,90,55,36,advantage clearance long middlegame quietMove sacrifice,https://lichess.org/4eyE4gXq/black#24,Scotch_Game Scotch_Game_Classical_Variation
RYHyJ,4r2k/1p4pp/p7/2P2pr1/3PBq2/P4P2/7R/3Q1R1K w - - 0 35,e4b7 f4h2 h1h2 e8e6 f3f4 e6h6 d1h5 h6h5,2173,80,90,470,exposedKing mate mateIn4 middlegame quietMove sacrifice veryLong,https://lichess.org/K0bqLIMr#69,
RYIRg,4r1k1/pp6/2n3p1/2p3Q1/2Pp4/K2P1P2/PPq5/R7 b - - 0 29,e8e5 g5g6 g8f8 a1h1 c2d3 g6d3,2144,76,93,2130,advantage endgame long quietMove,https://lichess.org/5EBa2kU8/black#58,
RYKGN,3q2rk/r5pp/8/p3B2Q/2pP1R2/2P1p1P1/P5P1/6K1 b - - 3 30,a7b7 f4h4 b7b1 g1h2 d8h4 g3h4,2121,74,91,1886,crushing endgame long quietMove,https://lichess.org/u87krjcG/black#60,
RYM5O,2r1rk2/pp1b1p1B/1q1b1p2/3p4/3N1P2/2PQ4/PP4PP/4RRK1 b - - 0 19,b6b2 d3g3 e8e4 h7e4,2139,78,89,1276,advantage middlegame quietMove short,https://lichess.org/DwgifxHP/black#38,French_Defense French_Defense_Exchange_Variation
RZE7j,6k1/2qn2p1/2p4p/2Pp1Q2/1B1P1p1P/P5rP/4R3/6K1 w - - 1 35,g1f2 d7f6 b4d2 f6e4 e2e4 d5e4,2108,76,79,79,advantage endgame exposedKing long quietMove,https://lichess.org/1TKCN7ED#69,
RZXNX,2b2rk1/3p1ppp/1p6/8/4n3/5Q2/PPPKBbqP/RNB4R w - - 2 14,d2d3 g2g6 f3e4 c8a6 c2c4 a6c4,2107,159,16,11,crushing exposedKing long middlegame pin quietMove sacrifice,https://lichess.org/ayGRdHEF#27,Scotch_Game Scotch_Game_Other_variations
RZY1J,8/4RP2/1p3r2/4K2p/6k1/P7/8/8 b - - 1 54,f6f1 e5e6 g4g5 e7e8 f1f6 e6e7,2120,77,90,417,crushing defensiveMove endgame long quietMove rookEndgame,https://lichess.org/xEpu8gHP/black#108,
RZbqV,3r1rk1/1p3p2/pqb1p1p1/4b1N1/2P5/1P6/P3B1PP/3RQR1K b - - 2 22,b6e3 e1h4 c6g2 h1g2 e3e2 f1f2 e2h5 h4h5 g6h5 d1d8 f8d8 g5f7 d8d3 f7e5,2179,77,93,4574,crushing fork middlegame quietMove veryLong,https://lichess.org/M5gIlOzx/black#44,
RZjbc,8/5pk1/2P5/3K4/3P1b2/7B/2r4p/7R b - - 8 50,c2c1 h1c1 f4c1 h3g2 c1f4 d5c5,2143,76,94,558,crushing defensiveMove endgame long quietMove,https://lichess.org/Pmtdu3J6/black#100,
Ra4lu,8/8/7p/pp1k2p1/4p3/PP2P1PP/3K4/8 b - - 0 35,a5a4 b3a4 b5a4 d2c3 d5c5 g3g4 c5d5 c3b4,2180,79,89,1243,crushing endgame pawnEndgame quietMove veryLong zugzwang,https://lichess.org/dxz4VzXq/black#70,
RaLAj,1B3b2/6p1/5p2/5P1k/1pB2P2/5K1n/1P6/8 b - - 1 40,h5h4 b8a7 f8d6 a7e3,2152,79,90,445,crushing defensiveMove endgame master quietMove short,https://lichess.org/O8f1zflh/black#80,
RbLkf,r4rk1/ppq2p1p/6p1/2PRb3/4N3/1P3P1n/P3QP1P/5R1K b - - 5 21,e5h2 e4f6 g8h8 e2b2 a8d8 f6e8 h2e5 d5e5,2167,78,91,1014,advantage discoveredAttack kingsideAttack middlegame quietMove veryLong,https://lichess.org/8OP52GPA/black#42,
RbUIB,8/8/8/1K5p/1P3p2/P5k1/4Q3/8 w - - 2 57,e2f2 g3f2 b5c5 h5h4 b4b5 h4h3 b5b6 h3h2 b6b7 h2h1q,2113,81,86,400,advancedPawn crushing endgame hangingPiece promotion quietMove veryLong,https://lichess.org/hxQclmPb#113,
Rc7NY,4rr1k/p1b3pp/1pp2p2/3n4/3P4/1QB2NPq/PP3P1P/R3R1K1 w - - 1 23,b3a3 d5f4 f3h4 g7g5 c3d2 g5h4 d2f4 c7f4,2135,82,83,45,crushing middlegame quietMove veryLong,https://lichess.org/KXb05PRO#45,
RcPuC,2r3k1/pp4p1/2b1p2p/2P5/8/4B1Pq/P3QR1P/6K1 b - - 1 29,g7g5 e3d4 c8d8 e2e5 d8d4 e5d4,2163,82,82,33,clearance crushing endgame long quietMove,https://lichess.org/hVOCCFqD/black#58,
RccIC,2Q5/pp4p1/2b3k1/2P2pB1/4rP2/4n3/P5PP/6K1 w - - 1 43,h2h4 e3g4 h4h5 g6h5 c8h8 h5g6,2186,75,83,394,advantage endgame long master quietMove,https://lichess.org/cOGIESQb#85,
RcgkF,3q3r/p4pk1/bp2pNnp/4P1PQ/1b6/1B2R1B1/PP3PP1/6K1 w - - 1 27,g5h6 h8h6 h5g5 d8h8 f6h5 h6h5,2143,76,94,2298,advantage long master middlegame quietMove,https://lichess.org/f1qIijq8#53,
RcpES,8/2k5/3pKP2/8/4P3/8/2r4P/8 b - - 0 66,c7d8 f6f7 c2f2 h2h4 d8c7 h4h5,2188,85,81,34,advancedPawn crushing defensiveMove endgame long quietMove rookEndgame,https://lichess.org/m529ZhZr/black#132,
RcsOJ,8/7p/3B2k1/3p1p2/1P1P2pb/8/P5K1/8 b - - 1 48,h4d8 a2a4 g6f7 a4a5 f7e6 a5a6 e6d6 a6a7 d8b6 a7a8q,2178,75,87,132,advancedPawn bishopEndgame crushing endgame promotion quietMove sacrifice veryLong,https://lichess.org/IuefCYIf/black#96,
Rczhc,6b1/6B1/2p2p1P/2b1kP1B/4P3/1p1K4/8/8 w - - 0 49,h5g6 b3b2 d3c2 c5d4 g7f6 e5f6 h6h7 g8b3 c2b3 b2b1q,2147,118,-42,19,advancedPawn attraction bishopEndgame crushing deflection endgame promotion quietMove veryLong,https://lichess.org/38jCjWFU#97,
RdtU0,3r4/1p3pk1/p5pp/3NP3/2rP2n1/P5P1/1P1R2KP/4R3 w - - 1 36,e5e6 d8d5 e6e7 g4f6 e7e8q f6e8,2105,77,75,101,advantage endgame hangingPiece long quietMove,https://lichess.org/pe75d9Q1#71,
Rdvje,8/8/1K6/4B3/p2P2p1/Pp1k1b2/1P5P/8 w - - 1 43,b6a5 f3d5 a5b6 d3c2 b6c5 c2b2,2118,77,90,892,bishopEndgame crushing endgame long quietMove,https://lichess.org/hmh7rdYs#85,
RfBl2,8/8/5p2/2K1k1n1/2B1p1P1/4P3/8/8 w - - 7 68,c4g8 g5f3 g8c4 f3e1,2166,82,66,33,crushing defensiveMove endgame quietMove short,https://lichess.org/qlOAwL1v#135,
Rfajo,8/p7/1p1k4/3r3p/P2R4/2PK3P/8/8 w - - 7 52,c3c4 d5d4 d3d4 h5h4 c4c5 b6c5,2103,92,71,28,crushing endgame long quietMove rookEndgame,https://lichess.org/mIsnJ9xd#103,
RglUn,1q6/4k1p1/p2bPpp1/3p4/2pP2P1/2P1BQ2/Pr4P1/5RK1 w - - 1 29,e3g5 d6h2 g1h1 b8h8 f3h3 h8h3,2134,75,78,115,crushing endgame long quietMove,https://lichess.org/hJ0tcC8k#57,
Rh5QE,8/2k5/p1B5/2K1p1pp/1P2Pp2/P7/6P1/8 w - - 0 44,c6e8 g5g4 e8h5 f4f3 g2f3 g4g3,2155,76,87,80,advantage bishopEndgame endgame long quietMove sacrifice,https://lichess.org/PCxMEvW0#87,
RhFXQ,2k5/pp6/2p1Nn2/4K3/1P3P2/8/P4r2/6R1 b - - 3 31,f6e8 g1d1 f2e2 e5f5 e8g7 e6g7,2152,152,86,9,crushing endgame long quietMove,https://lichess.org/8DpATe4j/black#62,
Rhuyo,8/p6p/1p3pp1/3k4/3P2PP/1P2K3/P7/8 b - - 0 31,h7h5 g4h5 g6h5 e3d3 b6b5 b3b4 f6f5 d3e3 d5c4 a2a3,2141,128,15,14,crushing defensiveMove endgame pawnEndgame quietMove veryLong zugzwang,https://lichess.org/JLK3mKau/black#62,
RiH7M,1k6/1pp3N1/p4n1p/3p1Qp1/2q5/1KP2PP1/PP4BP/8 w - - 5 30,b3a3 b7b5 f5c2 b5b4 c3b4 c4c2,2137,77,90,1006,crushing endgame exposedKing long quietMove,https://lichess.org/2gHdJrty#59,
RiLCL,2kr3r/ppp2p1p/6p1/3P1b2/2Q2P2/4qNKP/PP2B1P1/R7 b - - 0 18,f5e4 a1c1 d8d7 c1c3 e4d5 c3e3 d5c4 e2c4,2122,75,92,4161,advantage middlegame quietMove veryLong,https://lichess.org/Guti5xNQ/black#36,Queens_Pawn_Game Queens_Pawn_Game_Accelerated_London_System
Rj1XB,8/6p1/4kp2/4p3/6P1/3KP1P1/8/8 w - - 1 43,d3e4 g7g6 g4g5 f6f5 e4f3 e6d5,2118,76,85,126,crushing defensiveMove endgame long pawnEndgame quietMove,https://lichess.org/8TqZO8Wo#85,
RjAOp,8/3K1k2/5p2/4pN2/7p/1P4pP/P7/8 w - - 0 44,f5e3 f6f5 d7d6 f5f4 e3c4 e5e4,2195,76,92,1599,crushing defensiveMove endgame knightEndgame long quietMove,https://lichess.org/oqLbQxow#87,
RkIQg,8/8/4k3/6KP/4bP2/6P1/8/8 b - - 0 53,e4d3 g3g4 e6f7 h5h6,2195,85,46,38,bishopEndgame crushing endgame quietMove short,https://lichess.org/CXb656ii/black#106,
Rkt5Y,5r2/2k5/2p5/7R/5P2/p5PP/r7/1R4K1 w - - 0 38,b1b3 f8d8 h5h7 c7c8,2166,78,86,406,advantage defensiveMove endgame quietMove rookEndgame short,https://lichess.org/UkiRsKTe#75,
RkwZv,2r2rk1/4q1p1/p7/1pP1P2Q/3p2R1/7P/6P1/3R3K b - - 0 32,c8c5 g4h4 c5e5 h5h7 g8f7 h4f4 f7e8 h7g6 f8f7 d1f1 e5e6 g6f7 e7f7 f4f7,2174,98,43,58,advantage attackingF2F7 endgame quietMove veryLong,https://lichess.org/rWxWQn2X/black#64,
Rl83n,8/8/2P5/p1r3k1/7R/4K1p1/P7/8 w - - 1 57,h4a4 c5f5 a4d4 g3g2 d4d1 f5f1,2197,85,84,30,advancedPawn crushing endgame long quietMove rookEndgame,https://lichess.org/z3fsjG6J#113,
RlBf2,8/pp4p1/4p1p1/k1p1P1B1/PbP2P2/3KP3/8/8 b - - 0 34,a5a4 e3e4 b7b5 f4f5,2184,79,91,248,bishopEndgame crushing endgame quietMove short,https://lichess.org/yJJf8Fhx/black#68,
RlEfr,r1b1k1nr/pp3ppp/2n1p3/3pP3/8/2Q2N2/P1P1KPPP/RNq2B1R b kq - 3 10,g8e7 b1d2 d5d4 c3c6 e7c6 a1c1,2176,79,93,7673,advantage long opening quietMove,https://lichess.org/R6OfdgAS/black#20,French_Defense French_Defense_Advance_Variation
RlFAD,8/8/1b3p2/6pk/8/6PN/1r3PK1/5R2 w - - 9 57,h3g1 g5g4 f1e1 b2f2,2162,78,91,1609,crushing endgame quietMove short,https://lichess.org/wxsracFD#113,
RldED,8/p7/1p6/5K2/1Pk5/6P1/8/8 b - - 0 49,c4d5 b4b5 a7a5 b5a6,2169,135,100,27,crushing enPassant endgame pawnEndgame quietMove short,https://lichess.org/6eyhqqjx/black#98,
Rlmp3,r2r3k/1pqn1ppB/p2b4/8/6b1/2N1P3/PPQ2PPP/R1B2RK1 w - - 1 17,g2g3 g7g6 h7g6 f7g6,2176,79,87,233,advantage middlegame quietMove short trappedPiece,https://lichess.org/r11bx7Dd#33,Tarrasch_Defense Tarrasch_Defense_Other_variations
Rlnpk,8/bpQ5/p2p2pk/3P1r2/7p/5BKP/PPP5/8 w - - 0 34,g3g4 a7e3 g4h4 f5g5,2107,133,88,65,crushing endgame quietMove short,https://lichess.org/sZHr0og4#67,
RluHH,8/8/p7/2pk3p/5P1P/3K4/P7/8 b - - 4 44,a6a5 a2a4 c5c4 d3c3 d5c5 f4f5 c5d5 f5f6 d5e6 c3c4 e6f6 c4b5 f6e6 b5a5,2155,76,93,1458,crushing defensiveMove endgame pawnEndgame quietMove veryLong zugzwang,https://lichess.org/aN9bv7VA/black#88,
Rm40N,8/8/1p1k1p1p/p1p2P2/P1P2K2/1P5P/8/8 b - - 2 46,d6e7 f4g4 e7f7 g4h5 f7g7 h3h4 g7h7 h5g4,2199,87,91,448,crushing endgame pawnEndgame quietMove veryLong zugzwang,https://lichess.org/2ZVFTwkH/black#92,
RmqdM,r4rk1/pp2bppp/2p1pn2/4P1B1/4N3/3P4/PP3PPP/R3K2R b KQ - 0 13,f6e4 g5e7 f8e8 e7a3 e4f2 e1f2,2150,76,84,99,crushing hangingPiece long middlegame quietMove,https://lichess.org/0MUHM657/black#26,Caro-Kann_Defense Caro-Kann_Defense_Classical_Variation
RmwEK,8/8/5P2/P2n3p/6p1/3pK2P/2kN4/8 w - - 4 47,e3d4 d5f6 a5a6 f6e8 d2f1 g4g3 a6a7 e8c7,2108,154,85,11,crushing defensiveMove endgame knightEndgame quietMove veryLong,https://lichess.org/JgxlazUa#93,
Rn3oq,B6r/p3k1pp/2p2n2/8/3BP1nq/3P4/PPP4p/RN3Q1K w - - 5 18,a8c6 f6h5 d4c5 e7d8,2199,76,93,1070,crushing middlegame quietMove short,https://lichess.org/SzoZwY7l#35,Kings_Gambit_Accepted Kings_Gambit_Accepted_Cunningham_Defense
Rnpze,6rk/r4pp1/p1b4p/2N2Pq1/1pB3n1/1P4RQ/P5PP/5RK1 b - - 4 36,h6h5 c4e2 g5h6 e2g4,2141,76,78,121,advantage exposedKing kingsideAttack middlegame quietMove short,https://lichess.org/J1hF9VE8/black#72,
Rnw3F,3r1k2/5bp1/2q4p/2pN1Q2/4P3/7P/6P1/3R2K1 b - - 0 40,c5c4 d1f1 d8d7 f5h7,2117,75,94,7257,crushing endgame quietMove short,https://lichess.org/iKF77dFV/black#80,
Rnxew,r2qk2r/2p2ppp/2b1p3/2bpP3/8/5N2/P1Q2PPP/RN3RK1 b kq - 1 16,d8e7 f1c1 a8a5 c2c3 c5b6 c3c6,2173,99,74,39,advantage long middlegame quietMove,https://lichess.org/adc37bNi/black#32,French_Defense French_Defense_Mediterranean_Defense
RnyW2,8/pp6/8/2P3p1/P7/6Kp/3k3P/8 b - - 3 45,d2d3 a4a5 a7a6 g3h3 d3c4 h3g4,2193,75,94,1948,crushing endgame long pawnEndgame quietMove,https://lichess.org/qGJr49S5/black#90,
Ro6t3,6k1/1pq3p1/p1p4p/4pr2/1bP1Qp2/1P1R4/PB3PPP/6K1 b - - 1 24,g7g6 c4c5 b4c5 e4c4 f5f7 c4c5,2103,84,71,50,advantage clearance endgame exposedKing fork long quietMove,https://lichess.org/voivvuJm/black#48,
Roe8L,7k/p5bp/1pp5/4pBB1/5P2/2r4P/Pr4P1/4R1K1 b - - 0 29,b2a2 e1d1 c3c1 d1c1,2152,80,83,152,advantage endgame quietMove short,https://lichess.org/scmmjj5G/black#58,
RouDr,8/5p2/8/1p6/2k1p3/6P1/2K2P1P/8 b - - 7 42,b5b4 h2h4 c4d4 c2b3 d4e5 b3b4,2177,132,81,13,crushing endgame long pawnEndgame quietMove,https://lichess.org/vaOLVwBR/black#84,
Rov8s,3k4/R7/1p6/5K2/2r3P1/8/8/8 b - - 2 44,c4c7 a7c7 d8c7 g4g5 c7d7 f5f6,2126,79,85,214,crushing defensiveMove endgame long quietMove rookEndgame,https://lichess.org/XFuOO3Fe/black#88,
Rplru,6k1/1p1Q1pp1/pP5p/P1p2P2/4r3/6B1/2P1NKPP/1q6 w - - 0 33,d7b7 b1c2 b7a6 g8h7 h2h4 c5c4 f2g1 e4e2,2167,216,-100,5,advantage endgame quietMove veryLong,https://lichess.org/zTUdh7mq#65,
Rq2ds,1r6/4p1k1/3pP2p/3P1p2/1pb2P1P/4KB2/1R6/8 b - - 3 32,g7f6 b2g2 c4d5 f3d5,2159,76,91,2525,advantage endgame quietMove short,https://lichess.org/Af5O3beo/black#64,
Rq32o,6k1/5pp1/P1Q4p/8/4R3/1qb3P1/5PKP/3r4 b - - 2 33,b3b1 c6c8 g8h7 c8f5 g7g6 f5f7 c3g7 e4e8 d1g1 g2h3 b1f5 f7f5 g6f5 a6a7,2133,104,71,40,advancedPawn crushing endgame fork quietMove veryLong,https://lichess.org/43Jij8oZ/black#66,
RqBfz,r1n2rk1/pp3pBp/3p1Qp1/2pP4/4P3/2P5/P3K1PP/RNq5 b - - 3 20,f8e8 b1d2 e8e4 d2e4 c1c2 e4d2,2100,78,82,53,advantage defensiveMove long middlegame quietMove,https://lichess.org/ANBgOCZY/black#40,
RqKzx,r1br3k/pp4bp/3P2p1/6B1/2B5/P4P2/5P1P/3R2K1 b - - 4 23,d8d7 d1e1 d7f7 c4f7,2196,145,18,9,advantage middlegame quietMove short,https://lichess.org/HrTioaSi/black#46,
RqSPG,6k1/8/1p3P2/p7/6P1/P6P/7K/8 w - - 0 45,g4g5 b6b5 h2g3 b5b4 a3b4 a5b4,2147,75,94,8746,crushing endgame long pawnEndgame quietMove,https://lichess.org/2ESCgbHl#89,
Rquip,8/8/q2p2kn/3Prp1p/3P1Q2/6PB/1P6/5RK1 b - - 0 36,e5d5 f1e1 a6a7 e1e6,2126,77,89,522,crushing endgame master quietMove short,https://lichess.org/p7tJ9LJq/black#72,
Rr4OI,8/5k2/3p4/pppPpKP1/8/P1P5/2P2P2/8 w - c6 0 42,f2f4 e5f4 f5f4 a5a4 c3c4 b5b4 a3b4 a4a3,2180,137,88,14,crushing endgame pawnEndgame quietMove veryLong,https://lichess.org/6o7NQJ0P#83,
Rrequ,8/8/2k2p1p/pp3pp1/P2P1P1P/1P1K2P1/8/8 b - - 0 33,b5a4 b3a4 c6d5 h4h5 g5g4 d3c3 d5e4 c3c4 e4f3 d4d5 f3g3 d5d6,2192,77,88,1244,crushing endgame pawnEndgame quietMove veryLong zugzwang,https://lichess.org/xVyOi0tA/black#66,
Rrsmg,6k1/5pb1/6pp/1P2p3/p1bpP3/2qP2PP/2Q2PK1/3B4 w - - 0 34,c2c3 d4c3 d3c4 a4a3 b5b6 g7f8 b6b7 f8d6,2148,99,88,19,crushing defensiveMove endgame quietMove veryLong,https://lichess.org/qJp8nzHN#67,
Rrsqh,4q3/5r1k/3p2Rp/2p1p1pP/4P3/PQ1P4/6P1/6K1 w - - 0 38,g6d6 e8f8 g1h2 f7f1 d6d7 h7h8,2170,75,92,1139,crushing defensiveMove endgame long quietMove,https://lichess.org/5xp9xbam#75,
RsD5J,r7/pp3p2/q1pb1P1k/6p1/8/2N1pRP1/P5P1/1BRK4 b - - 3 28,h6h5 g3g4 h5h4 b1f5 a6d3 f5d3,2141,74,93,5792,crushing long middlegame quietMove,https://lichess.org/H5htp3nZ/black#56,
RsoNy,7k/1R6/4N1p1/7p/7P/8/1pb3PK/1r6 b - - 3 40,c2e4 b7b8 h8h7 e6g5 h7h6 g5e4 b1e1 e4d2 e1d1 b8b2,2186,75,95,3063,crushing endgame exposedKing fork quietMove veryLong,https://lichess.org/jLcz8FGr/black#80,
RssLQ,6k1/1p4pp/p1p4r/2Ppppq1/1P6/P3PQPP/2Pn1P1K/5RR1 w - - 2 27,f3g2 e5e4 f2f4 e4f3 f1f3 h6h3 g2h3 d2f3 h2g2 f3g1,2113,97,84,35,crushing enPassant endgame fork quietMove veryLong,https://lichess.org/JLq211AA#53,
RtUBE,8/6p1/4kb1p/p3B3/P4P2/3K3P/8/8 w - - 5 44,d3e4 f6e5 f4e5 g7g5 e4d4 h6h5 d4e4 h5h4,2116,105,42,15,bishopEndgame crushing defensiveMove endgame quietMove veryLong zugzwang,https://lichess.org/u9V9O6MC#87,
RtWlL,8/8/p3p3/1p1bB2p/1P1P1Pk1/6P1/7K/8 w - - 4 49,h2g1 a6a5 b4a5 b5b4 e5d6 b4b3 d6a3 g4g3,2109,80,90,666,bishopEndgame crushing endgame master quietMove veryLong,https://lichess.org/7dLQCpBx#97,
RtWoZ,8/p4p2/1p1pk3/3R1r1K/2P3pP/6P1/P7/8 w - - 2 43,d5f5 e6f5 h5h6 f5e4 h4h5 f7f5 h6g5 f5f4 h5h6 f4g3 h6h7 g3g2 h7h8q g2g1q,2145,164,71,14,advancedPawn crushing endgame promotion quietMove veryLong,https://lichess.org/X3wNLwm4#85,
RuCBE,8/2r2Bk1/6P1/p1p5/4r2P/8/PP5R/1K6 b - - 2 34,c5c4 h4h5 g7h6 h2g2 c4c3 b2c3,2192,82,91,874,crushing endgame long master quietMove,https://lichess.org/Zjc489mS/black#68,
RuQxF,8/p7/7p/3k2p1/1P3p2/3K3P/P5P1/8 w - - 1 37,a2a4 h6h5 a4a5 a7a6,2150,100,83,28,crushing defensiveMove endgame pawnEndgame quietMove short,https://lichess.org/ihCNZMvp#73,
RuRm1,8/2k5/8/1p2p3/p3P3/3P3B/1PP2Kp1/8 w - - 0 38,h3g2 b5b4 g2h3 c7d6 h3f1 a4a3 b2a3 b4a3 d3d4 a3a2,2120,76,88,301,advancedPawn bishopEndgame crushing endgame quietMove veryLong,https://lichess.org/H1ReXyRS#75,
RuWjn,r4rk1/1bq1bp2/2p1p1pQ/p2nP1P1/7P/2N5/PPPB4/2K1R2R w - - 2 21,c3d5 c6d5 h4h5 f8c8 c2c3 e7f8 h5g6 f8h6,2140,76,84,269,advantage clearance middlegame quietMove trappedPiece veryLong,https://lichess.org/iCzFyFAK#41,
RvGQi,8/5pk1/4pn2/3pN3/p1pP1R2/2P1R1P1/rr3PK1/8 b - - 1 44,a4a3 e3f3 f6e4 f4f7 g7h6 e5g4,2140,75,85,145,advantage endgame long quietMove,https://lichess.org/yuR1STUv/black#88,
Rw8tg,q4rk1/pp5p/2p1bp1B/6p1/2P1PQn1/1P6/P1B2PPP/R5K1 w - - 0 22,f4d6 f8e8 h6g5 f6g5,2100,75,90,1964,advantage middlegame quietMove short,https://lichess.org/0US1J9Yi#43,
RwBGA,8/8/p5p1/1p2kp2/2p4P/1PP1K1P1/P7/8 b - - 0 47,a6a5 b3c4 b5c4 a2a4 e5d5 e3f4 d5e6 f4g5 e6f7 h4h5 g6h5 g5f5,2193,78,92,1472,crushing deflection endgame pawnEndgame quietMove veryLong zugzwang,https://lichess.org/Yq4yAq0Z/black#94,
Rwg4E,8/4R3/1nk1p2r/p3P2P/Pp1P4/1P1K4/8/8 b - - 2 44,c6d5 e7c7 b6d7 c7d7,2149,79,84,48,crushing endgame quietMove short,https://lichess.org/3fPKBwcV/black#88,
Rx8aU,4r1k1/1p5p/3p1Qp1/pb1P1p2/8/q2P4/P4NPP/5R1K b - - 4 28,b5d3 f2g4 a3c1 f1c1,2144,100,82,28,crushing endgame quietMove short,https://lichess.org/qpthQctJ/black#56,
RxRse,3r4/1R3pk1/p3pb2/q3p1p1/1p2P1P1/5Q2/PP2NPK1/8 b - - 1 26,d8d2 e2g3 a5d8 g3h5 g7g6 b7b8 f6e7 b8d8,2192,78,86,63,crushing endgame quietMove veryLong,https://lichess.org/HJhqzGYM/black#52,
Ry3q5,1k3r2/p1p3p1/1p5q/1Q6/3Pp3/2P2n1P/P3NP2/R2R3K w - - 4 29,e2g1 h6f4 g1f3 f4f3,2190,79,88,749,advantage middlegame quietMove short,https://lichess.org/js6uavFE#57,
RyMMo,8/5pk1/1R2p3/4P3/2pP2rp/2P5/4KP2/8 w - - 0 39,e2f3 g4g1 b6b1 g1b1,2122,75,95,8135,crushing endgame master quietMove rookEndgame short,https://lichess.org/2iZee3XE#77,
RyRDg,8/8/8/8/6K1/1b4P1/1P1k1P2/8 b - - 0 84,d2d3 f2f4 d3e4 g4g5,2191,80,91,1053,bishopEndgame crushing defensiveMove endgame quietMove short,https://lichess.org/ZZM2dGph/black#168,
RylYm,8/5p2/6p1/5k2/4p3/1PK5/P1P5/8 w - - 2 49,c3d2 g6g5 a2a4 g5g4 a4a5 g4g3 a5a6 g3g2,2108,96,31,24,advancedPawn crushing endgame pawnEndgame quietMove veryLong,https://lichess.org/ibTCyNM1#97,
Ryyj8,8/4K3/2p3P1/1p1b4/1P1P1k2/2p5/2B5/8 w - - 13 55,e7f6 f4e3 g6g7 e3d2 c2e4 d5g8 f6e7 c3c2,2168,79,89,773,advancedPawn bishopEndgame crushing endgame quietMove veryLong,https://lichess.org/iveHRbCa#109,
Rz0zP,8/5p2/p4p2/1p1p1P2/3P2Pk/1P3K1N/P2b4/8 w - - 2 48,h3f4 d2f4 f3f4 b5b4 f4f3 h4h3,2186,75,93,622,crushing endgame long quietMove,https://lichess.org/ckUjWTEk#95,
Rz3D3,8/5k2/1p2p3/3pP1pp/p1pP4/P1P3P1/1P3K1P/8 w - - 0 40,h2h4 g5h4 g3h4 f7g6 f2g3 g6f5 g3f3 b6b5 f3g3 f5e4,2174,79,92,4167,crushing endgame pawnEndgame quietMove veryLong zugzwang,https://lichess.org/Gb9k15D2#79,
RzKtL,r1bk1bnr/1pNp1ppp/p2P4/8/5P2/4B2P/PPP2KP1/R4B2 b - - 1 20,a8b8 e3b6 f8d6 c7b5 d8e8 b5d6,2118,95,76,22,crushing discoveredAttack long middlegame quietMove,https://lichess.org/4a9fNGpL/black#40,
RzOOo,r2qk2r/ppp2p2/2n2pp1/3P2p1/Qbp1P3/8/PP2KPPP/R1B2B1R b kq - 2 12,d8e7 f2f3 a7a6 d5c6,2159,219,100,12,equality middlegame quietMove short,https://lichess.org/urNu3vvr/black#24,
RzVd1,3rr1k1/pp1qbppp/3p4/2p5/4Q3/2P1B2P/PPP2PP1/3RR1K1 w - - 5 18,e3c5 e7f8 e4e8 d8e8,2171,100,86,36,advantage middlegame quietMove short,https://lichess.org/SC6JkdeY#35,Russian_Game Russian_Game_Nimzowitsch_Attack
RzjEt,8/2r2p2/2P5/2R5/k7/3B4/1KP4r/8 b - - 2 44,h2h6 c2c3 h6h2 d3c2 h2c2 b2c2,2120,78,90,924,crushing endgame long master quietMove,https://lichess.org/UqD0AKIs/black#88,
S05SG,4r3/6pk/5p1p/p5P1/1bQ2P2/7P/P2r4/2R3K1 w - - 1 37,c4f7 b4c5 g1h1 e8e2 g5g6 h7h8 f7e8 e2e8,2158,75,84,147,crushing endgame master quietMove veryLong,https://lichess.org/D6uYygQQ#73,
S06uC,2rr2k1/p4ppp/7q/P2P1b2/1P1BNP2/4Q2P/6P1/4R1K1 b - - 0 32,d8d5 e4c3 d5d8 c3d5 f5e6 d5e7,2133,138,27,12,advantage long middlegame quietMove,https://lichess.org/RSEq3nO3/black#64,
S0IHS,3R4/4rppk/4r3/8/P7/1PR3P1/1B2pPb1/4K3 w - - 1 34,a4a5 e6h6 c3e3 e7e3 f2e3 g2f3,2182,77,90,115,crushing defensiveMove endgame long quietMove,https://lichess.org/4cdW4spa#67,
S0e2Y,2N5/3R1pkp/6p1/P7/4P3/1pp2PP1/1n2K2P/8 w - - 0 38,a5a6 b2c4 c8d6 c3c2 d7f7 g7h6 d6c4 c2c1q,2147,160,100,17,advancedPawn defensiveMove endgame equality promotion quietMove veryLong,https://lichess.org/yyVwxeDZ#75,
S0fH6,1r3rk1/2q1b1pp/3p4/3P1p2/4p3/pPnBBP2/P1PQ1NPP/K2R3R w - - 0 24,f3e4 e7f6 e4e5 f6e5,2110,77,87,100,advantage middlegame quietMove short,https://lichess.org/sdDWOSdU#47,
S0iur,8/5k2/pppK4/8/2P5/8/P7/8 b - - 3 50,b6b5 c4c5 b5b4 d6c6 a6a5 c6b5,2178,75,88,360,crushing endgame long pawnEndgame quietMove,https://lichess.org/fiZd1WOs/black#100,
S0kkY,8/7K/4p1p1/5k2/7P/1p4P1/1P6/8 w - - 1 48,h7g7 e6e5 g3g4 f5g4 g7g6 e5e4 h4h5 e4e3 h5h6 e3e2 h6h7 e2e1q h7h8q e1e6,2108,75,94,1941,advancedPawn crushing endgame pawnEndgame promotion quietMove veryLong,https://lichess.org/I7RtfuWh#95,
S1kPk,1B6/3k4/4pKP1/8/5Pr1/8/8/8 b - - 0 55,d7c8 b8e5 c8d7 f6f7,2125,76,96,1250,crushing endgame quietMove short,https://lichess.org/rqYk4TGq/black#110,
S215r,8/8/r7/1R1Pk1p1/4BpPb/4pP1P/4K3/8 w - - 2 44,b5c5 a6a1 c5c4 a1e1 e2d3 e1d1,2155,114,76,27,crushing endgame long quietMove,https://lichess.org/yoKt08ki#87,
S29hK,8/8/4N3/4p3/3bPp1k/1K3P2/8/8 b - - 4 68,h4g3 e6d4 g3f2 b3c4 e5d4 e4e5 f2e3 e5e6 d4d3 e6e7 d3d2 e7e8q,2177,76,85,86,advancedPawn crushing endgame master promotion quietMove veryLong,https://lichess.org/dGH6oBJb/black#136,
S2Aig,r1b1r1k1/ppp2pp1/3p3p/4p3/2P1P1n1/P1PPB2q/3NBP2/R2QR1K1 w - - 2 17,e2f3 e8e6 f3g4 e6g6 f2f3 c8g4,2172,193,-13,13,crushing discoveredAttack long middlegame pin quietMove sacrifice,https://lichess.org/dpbpELG4#33,English_Opening English_Opening_Four_Knights_System
S2Y8c,8/1r6/3R2pk/1B3p1p/P2p1P1P/4bKP1/8/8 w - - 2 47,b5e8 b7b2 d6g6 h6h7 g3g4 h5g4,2158,75,92,1970,crushing endgame long quietMove,https://lichess.org/jxepsItr#93,
S32Nj,8/p7/8/3K1k2/1P6/8/8/8 b - - 2 51,f5f6 b4b5 f6f5 d5c6 f5e5 c6b7 e5d6 b7a7,2157,119,68,19,crushing endgame pawnEndgame quietMove veryLong,https://lichess.org/ZUoVeQZd/black#102,
S32j1,8/4N3/8/8/r7/3k3P/2p2PP1/2R2K2 w - - 4 55,e7f5 a4b4 g2g4 b4b1 c1b1 c2b1q,2192,80,87,85,advancedPawn crushing endgame long promotion quietMove,https://lichess.org/3zha18Vi#109,
S3736,1r4k1/p7/1q6/4b1Np/5p2/5PpP/P3R1P1/3Q1K2 b - - 7 38,b6d4 d1c2 b8b1 c2b1,2114,79,67,57,crushing endgame quietMove short,https://lichess.org/B3scjXbs/black#76,
S3G6R,1r3rk1/pbp2pp1/1p3B1p/2p2P2/4P3/1RPP1B2/P2Q2PP/q1N4K b - - 0 25,g7f6 d2c2 b7c6 b3b1 c6a4 c1b3 a1b1 c2b1,2152,76,94,3951,crushing middlegame quietMove trappedPiece veryLong,https://lichess.org/RIHCy3B1/black#50,
S3c5p,kr3b2/1p6/p1p1BQ2/3P4/3p3P/3P4/qPP2P2/2KR3R w - - 0 27,h4h5 f8b4 c2c4 d4c3 f6c3 b4c3,2185,76,95,220,advantage enPassant long middlegame quietMove,https://lichess.org/OQdSPGsU#53,
S3x2d,8/8/2K2p2/p4kp1/1p6/1P4P1/P6P/8 w - - 0 49,c6b5 f5g4 b5a5 f6f5 a5b4 f5f4 a2a4 f4f3,2180,80,70,41,crushing endgame pawnEndgame quietMove sacrifice veryLong,https://lichess.org/2bVWtFlK#97,
S3xRV,6k1/2p4p/4n1p1/2p1PPP1/p1PpP2R/8/Pr2K3/6R1 w - - 0 33,e2d3 e6d8 g1b1 b2b1,2179,129,82,13,advantage endgame master quietMove short,https://lichess.org/pLiJsbCZ#65,
S3yQe,8/8/6K1/p4BP1/n4k2/8/8/8 b - - 0 63,a4b6 f5e6 a5a4 g6f6,2177,75,94,293,crushing defensiveMove endgame master quietMove short,https://lichess.org/ir1Kp9M8/black#126,
S4OMc,2kr3r/pp3ppp/4b3/4R3/2q1B3/5QBP/PP2nPP1/2R3K1 w - - 4 22,f3e2 c4c1 g1h2 d8d1 e4b7 c8b7,2148,263,33,6,equality hangingPiece long middlegame quietMove,https://lichess.org/qRz1yDzz#43,
S53f6,8/1p6/p3k2p/2P3p1/1P4P1/P4K2/8/8 b - - 0 47,e6e5 f3e3 e5d5 e3d3 a6a5 d3c3,2101,79,91,934,crushing defensiveMove endgame long pawnEndgame quietMove,https://lichess.org/W4XdzH3p/black#94,
S5Lpw,8/7B/P3b3/3pk1p1/1p3pP1/5K1P/8/8 b - - 0 39,d5d4 h7e4 d4d3 a6a7 d3d2 f3e2 e5e4 a7a8q,2105,76,84,68,advancedPawn bishopEndgame crushing endgame promotion quietMove veryLong,https://lichess.org/y254zd5k/black#78,
S5c0c,5rk1/2r2p1p/p1Bqb1p1/1p6/3P4/4P3/PPQ2PPP/2R2RK1 w - - 3 19,c2e4 f8c8 d4d5 e6d5 e4d5 d6d5 c6d5 c7c1,2108,76,91,1603,advantage middlegame quietMove veryLong,https://lichess.org/EtWRZ518#37,Queens_Gambit_Declined Queens_Gambit_Declined_Janowski_Variation
S5fbe,6k1/R5p1/1p5p/p3N3/6PP/5P2/r2n4/4K3 b - - 4 34,d2b3 a7a8 g8h7 h4h5 g7g5 h5g6,2123,77,86,310,advantage enPassant endgame long quietMove,https://lichess.org/aRdjD3G4/black#68,
S5jXv,8/5p2/p1k5/Pp1pP2p/1P1K1PbB/3P4/8/8 b - - 2 37,g4f3 f4f5 f3g4 e5e6 f7f6 e6e7,2184,76,100,187,advancedPawn bishopEndgame crushing endgame long quietMove,https://lichess.org/iAtP498q/black#74,
S5ltM,1k1r4/ppp5/8/b2p1p2/4p3/PqP1P1B1/1P3PrP/2KR1Q1R b - - 2 24,g2g3 h2g3 a5c3 f1e2 b3a2 e2c2,2141,257,100,14,equality long middlegame quietMove,https://lichess.org/xAgs3CHJ/black#48,
S6TsW,8/8/P1k1p3/5p2/P2K2pp/2p4P/2P3P1/8 w - - 0 38,d4c3 f5f4 h3g4 f4f3 g2f3 h4h3,2192,76,81,211,crushing endgame long pawnEndgame quietMove sacrifice,https://lichess.org/ztFnmXFj#75,
S71xA,6k1/b4pp1/pNP1p3/P3P3/8/5r2/6R1/3K4 b - - 0 51,f3c3 g2c2 c3c2 d1c2 a7b8 b6a8 g8f8 c6c7 b8c7 a8c7,2102,88,91,1726,advancedPawn crushing endgame quietMove veryLong,https://lichess.org/5wB3FnBA/black#102,
S7KlB,6k1/pR3p1p/2p1p1p1/B3Pn2/2P5/6PP/5PK1/3r4 b - - 2 35,d1d4 b7b8 g8g7 a5d8 d4d8 b8d8,2142,77,85,137,crushing endgame long quietMove,https://lichess.org/sOh9YEAJ/black#70,
S7lm2,8/pp4p1/6pp/8/2P2bP1/kP3N1P/P7/1K6 b - - 10 40,a7a5 f3e1 a3b4 e1d3 b4c3 d3f4,2194,75,92,2447,crushing endgame fork long quietMove,https://lichess.org/YuAoBDg3/black#80,
S7nNS,2k3r1/1p5r/2q1pQ2/p2p1p2/P5bN/1P2P3/2PN1PP1/R4RK1 w - - 3 21,d2f3 g4f3 h4f3 g8h8 g2g3 d5d4,2106,199,20,17,equality long middlegame pin quietMove,https://lichess.org/sqLrrcNM#41,
S7xEC,8/8/p3p1p1/P1KbP1P1/4kP2/1p6/8/2B5 b - - 6 65,e4d3 f4f5 d3c2 c1a3 g6f5 g5g6,2131,76,93,570,advantage bishopEndgame endgame long quietMove,https://lichess.org/1iYcQ2Vs/black#130,
S7xz1,8/p7/Pp1p4/1PpP2p1/2Pb1pNk/4pP1P/6P1/5K2 b - - 11 42,h4g3 g4h6 e3e2 f1e2 g3g2 h6f7 d4f6 f7d6,2123,88,83,37,crushing endgame quietMove veryLong,https://lichess.org/1TDzG3N8/black#84,
S86nu,7K/1p6/3p1R2/2kP4/p7/8/8/8 w - - 1 52,f6f5 b7b5 h8g8 b5b4,2163,78,84,45,crushing defensiveMove endgame quietMove rookEndgame short,https://lichess.org/JIGkWkYb#103,
S89k0,6k1/1p1q1p2/p2p2p1/1b1Pp1P1/4P3/2rP1Q2/5PK1/3R1B2 b - - 4 35,g8g7 f3f6 g7g8 f1e2 b5d3 d1h1 d3e4 f2f3 d7g4 g2f2 g4f3 e2f3 c3f3 f6f3 e4f3 f2f3,2109,75,82,330,clearance crushing endgame master quietMove sacrifice veryLong,https://lichess.org/SYIZBVsz/black#70,
S8lFL,6k1/pp6/3p1bp1/2p2qNp/2Q5/2PP1P2/PP2r2P/5R1K b - - 2 24,g8g7 c4f7 g7h6 f3f4 e2e7 f7f8,2158,83,85,109,advantage endgame long quietMove,https://lichess.org/Anrr4t24/black#48,
S8qxT,3r4/1R6/4k3/7p/4n1p1/8/PBP2PP1/6K1 w - - 0 28,b7b4 d8d1 g1h2 g4g3 f2g3 e4f2 g3g4 h5h4 g2g3 h4h3 b4e4 f2e4,2158,366,82,15,crushing endgame quietMove veryLong,https://lichess.org/AQg16PhR#55,
S8r45,8/2Q2kq1/7p/8/2Pp4/2nB2P1/3b1P1K/8 b - - 2 51,f7f8 c7d8 f8f7 c4c5 g7f6 d3c4,2100,446,5,1,clearance crushing endgame long quietMove,https://lichess.org/P2K3zrkn/black#102,
S9PZH,8/6K1/5p1P/1p6/4k1P1/3p1r2/8/3R4 b - - 4 53,e4e3 d1h1 d3d2 h6h7,2104,76,94,3871,advancedPawn crushing endgame master quietMove rookEndgame short,https://lichess.org/hGC4oglt/black#106,
S9ZjA,8/5p2/6p1/3K3p/5k2/5P2/6PP/8 w - - 5 59,d5d4 h5h4 d4d3 h4h3 d3e2 h3g2,2144,74,93,10411,advancedPawn crushing endgame long pawnEndgame quietMove,https://lichess.org/0eOJW5CD#117,
S9gS8,5r2/4q2k/1p1p3b/pPpPp1rQ/P1P3P1/2BP1pP1/5P1K/R4R2 w - - 1 36,h5h3 f8h8 f1h1 h7g8 h2g1 h6g7 h3f1 h8h1,2118,94,63,26,crushing discoveredAttack middlegame quietMove veryLong,https://lichess.org/4ffhRaWN#71,
SA6I0,5r1k/p4p1p/2pQpP2/2pp2P1/7P/2rP4/3qNK2/4R3 b - - 1 28,h8g8 e1b1 c3b3 b1b3,2143,75,91,1875,crushing endgame quietMove short,https://lichess.org/U7PP9FDW/black#56,
SA8gP,8/8/6p1/1k3p1p/2pB1P2/2K2nPP/P7/8 b - - 1 48,f3d4 c3d4 b5b4 h3h4 c4c3 d4d3,2175,84,75,55,crushing endgame long quietMove zugzwang,https://lichess.org/36o3d20H/black#96,
SANBD,5b2/1p1K4/p1p2Pk1/4P3/8/7p/P7/6B1 b - - 1 48,g6f7 g1d4 h3h2 e5e6 f7g6 e6e7 f8e7 f6e7 g6f5 e7e8q,2160,76,90,478,advancedPawn bishopEndgame crushing endgame exposedKing master masterVsMaster promotion quietMove veryLong,https://lichess.org/LKS9kOJP/black#96,
SAOua,8/3n4/p2B1pk1/1pP4p/1Q1R2pP/P1P1Pq2/5Pb1/6K1 w - - 2 34,d6g3 g2h3 b4b1 f6f5 d4d6 d7f6,2104,76,96,394,crushing defensiveMove endgame long quietMove,https://lichess.org/y7wrgRvJ#67,
SBppk,6k1/P4ppp/4p3/1R6/8/1Nr4P/r4PP1/6K1 b - - 0 37,h7h5 b3a5 c3c1 g1h2 c1c8 b5b8,2156,75,92,516,crushing endgame long master masterVsMaster quietMove,https://lichess.org/90kxLTZH/black#74,
SCHQE,8/5p2/5kpp/8/5K2/5P1P/6P1/8 b - - 5 49,h6h5 h3h4 f6g7 f4e5,2128,82,91,903,crushing defensiveMove endgame pawnEndgame quietMove short zugzwang,https://lichess.org/hwAGwgbg/black#98,
SCRb4,8/7p/8/1p1p1p1k/1P1P1P1b/4K2P/8/4B3 w - - 3 43,e1d2 h4g3 e3f3 h5h4 f3g2 h7h6 d2c3 g3f4,2179,79,90,776,bishopEndgame crushing endgame quietMove veryLong zugzwang,https://lichess.org/EqZp8JHQ#85,
SCwVi,r4r1k/ppq5/1npb1pQ1/8/3P1P2/2P5/PP3R1p/R1B4K b - - 2 20,c7g7 f2h2 h8g8 g6h5 b6d5 h2g2,2146,78,83,451,advantage long middlegame pin quietMove,https://lichess.org/IQQEyWSe/black#40,
SD81w,8/6p1/P2k4/2p1p3/1pB1b1P1/1P6/R1P2K2/2r5 b - - 0 37,c1c2 a2c2 e4c2 c4d5 d6d5 a6a7 d5d4 a7a8q,2184,78,80,105,advancedPawn crushing endgame promotion quietMove sacrifice veryLong,https://lichess.org/WR9tnaqD/black#74,
SDrqW,8/ppp5/4k1p1/1P3pK1/P1PP4/7P/8/8 b - - 0 35,b7b6 h3h4 e6d7 h4h5,2132,75,94,322,crushing endgame pawnEndgame quietMove short,https://lichess.org/GE1hWbeI/black#70,
SE6Th,6k1/5pp1/p2Qp1bp/1pN5/1P6/P4P1P/2r1q1P1/6RK b - - 3 27,e2f2 d6b8 g8h7 c5d7 g6f5 d7f8,2107,159,85,21,crushing endgame long quietMove,https://lichess.org/iEfO5g8k/black#54,
SE71z,5rk1/7p/3q2p1/R2bp3/p6P/Pp4P1/1Q6/K1R5 w - - 6 40,c1d1 d5e4 b2c1 b3b2 a1b2 d6b6 b2a1 b6a5,2184,86,86,45,advancedPawn attraction crushing endgame exposedKing fork quietMove veryLong,https://lichess.org/oI0mVcV7#79,
SEpAd,8/p4k2/1b6/8/1PKB2p1/P7/8/8 w - - 0 40,d4b6 a7b6 c4d3 b6b5 d3e3 f7e6,2126,149,100,14,crushing defensiveMove endgame long quietMove,https://lichess.org/NYAVczn1#79,
SFT51,8/8/1K6/2P1k1pb/p7/3B4/P7/8 b - - 0 49,e5d4 d3f5 d4e5 c5c6 e5f5 c6c7,2129,77,91,162,advancedPawn bishopEndgame crushing endgame long quietMove sacrifice,https://lichess.org/UXJyP8hX/black#98,
SGWu0,5r2/1KP5/5k2/5p2/6p1/8/8/3R4 w - - 1 47,c7c8q f8c8 b7c8 f5f4 d1d8 f4f3,2157,91,84,53,crushing endgame long quietMove,https://lichess.org/yMuwqiCY#93,
SGrdD,8/2n5/2P2k2/p4p1p/5K1P/3P1BP1/8/8 w - - 0 54,f3h5 c7d5 f4f3 a5a4 f3g2 a4a3,2164,79,92,4201,crushing endgame long quietMove,https://lichess.org/WTiBMPLW#107,
SH9rK,r5k1/2P3pp/2N5/8/5p2/3K2nP/1PP5/8 b - - 1 30,f4f3 c6b8 f3f2 c7c8q,2198,78,91,3949,advancedPawn crushing endgame master promotion quietMove short,https://lichess.org/InGPm5Sy/black#60,
SHLnn,8/8/4pk2/p4p1P/5P2/P5K1/8/8 b - - 0 51,f6g7 g3h4 g7f6 a3a4 f6f7 h4g5 f7g7 h5h6,2105,112,50,19,crushing endgame pawnEndgame quietMove veryLong zugzwang,https://lichess.org/eR3Z3O4f/black#102,
SIssW,8/8/p7/2k3K1/7P/P7/4n3/8 b - - 0 55,c5c4 h4h5 e2d4 g5f6,2133,75,93,3824,crushing defensiveMove endgame knightEndgame quietMove short,https://lichess.org/0rvDV14J/black#110,
SJBT2,8/8/p1p5/2P4p/1P6/7k/P7/6K1 b - - 3 46,h3g3 a2a4 g3f4 b4b5 a6b5 a4b5 c6b5 c5c6,2192,76,98,397,crushing endgame pawnEndgame quietMove veryLong,https://lichess.org/G4tmbjzT/black#92,
SJS0t,8/1pp5/p2p4/3PpK1k/PPP2p2/5N1p/8/8 b - - 2 40,h5h6 a4a5 e5e4 f5e4,2168,133,50,19,crushing endgame knightEndgame quietMove short,https://lichess.org/MPP76Eie/black#80,
SJi8s,8/6p1/B6p/n1kp4/8/3K4/1P4PP/8 b - - 1 40,a5b3 d3c3 b3c1 b2b4 c5b6 a6f1 c1a2 c3b3,2182,77,84,102,crushing endgame quietMove veryLong,https://lichess.org/8KRvdaMb/black#80,
SJjIX,5k1Q/1b4p1/1qp1pp2/1P2n3/2P5/6P1/r3PPBP/3R2K1 b - - 4 26,f8f7 d1d8 b6d8 h8d8 a2a1 g2f1,2157,78,91,3721,advantage long middlegame quietMove,https://lichess.org/BpGawpkl/black#52,
SJzDk,8/3k4/8/2p1K2p/5P2/6P1/8/8 w - - 0 53,f4f5 d7e7 f5f6 e7f7 e5f5 c5c4 f5e4 f7f6,2106,76,86,226,crushing defensiveMove endgame pawnEndgame quietMove veryLong zugzwang,https://lichess.org/GeF8OwEw#105,
SK4Sp,3r1r1k/p1p4p/1pP1p1p1/2b2p2/2P5/P7/1P1NQP1q/R1B2KR1 w - - 0 24,d2f3 d8d1 f3e1 f5f4 e2e5 h8g8,2110,94,-33,33,crushing long middlegame quietMove,https://lichess.org/u4Z7odZH#47,
SKBr5,6k1/3q1p1p/2p2bp1/P2pr2r/8/4P2P/Q4PP1/2RRB2K w - - 1 32,a5a6 h5h3 h1g1 e5h5 f2f3 h3h1,2183,75,97,274,clearance crushing kingsideAttack long middlegame quietMove,https://lichess.org/KBGySlxC#63,
SKaz6,8/7p/2K5/1P2pkp1/6R1/5rPP/8/8 b - - 8 48,h7h5 g4b4 f5e6 b5b6 f3c3 c6b5,2146,75,96,468,crushing defensiveMove endgame long quietMove rookEndgame,https://lichess.org/DM1BFE1g/black#96,
SKb8C,r5k1/ppp2p2/2n2qpB/2P4n/8/1PP2P2/PQ3P1P/3RR1K1 w - - 3 20,b2e2 g6g5 h6g5 f6g5,2130,188,76,18,equality middlegame quietMove short trappedPiece,https://lichess.org/dSa1ohfO#39,
SKfX2,r1b2rk1/p2n1p1p/2Q1p1p1/1p6/3P3P/2Pq1N2/PP3PP1/R3K2R w KQ - 0 15,c6a8 c8a6 a1d1 d3d1 e1d1 f8a8,2139,78,91,2784,advantage long middlegame quietMove,https://lichess.org/LDWGXCvS#29,Caro-Kann_Defense Caro-Kann_Defense_Main_Line
SKuwz,8/8/8/2pp4/3k3r/1P4R1/P2K4/8 w - - 1 50,g3e3 h4h2 e3e2 h2e2 d2e2 d4c3 a2a4 c3c2 a4a5 d5d4 a5a6 d4d3,2181,94,86,30,crushing endgame exposedKing master quietMove rookEndgame veryLong,https://lichess.org/S1uKe73p#99,
SL1Qu,8/5k2/3p2R1/7P/3rp3/4K1P1/8/8 b - - 1 50,d4d5 g3g4 d5e5 g6d6 e5g5 e3f4,2165,74,94,7089,crushing endgame long quietMove rookEndgame,https://lichess.org/RwiBUpcm/black#100,
SLB5m,1k5r/ppq1b1r1/5p2/8/3P4/5B2/PP3RPP/R4Q1K w - - 1 27,h2h3 c7g3 f3e4 e7d6 f1g1 h8h3 g2h3 g3h3 g1h2 d6h2,2161,74,94,7557,advantage middlegame quietMove sacrifice veryLong,https://lichess.org/bBjOQl47#53,
SLJpm,6k1/p6p/2p1N1pK/3pp3/1P1b2P1/P6P/4R3/1b6 b - - 4 38,d4c3 e2f2 c3d2 f2d2,2197,79,90,1126,crushing endgame quietMove short,https://lichess.org/qCSFR19J/black#76,
SLWX0,3Q4/5pbk/1pN3p1/1Pp1P1p1/2P5/r5BP/5PPK/1r6 w - - 1 41,d8b6 a3a1 g3h4 g5h4 g2g3 b1h1,2138,224,100,19,endgame equality long quietMove,https://lichess.org/caAQXa5k#81,
SM0zo,4R3/8/8/1p6/2k1P3/8/4K3/2r5 b - - 1 68,c1c3 e8c8 c4b3 c8c3 b3c3 e4e5 b5b4 e2d1 b4b3 d1c1 c3d4 e5e6 d4e5 e6e7,2135,267,-26,9,advancedPawn crushing endgame quietMove rookEndgame veryLong,https://lichess.org/OydX3a1m/black#136,
SM5Yq,3k1b1r/R1R3pp/3p4/2n5/2N5/8/1r4PP/6K1 b - - 1 25,b2e2 c4b6 e2e1 g1f2 c5d3 f2f3 d3e5 f3g3,2191,80,84,43,crushing defensiveMove middlegame quietMove veryLong,https://lichess.org/mUDG7B01/black#50,
SMSB5,6k1/8/1p1p3p/3Pq1p1/2P5/3P1QPK/8/8 w - - 0 51,f3e4 e5e4 d3e4 h6h5 e4e5 d6e5,2175,79,87,132,crushing endgame long queenEndgame quietMove,https://lichess.org/Ga23n3OF#101,
SMSZK,8/8/6p1/2kp4/1p6/1P2P2P/2K5/8 b - - 0 41,d5d4 e3e4 d4d3 c2d3,2190,76,98,250,crushing endgame pawnEndgame quietMove short,https://lichess.org/Lkk4hLn0/black#82,
SMVQq,8/8/8/2p1p1k1/p1P1P3/P5K1/6P1/8 w - - 0 36,g3h3 g5f4 g2g4 f4e4 h3g3 e4d3 g4g5 e5e4 g3f2 d3d2 g5g6 e4e3 f2g2 e3e2,2150,75,94,2535,advancedPawn crushing endgame exposedKing pawnEndgame quietMove veryLong,https://lichess.org/uBQ6g4SF#71,
SMVeL,4r3/1p3pkp/6p1/2Q5/3Pp3/1PPb2Pq/PR3P2/4R1K1 w - - 0 32,d4d5 e8e5 c5d4 f7f6 d4e5 f6e5,2167,78,91,272,advantage endgame long quietMove,https://lichess.org/DhFbGTP0#63,
SMdPY,1r1q3k/3n4/4p2P/1p1pPPrP/pP1P4/P6K/1B1Q4/2R2R2 w - - 1 35,f5f6 d8g8 d2g5 g8g5,2120,76,89,115,crushing middlegame quietMove short,https://lichess.org/x3tVAnT9#69,
SN1xy,8/7p/8/3kNnPP/4pP2/3p4/3K4/8 w - - 0 54,e5d3 e4d3 d2d3 d5e6 h5h6 f5d6 g5g6 h7g6 h6h7 d6f7,2106,121,40,16,crushing defensiveMove endgame knightEndgame quietMove veryLong,https://lichess.org/TY6IasjY#107,
SNHWm,8/5p2/6p1/8/3k1PP1/8/6K1/8 w - - 0 50,g2f3 f7f6 f4f5 g6g5,2144,88,51,42,crushing defensiveMove endgame master pawnEndgame quietMove short,https://lichess.org/kdSFtKYO#99,
SNY5e,r7/p3n3/1p2P1kq/2ppQp2/5Pp1/2PB2Pr/PP4K1/R6R w - - 3 29,e5c7 a8h8 d3f5 g6f5 c7e5 f5g6 e5g5 h6g5,2164,80,91,938,crushing master middlegame quietMove veryLong,https://lichess.org/DvliXb2m#57,
SNZ6x,r1b2r1k/pp3p2/2p4p/4P2P/2P1Q3/2p2N2/Pq1bB3/1R3K1R b - - 1 24,b2a2 e2d3 f7f5 e5f6 c8h3 h1h3,2174,109,82,42,crushing enPassant long middlegame quietMove,https://lichess.org/KiOlS78J/black#48,
SNmpM,8/1p6/8/6K1/p5P1/5P2/1k6/1N6 w - - 4 43,b1d2 b7b5 g5h6 a4a3 g4g5 a3a2 g5g6 a2a1q,2192,84,85,59,advancedPawn crushing endgame knightEndgame promotion quietMove veryLong,https://lichess.org/ZbKiu6ki#85,
SORLk,8/4k3/1p2p1P1/p3b2N/K1P5/8/8/8 b - - 0 45,e5c7 g6g7 e7f7 h5f6 f7g7 f6e8 g7f7 e8c7,2102,77,92,213,advancedPawn crushing endgame fork quietMove veryLong,https://lichess.org/yAq4vVkX/black#90,
SOdkC,1R6/8/8/6p1/4K2p/5p2/6k1/8 w - - 2 56,b8b2 g2g3 b2b3 g5g4 e4f5 h4h3,2169,82,90,1582,crushing defensiveMove endgame long quietMove rookEndgame,https://lichess.org/nxeqMQ9V#111,
SOjms,8/3k4/8/2B2pK1/1P3P1P/r7/8/8 b - - 1 54,a3a8 c5d4 d7e6 g5g6,2197,126,81,17,crushing endgame quietMove short,https://lichess.org/mCXjg9CI/black#108,
SP0qa,8/8/1p1p3p/p1k2p2/2P2P2/P2K3P/1P6/8 w - - 0 34,h3h4 a5a4 h4h5 d6d5 d3c3 d5c4,2180,76,75,72,crushing endgame long pawnEndgame quietMove,https://lichess.org/iDFeDjzf#67,
SP44L,8/8/8/p6P/2P1p1k1/8/P4Kp1/8 b - - 1 42,g4h5 c4c5 h5g4 c5c6 g4h3 f2g1,2137,77,78,71,crushing endgame long pawnEndgame quietMove,https://lichess.org/cD6Jvghl/black#84,
SPEqv,8/p2k4/1p4p1/3KPpp1/PP6/6PP/8/8 w - - 0 37,e5e6 d7e7 d5e5 a7a6 e5d5 f5f4,2198,75,92,349,crushing defensiveMove endgame long pawnEndgame quietMove zugzwang,https://lichess.org/dWvIH1aR#73,
SPSGB,8/8/4k2p/4pb2/1p2p2P/1P2K1P1/8/1B6 w - - 4 48,b1e4 f5e4 e3e4 h6h5 e4f3 e6f5,2113,76,97,216,bishopEndgame crushing defensiveMove endgame long master quietMove,https://lichess.org/7XosbLw9#95,
SQGW9,3r3k/1b1P1R1p/6p1/4p3/1qBbP3/1P6/4Q1PP/7K b - - 0 35,b7c6 e2f1 b4d6 f7f6,2104,76,83,92,crushing middlegame quietMove short,https://lichess.org/dTnQ0uVe/black#70,
SQRGA,8/8/2k3p1/2p2pp1/P1K5/8/6PP/8 b - - 2 37,f5f4 h2h3 g5g4 h3g4,2153,78,87,1125,crushing endgame pawnEndgame quietMove short,https://lichess.org/wz2Yq4vi/black#74,
SQVSf,8/pp6/4p3/6B1/8/P4k1p/1P4b1/4K1R1 w - - 0 51,g5e7 h3h2 e7c5 b7b6 c5f2 e6e5 b2b4 e5e4 f2d4 e4e3 g1h1 g2h1 d4e5 f3g2,2173,75,83,185,advancedPawn crushing defensiveMove endgame quietMove trappedPiece veryLong,https://lichess.org/xCYZdKzD#101,
SRTTG,3r2k1/1R3p2/p3p1p1/2N1P2p/5P2/1P5P/P3n1P1/7K w - - 0 31,c5a6 d8d1 h1h2 h5h4 b7d7 d1d7,2184,76,85,94,crushing endgame long quietMove,https://lichess.org/4MQzjVm4#61,
SRulU,5rk1/5ppp/2p5/1q1r4/2R5/4P1P1/P3KP1P/2Q4R w - - 6 28,h1d1 f8d8 a2a4 b5a6 d1e1 d5c5,2116,91,53,54,crushing endgame long pin quietMove,https://lichess.org/HdlZg6BC#55,
SRxx1,2r2r2/pp1b1ppk/1qn1p3/3pP1N1/PP6/1Q6/5PPP/R3R1K1 b - - 1 20,h7g6 b3g3 f7f5 g5e6,2138,80,85,480,advantage discoveredAttack middlegame quietMove short,https://lichess.org/HaqgDXMb/black#40,
SSAo6,8/8/5K2/1ppk4/3p4/1P1P4/2P5/8 b - - 5 48,c5c4 b3b4 c4d3 c2d3,2112,80,91,928,crushing endgame pawnEndgame quietMove short,https://lichess.org/5I21OpvZ/black#96,
SSFk1,8/7p/3k2p1/p1pPpp2/2K5/PP6/5PPP/8 b - - 0 32,h7h5 h2h4 e5e4 g2g3 d6e5 c4c5,2153,75,90,404,crushing endgame long pawnEndgame quietMove,https://lichess.org/UvvQKUnE/black#64,
SSrRq,3r4/pk6/R2p4/1Pp1p3/2P1P2p/3P1PpP/6K1/8 w - - 3 39,a6c6 a7a5 c6a6 d8a8 f3f4 e5f4,2194,76,94,4442,crushing endgame long quietMove rookEndgame,https://lichess.org/QLaY9PQs#77,
STHk4,5rk1/2p4p/3pN1p1/3P1b2/p2Q4/q7/2PK2P1/2R5 b - - 3 30,f8f7 c1b1 f5e6 d5e6 f7f8 e6e7,2190,80,90,44,advancedPawn crushing endgame long quietMove,https://lichess.org/kkYDRle4/black#60,
STkGI,8/p7/2p1p3/1kP1P3/8/P2K4/1P6/8 w - - 3 59,d3d4 a7a6 b2b3 a6a5 d4d3 b5c5,2142,169,88,17,endgame equality long pawnEndgame quietMove zugzwang,https://lichess.org/sM1tNcd5#117,
SToFB,5rk1/Q1p2ppp/3b4/6q1/3P4/P1P1P1Pb/1P3P1P/R1B2RK1 w - - 0 18,f1e1 g5d5 e3e4 d5h5 a7a6 h5f3 a6f1 h3f1,2131,79,74,60,advantage middlegame quietMove veryLong,https://lichess.org/zn8R2KMV#35,Queens_Pawn_Game Queens_Pawn_Game_Chigorin_Variation
SUGFG,3r2k1/1p3ppp/2p2n2/4p3/3qP3/P1Nr1P2/1PQ3PP/3R1R1K b - - 8 24,f6e8 c3d5 d3d1 f1d1 c6d5 d1d4,2126,79,81,60,advantage long middlegame quietMove,https://lichess.org/PAHL6uT3/black#48,
SUfh5,r1b2k2/ppp2P1B/3p1q1R/8/3n4/8/PPPQ1PP1/2K5 b - - 0 18,f6f4 h7g6 f4d2 c1d2 d4e6 h6h8 f8g7 h8g8,2172,93,84,36,advantage exposedKing master middlegame quietMove veryLong,https://lichess.org/HkBjOPoM/black#36,Pirc_Defense Pirc_Defense_Classical_Variation
SVBGt,8/7p/6pk/2p2p2/2Pp4/1P2q3/P4QPP/6K1 b - - 2 31,h6g5 f2e3 d4e3 a2a4 g5f4 a4a5,2102,78,85,89,crushing defensiveMove endgame long queenEndgame quietMove,https://lichess.org/MeVMd4gm/black#62,
SVObk,1Q6/pp1k3p/4p1b1/3qB3/3P4/7P/1P4PK/8 b - - 7 39,a7a6 b8c7 d7e8 e5d6 d5d6 c7d6,2198,76,90,1209,crushing endgame long master quietMove,https://lichess.org/or2rgAXE/black#78,
SVOva,8/pp6/5p2/P7/6P1/1k2KP2/8/8 b - - 0 42,b3c3 f3f4 c3c4 e3e4,2198,75,94,1893,crushing defensiveMove endgame pawnEndgame quietMove short,https://lichess.org/Fpwrzazp/black#84,
SVVKa,2r2rk1/5p2/p3p1p1/1q2P1P1/1p1P2p1/1Pp1P3/P1Q4R/1K1R4 b - - 1 30,g8g7 h2h7 g7h7 c2h2 h7g7 h2h6 g7g8 d1h1 b5d3 b1a1,2106,78,90,587,attraction crushing endgame quietMove sacrifice veryLong,https://lichess.org/enveW2Bq/black#60,
SW65e,8/1p6/5pk1/p2p3p/P4P2/1P1P2KP/8/8 w - - 0 41,g3h4 d5d4 h4g3 g6f5,2189,77,90,2620,crushing endgame master pawnEndgame quietMove short,https://lichess.org/J6i8yXp2#81,
SWtK9,1k1r3r/ppqn4/2p2n1p/P1Pp2p1/3Pp1B1/2B1P2P/6QP/R4RK1 b - - 0 22,a7a6 c3e1 f6g4 e1g3 g4e5 d4e5,2128,78,77,75,advantage long middlegame pin quietMove sacrifice,https://lichess.org/7sunSQaM/black#44,
SWylw,r5k1/p1N1R3/Pp2pppp/8/4Pq2/B7/P1PrQ1PP/7K w - - 1 26,e2f3 a8d8 e7e8 d8e8,2117,76,75,97,crushing middlegame quietMove short,https://lichess.org/7Tl0GBaZ#51,
SXHqT,3r1rk1/1bq2p1p/pn2pP2/1pb5/3B4/PBPQ4/1P4PP/4RRK1 b - - 0 20,g8h8 b3c2 c5d4 c3d4 c7c2 d3c2,2142,80,95,4781,crushing long middlegame quietMove,https://lichess.org/m3gZEgbI/black#40,
SXUWJ,4R3/8/8/7p/2Pk4/3P1p2/7r/4K3 w - - 4 51,e8e4 d4d3 e4e7 h2e2 e7e2 f3e2 c4c5 h5h4 c5c6 h4h3,2109,76,90,1476,advancedPawn crushing endgame exposedKing quietMove rookEndgame veryLong,https://lichess.org/1MyE17wr#101,
SXVth,3k4/2p5/K6p/p4pp1/P2P4/2P4P/6P1/8 w - - 0 35,a6a5 g5g4 h3g4 f5g4 a5b4 h6h5 b4c4 h5h4,2158,76,83,179,crushing defensiveMove endgame pawnEndgame quietMove veryLong,https://lichess.org/Snceb6ax#69,
SXm40,4r1k1/p4pp1/1p1qB2p/2r2Q2/8/5P2/P4PKP/3RR3 b - - 0 24,c5f5 e6f5 d6b8 e1e8 b8e8 d1c1 g8f8 c1c8,2161,82,83,41,advantage discoveredAttack endgame master masterVsMaster pin quietMove veryLong,https://lichess.org/ML5JbHNb/black#48,
SXsd5,8/p5nk/6rp/N1p5/5p1q/1P3P2/P3Q2P/4R2K w - - 0 39,a5c4 g7f5 e1g1 f5g3 g1g3 f4g3,2150,89,100,47,crushing endgame long master pin quietMove,https://lichess.org/Dly2vhD2#77,
SYJzW,8/8/2k4p/1p4pP/P2P2K1/8/8/8 w - - 0 43,a4a5 b5b4 a5a6 c6b6 d4d5 b6a6,2114,78,79,61,crushing endgame long pawnEndgame quietMove,https://lichess.org/0uOQb6r7#85,
SYPpx,3Q3R/1pr5/p3p1B1/k1qpP1P1/8/P7/KP3P2/2n5 w - - 5 36,a2b1 c5c4 d8c7 c4c7,2199,77,86,122,crushing endgame quietMove short,https://lichess.org/OLfdNPNY#71,
SYY3I,8/4N3/4n3/3K1p2/P5k1/8/8/8 b - - 0 58,f5f4 d5e6 f4f3 e7d5 f3f2 d5e3 g4f3 e3f1,2180,77,90,519,crushing defensiveMove endgame hangingPiece knightEndgame quietMove veryLong,https://lichess.org/WP23vHG8/black#116,
SYilL,8/2K5/bP2p3/3k1p2/5P2/3p4/1P1B4/8 w - - 2 53,b6b7 a6b7 c7b7 e6e5 f4e5 d5e5 b7a6 f5f4 b2b4 f4f3 b4b5 f3f2 b5b6 f2f1q,2154,78,91,279,advancedPawn bishopEndgame crushing endgame promotion quietMove sacrifice veryLong,https://lichess.org/uRZUbvrZ#105,
SYjWc,6nr/ppp2kp1/2n4p/3Q4/8/1P4NP/P4PP1/1qB1N1K1 b - - 0 22,f7g6 e1d3 g8f6 d5f5 g6f7 d3e5 c6e5 f5b1,2161,74,93,6249,crushing discoveredAttack middlegame quietMove veryLong,https://lichess.org/WzQWt1Wj/black#44,
SYnwn,rnb2k1r/ppp3p1/3p4/5q2/6pP/1Q1BR3/P2B1PP1/3K4 b - - 1 22,f5f2 d3g6 c8d7 e3f3 f2f3 g2f3,2162,77,80,62,crushing long middlegame quietMove,https://lichess.org/nm3ny5id/black#44,
SZ7g6,3r1rk1/1pR2p1p/p3p1p1/8/1q6/n4Q2/5NPP/5RK1 b - - 0 23,b7b5 f2g4 b4d4 g1h1 d4g4 f3g4,2143,79,90,1747,advantage defensiveMove long middlegame quietMove,https://lichess.org/1g5fiFtm/black#46,
SZ9PK,8/7p/2k5/2P5/1K2P1p1/8/7P/8 w - - 0 43,e4e5 h7h5 b4c3 h5h4,2129,76,83,74,crushing defensiveMove endgame master pawnEndgame quietMove short,https://lichess.org/Zt0ho4KI#85,
SZAzJ,6r1/5k2/pp2p1qp/3p1p1r/2pP1RPP/P1P5/1P5K/4QR2 b - - 0 35,f7e7 e1f2 g6g4 f4g4 g8g4 h2h3,2161,201,-7,11,advantage endgame long quietMove,https://lichess.org/2vHMg8xZ/black#70,
SZSch,Q7/1ppk1p2/p1p1b3/8/4P3/2NP4/PPP2q1b/3KR3 w - - 0 19,a8g8 h2g3 g8g3 f2g3,2100,77,90,1648,crushing endgame quietMove short,https://lichess.org/mqeNryz5#37,
SZuRF,8/4k3/p2p2p1/P2Pp2p/2P1K2P/6P1/8/8 w - - 1 43,c4c5 d6c5 e4e5 e7d7 d5d6 c5c4 e5d4 d7d6 d4c4 d6c6,2141,79,90,1490,crushing defensiveMove endgame pawnEndgame quietMove veryLong zugzwang,https://lichess.org/ZVJpgdum#85,
Sa63T,r6k/pp3p2/5p1p/8/4r3/2P1q3/PPQ1B1R1/R3K3 w - - 3 29,a1d1 e4h4 c2f5 h4h1 f5f1 h1f1,2183,77,71,148,crushing exposedKing long middlegame pin quietMove,https://lichess.org/Ga2Tp8Ks#57,
SaGme,8/1p4pp/1p6/2p1k3/2P5/4KPP1/PP6/8 b - - 2 31,g7g5 g3g4 b6b5 c4b5,2166,82,89,46,crushing endgame pawnEndgame quietMove short zugzwang,https://lichess.org/iK9XeMfF/black#62,
Sb0A4,8/6p1/8/2p1p1kp/2P1P3/5K2/6PP/8 w - - 0 39,g2g3 h5h4 g3g4 h4h3 f3g3 g7g6 g3h3 g5f4,2196,79,86,49,crushing endgame pawnEndgame quietMove veryLong zugzwang,https://lichess.org/jOuispb6#77,
Sb9lW,r5k1/5pp1/Pppp3p/5n2/1qP2Q2/6P1/3NPP1P/R5K1 w - - 6 28,e2e4 f5d4 g1g2 g7g5 f4g4 b4d2,2116,76,86,102,advantage endgame long quietMove,https://lichess.org/zoC6C6W5#55,
SbQad,8/K7/2k5/p1p1B3/4P3/2P2P2/1n6/8 w - - 0 49,a7a6 b2c4 e5f4 a5a4 f4c1 a4a3 c1a3 c4a3,2177,78,90,485,crushing endgame quietMove veryLong,https://lichess.org/kaGPdt4K#97,
SbdHy,3r4/3n1P2/p2p4/k1pP2R1/PpP3P1/1P6/5K2/8 b - - 0 54,d7e5 g5e5 d6e5 g4g5 d8f8 g5g6,2131,76,95,10384,crushing endgame long master quietMove sacrifice,https://lichess.org/j7MdKLtI/black#108,
ScL7X,8/8/6p1/pk4p1/6P1/PK6/5P2/8 b - - 2 47,a5a4 b3c3 b5c5 f2f3 c5d6 c3b4,2119,75,86,240,crushing defensiveMove endgame long master pawnEndgame quietMove zugzwang,https://lichess.org/nm0uCfGR/black#94,
Scj8c,8/pp4p1/2p3Pk/1n2R2P/1K6/6r1/7R/8 w - - 4 57,e5e8 b7b6 e8h8 h6g5 h2a2 a7a5,2119,78,92,998,advantage endgame long quietMove,https://lichess.org/ZZiMioej#113,
ScuV7,1k1r4/ppp5/q1b5/6Q1/6Bp/4r2P/P5P1/1RR4K b - - 1 29,d8e8 c1d1 e3d3 d1d3,2173,95,64,28,advantage middlegame quietMove short,https://lichess.org/ym7FL9NG/black#58,
Sd2gN,2r2r1k/p3q3/1p3p1Q/8/2P5/b1P1P3/5P1P/1K1R2R1 b - - 2 28,e7h7 h6h7 h8h7 d1d4 c8c5 d4h4 c5h5 h4h5,2168,86,86,69,exposedKing mate mateIn4 middlegame quietMove veryLong,https://lichess.org/Kd6Ir5YH/black#56,
Sd9Bm,3r2k1/6pp/P7/1Rp1Pp2/2q1nP2/1p1rB3/1P2Q1PP/R5K1 w - - 0 29,b5b7 c4c2 e2c2 b3c2 a1f1 d3e3 a6a7 e3d3 b7b8 d3d1 b8d8 d1d8,2125,123,73,20,advancedPawn advantage middlegame quietMove veryLong,https://lichess.org/RTYDqPVc#57,
SdYfZ,r6k/pp4pp/4Q3/4P3/2pP3B/2qb4/P5PP/4R1K1 w - - 0 29,d4d5 a8f8 h2h3 c3d4 g1h2 d4h4,2161,77,83,77,crushing endgame fork long quietMove,https://lichess.org/kY9LuSZ8#57,
SeUCj,8/8/8/2Bp4/p1kP1Pp1/P4bK1/8/8 b - - 3 56,c4d3 f4f5 f3e4 g3g4,2141,76,95,6768,bishopEndgame crushing endgame master quietMove short,https://lichess.org/cktv6y2r/black#112,
Sea4L,3r4/pp2b2k/2p1p3/3qBp2/3P1QpP/2P5/PP3P1K/R7 b - - 3 28,e7h4 a1h1 h7g6 h2g1 h4f2 f4f2,2137,77,87,372,advantage endgame long quietMove,https://lichess.org/VOUTbHS0/black#56,
SfNBk,1r4k1/1p5r/p1pp2b1/5pq1/1PP5/P2QP1P1/6B1/2R2RK1 w - - 0 29,d3d6 g5e3 f1f2 e3c1 g2f1 b8f8 d6g6 g8h8,2147,113,50,13,advantage deflection exposedKing middlegame quietMove veryLong,https://lichess.org/fnHZuY5d#57,
SffGX,1r2nk2/1rq5/RpQp1p2/2pPpPp1/B1P3Pp/2P2P1P/8/1R4K1 w - - 5 39,c6b5 c7e7 b5e8 b8e8,2188,88,76,27,crushing middlegame quietMove short,https://lichess.org/CRJ28f5X#77,
SfnCX,7r/p4pk1/6pp/2P5/P7/1rP3Pq/4QB2/5RK1 b - - 0 39,h8c8 f2d4 g7f8 e2e5 h3f1 g1f1,2179,75,92,1692,crushing endgame long quietMove,https://lichess.org/TtllTIzb/black#78,
Sfwqx,1r2r3/pq2P1kp/6p1/4Q3/8/7P/P4Pb1/3RR1K1 b - - 3 32,g7h6 d1d4 b7e7 e5e7 e8e7 e1e7,2137,73,94,9547,advantage long middlegame quietMove,https://lichess.org/4fQXJfQu/black#64,
SfynB,8/6p1/p1pbkp1p/1p3P2/4P3/1P1KB2P/P1P5/8 b - - 0 34,e6e5 e3g1 e5f4 g1h2,2171,74,91,4915,bishopEndgame crushing endgame quietMove short,https://lichess.org/P5s8OVGg/black#68,
Sg8uN,3q1rk1/p4p1p/6p1/4Q3/8/PBN4P/1PP2PP1/5nK1 b - - 0 27,f1d2 c3d5 d2b3 d5e7 d8e7 e5e7,2140,77,53,69,crushing endgame long quietMove sacrifice,https://lichess.org/IJeRSjDc/black#54,
SgIkM,8/8/pp4p1/1k5p/1P2PK1P/8/8/8 b - - 0 48,b5b4 e4e5 b4c5 f4g5 a6a5 e5e6,2161,78,91,194,crushing endgame long pawnEndgame quietMove,https://lichess.org/iQKkpLoo/black#96,
SgOK9,6rk/1bqn1prp/p2ppp1Q/1p6/4PP1R/2N2R2/PPP1B1PP/7K b - - 7 24,b5b4 f3h3 d7f8 h6f6 c7c5 h4h7 f8h7 h3h7 h8h7 f6h4,2113,77,90,906,advantage attraction discoveredAttack kingsideAttack master middlegame pin quietMove sacrifice veryLong,https://lichess.org/spu8Cxdj/black#48,
Sh3eN,8/8/2k5/1p2p3/3bP3/3K1N2/P7/8 b - - 3 40,c6c5 f3d4 e5d4 a2a3 c5c6 d3d4,2147,75,93,1511,crushing endgame long quietMove zugzwang,https://lichess.org/ba48wJCo/black#80,
ShQHh,4k3/7R/4ppp1/1p1b3p/5K2/P5P1/7P/8 w - - 0 34,h7g7 e6e5 f4e3 d5f7 g7h7 e8f8 h7h8 f7g8 h8g8 f8g8,2124,74,94,396,clearance crushing endgame master quietMove veryLong,https://lichess.org/Htspw26n#67,
ShRYh,r2r1bk1/ppq2b2/1n3p1p/6pP/4Q1P1/2P1NP2/PP1RB3/1K1R4 b - - 0 33,b6d7 e2d3 f6f5 e4f5 d7f6 f5f6 f8g7 f6f5,2115,94,61,37,advantage middlegame quietMove veryLong,https://lichess.org/BjJz2NNv/black#66,
Shy1b,5k2/5p1p/N3p1p1/8/1P1K4/7n/5P2/8 b - - 0 42,h3f2 b4b5 e6e5 d4d5,2107,92,71,23,crushing defensiveMove endgame knightEndgame quietMove short,https://lichess.org/Z3bbKE9c/black#84,
SiBbU,5r1k/6bp/6p1/p1pQP3/2N4q/1P1RP2P/P5P1/6K1 w - - 7 31,d5d6 h4e1 g1h2 f8f1 d6d8 g7f8,2191,74,86,108,advantage endgame long quietMove,https://lichess.org/8sGg5BeQ#61,
SiPKY,7R/8/2p4p/pp1k3K/3p3P/1P6/P1Pb4/8 w - - 2 47,h8h6 d2h6 h5h6 c6c5 h4h5 c5c4,2134,76,91,4127,crushing endgame long quietMove,https://lichess.org/xIFtH2l9#93,
SiRkj,8/8/2pk4/p7/2K4p/3P4/1P4P1/8 w - - 0 45,d3d4 a5a4 c4c3 d6e6,2114,100,31,31,crushing defensiveMove endgame pawnEndgame quietMove short zugzwang,https://lichess.org/hUXitFum#89,
SiVbs,3r3k/2p4p/1p1P1p2/pPb1pP2/5q2/3P2R1/Q5K1/1R6 b - - 0 35,c5d6 b1f1 f4h6 f1h1 h6f8 g2f1 d8d7 h1g1 d7g7 g3g7 f8g7 g1g7,2153,133,87,30,crushing endgame quietMove veryLong,https://lichess.org/HPilvymd/black#70,
SifFK,8/1p5p/8/3pkPp1/1P6/4KP1P/P7/8 b - - 0 36,e5f5 a2a4 f5e6 a4a5,2174,77,88,69,crushing defensiveMove endgame master pawnEndgame quietMove short,https://lichess.org/LXPxGPgL/black#72,
Sipf1,r3r1k1/2q2ppp/Qp6/3Rp1P1/4n3/4PN1P/PPP2P2/2KR4 w - - 1 21,d5e5 e8c8 a6d3 e4f2,2195,92,80,36,advantage middlegame quietMove short,https://lichess.org/7m4mcWIl#41,
Sj5cb,8/6p1/p1k5/P1p2p1p/2K4P/4PP2/5P2/8 b - - 0 46,c6d6 f3f4 d6c6 f2f3 c6d6 e3e4 f5e4 f3e4,2117,76,93,5708,crushing endgame pawnEndgame quietMove veryLong zugzwang,https://lichess.org/IWBdK8YY/black#92,
SjAnx,4kb1r/1b3ppp/p1p1pq2/2p2P2/P3P3/1P3QN1/2r3PP/3R1RK1 b k - 1 17,c2c3 f3f4 e6e5 f4d2 f6d6 d2c3,2120,84,70,40,crushing long middlegame quietMove,https://lichess.org/6RdmLTmn/black#34,Sicilian_Defense Sicilian_Defense_Closed
SjCvU,6k1/5pp1/8/2p5/2P1KP2/2QP4/2P5/7q w - - 4 49,e4e5 h1c6 f4f5 c6f6 e5d5 f6c3,2158,79,91,967,crushing endgame long queenEndgame quietMove skewer,https://lichess.org/n9BP3hHK#97,
SjQMc,6k1/p7/1p2q3/3p4/1P1Pr2p/P3PQp1/6P1/4R1K1 b - - 1 36,e4d4 e1f1 d4c4 f3f8 g8h7 f1f7 e6f7 f8f7,2103,77,84,63,advantage endgame exposedKing quietMove veryLong,https://lichess.org/MrcIsshE/black#72,
Sjhk1,Q7/1ppkqp2/1b2b2r/1N2p3/2P1P1p1/P2P4/3NB1PP/R6K w - - 1 24,g2g3 e7f6 a8f8 h6h8 a1f1 f6f1 d2f1 h8f8,2136,121,80,41,advantage middlegame quietMove veryLong,https://lichess.org/j2bpmAyd#47,
Sjvag,2r3k1/5pR1/3p1P2/3Pp3/1p6/1P1B4/1P4KP/2r5 b - - 0 32,g8f8 d3h7 c8c2 g2h3,2127,80,90,1222,crushing defensiveMove endgame quietMove short,https://lichess.org/y010DEOO/black#64,
SkCaD,8/2k5/8/3p4/p2PrPK1/B3p3/4B3/8 w - - 1 60,g4g5 e4d4 g5g4 d4d2 g4f3 d5d4 f4f5 d4d3 f3e3 d2e2,2138,76,85,237,advantage endgame quietMove veryLong,https://lichess.org/VU8u7i7z#119,
SkF15,6k1/3Q1p2/6p1/8/P2p4/5R2/1r4PK/2q5 b - - 13 42,c1c4 d7e8 g8g7 e8e5 g7f8 f3h3 b2g2 h2g2,2178,130,80,15,crushing endgame quietMove veryLong,https://lichess.org/E3z2y0jE/black#84,
Ska79,5rk1/1pn4p/p2p2p1/2pPn3/2Pb1N2/4B1q1/PPQ3P1/4RR1K w - - 0 25,e3d4 e5g4 d4g1 f8f4,2197,76,85,151,crushing middlegame quietMove short,https://lichess.org/XUVW1Q8N#49,
Skx9F,5k2/8/8/6p1/P7/3K1p2/1P6/8 b - - 1 54,g5g4 a4a5 g4g3 d3e3 f3f2 e3e2,2193,86,83,35,crushing endgame long pawnEndgame quietMove,https://lichess.org/zeO5Ghm8/black#108,
SlMuS,6k1/2p5/1pP3pP/p2K1p2/P6P/1P6/8/8 w - - 0 45,d5e5 g8h7 e5e6 f5f4 e6d7 f4f3 d7c7 f3f2 c7b7 f2f1q,2155,76,87,521,advancedPawn crushing endgame master pawnEndgame promotion quietMove veryLong,https://lichess.org/t8xPHIKU#89,
Slkzf,4N3/r7/7P/1kp5/5KP1/8/8/8 b - - 0 49,b5c6 e8f6 a7a8 h6h7,2124,76,96,169,advancedPawn advantage endgame quietMove short,https://lichess.org/O0VxuMO5/black#98,
SlshU,1rb4k/ppN3pp/5r2/3Pp3/7q/1Q6/PP2BbPP/3R1R1K w - - 1 23,c7e8 f6h6 h2h3 c8h3,2177,80,77,59,advantage middlegame quietMove short,https://lichess.org/VyBThYEO#45,
Slsq4,1r1b2k1/3P1p1p/6p1/1p2p3/p3N3/P5P1/1P1R1PP1/6K1 b - - 2 37,f7f6 d2c2 b8b6 c2c8,2110,78,82,147,crushing endgame pin quietMove short,https://lichess.org/lHBPGGTu/black#74,
SmDPw,1r2r1k1/5ppp/p1p2b2/q4P2/N3R3/1P4Q1/5PPP/3R2K1 b - - 0 21,a5f5 d1e1 f5e4 e1e4,2172,74,91,2713,advantage middlegame quietMove short,https://lichess.org/mEOJNRbW/black#42,
SmLYQ,8/8/5K2/3kp3/3n2P1/8/3p4/1R6 w - - 0 51,g4g5 e5e4 g5g6 d4e6,2151,77,82,52,advantage defensiveMove endgame quietMove short,https://lichess.org/sTeamQrF#101,
Sn2sZ,1r4k1/1P4bp/6p1/8/4p2N/2p3P1/5P1P/1R4K1 w - - 1 37,g1f1 g7h6 f2f4 e4f3,2149,78,84,491,crushing enPassant endgame quietMove short,https://lichess.org/2zg6oN3D#73,
SnGjM,8/8/2B4p/p6P/P5p1/4krP1/6K1/8 w - - 12 50,c6f3 g4f3 g2f1 f3f2 g3g4 e3f3 g4g5 h6g5 h5h6 g5g4 h6h7 g4g3 h7h8q g3g2,2186,81,88,1701,advancedPawn endgame mate mateIn5 quietMove veryLong,https://lichess.org/soZgEnkH#99,
SnRr1,8/1p6/2p3p1/2Pp1k1p/P7/3PK2P/6P1/8 w - - 1 36,d3d4 h5h4 e3f3 g6g5,2178,76,87,109,crushing defensiveMove endgame pawnEndgame quietMove short zugzwang,https://lichess.org/Vd1zEQSa#71,
SnRrv,r2q1r1k/2p1b2n/1pn1ppQp/p3P1pP/2PP4/PN3NP1/1B3P2/R3R1K1 w - - 2 22,g6h6 f8g8 d4d5 e7f8 h6f6 h7f6,2148,114,85,40,clearance equality long middlegame quietMove trappedPiece,https://lichess.org/nBlGcXsF#43,
SnTLK,8/8/p5k1/1p4P1/3p1rK1/1P4P1/8/8 w - - 0 47,g3f4 a6a5 g4f3 a5a4,2112,73,94,11495,crushing endgame pawnEndgame quietMove short,https://lichess.org/Tc6jYRjD#93,
So6lX,5k2/1p3qpQ/2nb2B1/3p4/p1nP4/2P1B3/PP2KPP1/r7 b - - 6 32,f7g8 h7h3 c6d4 c3d4 a1e1 e2e1,2165,75,97,677,advantage long master middlegame quietMove,https://lichess.org/Zws5Oh0I/black#64,
SoYHP,r1b2rk1/5p1p/p1q1p1p1/1p1p4/3P3R/2N1P1P1/PPQ3PP/5RK1 b - - 1 17,b5b4 c3e4 d5e4 c2c6,2100,76,81,86,crushing discoveredAttack middlegame quietMove short,https://lichess.org/1bE0Jsf0/black#34,Horwitz_Defense Horwitz_Defense_Other_variations
Sodrv,8/p2Q2kp/6p1/1p6/3Np3/2PnP3/q5PK/8 b - - 3 44,g7h6 d4e6 a2e6 d7e6,2145,99,78,22,crushing endgame quietMove short,https://lichess.org/Err6d4rm/black#88,
Sou2l,r3r1k1/1p2bp1p/p3q1pB/3pPb2/8/P1Q4P/1P3PP1/1BR1R1K1 w - - 4 24,c3d4 f5b1 c1b1 g6g5 h6g5 e7g5,2142,77,71,74,advantage long middlegame quietMove trappedPiece,https://lichess.org/lUcmgL3d#47,
SpCtt,8/r3k2p/1bP1b3/pP1pRp2/8/8/6PP/R6K b - - 3 31,b6d4 b5b6 d4b6 a1e1 e7d6 e5e6,2185,77,86,348,advantage endgame long quietMove,https://lichess.org/v8C9g9bB/black#62,
SpJUm,8/2R1p3/2p1k3/1P2p3/6P1/2r2p2/5K2/8 b - - 0 38,e5e4 c7c6 c3c6 b5c6 e6d6 g4g5 d6c6 g5g6,2167,75,78,426,crushing endgame quietMove rookEndgame veryLong,https://lichess.org/dD4AiEue/black#76,
SpKBc,r3kb2/pppb1p1B/2n1p2p/3pP3/3P4/2P2N2/PP2QP2/2KR1N1q b q - 5 16,e8c8 f1h2 h1g2 d1g1 g2g1 f3g1,2110,87,68,45,advantage clearance long middlegame quietMove,https://lichess.org/W2ZYcMfp/black#32,Nimzowitsch_Defense Nimzowitsch_Defense_El_Columpio_Defense
SpZwE,3R4/8/r7/PK2p3/4k3/3p4/8/8 b - - 3 52,a6a5 b5a5 e4e3 a5b4 e3d2 d8a8 d2e1 a8a1,2148,158,81,16,crushing endgame hangingPiece quietMove rookEndgame veryLong,https://lichess.org/nKPfBG7d/black#104,
Spcuq,2kr2r1/1p1qnp2/p1p5/P2P1Pnp/BP2P3/8/3N1QPP/b1B2R1K b - - 0 23,a1c3 d2c4 g5e4 c4b6,2114,445,18,2,crushing middlegame quietMove short,https://lichess.org/fNiSqkTr/black#46,
SpsDR,5q2/p1pb2k1/3b3p/3Q2p1/2B2r2/2P5/P2R1PPP/5R1K w - - 11 33,g2g3 f4c4 d5c4 f8f3 h1g1 d7c6 c4c6 f3c6,2195,78,60,58,advantage clearance middlegame quietMove sacrifice veryLong,https://lichess.org/AGNeEfNg#65,
SqAzX,4k3/2p1r3/1p6/p7/4pn2/2Pr1P2/PP3QB1/4RK2 w - - 0 44,f3e4 e7f7 f1g1 f4h3 g2h3 f7f2 g1f2 d3h3,2123,205,82,9,discoveredAttack endgame equality exposedKing fork quietMove veryLong,https://lichess.org/Tmxr8RVr#87,
Sqy6t,1k1r4/Rp3ppp/1Pp5/3p4/P7/3Pr3/6PP/1R4K1 b - - 0 29,e3d3 b1e1 d5d4 e1e7 d3d1 g1f2,2115,76,89,1081,crushing endgame long quietMove rookEndgame,https://lichess.org/kCNB5elS/black#58,
Sr0bz,3q2k1/2p1r1pp/8/2Qb4/3p4/5N2/rPPB1PPP/2KR3R w - - 0 23,d2g5 e7e2 c1b1 d8a8 c5d5 a8d5,2164,78,91,2814,advantage long middlegame quietMove,https://lichess.org/wC6K3Ddb#45,
SriBv,8/5pk1/1R3np1/2P1p3/1PN1P2p/5P1P/6PK/1r6 w - - 0 34,c5c6 f6h5 g2g3 h4g3,2164,74,82,138,crushing endgame quietMove short,https://lichess.org/YgZ3DvXo#67,
SsIwI,5r2/4bp2/4p2p/2k1P1p1/1pPp4/3K1R1P/1B3PP1/8 b - - 3 34,b4b3 b2a3 c5c6 a3e7 f8b8 e7a3 b3b2 a3b2,2105,79,73,40,advantage endgame quietMove skewer veryLong,https://lichess.org/wcH9fnoy/black#68,
SsRmQ,2r5/1R2ppkp/4q1p1/3p4/4n3/Q5P1/P3R2P/6K1 w - - 2 27,a3e7 c8c1 g1g2 e6f5 e7f7 f5f7 b7f7 g7f7,2156,76,95,271,advantage endgame quietMove veryLong,https://lichess.org/nPZQSLtT#53,
SsW2q,r1b2rk1/pp5R/4p1p1/8/2n1P3/2P2N2/P4PP1/2K4R b - - 0 18,f8f7 h7h8 g8g7 e4e5 c4e5 f3e5,2196,78,83,92,advantage long middlegame quietMove,https://lichess.org/q6VT0xnA/black#36,Grunfeld_Defense Grunfeld_Defense_Exchange_Variation
SsWi1,3r2r1/bB1k4/P2p4/P1p1p2p/1P2Pn2/N1R2P2/8/R4K2 w - - 3 30,a3b5 g8g2 a1c1 d8g8 c3c2 g2g1,2179,142,73,21,clearance crushing long middlegame quietMove,https://lichess.org/ZhJUN2JG#59,
Sss3q,r2q1k1r/bbpp2pp/p1n2p1n/1p4NQ/3PP3/1B6/PP3PPP/RNB1K2R w KQ - 2 12,g5h7 h8h7 h5g6 h7h8 c1h6 d8e7,2109,77,84,604,advantage hangingPiece long middlegame quietMove,https://lichess.org/NBMS7vYM#23,Ruy_Lopez Ruy_Lopez_Classical_Variation
SsxbK,8/8/6p1/p1p4p/P1P1K1kP/1P6/8/8 b - - 2 36,g4h4 b3b4 c5b4 c4c5 b4b3 e4d3 b3b2 d3c2 g6g5 c5c6 g5g4 c6c7 g4g3 c7c8q,2108,75,87,228,advancedPawn crushing endgame pawnEndgame promotion quietMove veryLong,https://lichess.org/lmA8Q8Vf/black#72,
St2zl,2r5/5pk1/3Q2p1/7p/p2RP3/1qP2P2/1P4P1/1K6 b - - 4 29,c8c3 d6e5 g7h7 d4d8 b3c2 b1a1,2184,84,88,959,clearance crushing endgame long quietMove,https://lichess.org/0SzJ2HMQ/black#58,
St7Rh,2r3k1/1p2rpp1/7p/pB6/P1pPpqb1/2P1RN2/1PQ2P2/2R3K1 w - - 0 28,f3e5 e7e5 d4e5 g4f3 e3f3 e4f3,2159,74,91,456,crushing long middlegame quietMove sacrifice,https://lichess.org/lh7x2mvn#55,
StBmw,b4rk1/pq3p1p/1p2p1p1/4P3/8/1B4Q1/PP3PnP/2R2RK1 w - - 1 22,c1c3 g2f4 f2f3 f4e2,2154,73,92,7421,crushing middlegame quietMove short,https://lichess.org/dWdCfy4x#43,
StqQF,5rk1/pp2rppp/5R1q/3b4/8/1PQ3RP/P5P1/6K1 b - - 1 30,h6h4 g3g7 g8h8 g7g3 h4g3 c3g3,2157,147,54,23,equality long middlegame quietMove,https://lichess.org/OSu2H33O/black#60,
Stwma,8/7p/8/1p1kp3/p1P1p1p1/PP2PpP1/1K3P1P/8 b - - 0 39,b5c4 b3a4 d5c6 b2c3 c6c5 a4a5 c5b5 a5a6 b5a6 c3c4 a6a5 c4d5,2161,87,91,2020,crushing deflection endgame pawnEndgame quietMove veryLong,https://lichess.org/7qilTweO/black#78,
StzLd,3r4/8/pR3pk1/7p/4n1pP/PB4P1/1PP3PK/8 w - - 2 35,b6a6 d8d1 c2c3 d1c1 b3c2 c1c2,2156,75,95,2623,advantage endgame long quietMove,https://lichess.org/rEcgvPRa#69,
Su7zJ,2r3k1/2r1qbp1/p6Q/4p3/2Pp4/1P6/P2B4/1K1B2R1 b - - 0 36,f7e6 d1c2 e7f7 h6h7,2161,75,86,271,crushing middlegame pin quietMove short,https://lichess.org/qFAO9k39/black#72,
Sums1,8/8/8/3K4/1krB4/1p1R4/8/8 b - - 7 55,c4d4 d5d4 b3b2 d3d1 b4b3 d4d3 b3a2 d3c2,2168,77,96,359,crushing endgame hangingPiece master quietMove rookEndgame veryLong,https://lichess.org/1D3ocSJt/black#110,
SuoVa,4R3/8/2pN1k1p/6p1/1P4Pn/6KP/5P2/r7 w - - 3 38,f2f3 a1a2 d6e4 f6f7,2178,76,91,190,crushing defensiveMove endgame quietMove short,https://lichess.org/lrJC0hlt#75,
SvKra,8/5Qpk/4p2b/1q1pP2R/3P4/pr4P1/5BK1/8 b - - 0 52,b5c6 g3g4 c6c1 g4g5 c1g5 h5g5,2165,76,97,169,advantage endgame long quietMove,https://lichess.org/DPbvlVup/black#104,
SvN4q,2r4k/2P3pp/p3Pp2/8/1p2b1P1/7P/P6K/2R5 b - - 0 32,h8g8 c1d1 g8f8 d1d8 f8e7 d8c8,2129,79,92,1976,crushing endgame long quietMove,https://lichess.org/LxZkcFBy/black#64,
Svhl9,3R4/8/7P/6p1/4PbP1/5K2/3p4/4k3 b - - 1 53,d2d1q d8d1 e1d1 e4e5 f4e5 f3e4 e5b2 e4f5 d1e1 f5g5,2117,74,87,136,crushing endgame quietMove veryLong,https://lichess.org/0Zi7xEsU/black#106,
SvqXx,8/6p1/3kpp1p/8/3PP1KP/8/5P2/8 b - - 1 55,e6e5 d4d5 g7g6 h4h5 f6f5 e4f5 g6f5 g4f5 d6d5 f5g6,2149,76,94,356,crushing endgame pawnEndgame quietMove veryLong,https://lichess.org/0KdNap1e/black#110,
Sw18u,8/K4pk1/1p2p3/4P1p1/3P4/P1B1n3/1P6/8 w - - 1 51,a7b6 e3d5 b6c5 d5c3 b2c3 g5g4 d4d5 g4g3,2195,77,95,443,crushing endgame quietMove veryLong,https://lichess.org/Giam7Odc#101,
Sw4JL,5B2/p3pk1p/8/6p1/4P3/1p3P2/b2R2P1/6K1 w - - 2 38,g1f2 f7f8 f2e2 a7a5 e2d3 a5a4 d3c3 a4a3,2109,76,91,911,crushing endgame hangingPiece master quietMove veryLong,https://lichess.org/6imY2DLW#75,
SwDXp,4k3/2R5/5K1B/4p3/2P4n/8/4r3/8 b - - 0 64,e5e4 f6e6 e8d8 c7c5 h4f3 h6g7 f3g5 c5g5,2124,111,47,16,crushing endgame quietMove veryLong,https://lichess.org/YqPfsPZ6/black#128,
SwEAd,8/2p5/2pk1P2/3p2P1/3Pp1Pp/6r1/1K5R/8 b - - 0 39,g3g4 h2f2 e4e3 f6f7 e3f2 f7f8q,2146,77,87,62,advancedPawn crushing endgame long promotion quietMove rookEndgame,https://lichess.org/HrnnyJNA/black#78,
Swa9d,8/8/4p2R/7P/3k4/2p5/1rn2PP1/2R1K3 w - - 0 35,e1d1 c2b4 c1c3 d4c3,2160,75,90,646,advantage endgame quietMove short,https://lichess.org/lp2kVzxE#69,
SwhBG,8/1p2k3/2p1p2p/6p1/p2PK1P1/P1P4P/1P6/8 w - - 2 38,e4e5 b7b5 e5e4 e7d6 e4e3 d6d5 e3d3 c6c5 d4c5 d5c5 c3c4 b5c4,2108,85,91,559,crushing endgame pawnEndgame quietMove veryLong zugzwang,https://lichess.org/U2ggi7rZ#75,
SwwSS,8/8/5p2/8/3k2p1/6P1/5PK1/8 w - - 0 61,f2f3 f6f5 g2f2 d4d3 f3g4 f5g4,2117,76,95,3729,crushing endgame long pawnEndgame quietMove,https://lichess.org/FDqD2eaA#121,
SwzT0,8/pp1qb1Q1/2pk1p2/3p4/3P1N1P/nP4P1/2P2P2/6K1 b - - 4 38,d6c7 h4h5 a3c2 h5h6 c2d4 h6h7,2196,80,80,41,advancedPawn crushing endgame long quietMove sacrifice,https://lichess.org/bDusy23n/black#76,
Sx6fs,rnbq1rk1/4b1pp/p3p3/3pp1P1/NppPBB1P/4P3/PPP2P2/R2Q1RK1 b - - 0 14,e5f4 e4h7 g8h8 d1h5 e7g5 h4g5 d8g5 h5g5,2165,80,90,1145,crushing kingsideAttack middlegame quietMove veryLong,https://lichess.org/CfnGFcIJ/black#28,Queens_Pawn_Game Queens_Pawn_Game_Chigorin_Variation
SxAPj,8/7p/6p1/8/1k6/7P/P2K4/8 b - - 0 56,h7h5 h3h4 b4a3 d2e3 g6g5 h4g5,2101,78,91,167,crushing endgame long pawnEndgame quietMove,https://lichess.org/VFwDohEK/black#112,
SxPnT,6k1/6pp/4P3/3R1p2/3P4/2b1B2P/5PPK/r4r2 b - - 1 33,g8f8 e3g5 c3a5 e6e7 f8e8 d5d8 a5d8 e7d8q,2166,79,91,1234,advancedPawn crushing endgame promotion quietMove veryLong,https://lichess.org/2YYWe03U/black#66,
Sxmtq,b7/KN5p/P7/4p1p1/5P2/4k3/7P/8 b - - 0 40,e5f4 a7a8 f4f3 b7d6 f3f2 d6f5 e3d3 f5g3,2107,80,91,441,crushing defensiveMove endgame hangingPiece quietMove veryLong,https://lichess.org/C2ASOCFr/black#80,
Sy3dp,2kr1b1r/pp3pp1/2q5/3nPN2/P1N5/4P1P1/1B1P4/2R2QK1 b - - 1 22,d5c3 f5h4 h8h4 g3h4,2123,143,87,10,advantage master middlegame quietMove short,https://lichess.org/BNx2hcwb/black#44,
SyOIx,2Q5/p1P1r1k1/5q1p/5pp1/4p3/8/3r1PPP/R4RK1 b - - 0 34,f6b6 a1c1 d2d7 c8d7 e7d7 c7c8q,2194,128,67,12,advancedPawn advantage clearance endgame long promotion quietMove,https://lichess.org/B5FKdHXp/black#68,
SyTCc,8/5p2/p3p1p1/1p5p/1P3P1P/P1PrR1Pk/5K2/8 b - - 7 46,d3e3 f2e3 f7f6 c3c4 b5c4 a3a4 h3g3 b4b5,2168,76,81,136,advantage endgame quietMove veryLong,https://lichess.org/1hiM6Alk/black#92,
SycoV,8/1p6/p7/Pk6/2n2K2/2B5/1P6/8 w - - 3 61,b2b4 c4a3 f4e5 a3c2 e5d6 c2b4,2148,77,61,51,crushing endgame long quietMove,https://lichess.org/d3KEB65r#121,
Syl9g,r3k2r/1b3pb1/2nB1qpp/1QP2P2/6PP/3R4/PP6/2K4R b kq - 0 23,e8c8 d3b3 c6a5 b5a5 d8d6 c5d6,2119,75,85,111,advantage long middlegame quietMove,https://lichess.org/LfFt8D0S/black#46,
Sz5CO,3Q2k1/B5p1/4rp1p/P6P/8/1qp2P2/5PK1/8 b - - 5 43,g8f7 a7c5 e6e5 d8f8 f7e6 f8g8 e6d7 g8b3,2171,73,95,6376,crushing endgame quietMove skewer veryLong,https://lichess.org/G3GuBRv9/black#86,
SzVQF,5r1k/pp4p1/4Q3/7q/2P3Rb/2P1r3/PP3PK1/R7 w - - 0 36,f2e3 f8f2 g2g1 h4g3 e6c8 h8h7 g4g7 h7g7 c8c7 g3c7,2101,75,91,1331,advantage endgame master quietMove veryLong,https://lichess.org/TveqB9WN#71,
SzY76,2kb4/8/3p2p1/pPpP1pP1/K1N2P2/8/8/8 w - - 2 70,c4a5 d8a5 a4a5 c8b7 b5b6 c5c4 a5b4 b7b6,2198,76,87,762,crushing endgame quietMove veryLong zugzwang,https://lichess.org/VYtDaZBw#139,
SzmMN,8/8/2pkp3/p4ppp/P1PP4/3K3P/5PP1/8 w - - 1 27,f2f3 h5h4 d3e3 c6c5 d4c5 d6c5,2150,115,57,20,crushing endgame long pawnEndgame quietMove,https://lichess.org/3VvqOmNC#53,
T0RT5,4B3/8/P4p2/4k2P/3bp3/5p2/7P/5K2 b - - 1 52,e5f4 h5h6 e4e3 e8b5 e3e2 b5e2,2133,80,91,869,bishopEndgame crushing endgame long master quietMove,https://lichess.org/SUZeLR5B/black#104,
T0dpz,8/bP6/5k2/2PKpP2/4P2p/8/P7/8 w - - 0 47,c5c6 a7b8 d5c5 b8c7 b7b8r c7b8,2122,76,91,2798,bishopEndgame crushing endgame long quietMove,https://lichess.org/1ShiOsiN#93,
T0s9S,8/K4p1p/1p4p1/3nk3/1P6/P6P/2N3P1/8 b - - 2 37,e5e4 b4b5 e4d3 c2b4 d3c4 b4d5,2197,79,72,56,advantage endgame knightEndgame long quietMove,https://lichess.org/WkDDPsw2/black#74,
T12p5,8/p5p1/1p2kp1p/3p4/PP1P1KPP/5P2/8/8 b - - 0 41,a7a6 h4h5 b6b5 a4a5 e6e7 f4f5 e7f7 f3f4 f7e7 f5g6,2163,75,85,412,crushing endgame pawnEndgame quietMove veryLong zugzwang,https://lichess.org/P7lDWgnq/black#82,
T1ayh,6r1/pp3r2/4k3/4p2P/2pnN1PB/4RPK1/PP6/8 b - - 4 33,e6d5 e4f6 f7f6 h4f6 d4f5 g3f2 f5e3 f2e3 d5e6 g4g5 g8c8 h5h6 c4c3 b2c3,2130,78,82,399,crushing endgame fork quietMove veryLong,https://lichess.org/XHJYdgmI/black#66,
T1nAr,r4rk1/p2n1p1p/1ppqppbQ/8/3P2P1/1B3N1P/P1P2P2/1R2R1K1 b - - 4 19,f8d8 h3h4 d6f8 h6f8 d7f8 h4h5,2197,76,93,4076,advantage kingsideAttack long middlegame quietMove,https://lichess.org/sYnhEcf3/black#38,Scandinavian_Defense Scandinavian_Defense_Main_Line
T1xlo,4r1k1/2p5/2p1p1R1/1p2P3/2qP4/2P1Q3/6PK/q7 b - - 0 34,g8f8 e3g5 a1h1 h2h1,2152,117,77,14,crushing endgame quietMove short,https://lichess.org/WvLxmf8G/black#68,
T20zE,8/1p6/1p2k3/2pp1pKp/3P3P/P1P5/1P6/8 w - - 0 47,g5h5 e6f6 b2b3 c5d4 c3d4 b6b5 a3a4 b5a4 b3a4 b7b6 h5h6 f5f4,2186,80,84,56,crushing defensiveMove endgame pawnEndgame quietMove veryLong zugzwang,https://lichess.org/lnIpskHU#93,
T2PYl,1k4r1/1pp4q/1p2Q3/4p3/4p1r1/2P1R1p1/PP3P1P/5R1K w - - 0 27,e3g3 g8h8 e6e8 h8e8,2159,78,89,1141,crushing endgame master quietMove short,https://lichess.org/eu3F3DGk#53,
T2YYp,6r1/p1qb2kp/2pb3p/5p2/2P5/1P3BP1/P2R1P1P/4Q1K1 b - - 0 24,g8e8 e1d1 e8e6 c4c5,2185,75,93,2566,advantage master middlegame quietMove short,https://lichess.org/vL7oqvTi/black#48,
T2bPK,8/8/3p3p/1pp1k3/6K1/2P4P/PP4P1/8 w - - 0 33,g4h5 d6d5 h5g4 e5e4,2146,75,87,421,crushing defensiveMove endgame pawnEndgame quietMove short,https://lichess.org/46huwlhK#65,
T2zTs,5r2/1r3pR1/4p1p1/p1ppP3/P1k2PP1/2P1P3/1PK5/7R w - - 3 32,h1h7 f8b8 b2b4 a5b4,2109,80,86,58,crushing endgame master masterVsMaster quietMove rookEndgame short,https://lichess.org/STF7CWjp#63,
T31da,8/8/1p1p4/pBp5/Pk3K2/8/8/8 w - - 2 49,f4e4 c5c4 e4e3 c4c3 e3d3 b4b3 b5c4 b3b2,2159,77,86,164,bishopEndgame crushing defensiveMove endgame quietMove veryLong,https://lichess.org/ph4sG5Vy#97,
T396L,5rk1/1p1b2bp/p3p1p1/3pP3/2rP2P1/1qN1PN2/1PR4Q/5RK1 b - - 1 23,d7a4 c2f2 f8f3 f2f3 c4c3 b2c3,2145,155,39,6,crushing long middlegame quietMove,https://lichess.org/3zHxEouB/black#46,
T3VJZ,r5k1/p1p3pp/Pp1ppr2/5p1q/2PP2n1/2PBPN1P/2Q2PK1/R4R2 w - - 3 19,f1h1 f6g6 h3g4 g6g4 g2f1 h5h1 f1e2 h1a1,2158,76,94,513,advantage deflection fork master middlegame quietMove sacrifice skewer veryLong,https://lichess.org/SpFEQ2Lt#37,
T3XrT,6k1/p4pbp/1p4p1/1N2p3/8/1PP1PQ1P/1P1q1PP1/6K1 b - - 0 25,d2b2 b5d6 b2b3 c3c4 b3a4 f3f7,2102,80,91,1545,crushing endgame long quietMove,https://lichess.org/EhTWZPLw/black#50,
T3xDN,8/8/p7/kp3p1p/3Pp1pP/P1K1P1P1/5P2/8 b - - 2 54,a5a4 d4d5 a4a5 c3d4 a5b6 d4e5,2141,78,90,238,crushing endgame long pawnEndgame quietMove,https://lichess.org/QkWclGMy/black#108,
T4GJe,3rr2k/2qn2pp/5p2/pp1Qp3/8/4BNP1/PPP2PBP/3R2K1 w - - 6 22,c2c3 d7c5 e3c5 d8d5,2108,76,88,77,advantage discoveredAttack middlegame quietMove short,https://lichess.org/DUSa2Rfe#43,
T4GgR,r4nk1/1pq1rppp/2p5/p2p1b2/3Pn3/2PQ1N2/PPBN1PPP/R3R1K1 w - - 4 16,f3g5 e4d6 e1e7 c7e7,2196,75,90,2536,crushing middlegame quietMove short,https://lichess.org/AhjcMy2X#31,French_Defense French_Defense_Knight_Variation
T4RPv,8/5pk1/4p1p1/3pP3/2bP4/8/1qpQ1PPP/2R2K2 w - - 4 37,f1e1 c4d3 f2f3 b2d4,2126,78,80,145,advantage endgame interference quietMove short,https://lichess.org/4vWOZkoF#73,
T4cNJ,2r5/7r/4n1k1/R1NN1bp1/3P1p2/1P2pP2/6P1/R5K1 w - - 0 38,a5a6 c8h8 d5e3 f4e3 g1f1 h7h1 f1e2 h1a1,2154,75,85,229,crushing middlegame quietMove veryLong,https://lichess.org/s00fjyZm#75,
T5ALI,8/pp4p1/2p5/4N3/1PP1P3/4K1kp/P7/8 w - - 1 33,e5f3 g7g5 e4e5 g5g4 e5e6 g4f3 e6e7 f3f2 e7e8q f2f1q,2138,76,85,206,advancedPawn advantage endgame knightEndgame promotion quietMove veryLong,https://lichess.org/nPDjxnMi#65,
T5Fbw,4r1k1/4Qp1p/2b3p1/8/2P3q1/1PR3B1/5PPK/2Rr4 w - - 5 31,e7h4 e8e1 h4d8 d1d8,2163,75,88,568,crushing middlegame quietMove short,https://lichess.org/Krryh11O#61,
T5JOM,r3r1k1/pp2bp1p/2n2qp1/8/4QB2/3B4/P4PPP/1R2R1K1 w - - 2 21,b1b7 e7f8 e4e8 a8e8 e1e8 f6f4,2168,114,76,19,crushing long middlegame quietMove,https://lichess.org/YpsdGmiN#41,
T5SF1,1n3b1r/1B2k2b/pp2p3/2p2pP1/Q1Pp4/3P1Pq1/PP1B4/RN2K2R w KQ - 1 24,e1f1 f5f4 f1e2 g3g2 e2d1 g2h1,2191,76,85,461,advantage exposedKing fork long middlegame quietMove,https://lichess.org/qOtahhaM#47,
T5TsT,rn2r1k1/3q2pp/1p3p2/pPbn1N2/8/4P2P/1BQP1PP1/RN2K2R w KQ - 1 19,c2c4 d7f5 b1c3 e8d8 e3e4 f5f2,2155,88,78,78,advantage attackingF2F7 hangingPiece long middlegame quietMove,https://lichess.org/32LCwNBP#37,Polish_Opening Polish_Opening_Other_variations
T5Vqq,6k1/3R1p1p/1p4p1/8/Pp6/4P1P1/2r2P1P/6K1 w - - 0 29,d7b7 c2c6 g1g2 b4b3 b7b8 g8g7,2174,78,62,40,crushing endgame long master quietMove rookEndgame,https://lichess.org/LUA7C1ij#57,
T5XNN,k6r/5R2/1R6/p1Bp3p/5ppq/8/PPP2PPP/6K1 w - - 3 39,f7b7 h8e8 b7a7 a8a7 b6e6 a7b7,2105,74,81,160,advantage defensiveMove endgame long quietMove,https://lichess.org/Ktnqg6i6#77,
T69bq,8/3k4/1P2p3/2Pb1p2/3P1Kp1/4N3/8/8 b - - 9 58,d5a8 e3c4 d7c8 c4e5,2144,98,84,49,crushing endgame quietMove short,https://lichess.org/vJ7Ge2vb/black#116,
T6ENS,8/6kp/2q2p2/p2p2p1/R5P1/1PPQ2P1/5P1K/4r3 w - - 1 38,a4d4 f6f5 h2g2 c6h6 d3f1 e1f1,2184,79,91,4039,clearance crushing endgame long master masterVsMaster quietMove,https://lichess.org/YebdAT4B#75,
T6G1d,8/1b3pk1/pR1Bp1p1/4PpPp/2r5/5P2/P4K1P/8 b - - 0 36,b7d5 b6b8 d5b7 b8b7,2194,77,91,958,crushing endgame quietMove short,https://lichess.org/MikhOK9r/black#72,
T6Hgv,5k2/2p5/1b2P2p/3K1N2/1P1p3B/8/8/r7 b - - 8 44,a1h1 e6e7 f8f7 f5g7 h1e1 h4e1,2114,133,85,18,advancedPawn advantage endgame long master quietMove,https://lichess.org/RZidKJhY/black#88,
T6KBv,8/8/8/1N6/p5K1/b1P4P/1k3P2/8 w - - 0 43,h3h4 a3f8 f2f4 b2b3,2199,77,85,211,advantage endgame quietMove short,https://lichess.org/Dymbq5lT#85,
T6UkC,1Q5r/3rk2q/N2p1p2/4p1p1/1p2P3/2PPnNP1/PP4P1/R4RK1 w - - 2 27,b8b4 e3g4 f3h4 g5h4,2147,107,46,35,crushing middlegame quietMove short,https://lichess.org/kqe4WSdp#53,
T6ZXq,8/2p1p3/1p6/pPn2k1P/P5R1/2P1p1K1/8/8 w - - 0 36,h5h6 e3e2 g3f2 f5g4 f2e2 c5e6 h6h7 e6f4 e2e3 f4g6,2148,76,86,73,advancedPawn crushing defensiveMove endgame exposedKing quietMove veryLong,https://lichess.org/Kyt6H8Jf#71,
T6lpS,8/p1p5/1p6/3p1k1p/1P1P2p1/P1P1K1P1/6P1/8 b - - 1 36,f5e6 e3f4 e6f6 b4b5 c7c5 b5c6,2145,76,90,347,crushing enPassant endgame long pawnEndgame quietMove,https://lichess.org/QyrSigJ5/black#72,
T7LF5,8/5k2/1p1b1p2/pP1PpKp1/2P3B1/5P2/6r1/R7 b - - 3 41,g2c2 a1h1 c2c4 h1h7,2107,117,12,13,advantage endgame quietMove short,https://lichess.org/QhKmg0Qp/black#82,
T7jEZ,7r/2Q5/1p3pk1/4p3/2P1R2P/5qP1/P4P2/6K1 w - - 1 32,c7c6 h8d8 h4h5 g6h6 e4d4 f3c6,2102,80,75,82,crushing defensiveMove endgame long quietMove,https://lichess.org/5sjEZfh9#63,
T7mxG,2r2b1r/nkpqn1p1/4pp2/1p2P2p/2pP1P1N/Q7/6PP/RNB2RK1 b - - 1 18,e7c6 a3a6 b7b8 c1e3 f8c5 d4c5,2193,146,83,13,advantage long middlegame quietMove,https://lichess.org/Mh2t4lOV/black#36,Nimzowitsch_Defense Nimzowitsch_Defense_Scandinavian_Variation
T7oVB,8/8/2P5/5k1p/5p2/1K3Pp1/1P1R2P1/2r5 w - - 1 51,d2c2 c1c2 b3c2 f5e6 c2d3 h5h4 d3e2 e6d6,2174,82,85,52,crushing endgame quietMove rookEndgame veryLong,https://lichess.org/DdpMCmMC#101,
T84VQ,3r2k1/p4pp1/7p/1pQ1P1q1/5P2/4P1P1/PP2K2P/7R w - - 1 26,e2f2 d8d2 f2e1 g5d8 c5c1 d2g2,2170,95,55,33,advantage clearance endgame long quietMove,https://lichess.org/1NZhbS5y#51,
T8ttA,8/p4k2/1p3p1K/7P/8/8/P5P1/8 b - - 0 44,a7a5 a2a4 b6b5 a4b5,2119,75,89,334,crushing endgame pawnEndgame quietMove short,https://lichess.org/yEk1MGe5/black#88,
T8tv3,r1r3kq/p1N2p1p/2np2pP/8/1p2PN2/5P2/bPPQ2P1/2KR3R w - - 1 21,c7a8 c6a5 d2b4 a5b3 b4b3 a2b3,2181,73,93,6212,advantage long middlegame pin queensideAttack quietMove,https://lichess.org/Mqhjyi4M#41,
T8zFg,r1b2rk1/pp4pp/8/3P4/4P1q1/P2Q1pP1/1B3P1P/1R3RK1 w - - 1 21,d3c3 f8f6 c3f6 g7f6,2128,88,70,40,crushing middlegame quietMove short,https://lichess.org/4pe1Go9f#41,
T9DKR,r1b3k1/pp5p/2p5/2q1n3/2P1Q3/2P3P1/P3B1PP/5R1K b - - 2 21,c8e6 e2d3 e5d3 e4e6 g8h8 e6f6,2112,75,89,2120,advantage long middlegame quietMove,https://lichess.org/ZggOWQqX/black#42,
T9IYb,3r3r/4k1pp/p1p1p3/2p1P1Q1/2q1P3/5N2/P5PP/5RK1 b - - 1 22,e7d7 g5g7 d7c8 f1b1 c4b5 b1b5,2144,75,91,4836,advantage endgame long quietMove,https://lichess.org/Gg8pNDvF/black#44,
T9QSJ,8/8/3R4/1Pp1k1p1/3pN3/3PbP1K/2r5/8 w - - 2 47,b5b6 e3f4 h3g4 c2h2,2125,77,87,64,crushing defensiveMove endgame quietMove short,https://lichess.org/60fm0Mf4#93,
TAIbJ,2r3qr/3b1pk1/p5p1/1p1RP1P1/5Q2/P7/1PP2P2/4R1K1 b - - 0 30,d7e6 f4f6 g7f8 d5d8 c8d8 f6d8 f8g7 d8f6 g7h7 e1e4 g8g7 e4h4 h7g8 f6d8,2128,76,88,157,crushing middlegame quietMove veryLong,https://lichess.org/F27meuZV/black#60,
TAd0X,8/8/8/4pk2/7R/P3Bq2/5P1K/8 b - - 0 45,e5e4 h4f4 f3f4 e3f4 f5f4 a3a4 f4f3 h2g1,2148,82,80,70,crushing defensiveMove endgame fork quietMove veryLong,https://lichess.org/KfUJDwB7/black#90,
TAhOJ,8/8/2p5/4k2p/p1P5/4K2P/P7/8 w - - 1 64,a2a3 h5h4 e3d3 e5f4 d3d4 f4g3 d4c5 g3h3,2191,82,91,530,crushing endgame master pawnEndgame quietMove veryLong,https://lichess.org/gf2cEwxg#127,
TAiZi,r2q2k1/ppp2ppp/3p4/3P4/2n2P2/3B3P/PPQ3P1/4R1K1 b - - 0 22,d8h4 c2e2 g7g6 d3c4,2106,76,94,5579,advantage endgame master quietMove short,https://lichess.org/5XcESlsA/black#44,
TAlif,2r4k/p1p3pp/6q1/5r2/1P6/P4P2/2R1QP1P/2R3K1 w - - 1 29,g1f1 f5g5 e2e4 g5g1 f1e2 c8e8 c1g1 e8e4 f3e4 g6g1,2116,119,81,29,crushing endgame pin quietMove veryLong,https://lichess.org/fNUbD8A8#57,
TAviK,4rk2/1BR3p1/7p/PP6/3p2bP/4p1P1/3K1P2/8 w - - 0 46,f2e3 d4e3 d2e1 e8d8 c7c1 e3e2 c1c8 g4c8,2132,78,88,81,advancedPawn advantage endgame quietMove veryLong,https://lichess.org/fNLpWRIW#91,
TB2hA,6k1/ppq2pp1/2p3p1/8/7P/1PP1r1P1/P4QPK/3R4 b - - 4 26,e3c3 f2e1 c3c5 e1e8 g8h7 d1d8 c7d8 e8d8,2133,88,68,31,advantage endgame quietMove veryLong,https://lichess.org/9guRlgfm/black#52,
TBQHF,1r1q1rk1/2pnb1pp/2Qpp3/1N6/4n3/5N2/PP3PPP/R1B2RK1 w - - 0 15,b5c7 e4c5 c7e6 c5e6,2138,75,83,123,advantage opening quietMove short,https://lichess.org/7tyNZjXn#29,Danish_Gambit Danish_Gambit_Other_variations
TBjlG,5r2/1p2k2p/pp2p3/4P3/P2N1P2/1PP5/3K2RP/4r3 b - - 6 34,e1e4 g2g7 f8f7 g7f7 e7f7 d4e2 f7g6 d2d3 e4e5 f4e5,2161,80,92,2034,crushing endgame master quietMove trappedPiece veryLong,https://lichess.org/R3XV4R6M/black#68,
TBpYA,8/8/2p2rkp/4Rp2/pR2pP2/P5PP/2Pr4/7K w - - 3 38,b4a4 f6d6 g3g4 d2e2 e5e6 d6e6,2156,123,82,14,crushing endgame long quietMove rookEndgame,https://lichess.org/e5JbGmLk#75,
TC3PA,8/1pq3pk/2p1Q2p/p3P2N/2NP4/PPbRn2P/5r1K/8 w - - 0 41,h2g3 c3e1 d3e3 f2f6 e3e1 f6e6,2169,84,83,48,advantage discoveredAttack long middlegame pin quietMove sacrifice,https://lichess.org/UUWBUJKP#81,
TC8DN,B6k/p3nr2/1pp5/4P3/3Pb3/2P2NP1/P2RnPK1/R7 w - - 4 31,d2e2 e4f3 g2f1 f7h7 f1e1 h7h1 e1d2 h1a1,2153,75,95,957,advantage fork middlegame quietMove skewer veryLong,https://lichess.org/dV8E6zqd#61,
TCF8b,5kn1/1pp4q/3p4/3P1p2/P1P1pP2/2B1Qb2/1P3K1P/R7 w - - 2 38,e3e1 h7h2 f2e3 g8h6 c3g7 f8g7,2135,138,42,8,crushing endgame long quietMove,https://lichess.org/xraDVvD8#75,
TCV6P,6k1/2pK2B1/5PP1/pp6/8/1P6/4r3/8 b - - 4 47,a5a4 g7h6 e2f2 f6f7 f2f7 g6f7 g8f7 b3b4,2134,78,82,48,advancedPawn crushing defensiveMove endgame exposedKing quietMove veryLong,https://lichess.org/HKFcPXrN/black#94,
TChxl,4rrk1/pppb1qp1/2np2P1/3Pp3/2Q4R/P3P3/1PP2P2/2KR4 b - - 0 22,f7f2 d1h1 f2e3 c1b1 e3e1 h1e1,2127,83,66,39,crushing long middlegame quietMove,https://lichess.org/hj7ySqU1/black#44,
TCivL,8/1p6/p7/8/8/2k5/4K3/2N5 w - - 4 58,e2d1 a6a5 c1e2 c3b2 d1d2 a5a4,2169,83,90,775,crushing defensiveMove endgame knightEndgame long quietMove,https://lichess.org/bIM0JwO2#115,
TCppc,2k1q3/1p1b1p1r/2pQ2p1/8/4P1p1/2N1b1N1/PPP2RPP/R6K w - - 1 24,f2e2 h7h2 h1h2 e8h8 g3h5 h8h5 h2g3 g6g5 d6f8 c8c7,2167,77,90,454,attraction crushing kingsideAttack middlegame quietMove sacrifice veryLong,https://lichess.org/NTIQeRN9#47,
TCw9E,8/p7/1k2r3/6P1/1pP5/1P3K2/P3B3/8 b - - 2 50,e6e5 g5g6 b6c7 e2d3 c7d6 f3f4,2110,76,83,118,crushing endgame long quietMove,https://lichess.org/MX4i6fvb/black#100,
TDDfF,8/8/6p1/3k3p/2p5/2K2PP1/7P/8 w - - 1 45,g3g4 h5g4 f3g4 g6g5 h2h3 d5c5,2179,75,89,566,crushing defensiveMove endgame long pawnEndgame quietMove,https://lichess.org/iGQBi23O#89,
TDIhm,k1r4b/1b2R3/pQ3p2/1p6/2p3P1/3q1P1P/PP1B4/6K1 b - - 3 37,d3d5 d2e3 d5d1 g1h2,2193,79,62,42,crushing defensiveMove middlegame quietMove short,https://lichess.org/8pmfKkvx/black#74,
TDUrT,r5k1/6p1/p6p/1p1R1B2/2p5/P4qB1/1P2rP1P/2Q3K1 w - - 1 29,c1d1 a8e8 d5d8 f3f5 d1e2 e8d8,2118,117,83,15,advantage long middlegame quietMove,https://lichess.org/MDZYkEhV#57,
TDu9p,r4r2/1bpq1pnk/pb1p1B2/1p2PnQ1/3P2P1/1BN5/PP3P1P/R4RK1 w - - 1 21,g4f5 f8g8 e5e6 g7e6 f5e6 g8g5,2109,122,82,10,crushing long middlegame pin quietMove,https://lichess.org/q2WNXKHZ#41,
TF6Ry,r7/4k3/1pq1b1pb/3pBp2/p2P1P1N/1Q4P1/P6P/5RK1 w - - 0 33,h4g6 e7f7 b3b1 f7g6 f1c1 c6e8 b1b6 a8c8 c1c8 e8c8,2121,113,12,24,advantage defensiveMove middlegame quietMove veryLong,https://lichess.org/dfwwal6d#65,
TF6k8,1q6/6Qp/4p3/8/2k5/7P/6PK/8 w - - 1 52,g7g3 b8g3 h2g3 e6e5 g3f2 c4d3,2131,98,83,44,crushing defensiveMove endgame long queenEndgame quietMove,https://lichess.org/shR7cm6M#103,
TFIJR,8/5p2/3k2p1/6Kp/5P2/6PP/8/8 b - - 1 43,d6e6 h3h4 f7f6 g5g6,2157,113,47,24,crushing endgame pawnEndgame quietMove short zugzwang,https://lichess.org/At5Pwlxu/black#86,
TFPtS,6kr/2q2p2/2p2p2/1p2pN2/1b2P3/2n5/P3BPPP/2Q1R1K1 b - - 8 27,c3a2 c1e3 b4e1 e3g3 g8f8 g3g7 f8e8 g7h8,2196,77,90,1223,crushing fork middlegame quietMove sacrifice veryLong,https://lichess.org/VoT7tDbu/black#54,
TFk3d,6k1/5p2/4p2Q/p3P3/5PPK/1q6/8/8 w - - 0 46,h4g5 b3d3 h6f6 d3g6 f6g6 f7g6 g5g6 a5a4 g6f6 a4a3,2178,81,85,136,crushing endgame queenEndgame quietMove veryLong,https://lichess.org/c6yP55JC#91,
TFs7S,5k2/1q5p/p1n3r1/1p3p2/P1p2Q2/2P4P/5P2/1R2R1K1 w - - 2 35,g1h2 c6d4 e1e4 b7e4 f4e4 f5e4,2166,102,55,27,crushing endgame long quietMove,https://lichess.org/PHplTNMY#69,
TG0Lv,6r1/2P5/p2P3p/Pp6/1P5P/8/7K/5k2 b - - 0 52,f1f2 h4h5 g8g2 h2h3,2174,79,91,5690,crushing endgame quietMove rookEndgame short,https://lichess.org/VAhT9lil/black#104,
TGMKl,8/7p/p3k1p1/4p3/2P1K1P1/6P1/P7/8 b - - 0 34,a6a5 c4c5 g6g5 a2a3 a5a4 c5c6 e6d6 c6c7 d6c7 e4e5,2152,133,24,15,advancedPawn crushing deflection endgame master pawnEndgame quietMove veryLong zugzwang,https://lichess.org/5TGaqOrS/black#68,
TGgCh,8/5R2/3p1p2/4k1p1/8/5RP1/5PK1/r2r4 w - - 8 42,f3f6 g5g4 f2f4 e5d5,2112,75,94,608,crushing defensiveMove endgame master quietMove rookEndgame short,https://lichess.org/6mG0I1tw#83,
TGyPh,1r2r1k1/1pp2pp1/1B2p2p/1P6/2Q3nq/3P4/4PPB1/R4RK1 w - - 1 25,b6c7 e6e5 c7e5 e8e5,2102,83,68,72,advantage middlegame quietMove short,https://lichess.org/YQtQRBFm#49,
TGzvG,2b1r1k1/R6p/3p2p1/2p5/4P3/P3Nr2/2PR3P/6K1 w - - 0 27,e3d5 c8h3 d2f2 e8f8 d5e7 g8h8 e7f5 f3f2,2192,76,52,124,crushing defensiveMove endgame quietMove veryLong,https://lichess.org/pLX8plVf#53,
TH57X,8/8/1K4p1/p2k1p1p/P4P1P/1P6/8/8 w - - 0 46,b6a5 g6g5 h4g5 h5h4 g5g6 d5e6 g6g7 e6f7 b3b4 h4h3 b4b5 h3h2 b5b6 h2h1q,2124,75,94,3488,advancedPawn crushing endgame pawnEndgame promotion quietMove veryLong,https://lichess.org/1CpxlxQ7#91,
THDcR,2r2r1k/6pp/p1n5/1p1N1b2/8/2P5/PP1Q2PP/2KR4 w - - 0 24,a2a3 c6a5 b2b4 a5b3 c1b2 b3d2,2115,76,92,2122,advantage fork long middlegame quietMove,https://lichess.org/abD9Oyie#47,
THDoh,r2q1r1k/1pp5/p2p1nQ1/3PpR2/4P3/3P2P1/PP4KP/R7 b - - 2 24,d8e7 a1f1 e7h7 f5f6 h7g6 f6g6 f8f1 g2f1,2101,76,85,184,advantage middlegame quietMove veryLong,https://lichess.org/dD5XmcLD/black#48,
TIAI6,8/7p/4p1pk/8/3P2K1/P3R1Q1/q4r1P/8 b - - 0 39,f2h2 g3h2 a2h2 e3h3 h2h3 g4h3 h6g5 a3a4 g5f4 a4a5,2185,78,94,3735,clearance crushing defensiveMove endgame fork quietMove sacrifice veryLong,https://lichess.org/ZDQIP0nV/black#78,
TIBv6,8/7p/8/5k2/4p2P/6K1/5P2/8 w - - 0 36,f2f3 e4e3 h4h5 h7h6 f3f4 f5e4 f4f5 e4d3 f5f6 e3e2 g3f2 d3d2,2178,77,95,67,advancedPawn crushing defensiveMove endgame pawnEndgame quietMove veryLong,https://lichess.org/0SFFo8LD#71,
TIVWV,4b3/2k5/1R1b1P2/1p1p4/2pPp3/P1P1P3/1P1K4/8 w - - 1 70,f6f7 e8c6 b6b5 c6b5,2134,79,84,108,crushing endgame master quietMove short,https://lichess.org/R6AUvWT5#139,
TIsCz,1R4k1/8/4P3/p2p3q/3Pr1p1/P6p/3Q2P1/6K1 b - - 1 36,g8g7 d2f2 h3h2 g1h1,2178,76,91,1295,crushing endgame quietMove short,https://lichess.org/uVHbbdkw/black#72,
TJ7QQ,8/6b1/8/4N3/1k3P2/1p4K1/n3B3/8 w - - 2 50,e5c6 b4c3 e2g4 a2c1 g4f5 c1d3 f5e6 b3b2 e6a2 c3c2,2175,124,40,11,advancedPawn crushing defensiveMove endgame quietMove veryLong,https://lichess.org/6tz61dAt#99,
TJOr6,r2q1rk1/ppp2p2/5Bbp/4p3/2B5/5Q2/PPP2PPP/R5K1 b - - 0 17,e5e4 f3c3 g8h7 f6d8,2150,85,82,49,crushing middlegame quietMove short,https://lichess.org/yzbkVJxk/black#34,Bishops_Opening Bishops_Opening_Urusov_Gambit
TJQj2,r2q1nr1/1p1bk3/2n4p/p2p1p1B/Q3p3/PNP2P2/6PP/R1B1R1K1 w - - 2 23,c1h6 c6b4 a3b4 d7a4,2190,78,83,176,advantage discoveredAttack middlegame quietMove short trappedPiece,https://lichess.org/nBWpKP0h#45,
TJuuL,r5k1/1p5p/3q4/3P1p2/2P1pN2/1PQ1P2P/1K4P1/8 w - - 4 34,c4c5 d6a6 b2c2 a6f1,2167,74,73,84,advantage endgame master masterVsMaster quietMove short,https://lichess.org/Koeayp8I#67,
TKhau,8/8/2k5/7p/3KPpp1/8/6PP/8 w - - 2 39,e4e5 h5h4 d4e4 f4f3,2175,74,83,117,crushing endgame master pawnEndgame quietMove short,https://lichess.org/uTZQ64uZ#77,
TKjLS,8/P6R/8/5pk1/7p/5PpK/6P1/r7 w - - 4 50,h7h4 f5f4 h4g4 g5f5 g4g5 f5g5 a7a8q a1h1,2179,77,93,210,defensiveMove endgame mate mateIn4 quietMove rookEndgame veryLong,https://lichess.org/k07WIuPo#99,
TLjkm,r3r1k1/7p/2pB2pP/1pPp1pQ1/p7/5R2/P1q3PK/8 b - - 3 35,e8e2 g5f6 c2b2 f3c3 b2c3 f6c3,2159,76,88,178,crushing endgame long quietMove,https://lichess.org/BVqveVJE/black#70,
TLtBo,8/8/2b3p1/pkp5/8/8/2PR1KP1/8 w - - 0 42,f2g3 a5a4 g3f4 a4a3 d2d1 a3a2 d1a1 c6d5,2168,81,90,418,advancedPawn crushing endgame quietMove veryLong,https://lichess.org/WNZtYYho#83,
TLuGF,r1br4/pp4qk/2p3p1/4p1Q1/2BN4/2P5/PP4PP/R6K b - - 3 23,d8e8 a1f1 e8f8 g5h4,2141,74,93,3905,crushing master middlegame quietMove short,https://lichess.org/xQeIc7EL/black#46,
TM3OU,8/8/1p2p3/p3k1pp/4P3/P3K1PP/1P6/8 w - - 0 37,h3h4 g5h4 g3h4 a5a4 e3d3 e5f4,2101,78,91,2893,crushing endgame long pawnEndgame quietMove zugzwang,https://lichess.org/LLVdlW2G#73,
TM5Cg,7r/p4qk1/4pn2/2Pp4/BP2pPp1/2P1P1Pr/PQ4R1/R1B3K1 w - - 5 30,a4b3 f7h5 g1f2 h3h2 f2e1 h2h1,2130,160,79,15,crushing long middlegame quietMove,https://lichess.org/70ZWMm9f#59,
TMAGU,5r1k/1R3p1p/2NP1np1/4p3/8/3p3P/5PP1/6K1 w - - 0 32,c6e5 d3d2 b7b1 f8c8 e5d3 c8c3,2164,83,86,36,advancedPawn crushing endgame long quietMove,https://lichess.org/pQd40cR0#63,
TMfoT,1b3rk1/p5pp/1p1q4/4n1BN/3p1pP1/1P1P3P/P1r2P2/R2QR1K1 b - - 4 32,f4f3 d1c2 e5d3 h5g3 d6g3 f2g3,2133,75,81,172,crushing long middlegame quietMove,https://lichess.org/bFNvKbVI/black#64,
TMvc3,8/8/2K1k3/6p1/2N2p2/8/8/8 w - - 0 61,c4d2 g5g4 c6c5 e6e5 c5c4 f4f3 c4c3 e5f4 c3d3 g4g3 d2e4 g3g2,2194,76,91,1827,advancedPawn crushing endgame knightEndgame quietMove veryLong,https://lichess.org/ONmtqLmr#121,
TN09n,8/8/3k2p1/3Ppp2/4P1P1/K7/8/8 w - - 0 43,g4f5 g6g5 a3b4 g5g4 f5f6 g4g3 f6f7 d6e7 d5d6 e7f7 d6d7 f7e7 d7d8r e7d8,2186,76,92,2706,crushing endgame pawnEndgame quietMove veryLong,https://lichess.org/qUdlAAfG#85,
TN3h0,4r1k1/pp3p1p/6p1/1Npp3P/5P2/P5R1/1P2rK2/6R1 w - - 1 32,f2f3 f7f5 g3g6 h7g6,2139,76,86,537,crushing endgame quietMove short,https://lichess.org/lI135fBO#63,
TNLUz,4Q3/p4pkp/5pr1/2q5/2P5/1P5r/P4PPP/R4RK1 w - - 4 31,e8d7 c5h5 d7d6 h5f3 d6g3 h3g3,2182,87,69,63,advantage endgame long pin quietMove,https://lichess.org/k8h8E8A6#61,
TNNpe,1k5r/1pq2p2/p1pp1Qpr/4p3/P1P1P3/1PNP3p/5P2/R5RK w - - 2 26,f6g7 c7e7 g1g6 h6h7 g7h8 h7h8,2158,75,91,776,crushing long middlegame quietMove,https://lichess.org/JxfWUHQg#51,
TNqbc,5rk1/p2b1rpp/1p2p1n1/3pP2Q/3B1PP1/q1P2R2/2B4P/1R4K1 b - - 0 30,a3a2 f3h3 h7h6 h5g6,2158,80,86,52,crushing middlegame quietMove short,https://lichess.org/S4W2bRw1/black#60,
TOBSN,8/8/3p3k/pKp3pP/1PP2bB1/P7/8/8 b - - 0 76,a5b4 a3a4 b4b3 a4a5 b3b2 g4f5 g5g4 a5a6 g4g3 a6a7 g3g2 a7a8q,2199,84,91,3487,advancedPawn bishopEndgame crushing endgame promotion quietMove veryLong,https://lichess.org/dcnmywT7/black#152,
TOVC6,3r2k1/ppp2rp1/4Qpp1/2qP4/3R4/P5P1/7P/3R3K b - - 4 28,g8f8 d4h4 f8g8 e6h3 f7e7 h4h8 g8f7 h8d8,2167,76,94,1634,advantage endgame quietMove skewer veryLong,https://lichess.org/dYLXzd86/black#56,
TOoCP,3R4/N3rppk/1Q5p/4q3/1P6/7P/P4Pb1/6K1 w - - 2 32,a7c6 e5g5 d8h8 h7h8,2139,76,94,949,advantage endgame quietMove short,https://lichess.org/gunFWBac#63,
TOqFq,8/p1p5/8/2K5/8/1P1k4/P7/8 b - - 6 56,d3c3 b3b4 c3b2 a2a4 b2a3 a4a5,2173,74,70,116,crushing defensiveMove endgame long pawnEndgame quietMove,https://lichess.org/EFvZ9XJt/black#112,
TOzlN,1B6/2pk4/3b4/3Pp2p/4Pp2/5PpP/6P1/6K1 w - - 3 42,g1f1 d6c5 f1e2 d7c8 b8c7 c8c7,2113,79,92,165,bishopEndgame crushing endgame long quietMove trappedPiece,https://lichess.org/gceBdSGH#83,
TPEgk,5r1r/1ppnq2k/p2p2pP/3PpP2/1P6/5R2/P1PQ4/2KN3R b - - 0 23,g6f5 f3g3 h8g8 g3g7 g8g7 h6g7,2112,79,88,709,advancedPawn crushing discoveredAttack exposedKing fork long middlegame quietMove,https://lichess.org/PIIUNWUu/black#46,
TPaxj,8/8/6RP/6p1/7r/4p1K1/8/4k3 w - - 2 54,g6g5 h4h6 g5a5 h6d6 g3f3 e3e2 a5a1 d6d1,2188,77,92,5402,advancedPawn crushing endgame quietMove rookEndgame veryLong,https://lichess.org/blKtRZfh#107,
TPk6E,8/1p6/p3p3/4P3/3K4/1P5k/P7/8 b - - 0 46,h3g4 d4c5 g4f5 c5d6 a6a5 a2a3 b7b5 b3b4,2195,75,91,1542,crushing endgame pawnEndgame quietMove veryLong zugzwang,https://lichess.org/D6ihykK7/black#92,
TPnTs,8/4k3/p5P1/8/8/6K1/8/8 w - - 1 54,g3g4 a6a5 g4g5 e7f8 g5h6 f8g8,2130,76,98,377,crushing defensiveMove endgame long pawnEndgame quietMove,https://lichess.org/OfsP6HCm#107,
TPodw,8/5p2/3kpNpn/6K1/6P1/5P2/8/8 b - - 4 60,d6e7 f3f4 h6g4 f6g4,2181,75,94,2632,crushing endgame knightEndgame quietMove short trappedPiece zugzwang,https://lichess.org/68Tzs1HA/black#120,
TQ21v,8/8/p7/2Kp4/2bPk1pP/Pp4P1/1P1B4/8 w - - 16 50,d2f4 e4d3 h4h5 d3c2 h5h6 c4d3 c5d5 c2b2,2106,79,86,49,bishopEndgame clearance crushing endgame quietMove veryLong,https://lichess.org/1g9fulpC#99,
TQO40,8/5p2/p4pk1/1p6/5KP1/1P3P2/P7/8 b - - 0 39,a6a5 a2a3 b5b4 a3a4 f6f5 g4f5,2173,77,85,60,crushing endgame long pawnEndgame quietMove zugzwang,https://lichess.org/yUwg1rAm/black#78,
TQRLO,8/8/8/3k2pp/3P1p2/3K2PP/8/8 w - - 0 39,g3g4 h5h4 d3c3 d5e4 c3d2 e4d4,2148,74,84,147,crushing endgame long pawnEndgame quietMove zugzwang,https://lichess.org/mV3FOm25#77,
TQY1X,r4rk1/p2b1p1p/1p1p2p1/3P2q1/2PQ1NP1/7P/P4R2/6RK b - - 4 22,a8e8 f4h5 f7f6 h5f6,2116,76,92,3452,crushing kingsideAttack master middlegame quietMove short,https://lichess.org/FCpvbray/black#44,
TRDKN,3r3r/ppk1Q1pp/4B3/4P3/3q1P2/1P1p4/P4PKP/6R1 b - - 0 28,c7b6 g1c1 a7a6 c1c4,2189,77,91,1180,crushing endgame quietMove short,https://lichess.org/bMMkGRqy/black#56,
TRFiZ,8/5p2/2K2k2/3B1Pp1/P2P2P1/3b3p/8/8 w - - 0 45,d5h1 d3f1 c6c7 f1g2 d4d5 g2h1 d5d6 h1c6 c7c6 h3h2 d6d7 h2h1q,2167,76,90,367,advancedPawn bishopEndgame crushing endgame promotion quietMove veryLong,https://lichess.org/Uj1fIkQR#89,
TRH4z,r1b3rk/pp3Q1p/3p3P/4q3/4P3/8/PPP1N3/R3KB2 b Q - 0 21,e5b2 c2c3 b2a1 e1f2 a1f1 f2f1 c8h3 f1e1,2179,80,76,42,advantage defensiveMove middlegame quietMove sacrifice veryLong,https://lichess.org/dVOOmX1Z/black#42,
TRUCO,4r3/2R4p/1p3Rp1/1P3p2/1kP5/3r1P1P/6K1/8 w - - 6 37,f6b6 f5f4 b6a6 e8e2,2150,443,25,1,crushing endgame quietMove rookEndgame short,https://lichess.org/hWpUp6oL#73,
TRywQ,1r6/2pkbp1p/5prB/8/5PbR/1N1P4/PPP4P/2K1R3 w - - 5 27,e1g1 f6f5 h6g5 g6g5,2134,74,93,8299,advantage middlegame quietMove short,https://lichess.org/b5v8EqKW#53,
TRzUC,r1b2rk1/1p1p1pp1/pq2p1n1/6pQ/4P3/2P4R/PB3PPP/2R3K1 b - - 3 18,f8d8 b2a3 d7d6 e4e5 g5g4 h5h7,2136,160,82,10,advantage long middlegame quietMove,https://lichess.org/iOFMz7kJ/black#36,Sicilian_Defense Sicilian_Defense_Smith-Morra_Gambit_Accepted
TS1KE,8/p1p2k2/N1p2p2/4pK2/2P1P3/P7/7r/2R5 w - - 0 34,a6c7 h2g2 c7e6 g2f2 f5g4 f7e6,2177,83,91,279,crushing deflection endgame long quietMove,https://lichess.org/qsFhVCNv#67,
TSIuo,8/4k3/3p1p2/1p3Kpp/1P1P4/2P5/5PP1/8 w - - 0 35,g2g3 d6d5 f5g6 h5h4 g3h4 g5h4,2153,80,91,428,crushing endgame long pawnEndgame quietMove,https://lichess.org/VqZYFplE#69,
TT4Ph,2b3k1/2P2ppp/4p3/8/5B2/3p3P/r4PP1/3R2K1 b - - 1 31,a2a3 d1b1 g7g5 b1b8 g5f4 b8c8,2126,76,91,1321,advantage endgame long pin quietMove,https://lichess.org/TFi78wzF/black#62,
TTLus,r1b2rk1/pp4pp/1q6/3p4/1P4n1/P1BB4/4NPPK/R2Q1R2 w - - 1 19,h2g1 b6h6 c3e5 g4e5,2128,77,93,3014,advantage opening quietMove short,https://lichess.org/UcD0VDad#37,French_Defense French_Defense_Tarrasch_Variation
TTX8o,r3r1k1/5pp1/p2Q4/1p5p/3P4/2PbBPPq/PP5P/RN3RK1 w - - 1 23,f1f2 e8e3 b1d2 a8e8 d2e4 d3e4 f3e4 e8e4 a1f1 e3e2 d6b8 g8h7,2164,121,73,25,crushing defensiveMove hangingPiece middlegame quietMove veryLong,https://lichess.org/7cOz2xBT#45,
TTYZC,r4rk1/1b3ppp/pn1Pp3/1pN2q2/2p5/6R1/PPBQ1P1P/5RK1 b - - 7 24,f5c5 d2h6 g7g6 g3h3 c5g5 h6g5,2141,76,98,99,crushing long middlegame pin quietMove,https://lichess.org/7Tk92TjT/black#48,
TTruV,7k/1p2b3/pq2Br1p/6p1/4Q3/7P/PP3PP1/5RK1 w - - 2 26,f1e1 b6f2 g1h1 e7d6 e6c4 f2g3 e4e8 f6f8 e8f8 d6f8,2142,73,94,9860,crushing endgame quietMove veryLong,https://lichess.org/7123fq88#51,
TTsKp,8/8/3k2pp/n1Np4/5KP1/2P4P/8/8 w - - 0 45,h3h4 d6c5 g4g5 h6h5 f4e5 c5c4 e5f6 c4c3,2175,87,91,692,crushing endgame hangingPiece knightEndgame quietMove veryLong,https://lichess.org/XKfsn8xX#89,
TUBf7,4Q3/ppq2ppk/2p4p/2Nn1b2/3P2P1/1B3P2/PP5P/6K1 b - - 0 29,f5g6 c5d7 d5f6 d7f8 h7g8 e8a8 c7e7 f8g6,2161,78,80,61,crushing discoveredAttack endgame pin quietMove veryLong,https://lichess.org/zuGGopzN/black#58,
TUUZR,8/2p5/pp1k2pp/1P6/2KP1P2/5B2/8/8 b - - 1 50,a6b5 c4b5 c7c5 d4d5 g6g5 f4f5,2109,79,91,2225,bishopEndgame crushing defensiveMove endgame long master quietMove,https://lichess.org/DyNHdoo4/black#100,
TUjUl,r4rk1/1bp2p1p/p5p1/q2PQ3/7R/7P/5PP1/2NR2K1 b - - 1 29,a8d8 h4h7 g8h7 d1d4 h7g8 d4h4 f7f6 e5e7 d8d7 e7d7,2188,106,81,74,advantage middlegame quietMove sacrifice veryLong,https://lichess.org/PrIw4JRS/black#58,
TVU1G,rq3rk1/pp4p1/4b2p/1P1pR2Q/8/P5P1/3N1P1P/2R3K1 b - - 0 24,b8e8 h5e2 f8f6 c1e1,2107,85,78,46,advantage defensiveMove middlegame quietMove short,https://lichess.org/snuBRBKd/black#48,
TWVxo,8/3k4/3P4/1KP5/1P6/P7/8/6r1 b - - 0 46,g1c1 a3a4 c1g1 a4a5 g1g8 a5a6,2174,78,91,379,crushing endgame long quietMove rookEndgame,https://lichess.org/dayWB77u/black#92,
TWfFA,8/4p2p/p7/Kp1k1p2/8/P4P2/1P4PP/8 w - - 2 43,a5a6 e7e5 a6b5 e5e4 b5b4 d5d4 b4b3 d4d3,2159,78,91,1348,crushing defensiveMove endgame pawnEndgame quietMove veryLong,https://lichess.org/CO8CGhmz#85,
TXDhO,b7/6p1/PK4p1/7p/5P1P/6P1/3k1N2/8 w - - 1 57,b6a7 a8g2 a7b6 d2e2 g3g4 e2f2,2191,77,92,967,crushing endgame long quietMove trappedPiece,https://lichess.org/WSicQNYY#113,
TXFQj,r5k1/1pp2ppp/2npr3/p3n3/2PPN3/1P5q/PB2BP2/R2Q1RK1 w - - 1 16,d4e5 e6h6 e2h5 h6h5 d1h5 h3h5,2129,75,92,1866,advantage long middlegame quietMove,https://lichess.org/wOUEAG17#31,Indian_Defense Indian_Defense_Budapest_Defense
TYKbF,1q4rk/p5pp/1b6/2pQ1N2/3p4/7P/P5P1/5R1K b - - 6 32,b8d8 f5d6 g8f8 d6f7,2147,78,82,47,advantage endgame quietMove short,https://lichess.org/QWTw8GFX/black#64,
TYTPJ,8/2kbp3/8/R3PN1p/5P2/P3Pr2/7P/6K1 w - - 5 49,f5e7 d7h3 a5c5 c7d7 c5c1 d7e7,2115,209,100,10,defensiveMove endgame equality long quietMove,https://lichess.org/efr6mNfs#97,
TZCPl,2r5/2P2k2/3p3p/1p1P1KpP/6P1/1PR5/8/8 w - - 2 56,b3b4 c8e8 c3e3 e8e3 c7c8q e3e5,2161,78,91,653,endgame long mate mateIn3 quietMove rookEndgame,https://lichess.org/CtThOjbn#111,
TZFtU,2r5/8/7p/8/5kP1/3p1PN1/2p5/2R1K3 w - - 2 48,g3f1 c8b8 e1d2 b8b1 d2d3 b1c1,2174,102,81,40,crushing endgame long quietMove,https://lichess.org/JA6bSKI9#95,
Ta7d1,k7/5p2/P3p1p1/1K1pP1Pp/5P2/7P/8/8 w - - 1 42,b5c5 a8a7 c5b5 h5h4 b5a5 d5d4,2176,76,95,2392,crushing defensiveMove endgame long pawnEndgame quietMove zugzwang,https://lichess.org/1AB2Qez8#83,
TaDa9,8/5pp1/1pp5/2k1P2p/P4P1P/3K2P1/8/8 b - - 3 33,c5b4 f4f5 b4c5 d3e4,2122,75,88,633,crushing defensiveMove endgame pawnEndgame quietMove short,https://lichess.org/u6Oo7ouK/black#66,
TaOQS,4Q2k/1bq2p2/4pp2/3p4/3P1P2/4rN1P/4N1P1/6K1 b - - 1 33,h8g7 e2g3 c7c8 g3h5,2113,76,91,146,crushing endgame quietMove short,https://lichess.org/fRKYlozL/black#66,
TafBo,3r2k1/5pp1/p2P2q1/1p4Qp/2p1b3/5N2/PP3PPP/4R1K1 b - - 5 27,e4f3 g5d8 g8h7 g2g3 g6f5 d8h4 g7g5 g3g4,2128,80,86,60,advantage endgame hangingPiece pin quietMove veryLong,https://lichess.org/LmImFE8S/black#54,
TalJ2,8/2p5/8/p7/3kNp1P/2R2P2/2p3r1/4K3 w - - 6 55,e1f1 g2d2 c3c7 d2d1 f1e2 c2c1q,2188,75,80,128,advancedPawn crushing endgame exposedKing long promotion quietMove,https://lichess.org/6Btn8loq#109,
TbFiN,8/7p/8/ppBk4/4p3/4Kp1P/P7/8 w - - 2 51,c5e7 b5b4 e7d8 a5a4,2142,77,89,1091,bishopEndgame crushing defensiveMove endgame quietMove short,https://lichess.org/ylXhGqxX#101,
TbI3e,8/p7/8/1p3k1p/3P1p2/PPp2K1P/2P5/8 b - - 3 42,a7a5 h3h4 a5a4 b3b4,2190,76,75,171,crushing defensiveMove endgame pawnEndgame quietMove short zugzwang,https://lichess.org/YHITmY2g/black#84,
TbUQl,1k6/1p3ppr/p3q1b1/5p2/1b6/3Q1P1P/PP3NB1/2R3K1 b - - 0 27,f5f4 d3d8 b8a7 c1c8 e6c8 d8c8,2182,76,95,529,advantage long middlegame queensideAttack quietMove,https://lichess.org/AXC3gEyJ/black#54,
TbXFA,r4rk1/3q1p1p/4nPpQ/pp2p3/3pP3/P7/1PP1N1PP/1R3RK1 b - - 2 21,f8d8 f1f3 d7e7 f6e7,2157,76,93,9323,advancedPawn crushing middlegame quietMove short,https://lichess.org/GxZ8qwsj/black#42,
Tbytd,2k5/8/p1K1R3/8/2P5/3r4/8/8 b - - 0 41,d3d7 e6e8 d7d8 e8d8 c8d8 c6b7 a6a5 c4c5 a5a4 c5c6 a4a3 c6c7,2189,76,92,902,advancedPawn crushing endgame exposedKing quietMove rookEndgame veryLong,https://lichess.org/rotO2Fao/black#82,
Tc47R,6k1/1p6/p6p/5pr1/3Rp3/2P3pB/PP4K1/8 w - - 0 33,d4d7 f5f4 h3e6 g8h8,2191,75,93,2494,crushing endgame quietMove short,https://lichess.org/rqUfSpM6#65,
TcBjM,1r3r2/6k1/6pp/2pP2p1/1p3q2/6N1/2P2PP1/2Q1RBK1 w - - 0 33,c1d1 f4f2 g1h2 f8f4 d1a1 g7g8,2128,78,91,922,crushing defensiveMove fork long master masterVsMaster middlegame quietMove,https://lichess.org/2gEyKORq#65,
TcUSF,8/1pp2pRp/2n2P2/8/r5Pk/4N3/p1P1qP1P/B1K4R b - - 2 28,h7h5 h2h3 e2f2 e3f5 f2f5 g4f5,2122,107,100,17,advantage long middlegame quietMove,https://lichess.org/vqn2k5cw/black#56,
TcZR9,8/8/5p1p/3p1p2/4bP1P/4P1Pk/4BK2/8 w - - 4 55,e2f3 e4f3 f2f3 h6h5 f3f2 h3h2,2125,75,93,6593,bishopEndgame crushing endgame long master quietMove zugzwang,https://lichess.org/RFHnUWG9#109,
TdD2W,1r2nbk1/p2Q1p1p/4p1pP/2p1P1B1/2PpNP2/P2P2PK/7N/7q b - - 0 39,h1b1 g5d8 b8d8 d7d8,2195,150,68,32,crushing master masterVsMaster middlegame quietMove short,https://lichess.org/cu4FWIES/black#78,
TdEZ1,8/8/p1k4p/3p2p1/1P4P1/2K1P3/6P1/8 b - - 0 47,c6b5 c3b3 b5c6 b3a4 c6b6 g2g3 b6c6 a4a5 c6b7 b4b5 a6b5 a5b5 d5d4 e3d4,2169,75,80,85,crushing endgame pawnEndgame quietMove veryLong zugzwang,https://lichess.org/2qdX2ma4/black#94,
TdN6q,8/p7/6pp/1p1k4/5PPP/4K3/P7/8 w - - 0 39,g4g5 h6h5 f4f5 g6f5 g5g6 d5e6 g6g7 e6f7 g7g8q f7g8,2175,79,87,59,crushing endgame pawnEndgame quietMove veryLong,https://lichess.org/6QvFjCeX#77,
TdjII,8/4k1p1/3pN1Pp/p2P1K1P/Pp3P2/2b1R3/8/7r b - - 2 41,h1e1 e3e1 c3e1 e6d4 b4b3 d4b3,2143,78,87,49,crushing endgame long master quietMove,https://lichess.org/XkkaYMkq/black#82,
Tenyj,6k1/6p1/p1r1p1p1/3pP1P1/R6P/2P5/3K4/8 b - - 0 36,c6c4 a4c4 d5c4 d2e3 g8f8 e3d4 f8e8 d4c4 e8d7 c4c5 d7c7 c3c4 c7b7 c5d6,2136,77,92,245,crushing endgame quietMove rookEndgame veryLong zugzwang,https://lichess.org/T9kOtQK6/black#72,
TepOJ,8/p5p1/4pp2/1p1k1bPp/1Pr2P1P/P2pK3/1P1R4/2R5 w - - 2 39,c1c3 c4e4 e3f3 f5g4 f3g2 g4e2 c3d3 e2d3,2184,147,73,18,advantage endgame master quietMove veryLong,https://lichess.org/OVu5Aboq#77,
TeuI2,2R2rk1/r3pp1p/3p4/3P1p2/3q4/7P/2Q2PP1/5BK1 b - - 1 27,d4d5 c8f8 g8f8 c2b2 e7e6 b2b8 f8g7 b8a7,2171,76,93,3483,advantage endgame fork quietMove veryLong,https://lichess.org/GJH21ouP/black#54,
TfM9n,r3k1nr/pppq1ppp/8/3PN3/8/2P5/P1P3PP/R2QK2R b KQkq - 0 13,d7f5 d1e2 g8f6 e5g6 f6e4 g6h8,2118,76,92,4300,crushing discoveredAttack long middlegame pin quietMove,https://lichess.org/8WGg4rsH/black#26,Vienna_Game Vienna_Game_Vienna_Gambit
TfTvE,r1b2r2/2qp3p/k1n5/pRQ1p1p1/2Pp4/8/P1P2PPP/4R1K1 b - - 0 32,f8f6 e1b1 a8b8 b5b8 c7b8 b1b8,2173,76,100,199,advantage long middlegame quietMove,https://lichess.org/7MHEtAla/black#64,
TfZ72,8/8/2p5/5PK1/7P/k7/4n3/8 b - - 0 52,e2g3 h4h5 c6c5 h5h6 g3e4 g5g6 c5c4 h6h7,2162,76,95,6723,advancedPawn crushing defensiveMove endgame knightEndgame quietMove veryLong,https://lichess.org/fRhvOI8I/black#104,
Tfktf,8/8/5k2/4p1pp/4K3/7P/5PP1/8 b - - 3 40,f6e6 g2g4 h5h4 f2f3 e6f6 e4d5,2191,76,83,77,crushing endgame long pawnEndgame quietMove zugzwang,https://lichess.org/ckY8eFUA/black#80,
Tfv68,8/5p2/8/2ppn3/3p3R/2k2P2/2P1K1P1/8 w - - 1 36,e2d1 e5c4 d1c1 c4e3 h4h3 e3c2,2183,77,86,100,crushing endgame long quietMove,https://lichess.org/QJly8whz#71,
Tg4J9,3k4/8/p1P3p1/PpK2p1p/5P1P/6P1/8/8 w - - 3 46,c5b6 d8c8 b6c5 c8c7 c5d5 b5b4 d5c4 c7c6,2105,75,88,145,crushing endgame pawnEndgame quietMove veryLong zugzwang,https://lichess.org/ssVRSuD9#91,
TgI7M,2q3k1/p4bb1/5p2/4p3/QB1pP2p/2PP4/PP3P1P/6RK w - - 1 30,c3d4 f7h5 g1g7 g8g7,2191,85,14,51,crushing endgame quietMove short,https://lichess.org/5xXLacjA#59,
TgpQv,5k2/3n4/3P2p1/2P2r2/1P6/4R3/4K3/8 b - - 4 68,f5e5 c5c6 e5e3 e2e3 d7e5 b4b5 e5c4 e3d4,2170,125,82,12,crushing endgame quietMove veryLong,https://lichess.org/7RFgxVPS/black#136,
Th3mF,6k1/p1p3pp/1p1pP3/8/1P3P2/6P1/P4K1P/8 b - - 0 35,g7g6 b4b5 g8f8 g3g4,2181,95,48,37,crushing defensiveMove endgame pawnEndgame quietMove short,https://lichess.org/NtRNWVuC/black#70,
ThAsK,8/5rpk/1R2p2p/1p1bBp1P/8/2P5/r4PP1/3R2K1 b - - 4 26,d5c4 d1d8 a2a1 g1h2 c4e2 f2f3,2179,91,73,41,advantage defensiveMove endgame long quietMove,https://lichess.org/m0sUuwpp/black#52,
ThGOt,2k4r/2r4q/p1B4b/1pQ2P2/3pP1P1/P2P3P/1PP3K1/1R2R3 w - - 1 38,c5b6 h6f4 b6a6 c8d8 e1h1 h7h4 e4e5 h4g3 g2f1 f4e3 a6a8 d8e7 f5f6 e7e6 c6d7 c7d7,2157,179,100,17,defensiveMove equality middlegame quietMove veryLong,https://lichess.org/VR40JNFY#75,
ThfVx,8/2k4p/5KP1/p6P/1p3N2/8/1Pb5/8 b - - 0 45,h7g6 h5h6 g6g5 f4g6 a5a4 h6h7,2151,88,90,561,advancedPawn crushing endgame long quietMove,https://lichess.org/ogwFMrs6/black#90,
ThlZY,1r3k2/1P5R/6p1/3Np3/4P3/P6p/1KP3r1/8 b - - 4 43,h3h2 h7h8 f8g7 h8b8 h2h1q b8c8 g2g1 d5c3 g1a1 b7b8q,2135,143,87,16,advancedPawn advantage endgame master promotion quietMove skewer veryLong,https://lichess.org/uki1ksP7/black#86,
Thwoz,1k6/1P4Rp/2p2p2/4n3/8/2P1q3/5BPP/5BK1 b - - 3 32,e3c3 f2b6 c3c2 b6c7 b8b7 c7e5,2124,80,91,3717,advantage discoveredAttack endgame exposedKing long quietMove,https://lichess.org/zTPE8v9g/black#64,
TiZSZ,3k4/R7/3p4/2pB1P2/1nP2K2/1P6/p3r3/8 w - - 0 46,f4g5 e2e1 a7a8 d8c7,2134,76,91,257,advantage defensiveMove endgame quietMove short,https://lichess.org/rGyWdE98#91,
TjBfH,3R4/8/4p1p1/8/1pkB1PK1/3r2P1/8/8 w - - 8 49,d4f6 d3d8 f6d8 e6e5 d8c7 e5e4 c7d6 b4b3,2170,78,91,493,crushing endgame quietMove veryLong,https://lichess.org/2a7BudPP#97,
TjGGa,2Rbk3/8/2p1P2K/4P2P/6P1/8/8/4r3 b - - 2 45,e1e5 g4g5 e5e6 g5g6,2119,78,81,55,crushing defensiveMove endgame master quietMove short,https://lichess.org/Ut6sPpok/black#90,
TjThQ,r2r2k1/ppp2ppp/8/5q2/1b1nn3/1PN1P2P/PBP2PP1/3RQRK1 w - - 0 18,e3d4 d8e8 e1e3 e4c3,2106,75,91,1214,advantage middlegame quietMove short,https://lichess.org/1umjTS8U#35,Englund_Gambit Englund_Gambit_Other_variations
TjdKh,4N3/4K1pk/3P1p2/1R2n2p/8/2r5/8/8 b - - 1 55,h5h4 b5e5 f6e5 d6d7 c3d3 e8d6 h4h3 d7d8q h3h2 d8a8,2142,74,94,13790,advancedPawn crushing defensiveMove endgame promotion quietMove sacrifice veryLong,https://lichess.org/CXpW1VAa/black#110,
TjgJN,8/1r6/5RB1/k3p2P/6P1/2n5/1p3PK1/8 w - - 1 53,f6e6 e5e4 e6e5 b7b5,2138,78,84,63,crushing defensiveMove endgame master quietMove short,https://lichess.org/zHCFAFaL#105,
Tjri8,R1bqkbnr/3nrpp1/1p2N2p/2p1P3/1PPp4/3P1Q2/5PPP/1NB1KB1R b Kk - 0 12,f7e6 f3c6 e8f7 a8c8 d7e5 c6a8 d8c8 a8c8,2190,77,85,133,crushing middlegame pin quietMove veryLong,https://lichess.org/6lf0cZfF/black#24,French_Defense French_Defense_Knight_Variation
TlHdK,r3r1k1/pbb3pp/8/1p3pP1/5P1Q/N1P3KP/PP2p3/R3R3 w - - 0 23,h4h5 e8e3 g3f2 c7b6 a3b5 e3h3 f2e2 h3h5,2102,146,75,23,advantage discoveredAttack middlegame quietMove veryLong,https://lichess.org/U0rkZAZF#45,
TlUN4,4r2k/3npp2/p2p1np1/3q2B1/1p1N4/7Q/PP3PP1/1K1R4 b - - 1 26,h8g8 d1h1 f6h5 h3d7,2127,75,91,328,advantage master middlegame quietMove short,https://lichess.org/JqTNt0Se/black#52,
Tllns,2k4r/pp1r1p2/2q4p/2bNp1p1/5pP1/1Q5P/PPP5/2KRB2R w - - 3 19,e1c3 h8d8 c3a5 b7b6 c2c4 b6a5,2124,76,91,908,advantage long middlegame quietMove,https://lichess.org/SpLhSFhn#37,Kings_Gambit_Accepted Kings_Gambit_Accepted_Kings_Knights_Gambit
Tm2OE,1k1r1r2/4R1p1/Bp6/2p1R3/3p4/N5Pp/PPP3bP/6K1 w - - 1 29,e7g7 d4d3 a6d3 d8d3 e5e8 f8e8 c2d3 e8f8 g7g8 f8g8,2100,74,92,360,advantage middlegame quietMove veryLong,https://lichess.org/er0zMQfN#57,
TmV5g,1rbq1rk1/6bp/6p1/p2nP1P1/Pp1p1p2/1PpP2NP/2P3B1/R1B1QRK1 w - - 0 22,e1e4 c8b7 e4d4 f4g3,2151,77,85,162,crushing middlegame quietMove short,https://lichess.org/hQaO6sxH#43,
TmneK,8/8/7p/4p1kP/6P1/5K2/8/8 w - - 0 67,f3g3 e5e4 g3h3 g5f4 g4g5 f4g5,2142,124,68,12,crushing endgame long pawnEndgame quietMove zugzwang,https://lichess.org/YbHb1PuI#133,
ToWxg,2b1rbk1/p2n1p2/2n1p3/3pP1PQ/2pP2P1/2r1BR2/q4PB1/4R1K1 b - - 0 29,d7e5 d4e5 c6e5 f3h3 f8g7 h5h7 g8f8 e3c5,2141,103,11,27,crushing middlegame quietMove veryLong,https://lichess.org/EO9YrSrW/black#58,
Tp4CR,8/5pk1/R3p1p1/4P2p/5P2/6PK/3r3P/8 w - - 5 47,a6d6 d2d6 e5d6 g7f8 h3h4 f7f6 g3g4 h5g4 d6d7 f8e7 d7d8q e7d8,2195,81,86,65,crushing endgame quietMove rookEndgame veryLong,https://lichess.org/QhiSI2Cs#93,
TpIOy,8/6p1/2k4p/4p3/1pK1P3/1P4P1/P7/8 b - - 3 46,g7g5 g3g4 c6d6 c4b4 h6h5 g4h5 g5g4 h5h6 g4g3 h6h7 g3g2 h7h8q,2113,75,94,1579,advancedPawn crushing endgame pawnEndgame promotion quietMove veryLong,https://lichess.org/IlTDu8tD/black#92,
TpRe7,8/pp6/7p/1P5P/3K4/3P4/2k5/8 b - - 0 44,a7a5 b5a6 b7a6 d4c4 a6a5 d3d4 a5a4 c4b4 a4a3 b4a3,2128,75,94,4978,crushing enPassant endgame master pawnEndgame quietMove veryLong,https://lichess.org/3u87WDxJ/black#88,
Tpqfj,8/p1P5/8/8/6P1/P1R2pk1/r7/6K1 w - - 1 47,c3c1 a2g2 g1f1 g2h2 f1e1 f3f2,2133,112,60,28,advancedPawn crushing endgame long master quietMove rookEndgame,https://lichess.org/d6fgUqZB#93,
TqPmQ,8/1R4kp/p3r1p1/2P5/PP4P1/5K2/1n5P/8 b - - 2 40,g7h6 h2h4 g6g5 b7b6,2143,103,78,20,crushing endgame quietMove short,https://lichess.org/l0gWyxWb/black#80,
Tqg0x,8/2Bk2p1/1KnP1p1p/2P4P/8/8/8/8 w - - 4 56,b6b7 f6f5 b7a6 f5f4 c7a5 c6a5 a6a5 d7c6,2146,93,87,43,crushing endgame quietMove veryLong,https://lichess.org/VMGFl7uN#111,
TqzDG,4r1k1/1b3ppp/2N1p3/2P5/2P4P/1PQ3P1/5r2/1K6 w - - 1 32,c6e5 b7e4 b1c1 e8a8 c3d4 f2c2,2105,170,45,7,crushing endgame long quietMove,https://lichess.org/p1FTuw5g#63,
Tr9h8,1k1r1b1r/pp3Bp1/2p2n1p/8/4p3/1P5q/PBP1QP2/R3NRK1 w - - 0 21,b2f6 f8d6 e2h5 d6h2 g1h1 h3f1,2154,77,91,2643,crushing deflection kingsideAttack long middlegame quietMove,https://lichess.org/bI11f5dR#41,
TrHIm,8/6k1/7p/1b1pN1p1/1P3p2/5P2/6PP/6K1 w - - 3 37,g1f2 h6h5 e5d7 b5d7,2169,77,38,120,crushing endgame quietMove short,https://lichess.org/YuEm9dgU#73,
TrnF4,7k/pp4p1/2pb2r1/6p1/4P2P/2N2b2/PPP2P2/R2R2K1 w - - 0 25,h4g5 g6g5 g1f1 g5h5 c3e2 h5h1 e2g1 d6h2,2189,77,91,192,crushing endgame pin quietMove veryLong,https://lichess.org/Jeb6AHi0#49,
Trz7p,8/pK6/1p6/2p5/8/4k3/PPP5/8 b - - 5 50,e3d2 c2c4 b6b5 c4b5,2119,75,87,179,crushing endgame pawnEndgame quietMove short,https://lichess.org/kJOUuU12/black#100,
Ts3C1,1n2B3/1P6/3p1k2/3Pp1p1/5pPp/4KP1P/8/8 w - - 0 47,e3e4 b8a6 e4d3 a6c5 d3e2 c5b7,2132,75,96,210,crushing endgame long quietMove,https://lichess.org/p7YmKYmp#93,
Tsb6m,2R5/5bP1/8/7P/p7/1p6/k7/7K w - - 1 54,c8b8 b3b2 h5h6 f7g8 h6h7 g8h7,2140,75,100,272,advancedPawn crushing endgame long quietMove,https://lichess.org/CzU7GSbc#107,
Tsgck,8/4k3/1pK5/pPp5/P2b3p/3B3P/8/8 b - - 9 50,e7f6 d3c4 f6e5 c6b6,2122,76,91,1234,bishopEndgame crushing endgame quietMove short,https://lichess.org/4FYgwkOB/black#100,
Tt7g4,r2qk2r/p2bpp1p/5bp1/1B1Q4/8/8/PPP2PPP/RN3RK1 b kq - 0 12,f6b2 b5d7 e8f8 b1d2 b2a1 f1a1,2168,80,82,49,crushing long master middlegame quietMove,https://lichess.org/vVoiNYLQ/black#24,Sicilian_Defense Sicilian_Defense_Open
TtE7o,8/p1q2p1k/1p2pQp1/3pP1Rp/5P1P/1P6/r1r3PK/5R2 b - - 1 30,d5d4 f1f3 c2g2 g5g2 a2g2 h2g2,2163,93,65,32,advantage endgame long quietMove,https://lichess.org/VEu8wm1B/black#60,
TtLcN,8/p1K5/1p4kP/6P1/1P6/P7/8/1b6 b - - 8 50,a7a5 b4b5 a5a4 c7b6,2133,87,86,49,bishopEndgame crushing endgame quietMove short,https://lichess.org/IOGW3m9b/black#100,
TtV83,3r1r1k/1pRB3p/1Q1pPqp1/4b3/P7/6P1/1P3p1P/5R1K w - - 2 40,b6b7 d6d5 b7d5 e5c7,2143,75,94,10485,advantage discoveredAttack middlegame quietMove short,https://lichess.org/6jSd0vaU#79,
Tu0xo,6k1/p6p/5rp1/2PQp3/1P3p1P/P1N3Pq/5P2/6K1 b - - 1 39,f6f7 c3e4 f4g3 d5f7 g8f7 e4g5 f7e7 g5h3,2167,71,93,11357,attraction crushing endgame fork master masterVsMaster quietMove sacrifice veryLong,https://lichess.org/uz6BsfWb/black#78,
Tu3nI,8/4kp2/6p1/1R1NPpP1/n2r4/6K1/8/8 b - - 0 40,e7f8 b5b8 f8g7 d5f6 d4g4 f6g4,2161,77,93,9779,crushing endgame long quietMove,https://lichess.org/FLTyCPKq/black#80,
Tu6kR,8/p2k1p2/P1p1p2p/1rPp2pP/3PnPP1/3QP1K1/8/8 w - - 1 45,g3f3 b5b2 d3e4 d5e4,2176,77,96,817,advantage endgame quietMove short,https://lichess.org/Ky7eDdfV#89,
TuCyn,6rk/pQ5p/2p3q1/8/8/6PR/P1P2K1P/8 w - - 10 34,h3h4 g6c2 f2f1 g8d8 b7e7 d8d1,2167,101,87,30,crushing endgame long quietMove,https://lichess.org/Gx3MWYnb#67,
TuS5y,7k/5q2/3p1P1p/2pPpQ2/2P1N3/3P1K2/1r4r1/7R b - - 8 42,g2h2 h1g1 f7h5 f5h5 h2h5 e4d6,2165,138,85,23,crushing endgame long quietMove,https://lichess.org/ULZzqkpC/black#84,
TuaWy,8/8/5p2/2p1k3/6Pp/1P3K1P/8/8 b - - 1 54,f6f5 g4g5 f5f4 g5g6 e5f6 f3f4 f6g6 f4g4 g6f6 g4h4,2124,75,88,198,crushing endgame pawnEndgame quietMove veryLong zugzwang,https://lichess.org/nIrNNWpc/black#108,
Tuu0K,8/p1Q2kr1/4p1p1/5p2/4p3/P3q3/KPP3R1/8 b - - 0 42,f7g8 c7d8 g8f7 g2d2 e3d2 d8d2,2192,86,83,40,advantage endgame long quietMove,https://lichess.org/X9h2LHf4/black#84,
Tv8KK,2krr3/2p4p/p1n3p1/P4p2/Rpq5/2P1B3/1PQ2PPP/2R3K1 w - - 0 22,g2g3 c6e5 a4b4 e5f3,2121,128,76,12,crushing master middlegame quietMove short,https://lichess.org/8NCQrCQt#43,
Tv9rO,8/p1k5/5P1p/1p2p3/4B1K1/r7/8/8 b - - 0 45,a3a2 f6f7 a2f2 e4f3 e5e4 f7f8q,2123,76,91,1801,advancedPawn advantage endgame long promotion quietMove,https://lichess.org/dXmbFA7D/black#90,
TvdQ6,8/5k2/pp4p1/6K1/PP6/5P2/8/8 b - - 0 44,a6a5 b4b5 f7g7 f3f4 g7f7 f4f5 g6f5 g5f5 f7e7 f5e5 e7d7 e5d5,2198,76,92,2534,crushing defensiveMove endgame pawnEndgame quietMove veryLong zugzwang,https://lichess.org/3OtNLY67/black#88,
TvhFX,R7/8/8/7K/5P2/7P/pk4P1/2r5 b - - 0 59,a2a1q a8a1 c1a1 f4f5 a1a3 f5f6,2180,76,91,1230,crushing endgame long quietMove,https://lichess.org/bkr7bySV/black#118,
Tvhzi,8/1p6/p3p3/3k2P1/8/2P1K1Pp/PP6/8 w - - 0 36,e3f2 e6e5 g5g6 d5e6,2101,76,95,619,crushing defensiveMove endgame master masterVsMaster pawnEndgame quietMove short,https://lichess.org/mhqzXEMo#71,
TvjE8,r5rk/ppq2pbp/2b1pB2/3pPpQ1/7P/2P2N2/P4PP1/R4RK1 b - - 0 18,d5d4 h4h5 c7d8 f6d8,2135,76,92,1477,crushing middlegame quietMove short,https://lichess.org/gOY2yJUw/black#36,French_Defense French_Defense_Advance_Variation
Tvpef,r5k1/8/5pp1/p2Pp3/3qP1P1/2b2PN1/2Q1K3/7R w - - 3 43,g3f1 a8b8 f1e3 b8b2 c2b2 c3b2,2174,91,86,37,crushing endgame long master pin quietMove,https://lichess.org/y8mNaBPa#85,
Tw1MZ,3r4/6k1/2P3p1/pB3p2/P7/4K1P1/7P/8 b - - 0 41,g7f6 b5a6 d8e8 e3d4,2198,77,66,90,crushing defensiveMove endgame quietMove short,https://lichess.org/4xfh6X0E/black#82,
Tw5eO,r4rk1/5p2/2n2Qp1/p2q2Np/Pp5P/3p4/1PP3P1/1K2RR2 w - - 2 26,c2d3 d5d3 b1a1 c6d4 e1d1 d4b3,2128,80,80,51,crushing long middlegame queensideAttack quietMove,https://lichess.org/bbDEGVtI#51,
TwAbl,6k1/1R1R1p1p/6p1/8/2P5/1P3P1P/r3r1PK/8 w - - 3 36,d7f7 e2g2 h2h1 g2e2 f7g7 g8f8,2103,75,92,171,crushing endgame long quietMove rookEndgame,https://lichess.org/YbNSWmjU#71,
TwCNd,8/5k2/8/6p1/p7/RbK3P1/p4P1P/8 w - - 0 36,c3b2 g5g4 a3a2 b3a2,2105,77,89,355,crushing endgame quietMove short,https://lichess.org/99FDeLNE#71,
TwGBV,8/6p1/3p4/1p1P4/2p1K1k1/2P3P1/1P5P/8 w - - 1 36,h2h4 g7g6 e4e3 g4g3,2153,75,80,380,crushing endgame master pawnEndgame quietMove short,https://lichess.org/KIIKzuGb#71,
TwGHE,5B2/8/4k1b1/1B2pp2/6p1/3P3p/7K/8 w - - 0 49,f8a3 f5f4 b5c4 e6f6,2194,76,86,117,bishopEndgame crushing defensiveMove endgame quietMove short,https://lichess.org/nXeNUoAd#97,
Twdtk,8/4r1pk/8/8/4q3/P5P1/1B1Q1P1P/6K1 w - - 7 39,d2c3 e7d7 c3c1 e4f3 c1c2 g7g6,2181,107,25,40,crushing defensiveMove endgame long quietMove,https://lichess.org/eSpjVMPy#77,
TwsBQ,r3r1k1/pp2b3/3p1nQp/3q4/5P2/5P2/PP5P/R1B2R1K b - - 0 22,g8f8 f4f5 f6g8 c1h6 g8h6 g6h6,2109,77,90,1041,crushing discoveredAttack exposedKing long middlegame quietMove,https://lichess.org/jnTecMiF/black#44,
Tx1uH,8/8/p7/8/1k6/5PK1/6P1/8 w - - 1 63,f3f4 a6a5 g3f2 a5a4 f4f5 b4c5 f5f6 c5d6 f2e3 a4a3 f6f7 d6e7 e3d4 a3a2,2100,75,96,1497,advancedPawn crushing endgame pawnEndgame quietMove veryLong,https://lichess.org/zwb97HgF#125,
TxYJw,3B4/8/2p1k3/1p1pp1p1/3pP2P/1P1PbK2/2P5/8 w - - 0 36,d8g5 e3g5 h4g5 b5b4 f3g4 d5e4 d3e4 c6c5,2141,142,83,15,bishopEndgame crushing defensiveMove endgame quietMove veryLong,https://lichess.org/6aWk6Xuz#71,
Txduj,8/5p1p/3Rp3/1P4p1/P7/1nk4P/3pKP2/8 w - - 4 51,d6d2 b3d2 b5b6 d2b3 b6b7 b3d4 e2e3 d4c6,2154,96,72,17,advantage defensiveMove endgame quietMove veryLong,https://lichess.org/kiAGwFwZ#101,
TxeZm,8/3p3k/1p2p3/7p/3P2p1/P3P3/1P2K3/8 b - - 1 38,h5h4 a3a4 h7g6 b2b4,2170,76,88,5394,advantage defensiveMove endgame pawnEndgame quietMove short,https://lichess.org/LCwjPRAL/black#76,
Ty6Uk,6k1/6p1/5p1p/1KR1r2P/8/P7/8/8 b - - 7 64,e5c5 b5c5 g8f7 a3a4 f7e7 c5c6,2169,85,83,48,crushing defensiveMove endgame long quietMove,https://lichess.org/eTNWzyGh/black#128,
Ty6jE,3r2k1/pp3ppp/2p1r3/4P1q1/2P1B3/4PP2/PBQ5/1R4K1 w - - 3 24,g1f2 e6h6 f3f4 h6h2,2185,78,85,312,crushing middlegame quietMove short,https://lichess.org/lRu3gYRk#47,
TyHWw,1n2r3/R4pkp/8/2Np1B2/3P1nP1/2P2P2/4r2P/5RK1 w - - 5 27,a7b7 e2g2 g1h1 e8e2 c5e6 f4e6 b7f7 g7f7,2122,76,76,240,clearance crushing middlegame quietMove veryLong,https://lichess.org/oPa7DBHF#53,
TyQFH,8/8/1p6/8/8/2k1K3/p7/7R w - - 4 68,e3e2 b6b5 e2f3 b5b4,2120,79,86,76,crushing defensiveMove endgame quietMove rookEndgame short,https://lichess.org/O1czunEX#135,
Tya9u,8/p4p2/1p6/1P5p/Pk6/4K1PP/8/8 w - - 1 35,g3g4 h5h4 e3e4 b4a4,2199,79,92,135,crushing endgame pawnEndgame quietMove short,https://lichess.org/rHWCd7Q7#69,
TymjT,r1b1kb1r/1p1p1ppp/p1n1p1n1/2q1P3/P1B1N3/5N2/3BQPPP/R3K2R b KQkq - 3 12,c6d4 e4c5 d4e2 c5d3 e2d4 f3d4,2109,103,71,38,advantage long master middlegame quietMove,https://lichess.org/jd9DMWJE/black#24,Sicilian_Defense Sicilian_Defense_Smith-Morra_Gambit
Tz8pX,3r2k1/8/2KP4/5p1p/8/1P6/5PP1/8 b - - 1 48,f5f4 c6c7 d8a8 d6d7 f4f3 g2g3 g8f7 d7d8q a8d8 c7d8,2109,76,81,109,advancedPawn crushing endgame promotion quietMove rookEndgame veryLong,https://lichess.org/ioSOPwz1/black#96,
U08jP,8/4N1pk/3Q1p2/5P1p/2PpP1bb/3P4/6BK/4q3 b - - 3 46,e1e3 d6b8 e3g3 b8g3 h4g3 h2g3,2111,94,-47,24,crushing endgame long quietMove,https://lichess.org/mln7Bkkw/black#92,
U0JKv,3r3k/4R1p1/7p/pp6/8/2Rn1bP1/B4P1P/6K1 w - - 10 32,e7e3 d3f4 c3c1 f4e2 e3e2 f3e2,2185,75,94,4793,advantage endgame fork long master quietMove,https://lichess.org/aZTi0FyJ#63,
U0Ov5,1r4k1/3b2p1/3p1r1p/pNp5/P1P1P3/5PqP/4B1P1/RQ3K1R w - - 1 23,b1d3 f6g6 h1g1 d7h3 a1a2 h3g2,2137,152,93,26,equality long middlegame quietMove,https://lichess.org/t8z3dKPe#45,
U0VHW,8/4k3/pK5p/2N2pp1/1P6/P5P1/7P/5b2 w - - 0 45,c5a6 f1a6 b4b5 a6c8 b6c7 c8e6 b5b6 e6d5 a3a4 f5f4,2142,86,66,39,crushing endgame master quietMove veryLong,https://lichess.org/hDyVAX55#89,
U1QZk,8/8/4kP2/1p5p/1P4p1/2PK4/5P2/8 w - - 1 37,d3e4 h5h4 e4f4 h4h3,2162,77,90,1065,crushing endgame pawnEndgame quietMove short,https://lichess.org/uD1eWyBU#73,
U2420,8/p7/1p3p2/3p2k1/P2P2p1/4KPPp/1P5P/8 b - - 0 46,g4f3 e3f3 a7a6 b2b4 a6a5 b4b5,2178,76,77,95,crushing defensiveMove endgame long pawnEndgame quietMove zugzwang,https://lichess.org/WPOaUOzY/black#92,
U2NNE,8/6R1/7p/2NnK2k/p5r1/8/8/8 w - - 1 50,g7g4 h5g4 c5a4 h6h5 a4c5 h5h4,2176,94,50,30,crushing defensiveMove endgame long quietMove,https://lichess.org/hhboV241#99,
U2YiB,2r5/5Qbp/6pk/4p3/4Pp1P/2r5/Pq3PP1/3RR1K1 b - - 0 32,c3c1 d1d7 h6h5 f7g7 h7h6 d7d6 c1e1 g1h2 e1h1 h2h1 b2b1 h1h2,2133,87,74,47,crushing middlegame quietMove sacrifice veryLong,https://lichess.org/GzOFXybh/black#64,
U2htc,r3r1k1/p4p2/1p3q1p/2n3p1/2p3N1/2n3BQ/P4PPP/3RR1K1 b - - 1 24,f6g6 g4h6 g8f8 h6f5 g6f6 g3d6,2103,203,87,4,advantage kingsideAttack long middlegame quietMove,https://lichess.org/8Tv8SnXz/black#48,
U3Ra6,8/8/4pk2/p1p3p1/4K1P1/1P6/P7/8 b - - 2 50,e6e5 e4d5 e5e4 d5e4 f6e6 a2a4 e6d6 e4f5,2130,79,89,600,crushing endgame pawnEndgame quietMove veryLong zugzwang,https://lichess.org/TbaunWEt/black#100,
U47bp,2r3k1/1prb1pbR/p3p1p1/3p2P1/3p1P2/1P1P1N2/PB6/1K5R b - - 3 32,d7b5 h7g7 g8g7 b2d4 g7f8 d4f6 c7c1 h1c1 b5d3 b1b2 c8c1 b2c1,2146,74,93,6384,advantage attraction middlegame quietMove veryLong,https://lichess.org/B1ieJxIp/black#64,
U48Fv,q7/6p1/bp3b1k/p1p1pQ2/P1P4p/3P2P1/1P3P1P/4R1K1 b - - 0 26,a6b7 g3g4 a8e8 f2f4 e8g6 g4g5,2116,115,88,12,advantage endgame long quietMove,https://lichess.org/r4NDYR1p/black#52,
U4NW1,5k2/8/pp1pK3/2pB3b/P1P5/8/8/8 b - - 0 38,b6b5 c4b5 a6b5 a4a5 h5g4 e6d6 g4c8 d6c7,2175,89,100,29,bishopEndgame crushing endgame quietMove veryLong,https://lichess.org/0LxepBTN/black#76,
U4Zmq,8/QB6/P4rk1/2p2bp1/3p4/1P1P2P1/2P5/4r1K1 w - - 1 32,g1g2 e1e2 g2h1 f5h3 b7e4 g6h5 a7h7 h5g4 e4f5 f6f5 h7f5 g4f5,2142,100,90,31,crushing endgame quietMove veryLong,https://lichess.org/nPXsZGfd#63,
U4fns,6k1/2RR1p1p/p5p1/8/8/5P1P/rr4PK/8 w - - 4 36,d7f7 b2g2 h2h1 g2e2 f7g7 g8f8,2159,141,56,9,crushing endgame long quietMove rookEndgame,https://lichess.org/GwbntrGt#71,
U4gJ4,r6r/4kpb1/4p3/2p1P1p1/2P2KN1/4R3/P5P1/R7 w - - 0 31,f4g5 a8g8 g5f4 h8h4 f4f3 h4g4,2135,76,91,1067,crushing endgame long quietMove,https://lichess.org/818ylhWq#61,
U5VCf,3r1kr1/pp3p2/1q1b3p/3p1Q2/3P4/2P1R1P1/PP3P1P/4R1K1 b - - 4 28,g8g6 e3f3 g6g7 e1e6,2139,77,87,51,clearance crushing master middlegame pin quietMove short,https://lichess.org/14yF5iX1/black#56,
U5xCM,8/8/8/1k3p1p/3P1B1P/5KP1/1b6/8 b - - 0 56,b2d4 f4b8 b5c6 f3f4 c6d5 f4f5,2174,75,85,137,bishopEndgame crushing endgame long master quietMove,https://lichess.org/cy2x2f5P/black#112,
U680t,5b2/5pp1/4pP2/3pP1Pp/3P1K1P/2Pk4/8/4B3 w - - 1 58,f4f3 g7g6 f3f2 f8a3,2106,79,96,271,bishopEndgame crushing defensiveMove endgame quietMove short,https://lichess.org/UW8ltbMG#115,
U6sch,4b3/1p6/p1p1K2B/P2pP3/2PP1pk1/1P6/8/8 b - - 0 59,f4f3 h6e3 g4g3 c4d5 c6d5 e6d5,2112,106,100,32,bishopEndgame crushing endgame long quietMove,https://lichess.org/CpIcwQ6s/black#118,
U73sm,8/8/6QK/6Pp/7k/8/6q1/8 b - - 2 58,g2g4 g6f6 g4f3 f6d4,2140,84,77,47,crushing endgame master queenEndgame quietMove short,https://lichess.org/1wS4BtjE/black#116,
U7dua,2Q1R3/4r1bk/1p4p1/2pqP2p/5P2/pP2B3/P4PKP/8 w - - 2 39,g2f1 e7d7 c8d7 d5d7,2140,75,91,633,crushing endgame master quietMove short,https://lichess.org/wgbc6Bug#77,
U7rvY,8/3R2b1/4rkpp/5p2/2Q1pP2/7P/Pq4P1/7K b - - 0 36,e4e3 c4c7 g6g5 d7g7 b2c1 c7c1,2148,123,79,30,crushing endgame long quietMove,https://lichess.org/PJiDZHir/black#72,
U7ujL,8/8/1p2k3/7p/1P3K2/P7/8/8 w - - 2 40,f4g5 b6b5 g5h5 e6d5 h5g4 d5c4 g4f4 c4b3 a3a4 b3a4,2115,76,87,834,crushing endgame pawnEndgame quietMove veryLong,https://lichess.org/I3W91xhs#79,
U86xp,8/4n3/8/p1p5/P1Pp1k2/1P1K1B2/8/8 w - - 8 51,f3h5 e7c6 h5d1 c6e5,2106,90,71,29,advantage endgame quietMove short,https://lichess.org/Pe4Vr8V7#101,
U8B86,5r1k/p4np1/1p1n3p/1P6/3p1Pb1/Q2P2q1/P2B2B1/2R2RK1 w - - 1 30,f1f2 f7g5 a3d6 g5h3 g1h1 h3f2,2198,77,84,132,crushing exposedKing fork long middlegame quietMove sacrifice,https://lichess.org/bgGB2lgr#59,
U8JoN,8/p1Q4p/6pk/8/3P4/2n2N2/P1q2PPP/K6R w - - 2 31,c7a7 c3a4 a7a4 c2a4,2138,126,100,39,endgame equality quietMove short,https://lichess.org/rJGF7HZ2#61,
U8KEE,2r3k1/5ppp/8/2p2Q2/p3P3/P3P2P/q5P1/5RK1 b - - 2 31,c8c7 f1d1 g7g6 d1d8 g8g7 f5e5,2174,75,95,727,crushing endgame long quietMove,https://lichess.org/CCrY1WWX/black#62,
U8KM1,8/8/4r1p1/3k2P1/R1p1p3/4K3/P4P2/8 b - - 1 50,e6e5 a4a5 d5e6 a5e5 e6e5 a2a4 c4c3 a4a5 e5d6 e3e2 c3c2 e2d2,2102,78,85,55,crushing endgame quietMove rookEndgame veryLong,https://lichess.org/LIUQ3bI8/black#100,
U8Psn,8/8/8/2pBp3/2P1P3/3K1kn1/8/8 w - - 8 53,d5c6 g3h1 d3c3 f3e3 c3b3 e3d4,2144,157,83,14,crushing endgame long quietMove,https://lichess.org/SzYZ5w4S#105,
U8W92,4r1k1/ppp2pp1/2n1r2p/3p2qR/3P4/2PB1QP1/P4PK1/R7 b - - 1 18,e6f6 f3d1 f6f2 g2f2 g5e3 f2g2,2145,95,61,28,advantage long middlegame quietMove,https://lichess.org/Io9tJhnx/black#36,Four_Knights_Game Four_Knights_Game_Italian_Variation
U8aiB,5r2/7p/6pk/1R3p2/8/1P6/1r4PP/3R2K1 w - - 3 37,b3b4 f8e8 g2g4 f5g4,2186,75,92,1659,crushing endgame quietMove rookEndgame short,https://lichess.org/fjKVfip2#73,
U8pzI,8/8/4p3/6p1/4k1PP/6K1/8/8 b - - 0 48,g5h4 g3h4 e6e5 g4g5 e4f5 h4h5 e5e4 g5g6 f5e6 h5h6 e4e3 g6g7 e6f7 h6h7,2144,75,92,2027,advancedPawn crushing defensiveMove endgame pawnEndgame quietMove veryLong,https://lichess.org/CTQmcT7k/black#96,
U9Q8A,8/8/8/p1PB4/8/1pk1p3/3bK3/8 b - - 0 60,b3b2 d5a2 d2e1 e2e1 b2b1r a2b1,2125,77,83,52,bishopEndgame crushing endgame long quietMove,https://lichess.org/s4iobsOD/black#120,
U9a6B,2r3k1/8/6P1/1p1p4/8/3B3R/1bP3r1/3K3R w - - 0 34,d3f5 c8a8 h3h8 b2h8 h1h8 g8h8,2108,76,88,991,crushing endgame long quietMove,https://lichess.org/mC4y1ZdC#67,
U9pmM,1k3b1r/pp4pp/4p3/1B2qb2/3r4/5Q1P/PP1B1PP1/2R2RK1 w - - 2 19,b5d7 f8d6 g2g3 d4d2,2126,74,94,8052,crushing middlegame quietMove short,https://lichess.org/hSlsHZeA#37,Scandinavian_Defense Scandinavian_Defense_Main_Line
UA6TT,8/8/1p6/p4ppp/P1Pk4/1P1p1PPP/3K4/8 b - - 0 33,f5f4 g3f4 g5f4 h3h4 d4c5 d2d3 c5b4 d3c2,2142,79,91,2279,crushing defensiveMove endgame pawnEndgame quietMove veryLong zugzwang,https://lichess.org/jFRjybV0/black#66,
UAHBF,r4rk1/3npp2/3p2p1/2pP4/1q2PPP1/1N2Q3/P3NK2/7R b - - 1 22,a8a2 e3h3 a2e2 f2e2 b4e4 e2d1 e4h1 h3h1,2159,82,76,60,advantage middlegame quietMove veryLong,https://lichess.org/PjfmDDYP/black#44,
UAMul,1r6/p1R1Rqpk/7p/2p2p2/8/P4b2/1PP3PP/2K1B3 b - - 0 29,f7a2 e7g7 h7h8 e1c3 a2a1 c1d2 a1d1 d2e3 f5f4 e3f4,2154,75,90,144,advantage endgame quietMove veryLong,https://lichess.org/R8UbwCB5/black#58,
UAldW,2B5/8/1K3k2/p1p2P1p/2P5/1P3P2/P6b/8 w - - 0 41,b6c5 h2f4 c5d5 h5h4 d5e4 h4h3 e4f4 h3h2,2152,80,91,98,advancedPawn advantage bishopEndgame endgame quietMove sacrifice veryLong,https://lichess.org/4VT498Ej#81,
UAzvO,rnbq1rk1/ppp2ppp/3p4/8/4Pn2/3BBP2/PPP3PP/RN1Q1RK1 b - - 2 10,d8g5 d1d2 g5g2 d2g2 f4g2 g1g2,2101,75,84,102,advantage long opening quietMove,https://lichess.org/YV1R6NHF/black#20,Kings_Pawn_Game Kings_Pawn_Game_Busch-Gass_Gambit
UBN92,r5k1/2b2ppp/1R6/P2q4/3p2Q1/7P/2P2PP1/4B1K1 w - - 1 31,b6b3 d5e5 g1f1 a8e8 b3b1 e5h2,2157,80,91,55,advantage endgame long quietMove,https://lichess.org/KKjosqID#61,
UBQge,8/3P3R/2K2kp1/8/p7/8/8/r7 b - - 0 55,a1d1 h7h8 a4a3 d7d8q d1d8 h8d8,2151,75,85,68,advancedPawn crushing endgame long promotion quietMove rookEndgame,https://lichess.org/C19SYSfE/black#110,
UBZe6,1q3rk1/1B1R1ppp/p3p3/8/8/8/PP3PPP/R5K1 b - - 0 19,f8d8 d7d8 b8d8 a1c1 g8f8 c1c8 d8c8 b7c8,2175,84,89,867,advantage endgame master pin quietMove veryLong,https://lichess.org/d50RmRUA/black#38,
UBbmY,8/8/p1K5/1p6/8/8/PP1k4/8 b - - 6 55,d2c2 b2b4 c2c3 c6c5 c3b2 c5b6,2198,80,91,2125,crushing endgame long pawnEndgame quietMove zugzwang,https://lichess.org/VnfUwzg6/black#110,
UBdVR,1r3rk1/pb3p1p/5p2/1p2pQ2/3p4/P2P3P/Bq4P1/R5RK b - - 1 26,g8g7 a1f1 b2a2 f5f6,2195,85,76,59,crushing middlegame quietMove sacrifice short,https://lichess.org/9BBKF6BI/black#52,
UBe6V,3r1r1k/2p1Q1p1/p6p/1p1R4/1P6/P1N4P/5qP1/3R2K1 w - - 0 26,g1h1 d8e8 e7c7 e8e1 d1e1 f2e1 h1h2 f8f1 c7c8 h8h7 c8f5 f1f5,2146,78,92,9195,advantage middlegame quietMove veryLong,https://lichess.org/Pd9nfmJk#51,
UBq5S,r3r1k1/5p1p/p2q2pQ/2ppN1P1/3P4/2P4P/PP2R1P1/6K1 b - - 0 26,c5d4 e5g4 e8e6 e2e6 f7e6 g4f6 g8f7 h6h7,2172,77,97,962,advantage deflection endgame kingsideAttack quietMove veryLong,https://lichess.org/6HOmnj49/black#52,
UBqwc,3r2kb/5p1p/pp1N2pB/2n3P1/8/5r1P/5P2/3RR1K1 b - - 3 32,c5e6 d6f5 h8d4 f5d4,2169,76,92,2269,crushing middlegame quietMove short,https://lichess.org/eV6tuJoK/black#64,
UC2pz,8/8/4pp2/6k1/4P3/6K1/7P/8 w - - 1 43,g3f3 g5h4 e4e5 f6f5 f3f4 h4h3 f4g5 h3h2 g5f6 f5f4 f6e6 f4f3 e6d7 f3f2 e5e6 f2f1q,2100,79,91,3194,advancedPawn crushing endgame master pawnEndgame promotion quietMove veryLong,https://lichess.org/WrNvmbz4#85,
UC6Sx,3k1b1r/2r2ppp/pNRp4/1p1Pp3/8/8/PP3PPP/5RK1 b - - 3 18,f8e7 f1c1 c7c6 d5c6 d8c7 b6d5,2172,77,81,75,crushing endgame long quietMove,https://lichess.org/WxbaPcvC/black#36,Caro-Kann_Defense Caro-Kann_Defense_Other_variations
UC9CC,r3r1k1/5p1p/p5p1/4Pp2/2QpRB2/1P6/q1P2RPP/6K1 b - - 0 28,f5e4 f4h6 e8e6 c4c7 a2a1 f2f1,2149,142,75,6,crushing endgame long quietMove,https://lichess.org/iJSe4bOk/black#56,
UCKRV,7r/6RP/8/p2ppb1k/8/1R4K1/8/8 b - - 8 49,f5h7 b3b2 h5h6 g7g4,2167,74,94,8760,crushing defensiveMove endgame quietMove short,https://lichess.org/5MP5GeJA/black#98,
UDAOh,8/8/1p3R2/p1p5/P1P2n2/1P3k2/5p2/5K2 w - - 4 62,f6b6 f4h5 b6g6 h5g3 g6g3 f3g3 f1e2 g3g2,2150,75,81,196,crushing defensiveMove endgame exposedKing quietMove veryLong,https://lichess.org/azbD5A3v#123,
UDKy7,8/6pp/1Q2P3/1P3p1k/p4P2/6P1/5K2/3q4 b - - 0 99,h5g4 b6e3 a4a3 e6e7 d1c2 e3e2 c2e2 f2e2,2124,77,89,1144,advancedPawn crushing endgame queenEndgame quietMove veryLong,https://lichess.org/2biPDoma/black#198,
UDNqk,8/p7/7p/4P3/kp6/4q3/Q5PK/8 b - - 14 57,e3a3 a2e2 a3c1 e5e6,2113,258,33,4,crushing endgame queenEndgame quietMove short,https://lichess.org/vyzpetgh/black#114,
UDREu,8/8/8/pp1k1p1p/3P1K1P/P1P5/8/8 b - - 1 37,d5e6 f4g5 a5a4 g5h5 e6f6 d4d5 f5f4 h5g4,2130,78,90,381,crushing endgame pawnEndgame quietMove veryLong,https://lichess.org/dyJwDMIR/black#74,
UDZyM,8/p3k3/1p6/5P2/6K1/6P1/8/8 w - - 0 53,g4g5 a7a5 g5g6 e7f8 g3g4 a5a4,2164,76,73,90,crushing defensiveMove endgame long pawnEndgame quietMove,https://lichess.org/k4pqITpT#105,
UDcTb,5rk1/pppqbrpp/4pn2/4p3/4P3/2NP3P/PPPBQ1P1/R4R1K w - - 5 16,f1f2 f6h5 f2f7 h5g3 h1h2 g3e2,2138,78,91,1878,advantage fork long middlegame quietMove sacrifice,https://lichess.org/zlwJ9grj#31,Kings_Gambit Kings_Gambit_Other_variations
UDfsY,2r3k1/3b2q1/4p1p1/2N1P3/p6R/Q6P/2r2PP1/5BK1 b - - 0 35,g7f7 c5e4 c2f2 e4f2,2159,76,90,795,crushing middlegame quietMove short,https://lichess.org/7JswesN9/black#70,
UDk03,Q1n3r1/1pk2q2/1pp2p2/3p3p/1P1P4/P2BP1P1/3K1P2/7R w - - 0 30,h1h4 b6b5 a8a5 c8b6,2161,76,92,3994,advantage defensiveMove endgame quietMove short,https://lichess.org/alyFgkJq#59,
UDqZ5,8/7k/7p/1R3p2/2P2P2/r4K1P/1p6/8 w - - 1 43,f3e2 a3h3 c4c5 h3h1 b5b2 h1h2 e2d3 h2b2,2116,113,93,14,crushing endgame exposedKing quietMove rookEndgame skewer veryLong,https://lichess.org/zHKVYvnL#85,
UE1uS,2rr4/5pk1/p4qpp/4n3/4Q3/1P6/P1PN1PPP/1K1R3R w - - 1 26,d2f3 e5c4 f3d4 c4a3,2140,80,84,36,advantage master masterVsMaster middlegame quietMove short,https://lichess.org/UePyAC1z#51,
UE2Su,6k1/p1Q2pp1/6bp/1p6/q7/4N2P/3r1PP1/2R3K1 b - - 3 31,a7a5 c7b8 g8h7 c1c8 g6f5 e3f5,2101,77,91,1760,clearance crushing endgame long quietMove,https://lichess.org/tXxII9kM/black#62,
UEKrg,8/5p2/p4P1p/2kpK2p/Pp6/1P3PP1/2P5/8 w - - 1 43,f3f4 a6a5 f4f5 c5c6 e5d4 c6d6,2196,142,53,29,crushing defensiveMove endgame long pawnEndgame quietMove zugzwang,https://lichess.org/0E8wb2Dv#85,
UElQI,8/8/3k2pp/p2P4/1p1K4/6P1/P6P/8 w - - 0 38,h2h4 a5a4 d4c4 b4b3 a2b3 a4b3 c4b3 d6d5,2117,76,100,84,crushing endgame pawnEndgame quietMove veryLong,https://lichess.org/YWWMV3ON#75,
UEluL,r1b1qrk1/pp3pp1/2pBp2p/8/2P2P1P/6P1/PP2Q3/1B1R2K1 b - - 0 24,c8d7 e2d3 f7f5 d6f8,2100,72,94,10564,advantage middlegame quietMove short trappedPiece,https://lichess.org/ONMDURP6/black#48,
UEpMr,r1br3k/ppR5/7p/5p2/4Pp1P/1B2bNp1/P5P1/5R1K b - - 1 28,f5e4 f3e5 c8d7 e5f7 h8g7 f7d8,2160,78,88,760,advantage exposedKing fork long middlegame pin quietMove,https://lichess.org/mtOh77Y6/black#56,
UErN5,r4k2/R4p1p/1P2p1p1/p1rp4/8/4PP2/6KP/R7 b - - 1 33,a8a7 b6a7 c5c8 a1b1 f8g7 b1b8,2115,75,85,98,advancedPawn crushing endgame long quietMove rookEndgame,https://lichess.org/okFWoWnh/black#66,
UEyfw,8/8/5k1p/2P2p2/5K1P/8/8/8 b - - 0 45,f6e6 h4h5 e6f6 c5c6 f6e6 c6c7 e6d7 f4f5 d7c7 f5g6 c7d6 g6h6 d6e7 h6g7,2174,79,76,49,advancedPawn crushing defensiveMove endgame master pawnEndgame quietMove veryLong,https://lichess.org/6iZBfcNm/black#90,
UF59v,1r6/8/8/1P2k3/2P1p1p1/3pK3/1R4P1/8 w - - 0 49,g2g3 b8f8 b2f2 f8f2 e3f2 e5d4,2145,75,97,100,crushing endgame long quietMove rookEndgame,https://lichess.org/lt8j7VBj#97,
UFQqD,8/5k2/1R4p1/4P3/5P2/2K5/5r1p/8 w - - 0 48,b6b1 f2f4 b1h1 f4h4 c3d3 f7e6 d3e3 e6e5,2149,76,90,1443,crushing endgame quietMove rookEndgame veryLong,https://lichess.org/NP4aBA2b#95,
UFi7R,5r2/4P1qk/3Q3p/p3nP2/1p6/1P5p/P5BK/5R2 w - - 0 39,g2h3 f8g8 h2h1 g7g3 d6g6 e5g6,2147,75,92,2979,crushing endgame long master quietMove,https://lichess.org/52JaCDqo#77,
UFipX,8/5pp1/4p3/5PK1/4k1PP/8/8/8 b - - 0 45,e4e5 h4h5 f7f6 g5g6 e6f5 g4f5,2134,77,84,144,crushing endgame long master pawnEndgame quietMove,https://lichess.org/PcM7GVUW/black#90,
UFpef,1b6/p7/1p5N/2p5/2P1K2P/1P6/Pk6/8 b - - 2 58,b2a2 h6f7 b8g3 h4h5 g3h4 e4f5,2196,86,91,4013,crushing defensiveMove endgame long quietMove,https://lichess.org/t4vhNgJD/black#116,
UFyGF,8/1p3k2/2p5/p2pPK2/P5P1/1P6/8/8 b - - 2 51,f7e7 g4g5 d5d4 f5e4 c6c5 g5g6,2117,76,91,701,crushing endgame long pawnEndgame quietMove,https://lichess.org/jDkUV09Q/black#102,
UGx1Q,8/1r4p1/b3pk2/P2p4/1B1R1PK1/2P4p/1R5P/5r2 w - - 1 44,g4h3 f1g1 b2g2 a6f1,2112,133,76,11,advantage clearance endgame pin quietMove short,https://lichess.org/OOMUxx7p#87,
UGymi,8/1p6/8/8/8/2Pk1pB1/PP1b2r1/3K1R2 w - - 22 49,g3e1 d2e3 f1f3 g2b2 f3e3 d3e3,2188,103,77,22,crushing discoveredAttack endgame long quietMove,https://lichess.org/T3R5o2ti#97,
UIE7x,8/7p/6p1/4p3/pP2P3/3k3P/K5P1/8 b - - 0 42,d3c4 a2a3 c4b5 h3h4 h7h6 g2g4 b5b6 a3a4,2163,76,95,2438,crushing endgame pawnEndgame quietMove veryLong zugzwang,https://lichess.org/sJ5UNooT/black#84,
UIQ1B,3kr3/2p1p2P/1pP1R1K1/6N1/6P1/p7/4r3/8 b - - 1 39,e2e6 g5e6 d8c8 e6d4 e7e5 d4c2,2177,116,59,18,crushing endgame long master quietMove,https://lichess.org/qRejRAWn/black#78,
UIdUT,8/4Bk2/5Pp1/p2P4/2P5/5K1P/r7/8 b - - 2 40,a2c2 c4c5 a5a4 c5c6,2102,90,79,25,crushing endgame quietMove short,https://lichess.org/TrKEJQ9c/black#80,
UIpRb,7R/2k4P/8/2b1p3/1P2P3/7r/P1K5/8 b - - 0 35,c5d4 a2a4 c7b7 a4a5,2164,76,91,604,crushing defensiveMove endgame master quietMove short,https://lichess.org/G3ehTxUz/black#70,
UIrZ1,r5k1/3b4/2p1p1p1/2Pp1p2/r4P2/3B2P1/PQ3PK1/R1N1q3 b - - 1 26,g8f7 c1b3 e1a1 b2a1,2159,75,86,93,advantage middlegame quietMove short,https://lichess.org/15VK2T6C/black#52,
UIrpp,1bkr4/pp2q3/2p1Pr1p/8/4RpP1/4B2P/PPP2Q2/4R1K1 w - - 0 27,e3f4 d8f8 f2h4 e7c5,2105,106,83,39,advantage middlegame quietMove short,https://lichess.org/AYT0m11p#53,
UJ8pe,8/r7/P3kp2/3p2p1/7p/R1KN2r1/6PR/8 w - - 3 42,c3d4 a7c7 d3c5 c7c5,2118,75,94,2141,crushing endgame master quietMove short,https://lichess.org/JbURehLk#83,
UJ9Tj,5rk1/ppp3pp/8/1P2P1q1/P1pP4/8/4QrPP/R3R1K1 w - - 2 25,e2c4 g8h8 c4d5 f8f3 d5f3 f2f3,2181,75,91,344,advantage defensiveMove endgame long pin quietMove,https://lichess.org/x6nuPH3n#49,
UJzI5,5r2/1pp4r/1k2Pq2/3P4/5p1p/Q1P3p1/PP4P1/5RK1 b - - 3 34,h4h3 b2b4 f8a8 a3a8,2189,76,93,1335,crushing endgame quietMove short,https://lichess.org/vn1kepK9/black#68,
UKRrL,r2qkb1r/1b1pnppp/p1n1p3/1p2P1B1/2pP4/P1N2N2/1PP1BPPP/R2Q1RK1 b kq - 2 12,h7h6 c3e4 d8b8 e4d6,2123,75,81,563,crushing opening quietMove short,https://lichess.org/UmYnWr6H/black#24,Sicilian_Defense Sicilian_Defense_Bowdler_Attack
UKqZN,R7/2P2pk1/3B4/1P3p2/P5b1/2r3K1/8/8 w - - 3 53,g3f4 f7f6 a8g8 g7g8 c7c8r c3c8,2195,91,85,31,crushing endgame long quietMove,https://lichess.org/vgy6hqFP#105,
UKzis,4r1k1/p2q1p1p/1p1r4/7Q/3R4/6R1/5PP1/6K1 b - - 1 34,g8h8 h5g5 f7f6 d4d6 f6g5 d6d7,2181,141,88,13,crushing endgame long master quietMove,https://lichess.org/uEfBbygu/black#68,
ULGFo,8/8/4p2p/3k1pp1/1P6/2K2P1P/6P1/8 w - - 0 48,g2g4 f5f4 c3d3 e6e5 d3c3 e5e4 f3e4 d5e4,2189,78,81,146,crushing endgame pawnEndgame quietMove veryLong zugzwang,https://lichess.org/Hk6q4l03#95,
ULxK6,r2qk2r/1b1p2pp/p3pPn1/1p6/7B/PQP2N2/5PPP/R3R1K1 b kq - 0 16,g6h4 e1e6 d7e6 b3e6 e8f8 f3e5 b7d5 e5d7 d8d7 e6d7,2193,76,94,452,advantage middlegame quietMove sacrifice veryLong,https://lichess.org/3hL0ORuC/black#32,Sicilian_Defense Sicilian_Defense_Smith-Morra_Gambit_Accepted
UMfEG,6k1/5pp1/6p1/1p6/1P1q3P/6P1/2Q2P2/6K1 w - - 1 29,c2c5 d4c5 b4c5 g8f8 g1g2 b5b4 g2f3 b4b3,2199,93,90,517,crushing endgame queenEndgame quietMove veryLong,https://lichess.org/qEXGgoXi#57,
UMsGg,8/1K6/p7/1k1p4/3B4/8/8/8 w - - 2 62,d4e5 a6a5 e5a1 a5a4 a1b2 b5c4,2174,76,85,137,bishopEndgame crushing defensiveMove endgame long quietMove,https://lichess.org/QCPRzzax#123,
UNPEU,6k1/p6p/2Q3p1/2n2pPK/7P/3q1N2/8/2b4R w - - 0 31,h5h6 d3d8 c6c5 c1b2 c5c4 g8h8 c4f7 d8g8 f7g8 h8g8 f3d4 b2d4 h4h5 d4g7,2142,79,84,89,clearance defensiveMove endgame mate mateIn5 quietMove sacrifice veryLong,https://lichess.org/1rNkCT78#61,
UO1ra,2r3k1/p6p/4b1p1/1Q2Pp2/3Pp3/2r5/P4P1P/R3K3 w Q - 2 23,e1d2 f5f4 d2e1 e4e3 d4d5 e6g4 f2e3 f4e3,2172,167,75,14,crushing endgame quietMove veryLong,https://lichess.org/RYChIche#45,
UO4N0,2r4k/1q4p1/r1p4p/2Rp1p1P/3Pp3/1PR1P1P1/PKQ2P2/8 w - - 3 35,c5d5 c8a8 d5d8 a8d8,2113,75,95,1373,advantage endgame master quietMove short,https://lichess.org/Wd6Cp2g8#69,
UO6YZ,4k3/p7/1p1Pp1p1/1P5p/P4K1P/6P1/8/8 w - - 1 35,f4g5 e6e5 g3g4 h5g4 g5g4 e8d7,2186,95,84,27,crushing endgame long pawnEndgame quietMove,https://lichess.org/zHDzAm7V#69,
UOTUz,8/p6p/5rbk/3q2p1/2R1p3/P2p1P2/3Q2PP/2R4K w - - 2 41,f3e4 d5c4 h2h4 c4b5 a3a4 b5e5,2147,94,66,37,advantage endgame long quietMove,https://lichess.org/SQ9dk9TV#81,
UOY4G,8/p4p1p/1p2p3/5p2/2P2PP1/kP3N1P/P4b2/1K6 b - - 0 40,f2e3 f3e1 a3b4 e1c2 b4c5 c2e3,2129,78,90,1449,crushing endgame fork long quietMove,https://lichess.org/CDXCP3jT/black#80,
UOjh4,6k1/Rp4pp/8/2pq1pP1/6nP/2P5/1P3P2/4R1K1 b - - 1 33,h7h5 g5g6 d5d8 e1a1 g4e5 a7a8,2129,75,94,9513,crushing endgame long pin quietMove,https://lichess.org/Y3ZYw69z/black#66,
UOjrs,8/p1r1bk2/4b1pp/1Q2P3/2p1qP2/P1R3P1/5B1P/1R4K1 w - - 8 37,b5b8 e6h3 e5e6 f7g7 c3f3 g7h7,2121,142,71,23,crushing defensiveMove long middlegame quietMove,https://lichess.org/VXdPxnUj#73,
UP0rp,5rk1/p1bQ1ppp/1p4q1/2pRp3/P4P2/2B5/1P4KP/5R2 w - - 1 27,g2h3 f7f5 d7e6 g6e6,2151,145,28,14,crushing middlegame quietMove short,https://lichess.org/JWNIZhXL#53,
UPc57,r1b1R3/1pp2p2/p2b1knQ/3p4/1P6/P3Pq2/3P1P1P/2R1KB2 w - - 4 31,h2h4 c8g4 h6g5 f6g7 g5g4 f3g4,2118,84,78,40,crushing long middlegame quietMove,https://lichess.org/6GC9xp37#61,
UPd3A,8/1p1B4/p2p1k2/K2Rr1p1/2P4p/PP6/8/8 w - - 3 58,d5e5 d6e5 c4c5 e5e4 a5b4 f6e5,2144,77,82,85,advantage defensiveMove endgame long quietMove,https://lichess.org/KYxR9Jg7#115,
UPufc,8/1p6/p1p1k3/2P1p1pp/P7/1P1K2P1/6PP/8 w - - 1 38,d3e4 a6a5 g3g4 h5g4 g2g3 e6f6,2176,75,97,653,crushing defensiveMove endgame long pawnEndgame quietMove,https://lichess.org/NhMKahuE#75,
UQdkF,8/6p1/1pp1k2p/3pP2P/1P3KP1/8/P7/8 b - - 0 41,e6f7 a2a4 b6b5 a4a5,2148,73,84,314,crushing defensiveMove endgame pawnEndgame quietMove short,https://lichess.org/tV7hUOMx/black#82,
UQws8,2b2rk1/1p1rb1p1/p1q1N2p/8/8/2P1Q1P1/PP3P1P/3RR1K1 w - - 1 25,e6f8 d7d1 e1d1 c8h3 e3e6 h3e6,2180,76,90,912,clearance crushing long master middlegame quietMove,https://lichess.org/pxpHGVIy#49,
URaB9,5r1k/6pp/p4n2/8/3r4/2p4Q/2P1BPPP/2K4R w - - 0 26,e2d3 d4a4 c1d1 f8e8,2111,81,80,68,advantage defensiveMove endgame quietMove short,https://lichess.org/qCmj5wHD#51,
USNuW,r1bq1rk1/p2p1p1R/2p3p1/4P1b1/8/2NB1p2/PPPQ2P1/1K1R4 b - - 0 16,g5d2 d1h1 f7f5 d3c4 d7d5 e5d6,2178,77,100,221,advantage discoveredAttack enPassant long middlegame quietMove,https://lichess.org/GpGuG0st/black#32,Sicilian_Defense Sicilian_Defense_Lowenthal_Variation
USX4M,8/8/2k2n1P/2p5/PpK1p3/1P6/3B4/8 w - - 0 41,d2g5 f6d7 a4a5 d7e5,2105,118,78,53,endgame master mate mateIn2 quietMove short,https://lichess.org/4A4Lh3qe#81,
USyXP,8/2k2P2/2P2r2/3K2p1/6Pp/1B6/8/8 b - - 6 59,h4h3 d5e5 f6f2 b3d5 h3h2 e5e6,2152,78,98,78,clearance crushing defensiveMove endgame long quietMove,https://lichess.org/a52oDpay/black#118,
UTCiN,r3r1k1/p1p1qppp/2p2n2/7b/4P3/1BN1Q3/PPP3PP/R4R1K b - - 0 16,f6e4 a1e1 e7g5 c3e4 g5e3 e1e3,2103,83,91,1481,crushing long middlegame quietMove,https://lichess.org/UvlRYHN0/black#32,Scotch_Game Scotch_Game_Classical_Variation
UTXGL,5k2/5p2/2p1r3/p1q2p1p/1r2p3/6R1/2P3PP/Q3R2K b - - 4 36,a5a4 a1h8 f8e7 g3g8 c5e5 g8e8,2159,83,40,45,advantage endgame long quietMove,https://lichess.org/9B8CNyuB/black#72,
UTeDG,8/P1p5/8/5p2/7k/R5pp/6r1/7K b - - 0 59,g2f2 a3a1 h4g4 a7a8q,2138,74,92,9064,advancedPawn crushing endgame promotion quietMove rookEndgame short,https://lichess.org/JOoDL3C4/black#118,
UUDtv,1r6/p1pq1r1k/1p1pR2B/1P1P4/P1P1P3/5P2/7K/Q7 b - - 2 32,d7d8 a1e1 d8h8 e4e5 h8e5 e6e5,2149,193,23,14,crushing endgame long quietMove,https://lichess.org/6n23NeUj/black#64,
UUY2S,5Q2/4Bp1k/8/3p2p1/3Pb1Pp/5r1K/8/8 w - - 2 43,h3h2 f3f1 f8f7 f1f7,2176,78,84,160,crushing endgame master quietMove short,https://lichess.org/e4w37jiF#85,
UUjGQ,1Q6/r5kp/5p2/3ppbp1/8/2P2P2/6PP/r1R4K w - - 3 43,b8b2 a1c1 b2c1 a7b7 h1g1 b7b1 c1b1 f5b1,2146,80,90,41,crushing endgame pin quietMove veryLong,https://lichess.org/MKYzkW6R#85,
UV2sT,8/p6p/6pK/8/1k4P1/7P/8/8 w - - 2 43,h6h7 g6g5 h7g6 a7a5 g6g5 a5a4 g5h6 a4a3 g4g5 a3a2 g5g6 a2a1q,2168,85,88,83,advancedPawn crushing endgame pawnEndgame promotion quietMove veryLong,https://lichess.org/uCVNiDmB#85,
UVUKE,r1b2rk1/pp3p1p/3Rp1p1/2p5/Q1P1P3/4qB2/P5PP/1R5K b - - 0 19,b7b6 e4e5 a8b8 a4a7,2150,80,82,136,advantage middlegame quietMove short,https://lichess.org/gLQcoSLa/black#38,English_Opening English_Opening_Symmetrical_Variation
UVed9,8/1p6/p6p/2P3p1/1PK5/k5PP/8/8 b - - 1 47,a3a4 g3g4 a4a3 b4b5 a6b5 c4b5 a3b3 c5c6 b7c6 b5c6,2192,77,82,66,crushing endgame pawnEndgame quietMove veryLong zugzwang,https://lichess.org/nHI8tbOe/black#94,
UVjDa,8/2nk1p1p/6p1/ppR5/8/P1P5/6PP/6K1 w - - 4 33,g1f2 f7f6 c3c4 d7d6 c5c7 d6c7,2177,75,99,169,advantage endgame long quietMove trappedPiece,https://lichess.org/3MAcgCIN#65,
UVkpg,r1br4/pp3ppp/4p3/2kn4/1P6/P1N2B2/3R1PPP/5RK1 b - - 0 19,c5c4 f1c1 d5c3 d2d8,2194,79,83,67,crushing middlegame quietMove short,https://lichess.org/avICdfg0/black#38,Sicilian_Defense Sicilian_Defense_French_Variation
UWAVu,8/2k2p2/2P4p/3K2p1/7P/5P2/8/8 w - - 0 55,h4h5 f7f5 d5e5 f5f4,2198,76,93,8823,crushing defensiveMove endgame pawnEndgame quietMove short,https://lichess.org/4pLZPFbw#109,
UWL7S,8/4kpK1/2B5/pp2PbP1/2pP3p/P1P5/1P6/8 w - - 0 43,c6b5 f5e4 b5c4 h4h3 g5g6 f7g6 d4d5 h3h2 d5d6 e7d7,2195,77,80,97,advancedPawn bishopEndgame crushing endgame master quietMove veryLong,https://lichess.org/l1sKGD2s#85,
UWgTL,8/4P3/k2K4/P6p/b2B1pp1/8/7P/8 w - - 1 56,d4b6 h5h4 e7e8q a4e8,2184,81,90,794,bishopEndgame crushing endgame quietMove short,https://lichess.org/hY6XRGrz#111,
UX7gl,7k/1p4r1/p7/4P3/1P3Pr1/3Q4/7K/8 w - - 3 44,h2h3 g4g6 d3d8 h8h7,2154,83,91,2852,crushing endgame master queenRookEndgame quietMove short,https://lichess.org/KVLFQBMQ#87,
UXjZr,1k1r1r2/p1p3pp/Qp4n1/P3n3/5p2/1N6/2P3PP/5RK1 b - - 1 27,f4f3 b3c5 f3f2 g1h1 b6c5 f1b1 b8a8 a6b7,2132,76,94,253,mate mateIn4 middlegame quietMove sacrifice veryLong,https://lichess.org/mjpTV6Hl/black#54,
UXxNT,r5k1/p1p2pp1/2p1r2p/4N1qn/3P4/1P2P3/P1QB2PP/5RK1 b - - 5 23,f7f6 e3e4 g5h4 d2e1,2163,111,83,25,advantage master middlegame quietMove short,https://lichess.org/MUVBaD2G/black#46,
UXzgt,8/6p1/2p5/2Kb4/P4k2/8/8/3B4 b - - 3 55,d5e4 d1e2 g7g5 a4a5,2112,75,84,78,bishopEndgame crushing defensiveMove endgame master quietMove short,https://lichess.org/g1HJceuQ/black#110,
UY0fK,5r2/6k1/2p1Q1p1/q1Pp1p2/3R2pP/P7/5P2/6K1 w - - 3 35,e6c6 a5e1 g1g2 f5f4 c6c7 f8f7 c7f7 g7f7,2177,79,90,129,advantage endgame quietMove veryLong,https://lichess.org/vvBNn82R#69,
UY5t1,r1b1B2k/p2p2R1/n1p4p/5N2/8/P1P5/P1Pq1PPP/R5K1 b - - 0 23,d2c2 e8g6 c2f5 g7h7 h8g8 g6f5,2178,74,93,7347,crushing exposedKing intermezzo kingsideAttack long middlegame quietMove sacrifice,https://lichess.org/n2jfzMAe/black#46,
UYjkA,8/8/p5kP/1p4P1/8/5K2/5P2/8 w - - 1 43,f3g4 b5b4 f2f4 b4b3 f4f5 g6h7 g4h5 b3b2 g5g6 h7h8 f5f6 b2b1q f6f7 b1f5,2138,75,96,566,advancedPawn crushing endgame pawnEndgame promotion quietMove veryLong,https://lichess.org/H4vSiWTi#85,
UYk9m,r1q3kr/p4pNp/3n3B/3Bp3/3p2b1/2b5/2P2PQP/R4K1R b - - 4 19,g4h3 h1g1 h3g2 g1g2 g8f8 g7f5 f8e8 f5d6 e8d7 d6c8 c3a1 d5a8,2174,99,96,40,advantage discoveredAttack fork middlegame quietMove sacrifice veryLong,https://lichess.org/ZVQYfdn9/black#38,
UYoID,8/p3pk1p/5bp1/1p6/4R1P1/KP6/P1N3r1/4B3 w - - 2 39,c2e3 g2e2 e1g3 a7a5 g3e5 h7h5 g4h5 g6h5 e4f4 e2e3,2176,174,63,18,crushing endgame quietMove veryLong,https://lichess.org/HFcoSGr0#77,
UYsAS,1k2r3/pp4Qq/5p2/4p3/P3P3/1PRP1n1b/5P2/3K2R1 b - - 6 35,h7h5 g7c7 b8a8 g1g7 f3d4 d1c1,2138,82,91,2864,clearance crushing defensiveMove long middlegame quietMove,https://lichess.org/GtK15YSU/black#70,
UZH4A,r3rk2/3bb3/p3p3/1p1pP1q1/3P4/3Q4/PP1N1PPP/4RRK1 b - - 2 21,b5b4 e1e3 e8c8 e3g3 g5h5 g3h3 d7b5 d3b1 h5h3 g2h3,2110,149,67,8,advantage middlegame quietMove veryLong,https://lichess.org/MBONlDnN/black#42,
UZKg8,5qk1/3nr1p1/pp1pRb1p/3P2p1/2PP2P1/1PNQ3P/P4P2/6K1 b - - 5 27,e7e6 d5e6 d7b8 d3e4 f8e8 c3d5,2128,98,68,45,advantage endgame long quietMove,https://lichess.org/dfhTGe1D/black#54,
UZhxA,8/p7/Pk3p2/1p1P2p1/4P3/1K5P/8/8 w - - 4 44,b3b4 b6a6 b4c5 b5b4 c5c6 b4b3 d5d6 b3b2,2103,74,92,1698,advancedPawn crushing endgame pawnEndgame quietMove veryLong,https://lichess.org/puiT91iZ#87,
UZqjZ,4r1k1/p4ppp/8/2p5/1n1pB1P1/Q2P2PP/1PPqr3/1KR4R b - - 4 24,b4c2 a3a4 c2a3 a4a3 e8b8 b2b3 e2e4 d3e4,2191,77,83,732,advantage middlegame quietMove veryLong,https://lichess.org/m0F2Zc2V/black#48,
UaXCr,8/6pp/2k2p2/K7/P7/6P1/7P/8 b - - 4 50,g7g5 g3g4 c6c5 a5a6,2117,78,91,1666,crushing defensiveMove endgame pawnEndgame quietMove short,https://lichess.org/XmTN4nIe/black#100,
UaeTP,2k1r3/2p1q1pp/2p3n1/Q1P2p2/P2rN3/7P/4R1P1/4R1K1 b - - 0 27,d4e4 e1d1 e7c5 a5c5,2176,77,86,139,crushing middlegame quietMove short,https://lichess.org/ZzKPuCsM/black#54,
UbFkp,r4b1k/5B1p/1nqN2p1/1Np5/2P1p3/4B2P/1P3PP1/3R2K1 b - - 0 28,f8d6 d1d6 c6b7 f7e6 a8e8 e3c5 e8e6 d6e6 b6c4 e6e8 h8g7 e8e7 b7e7 c5e7,2166,117,-7,17,crushing fork middlegame quietMove veryLong,https://lichess.org/KpFA9g34/black#56,
UbsWd,8/8/Kp6/1Pk2p1p/8/7P/6P1/8 b - - 2 46,f5f4 h3h4 c5d4 a6b6 d4e3 b6c5 e3f2 b5b6 f2g2 b6b7,2169,77,90,1982,advancedPawn crushing endgame pawnEndgame quietMove veryLong zugzwang,https://lichess.org/DyfFUKyA/black#92,
UbyLJ,2kq1b1r/1p3pp1/p7/2Pp4/QP1Pp1n1/2N1P1p1/P4P1P/R4RK1 w - - 0 19,h2g3 f8e7 a4d1 f7f5 d1g4 f5g4,2191,136,-22,13,crushing long middlegame quietMove,https://lichess.org/lFp1Ib0M#37,Queens_Pawn_Game Queens_Pawn_Game_Other_variations
UcBLI,r3kb2/pp1n1pp1/3pp2r/6p1/Q3P1N1/5P2/Pq3PK1/1R1R4 b q - 1 19,b2e2 b1b7 a8d8 g4h6 g7h6 d1c1 g5g4 c1c8,2145,101,76,25,advantage middlegame quietMove veryLong,https://lichess.org/DUFbPWjY/black#38,Sicilian_Defense Sicilian_Defense_Smith-Morra_Gambit
UcsSe,3b1r2/r2q1p1k/p2p1Ppp/1p1NpR2/4P1QP/8/PPP3P1/R6K w - - 4 23,h4h5 f8g8 f5g5 h6g5,2140,79,90,992,advantage middlegame quietMove short,https://lichess.org/DBedGeXZ#45,
Ud0Ey,3r2k1/p4pp1/bp1qpn1B/3pQ3/n1r3PP/1NP1PP2/P1P3B1/R2R2K1 w - - 3 23,e5g5 f6e8 h6g7 e8g7,2177,77,92,1188,advantage master masterVsMaster middlegame quietMove short,https://lichess.org/jDFGgB1z#45,
Ud7SU,r1q1kb1r/1p1b1ppp/p3p3/1B1Q4/5B2/2P5/P4PPP/R3R1K1 w kq - 0 17,e1e6 f7e6 d5e6 f8e7 a1e1 c8d8 f4c7 a6b5,2135,77,91,3145,advantage master middlegame quietMove veryLong,https://lichess.org/XbjoAUJf#33,Sicilian_Defense Sicilian_Defense_Alapin_Variation
UdL1H,6r1/p2kp3/Pp1pN3/n2P1p2/K3p3/1rp4R/2R2P2/8 b - - 1 38,g8g4 h3h8 e4e3 f2f4 g4f4 e6f4,2132,76,98,113,advantage defensiveMove endgame long quietMove,https://lichess.org/GMINlHgf/black#76,
UdNVM,R7/5pk1/7p/2p2Pp1/1pn3P1/6KP/8/8 w - - 0 44,a8c8 b4b3 g3f2 c4d2 c8b8 c5c4 f2e2 c4c3 e2d3 b3b2,2171,122,83,22,advancedPawn crushing endgame quietMove veryLong,https://lichess.org/VvoCAUkz#87,
UdflC,8/6p1/8/2k2K2/8/8/6P1/8 b - - 2 44,c5d4 g2g4 d4e3 g4g5 e3f3 g5g6 f3g3 f5e6 g3g4 e6f7 g4f5 f7g7,2177,86,84,37,crushing endgame pawnEndgame quietMove veryLong,https://lichess.org/9jScVckO/black#88,
UdpQ5,3q1rk1/6pp/P7/2p1Q3/1BNn4/1P2p1P1/R3P1b1/6K1 w - - 0 31,b4c5 f8f1 g1g2 d8a8 g2h3 h7h5 h3h4 f1f5 e5f5 d4f5,2186,185,33,15,advantage exposedKing master middlegame quietMove sacrifice veryLong,https://lichess.org/k4jfHR77#61,
Udta6,4r1k1/5rp1/pq2p3/2b4p/P1p5/1P4Q1/1B3NPP/4RRK1 w - - 0 25,e1e5 c5f2 f1f2 e8d8 g1f1 f7f2 g3f2 d8f8 f2f8 g8f8,2123,168,82,6,crushing fork middlegame pin quietMove veryLong,https://lichess.org/f4IE3Fd5#49,
Udxh2,8/6p1/4p1k1/1p6/1P3K1P/5P2/8/8 b - - 2 39,g6f6 h4h5 e6e5 f4g4 g7g5 h5h6,2175,75,94,2203,crushing defensiveMove endgame long pawnEndgame quietMove zugzwang,https://lichess.org/Oo49N06U/black#78,
Uebsz,8/4k3/6pp/p2KP3/P7/7P/8/8 b - - 0 51,h6h5 h3h4 g6g5 h4g5 h5h4 d5e4 h4h3 e4f3 h3h2 f3g2 h2h1q g2h1,2142,78,90,317,crushing endgame pawnEndgame quietMove veryLong zugzwang,https://lichess.org/PsRB7tWa/black#102,
UepZM,r3r3/2p2pk1/6p1/1p1pP3/p1nN2Pq/P1N5/1P2QP2/1R2R1K1 w - - 1 28,c3d5 e8h8 e2f3 h4h2 g1f1 c4d2 f1e2 d2f3,2198,77,91,3734,advantage fork middlegame quietMove veryLong,https://lichess.org/747q152N#55,
Uevfr,8/8/4k3/1pp3p1/4K1P1/8/PP6/8 w - - 0 43,b2b3 b5b4 e4d3 e6d5 d3e3 d5e5,2151,74,87,320,crushing defensiveMove endgame long pawnEndgame quietMove zugzwang,https://lichess.org/YvtuNPbb#85,
UfAgk,r1b2rk1/ppppqpp1/2nn2P1/3Q4/2B1p3/2P5/P1P3PP/R1B2RK1 b - - 0 13,e7e6 d5h5 e6g6 h5g6,2133,75,93,10992,advantage opening pin quietMove short,https://lichess.org/3S5BBYTb/black#26,Vienna_Game Vienna_Game_Anderssen_Defense
UfDF9,4r3/p4R2/6pk/4p3/8/6P1/K6P/8 w - - 2 33,f7a7 e5e4 a2b3 e4e3 a7a1 e3e2 a1e1 h6g5 h2h3 e8e3,2126,103,61,21,advancedPawn crushing endgame master quietMove rookEndgame veryLong,https://lichess.org/fBshpbjf#65,
UfZ2P,4k3/3r3q/8/p3B3/2pP1QP1/2P1P3/5P2/6K1 w - - 11 52,g4g5 h7b1 g1g2 d7h7 g2g3 b1g1,2105,74,83,162,clearance crushing endgame long master quietMove,https://lichess.org/ED0sENx4#103,
Ug0Dp,8/5k2/7P/6K1/2n3P1/2P5/8/8 b - - 0 55,c4e5 g5f5 e5c4 g4g5 c4e3 f5e4,2114,75,93,2006,crushing defensiveMove endgame knightEndgame long quietMove,https://lichess.org/8fkcrlPa/black#110,
Ug2l6,1k4rr/1b2b3/2qpp3/5p1p/2R1P1n1/PQ4P1/1PP2PB1/R3B1K1 b - - 1 24,c6a6 g2f1 a6a7 c4a4 a7a4 b3a4,2106,95,80,27,advantage long middlegame quietMove,https://lichess.org/3oEEaxqM/black#48,
UiC6O,5r2/8/1p2P3/1Pp1rPkp/5R2/6P1/3R2K1/8 b - - 2 47,f8f5 d2f2 g5g6 f4f5,2183,76,87,117,crushing endgame quietMove rookEndgame short,https://lichess.org/0N1Eards/black#94,
UiYQD,r5k1/1b3p1p/pp1p2PB/2pP2P1/P3r3/2P2R1P/8/R5K1 b - - 0 24,f7g6 a1f1 e4e8 c3c4,2160,115,16,18,crushing defensiveMove endgame quietMove short,https://lichess.org/UlNmTzRu/black#48,
Uild8,r6Q/1p1bkp2/1b2p1p1/1P1pP1N1/3n1B2/2q5/5PPP/1R4K1 w - - 3 28,h8a8 d4e2 g1h1 e2f4 a8h8 f4h5 g2g4 c3c2,2183,110,-10,20,advantage fork middlegame quietMove veryLong,https://lichess.org/xEZ88Y6J#55,
Uj0en,8/1p3pk1/1b3q2/pP2N2b/P2P1p1r/N1P2Q2/5PP1/R5K1 w - - 5 32,f3b7 f6h6 b7e7 h5g6 f2f3 h4h1 g1f2 h1a1,2167,143,-69,14,advantage middlegame quietMove skewer veryLong,https://lichess.org/JDxorOut#63,
UjbYe,2r2rk1/pp2qp2/6pQ/2pp1P2/P3R3/2P5/6PP/R1B3K1 b - - 0 27,e7e4 c1g5 e4f5 a1f1,2168,74,94,1467,advantage clearance endgame master quietMove short,https://lichess.org/Gd4dUpfZ/black#54,
UjncW,5rk1/1bq2rp1/pb5p/1p6/3pN3/P2Q1N1P/1PP1R1P1/4R2K b - - 4 26,f7d7 e4g5 h6g5 f3g5,2152,81,83,46,crushing middlegame quietMove sacrifice short,https://lichess.org/powlLisy/black#52,
Uk0f0,8/8/3kpK2/1p1r2p1/8/4PP1P/3R1P2/8 w - - 4 41,d2d5 d6d5 e3e4 d5d6 f3f4 g5f4 h3h4 b5b4 h4h5 b4b3 h5h6 b3b2 e4e5 d6d7 h6h7 b2b1q h7h8q b1f5 f6g7 f5e5,2199,120,14,15,advancedPawn crushing deflection endgame promotion quietMove veryLong,https://lichess.org/bxB5QctM#81,
Uk8lQ,4r3/6pk/B2b4/1p3bqp/5p2/2PP1Q1P/PP1B1P1K/RN6 w - - 4 28,b1a3 g5h4 h2g1 e8e6 a6c8 e6g6 g1f1 f5c8,2187,171,37,18,advantage discoveredAttack middlegame quietMove veryLong,https://lichess.org/nn8txzU8#55,
UkA08,8/8/p7/3k2p1/1P2pPP1/2K5/8/8 b - - 0 53,e4e3 f4f5 e3e2 c3d2,2199,95,90,2595,crushing endgame pawnEndgame quietMove short,https://lichess.org/J7be3Z9s/black#106,
UkLy0,2r1r3/p4P2/p1p2P1k/2R4p/3p3P/8/P7/6RK b - - 0 32,e8f8 g1g7 f8f7 g7f7,2197,76,92,600,advantage endgame quietMove rookEndgame short,https://lichess.org/Y2IQIAqm/black#64,
UkY3r,4B3/K7/3k4/3p2p1/P2P4/8/4n3/8 w - - 1 45,a7b6 g5g4 e8h5 g4g3 h5f3 e2d4,2194,77,90,656,crushing endgame long master quietMove,https://lichess.org/BnZTOcqM#89,
UkkbX,8/1p6/1p3p2/4k1p1/4P1Pp/P2K3P/1P6/8 w - - 1 36,d3e3 b6b5 b2b3 b5b4 a3b4 b7b5 e3f3 e5d4,2199,77,92,2031,crushing endgame pawnEndgame quietMove veryLong zugzwang,https://lichess.org/6AOXY4Kz#71,
UklH6,4rnk1/p3bpBp/1p4n1/2p2pPQ/5N2/3PP2R/q6P/3R2K1 b - - 0 25,g8g7 h5h6 g7g8 f4h5 a2b2 d3d4,2113,73,95,7084,crushing long middlegame quietMove,https://lichess.org/PLWkoN3f/black#50,
Ukq1S,8/p1r1k1p1/2PR4/8/8/2P5/6PP/6K1 w - - 3 40,d6d7 c7d7 c6d7 a7a5 d7d8q e7d8,2148,76,93,2400,crushing endgame long quietMove rookEndgame,https://lichess.org/KruqTFJe#79,
Ukvub,8/1p3k2/p1p3p1/P4p2/2P2P1P/1P2K3/8/8 b - - 1 42,f7e6 e3d4 e6d6 b3b4 d6e6 d4c5 e6d7 c5b6,2140,81,91,271,crushing endgame pawnEndgame quietMove veryLong zugzwang,https://lichess.org/Qhl5YagU/black#84,
Ul0JK,r3r3/pppk1Q2/2n1p2R/4q3/2P4P/BP2PP2/P2P4/b3K3 b - - 6 23,d7d8 h6h7 e5g3 e1d1 g3g1 d1c2 g1g7 h7g7,2179,77,95,250,advantage defensiveMove middlegame quietMove veryLong,https://lichess.org/Kz9DXqfT/black#46,
Ul53C,5r1k/pp4b1/3p2Qp/2p4P/2Pp2Pq/P7/1P3P2/2B2RK1 w - - 1 30,c1h6 g7e5 h6g7 e5g7,2106,80,91,1503,crushing endgame quietMove short,https://lichess.org/fqfSlDiu#59,
Ul6yH,R4bk1/5r1p/4p2B/1p3P2/p1p1P1P1/8/8/6K1 b - - 0 35,e6f5 e4e5 a4a3 e5e6 a3a2 e6f7,2172,77,92,576,advancedPawn advantage endgame long master pin quietMove,https://lichess.org/LcWYkJKX/black#70,
UlIC1,4r1k1/pQ3ppp/8/2p5/3p1N2/3P2PP/PPPq2K1/R7 w - - 3 26,g2f3 h7h5 b7e4 e8e4,2141,81,84,48,advantage endgame quietMove short,https://lichess.org/HTZBVqQK#51,
UlQik,4r2k/p4pp1/2q5/3p4/1P4n1/P2b1RP1/2Q4P/3R3K w - - 0 31,c2d3 d5d4 d3f5 g4f2 h1g2 f2d1 f5h5 c6h6 h5h6 g7h6,2187,78,84,142,advantage endgame pin quietMove veryLong,https://lichess.org/5AAMwDNR#61,
UmGak,8/8/8/3nkpp1/4p3/1B2P1P1/5P2/6K1 b - - 1 50,f5f4 b3d5 f4e3 d5c4 e3e2 c4e2,2112,78,94,277,crushing endgame long quietMove,https://lichess.org/lWM1aGDC/black#100,
UmUKT,5rk1/ppp2rp1/3p1PQB/3Nq3/2n5/8/PP4PP/5RK1 b - - 0 21,e5d5 h6g7 c4e5 g6h6 f7d7 h6h8,2128,130,67,17,advantage long middlegame quietMove,https://lichess.org/MTsEGo4S/black#42,
UmYg7,1r5k/pb1r2pp/1pRpp3/1B3p2/3Pp3/4P1P1/PP3PP1/3R2K1 w - - 4 30,c6b6 d7d8 b6b7 b8b7,2108,75,92,7053,advantage endgame master masterVsMaster quietMove short trappedPiece,https://lichess.org/v8l5sCj6#59,
UmffS,8/5k2/4r1q1/6p1/3Bb3/PQ3p2/1P6/K3R3 b - - 1 51,g5g4 e1c1 e4f5 c1c7,2166,95,81,53,crushing endgame quietMove short,https://lichess.org/oURBZM5i/black#102,
Un5wz,8/p3r3/1k2p1R1/1p1pP1P1/2p5/P1P4B/4n2K/8 b - - 2 35,e2c3 g6e6 e7e6 h3e6 c3e2 g5g6 c4c3 e6f5 e2d4 g6g7,2114,80,91,49,advancedPawn crushing endgame quietMove veryLong,https://lichess.org/22XilORp/black#70,
UnD6l,8/1p4p1/2p1p2p/p4k2/P2P4/2P1KP1P/1P6/8 w - - 1 31,b2b4 a5b4 c3b4 g7g5 e3f2 f5f4 f2e2 f4g3,2135,89,40,65,crushing endgame pawnEndgame quietMove veryLong zugzwang,https://lichess.org/ejFseTho#61,
UnPFp,8/1p5p/p6K/7P/6k1/8/PP6/8 b - - 0 38,b7b5 b2b4 g4h4 a2a3 h4g4 h6h7 g4h5 h7g7,2117,88,91,1452,crushing defensiveMove endgame pawnEndgame quietMove veryLong,https://lichess.org/MGrzdTQm/black#76,
UnU6j,8/1p6/1p2p2p/3pPk2/1P2pP2/P3P2P/6K1/8 w - - 1 38,g2g3 b6b5 g3f2 d5d4 e3d4 f5f4,2152,87,73,42,crushing deflection endgame long pawnEndgame quietMove zugzwang,https://lichess.org/XjjBumdE#75,
UoOAg,8/p6p/R5p1/1B2k3/N5P1/5P1K/P2r3P/6b1 w - - 5 44,h3g3 g1h2 g3h4 h2f4 g4g5 d2h2,2199,79,91,955,advantage clearance endgame long quietMove,https://lichess.org/PcSozG08#87,
UoOwT,4b3/8/3k4/3Pp2p/1Pp5/2K5/4B3/8 w - - 0 54,e2c4 h5h4 c4f1 d6d5,2124,79,91,958,bishopEndgame crushing endgame master quietMove short,https://lichess.org/YKRYzapX#107,
UoOyZ,8/p1k5/1p2p3/2p1Pp2/6p1/P1P1K1P1/1P5P/8 b - - 1 33,c7c6 c3c4 b6b5 b2b3 b5c4 b3c4 c6d7 e3f4 d7e7 f4g5 e7f7 g5h6,2117,80,84,40,crushing defensiveMove endgame pawnEndgame quietMove veryLong,https://lichess.org/vCe0f61q/black#66,
UoTZV,8/1p3K2/p1p5/2Pp4/PP1P4/8/5k2/8 w - - 0 33,f7e7 f2e3 e7d7 e3d4 d7c7 d4c4 c7b7 d5d4 b4b5 a6b5,2117,76,91,259,advantage endgame pawnEndgame quietMove veryLong,https://lichess.org/Sjr74YJP#65,
UoTnJ,8/8/8/Kp4Bp/1Pkn3P/P7/8/8 w - - 7 55,a3a4 d4b3 a5a6 b5a4 b4b5 a4a3 b5b6 a3a2 g5f6 b3d4 f6d4 c4d4,2121,74,92,245,advancedPawn crushing deflection endgame quietMove veryLong,https://lichess.org/7AskDURZ#109,
UpNn1,1r1qr2k/ppp3pp/2n1Q3/8/1b6/2P2N1P/P1P2PP1/R1B1R1K1 w - - 1 16,e6g4 e8e1 f3e1 b4c3 a1b1 c3e1 c1b2 d8e7 b2g7 e7g7,2137,74,93,7797,advantage fork middlegame quietMove veryLong,https://lichess.org/oPYHAdtb#31,Russian_Game Russian_Game_Modern_Attack
Upwx3,8/7p/8/kp6/4KPP1/8/8/8 b - - 0 50,b5b4 f4f5 b4b3 e4d3 b3b2 d3c2,2160,75,96,262,crushing endgame long pawnEndgame quietMove,https://lichess.org/LFteAbd8/black#100,
UqGgK,8/8/1p1k4/2p2pp1/P1K4P/1P4P1/8/8 b - - 0 39,g5h4 g3h4 d6e5 h4h5 e5f6 c4d5 f6g5 d5e5,2173,75,94,163,advantage endgame pawnEndgame quietMove veryLong,https://lichess.org/11pZfhpY/black#78,
UqeTx,6k1/p4q1p/3Qp1p1/3p4/3PbB1P/8/P1P5/6K1 b - - 0 27,e4f5 f4h6 f7e8 d6c7 e8f8 h6f8,2133,102,82,22,crushing endgame long master quietMove,https://lichess.org/IAilyoXU/black#54,
UqjU0,8/p3R3/1p3pk1/2p3p1/P5P1/rP5P/1r3PK1/5R2 b - - 6 33,a7a5 f1d1 a3a2 d1d7 b2f2 g2g1,2186,79,78,45,crushing defensiveMove endgame long quietMove rookEndgame,https://lichess.org/EWvA685y/black#66,
UqlSW,5r1k/R6p/8/1p2q1p1/3pP1P1/P6P/1PQ3K1/8 w - - 1 36,c2d3 e5f6 d3e2 d4d3,2174,76,88,127,crushing endgame quietMove short,https://lichess.org/C1gAY03T#71,
Uqx2P,6k1/1q4p1/4P2p/p6P/3QbN2/8/6P1/6K1 b - - 0 46,e4c6 d4d8 g8h7 f4g6 b7b1 g1h2 b1g6 h5g6,2115,75,94,2442,crushing endgame quietMove veryLong,https://lichess.org/hVFhR7L5/black#92,
Uqyys,8/1p6/8/4k3/P2N1p1p/5P1P/4K3/4n3 b - - 2 50,e1g2 d4c2 g2e3 c2e3 f4e3 e2e3,2172,74,84,303,crushing endgame knightEndgame long quietMove,https://lichess.org/u2rwt26h/black#100,
UrZRg,2r3k1/1p4pp/p1np4/4p2P/2P4q/2N2r1P/PP1QNP1K/R4R2 w - - 1 19,e2g1 c6d4 d2d4 e5d4,2155,77,91,1464,crushing master middlegame quietMove short,https://lichess.org/Xlu4MwAg#37,Sicilian_Defense Sicilian_Defense_Modern_Variations
UsE0n,r3Q3/p5pk/2p5/1p3b1p/3P2p1/2P1P2q/P4P1B/2R2RK1 w - - 0 29,e8a8 f5e4 f2f3 g4g3 h2g3 h3g3,2137,263,100,10,endgame equality long quietMove trappedPiece,https://lichess.org/86tErYj8#57,
UsVdD,r4rk1/pQ1p1p2/1p2p1p1/5q1p/2P5/6P1/PB1n1P1P/R1R3K1 b - - 6 25,f5h3 c1c2 a8b8 b7h1 d2c4 c2c4,2113,77,91,643,advantage long middlegame quietMove,https://lichess.org/aHQe3kCA/black#50,
UtAaV,8/8/6p1/p4pk1/2rP4/3R1KP1/P7/8 b - - 3 59,c4a4 d4d5 a4c4 d5d6 c4c8 d6d7 c8d8 d3d6,2148,77,82,62,advancedPawn clearance crushing endgame quietMove rookEndgame veryLong,https://lichess.org/eBKMAXTK/black#118,
UtDcI,5rk1/pp4p1/1q2p1Q1/8/3PB3/nPP4P/P5P1/6K1 b - - 0 32,e6e5 e4d5 g8h8 d5e6 b6e6 g6e6,2171,125,86,18,crushing endgame long quietMove,https://lichess.org/sx6GGy9x/black#64,
Utnyz,8/6p1/p4pP1/2k5/2p4P/P1K5/8/8 b - - 0 38,f6f5 h4h5 f5f4 h5h6 f4f3 h6g7 f3f2 g7g8q f2f1q g8c8,2168,74,80,134,advancedPawn crushing endgame pawnEndgame promotion quietMove veryLong,https://lichess.org/bS6XRwp3/black#76,
Uu4fl,1r6/5pk1/r2b2p1/3N3b/1p1P4/7P/1PPB1P2/1K2R1R1 w - - 2 34,d5f4 b8a8 f4h5 g7h8 e1e8 a8e8,2107,80,90,1402,crushing defensiveMove long middlegame quietMove sacrifice,https://lichess.org/KQlLRjlR#67,
UuA8Y,8/7p/p4k2/1p1K1pp1/8/2P3P1/PP3P2/8 b - - 1 34,f5f4 g3g4 h7h5 g4h5,2110,78,92,2719,crushing endgame pawnEndgame quietMove short,https://lichess.org/iy9JzWq2/black#68,
UuBYc,2R2b1r/Np1k1ppp/2p1p3/3n4/5B2/5P2/PPP2P1P/2K5 w - - 7 19,f4g3 g7g6 c2c4 f8h6,2172,78,79,78,advantage clearance endgame quietMove short,https://lichess.org/wsBJMDXe#37,
UuEek,r6r/4kppp/p3p3/2NpPn2/Bp1P4/7q/PP3P1P/2RQR1K1 w - - 0 22,c5d3 f5h4 c1c7 e7f8 d3f4 h4f3 d1f3 h3f3,2105,82,82,50,crushing fork middlegame quietMove veryLong,https://lichess.org/iU8n5LK2#43,
UuR8W,4k3/1P4R1/2P1p3/r2p3K/1r6/8/8/8 b - - 0 52,d5d4 h5g6 a5c5 g7c7 d4d3 g6f6 c5c6 c7c6,2176,189,100,9,defensiveMove endgame equality quietMove rookEndgame veryLong,https://lichess.org/LvycybEZ/black#104,
UugAc,8/6p1/P5kp/4R3/8/8/3p3r/3K4 b - - 0 47,g6f6 e5a5 h2h1 d1d2,2166,79,91,2760,crushing endgame quietMove rookEndgame short,https://lichess.org/6i9kDGYq/black#94,
UumJ0,8/3k4/3n1PK1/8/3P3p/2P4P/8/8 b - - 0 51,d7e6 c3c4 d6c4 f6f7 e6e7 g6g7,2159,76,87,96,advancedPawn crushing defensiveMove endgame knightEndgame long quietMove,https://lichess.org/l6p3HmPl/black#102,
Uun0a,5bk1/2R2p2/5rp1/3Pp2p/1q2P3/3B2KP/2Q2PP1/8 w - - 10 35,f2f3 b4e1 g3h2 f8h6 c2e2 h6f4 g2g3 e1g3,2155,77,91,1579,crushing endgame quietMove veryLong,https://lichess.org/CUPkmf9h#69,
UvHGb,r2qr1k1/1Qpb1pp1/pb5p/3P4/5B2/3P2P1/PPP2PBP/R4RK1 w - - 3 18,d5d6 c7c6 g2c6 a8a7 c6d7 a7b7 d7e8 d8e8,2165,77,89,507,advantage middlegame quietMove trappedPiece veryLong,https://lichess.org/d6bdL1il#35,Elephant_Gambit Elephant_Gambit_Paulsen_Countergambit
UvPlj,8/8/p7/P3p3/7P/4q1k1/8/5Q1K b - - 2 60,e3f3 f1f3 g3f3 h4h5 e5e4 h1g1 e4e3 g1f1,2156,83,80,46,crushing defensiveMove endgame queenEndgame quietMove veryLong,https://lichess.org/s68uZP3Q/black#120,
UvSt5,3r4/8/r2p1RR1/p1p4k/8/1P6/P5K1/8 b - - 3 40,d8h8 g6g3 h8e8 f6f1 e8e4 f1f8 d6d5 f8h8,2179,89,75,42,advantage endgame quietMove rookEndgame veryLong,https://lichess.org/ghnpheOP/black#80,
UvtUd,r2q3r/pp1k1p2/1bpp1p2/8/2P1P1b1/2NQ4/PP2N1PP/R4R1K w - - 1 16,e4e5 h8h2 h1h2 d8h8 h2g3 a8g8 d3d6 d7c8,2138,75,93,4242,attraction clearance crushing middlegame quietMove sacrifice veryLong,https://lichess.org/E7qV88aS#31,English_Opening English_Opening_Other_variations
Uw5Hd,8/5p2/p7/1pK3P1/7k/1P6/P7/8 w - - 0 46,c5b6 h4g5 a2a4 f7f5 a4a5 f5f4 b6a6 f4f3,2196,91,58,40,crushing endgame pawnEndgame quietMove veryLong,https://lichess.org/JCD1xAvb#91,
UwuFK,2k1r3/Qpp4p/p7/4q3/4p3/8/PPP2PP1/4R1K1 b - - 3 29,e5b2 e1d1 c7c5 a7a8 c8c7 a8e8,2139,76,95,4731,crushing endgame long quietMove skewer,https://lichess.org/WAlf4EhP/black#58,
UxYkM,2k5/2b2pp1/1PP4p/2K5/8/8/5PPP/8 b - - 0 32,c7h2 g2g3 h2g1 c5d6 g1f2 b6b7 c8b8 c6c7 b8b7 d6d7,2108,74,94,4848,advancedPawn bishopEndgame crushing defensiveMove endgame exposedKing quietMove sacrifice veryLong,https://lichess.org/DYGr41Tz/black#64,
UxZLy,r3nb2/pppR3k/2n1p3/5pBp/2q4P/2N5/PPQ3P1/7K b - - 1 22,h7g6 c3e2 c4b4 e2f4 b4f4 g5f4,2134,75,89,319,advantage long middlegame quietMove,https://lichess.org/n2GjhORt/black#44,
Uxbvf,8/8/7p/pp2k3/5p2/1PPK1P2/P7/8 w - - 4 50,c3c4 b5c4 b3c4 h6h5 c4c5 h5h4,2180,83,90,634,crushing defensiveMove endgame long pawnEndgame quietMove,https://lichess.org/KF2Bp7pb#99,
Uxltr,4r1k1/p5pp/2q1b3/4Qp2/8/2P2RP1/5P1P/4R1K1 w - - 2 35,f3f5 e6f7 e5e8 f7e8,2150,110,71,25,advantage endgame quietMove short,https://lichess.org/tD2svxlw#69,
Uy4J0,4b3/8/1K3Np1/2P4p/3pk2P/8/8/8 b - - 3 56,e4e3 f6e8 d4d3 e8d6 e3d4 d6b5,2155,75,90,167,crushing endgame hangingPiece long master quietMove,https://lichess.org/diAbH77l/black#112,
Uyhwi,8/6p1/3b2pp/1p1p2k1/p1pP2P1/P1P4P/1P2NPK1/8 b - - 2 36,g5h4 f2f4 h6h5 g4g5 d6f4 e2f4,2181,80,67,52,crushing endgame long quietMove,https://lichess.org/cLQDanbZ/black#72,
UynCo,6k1/2p3p1/2q1p1Pp/p2PP3/7b/2PQB3/8/5K2 b - - 0 31,c6d5 d3d5 e6d5 e3c5 h4f6 e5e6,2176,75,94,2434,crushing endgame long quietMove,https://lichess.org/qwCZqG8g/black#62,
UysA3,5k2/p3rpp1/6rp/8/2Pp4/1PR5/P4PPP/4R1K1 w - - 0 32,e1e7 d4c3 e7e2 g6d6 g2g4 d6d2,2170,78,85,74,crushing endgame hangingPiece long quietMove rookEndgame,https://lichess.org/st2E8g2Y#63,
Uz51h,r5k1/pp1N1pp1/2p1r3/2Pb2p1/3P4/5P2/PP4PP/R3R1K1 w - - 2 24,b2b3 f7f6 e1e6 d5e6 d7f6 g7f6,2177,73,93,7216,advantage endgame long quietMove trappedPiece,https://lichess.org/LS6df2XV#47,
UzW9O,8/8/8/p1p4p/P1P4k/1P2K2P/8/8 b - - 1 50,h4h3 b3b4 c5b4 c4c5 h3g2 c5c6,2101,78,91,1398,crushing endgame long pawnEndgame quietMove,https://lichess.org/KTgVWHRR/black#100,
UzqYk,8/4k1p1/pR6/4P2p/2P1K2P/r5p1/P7/8 w - - 0 37,b6b2 g7g5 h4g5 h5h4 e4f5 h4h3,2112,75,93,4076,crushing endgame long quietMove rookEndgame,https://lichess.org/EXluk8rR#73,
V04pe,1N6/2r3pk/P4p1p/8/nB2P3/5P1P/2P3PK/8 b - - 0 42,c7c2 b4a5 c2c5 a5d8 c5c8 a6a7 c8d8 a7a8q,2168,91,80,40,advancedPawn crushing endgame promotion quietMove veryLong,https://lichess.org/r02Ucgg7/black#84,
V0u5B,3k1b1r/ppp1p3/q4pb1/7p/3N2p1/1QP1B2P/PP3PP1/R5K1 b - - 1 20,g4h3 a1d1 d8e8 d4e6,2185,110,83,15,crushing middlegame quietMove short,https://lichess.org/6573Clxw/black#40,
V176r,6k1/5p1p/p2q1Bp1/1p6/1R5Q/1nP3PP/1PN2P1K/3q4 b - - 0 34,d6d5 b4e4 d5e4 h4e4,2171,77,84,127,crushing middlegame quietMove short,https://lichess.org/gGLLCYgA/black#68,
V17B5,8/6p1/3kp2p/pp6/3PK3/2P3PP/P7/8 b - - 0 33,b5b4 c3b4 a5b4 g3g4 g7g5 e4e3,2170,130,21,10,crushing defensiveMove endgame long pawnEndgame quietMove,https://lichess.org/N88djtRW/black#66,
V1A8u,3r2k1/5pp1/1ppq1bp1/p2p4/P2P1PP1/1PP1Q3/6BP/4R1K1 b - - 0 24,d8d7 e3e8 g8h7 e1e3 f6h4 e3h3 d6e7 e8e7,2196,82,91,2310,clearance crushing endgame pin quietMove veryLong,https://lichess.org/8aQHVqoP/black#48,
V1Rho,8/pp6/2p2p2/2P1k1p1/1P2P1Pp/P3K2P/8/8 b - - 2 46,b7b6 c5b6 a7b6 a3a4 e5d6 e3d4,2146,81,91,936,crushing defensiveMove endgame long master pawnEndgame quietMove,https://lichess.org/ODU3gHHt/black#92,
V1yq1,4R3/6pk/7p/1pr1NP2/8/P5P1/6PK/1n6 b - - 2 45,b1a3 g3g4 c5e5 e8e5,2144,81,91,755,crushing endgame quietMove short,https://lichess.org/9BEFWR1R/black#90,
V1zla,6k1/pp4p1/2qp2Qp/8/P1P5/1P2r3/6PP/R6K b - - 0 29,e3b3 a1e1 d6d5 e1e8 c6e8 g6e8,2103,78,80,202,crushing endgame long quietMove,https://lichess.org/f2NTaGXW/black#58,
V2C0b,rn3rk1/p1qp1pp1/1p2pn1p/2pb4/4N3/2PP3P/PPQNPP2/R1B1K1R1 b Q - 2 15,f6e4 d3e4 d5c6 d2f3 g8h7 e4e5,2183,80,84,162,advantage discoveredAttack long opening quietMove,https://lichess.org/HDQF4FQg/black#30,Saragossa_Opening Saragossa_Opening_Other_variations
V2COY,8/p3k3/1p2P3/5K2/2P1R2P/5pr1/8/8 w - - 0 41,e4d4 f3f2 d4f4 g3g8 f4f2 g8f8 f5g6 f8f2,2121,76,93,209,advancedPawn crushing endgame quietMove rookEndgame skewer veryLong,https://lichess.org/0BDUQQNU#81,
V2CmP,5k2/p4qp1/4p3/1p1nPpN1/3P3Q/7P/5PPK/8 b - - 3 35,f7g8 h4g3 b5b4 g3d3,2169,108,81,25,crushing endgame quietMove short,https://lichess.org/cdLRCwCb/black#70,
V2THj,4r1k1/1q6/3Q2p1/2p1pp1p/2P1R2P/rP2R3/5PP1/6K1 b - - 0 27,f5e4 d6g6 g8f8 e3g3 b7f7 g6h6 f8e7 g3g7 a3a1 g1h2 f7g7 h6g7,2110,86,84,49,advantage clearance endgame exposedKing fork pin quietMove veryLong,https://lichess.org/OeKxEtmz/black#54,
V2cLL,8/2q3pk/R1P3rp/8/5p2/3Q3P/5P1K/8 w - - 3 34,d3d7 c7e5 d7d1 f4f3,2101,79,84,60,crushing discoveredAttack endgame master quietMove short,https://lichess.org/Arm5LUHN#67,
V2ttS,8/8/4k1pp/2p5/2K4P/6P1/5P2/8 b - - 1 49,e6f5 f2f3 f5e5 c4c5 h6h5 c5c4,2116,76,72,313,crushing defensiveMove endgame long pawnEndgame quietMove,https://lichess.org/6wRnSzOK/black#98,
V36Im,8/3Rrk2/p6p/6p1/3P1p2/1P3PpP/P5P1/5K2 w - - 4 38,d7d6 e7c7 d6h6 c7c1,2177,75,85,126,advantage endgame quietMove rookEndgame short,https://lichess.org/KDPjrU5G#75,
V3JJh,8/1p3p2/8/1pp1P3/5pPp/P3kP1P/1PK5/8 b - - 0 42,e3f3 g4g5 f3g2 e5e6 f7e6 g5g6 f4f3 g6g7 f3f2 g7g8q,2153,77,86,958,advancedPawn crushing endgame pawnEndgame promotion quietMove veryLong,https://lichess.org/dWclAMEr/black#84,
V3UvG,8/3b1p2/1Bk3p1/KpPpPpPp/3P1P2/8/7P/8 w - - 21 44,a5a6 b5b4 b6a5 d7c8,2127,74,88,289,bishopEndgame crushing endgame quietMove short,https://lichess.org/i0dBpq6P#87,
V3Zln,8/6p1/2Q2pkp/3p4/3PP3/p5PP/q4PK1/8 w - - 0 52,e4d5 a2b1 c6e8 g6h7,2175,82,87,65,crushing defensiveMove endgame queenEndgame quietMove short,https://lichess.org/PjpylSAK#103,
V3uQQ,r3kb1r/pp3ppp/2p1p3/3q2P1/8/2BQ3P/PPP2P2/2KR3R b kq - 1 17,e8c8 d3g3 f8e7 d1d5,2159,78,73,143,advantage discoveredAttack middlegame quietMove short,https://lichess.org/VrJbRjJD/black#34,Scandinavian_Defense Scandinavian_Defense_Main_Line
V4bIA,8/4k3/7P/6P1/4bP1K/8/8/8 b - - 0 53,e7f8 h4g4 f8g8 f4f5 g8h7 g4f4,2159,78,89,794,bishopEndgame crushing endgame long quietMove,https://lichess.org/j2qABCwV/black#106,
V50QR,8/6pr/p2pk1n1/2p1p1b1/2PqPpN1/3P1PpP/PR4P1/1Q2NK2 b - - 8 34,g5d8 b2b3 h7h3 g2h3,2165,76,87,109,crushing middlegame quietMove short,https://lichess.org/EUimGDRD/black#68,
V5Cd7,r4rk1/p3qp2/1pp2Pp1/3p3p/3P3P/2P3P1/PPB2Q2/5R1K b - - 0 28,e7c7 f2e3 c7c8 c2f5,2152,82,80,44,crushing endgame quietMove short,https://lichess.org/AWWRcNXf/black#56,
V5IS8,8/6p1/p4p1p/2p1kP1P/4P3/1PP1K3/8/8 w - - 0 40,e3f3 a6a5 f3e3 c5c4 b3b4 a5a4 e3d2 e5e4,2113,76,82,79,crushing endgame pawnEndgame quietMove veryLong,https://lichess.org/Vtm3D69d#79,
V5LEM,8/4k1pp/4p3/1p1pK1PP/3P4/pPP5/P7/8 b - - 0 37,h7h6 g5h6 g7h6 b3b4 e7d7 e5f6,2130,87,100,29,crushing endgame long pawnEndgame quietMove zugzwang,https://lichess.org/jbCjWuUM/black#74,
V5Xiz,5r1k/ppp3pp/4r2b/5q2/3QNP2/2P1P3/PP2K1P1/3R3R w - - 0 24,e2f3 h6f4 g2g4 f5f7 h1f1 f4e5 f3e2 e5d4 f1f7 f8f7,2193,77,90,697,advantage discoveredAttack middlegame quietMove veryLong,https://lichess.org/aH91nJas#47,
V5a05,2k5/pp3p2/4p2P/3pP1B1/3P4/Pr6/5P2/3K4 b - - 1 37,b3a3 g5e3 a3a1 e3c1,2160,75,95,672,advantage defensiveMove endgame quietMove short,https://lichess.org/V0V9KhI0/black#74,
V605U,5r1k/2p4P/p7/4r1q1/2P5/P1QB1bP1/5P1P/R5K1 b - - 0 27,f3e4 d3e4 g5f6 f2f3 e5e4 c3f6 f8f6 f3e4,2160,86,70,36,advantage exposedKing middlegame pin quietMove veryLong,https://lichess.org/by0wXucM/black#54,
V67WD,r1b1rk2/1p2p3/p4bRp/q1pP1P2/2P5/2NpPP2/PP4QP/2KR4 b - - 2 21,c8f5 d1g1 f5g6 g2g6,2197,113,78,35,crushing middlegame quietMove sacrifice short,https://lichess.org/vH2KkVAq/black#42,
V6EKI,8/8/P3k1p1/4Pp1p/2BK1P2/8/5P2/r7 b - - 1 36,e6e7 d4c5 h5h4 c5b6 h4h3 a6a7 h3h2 c4d5 h2h1q d5h1,2147,75,95,1243,advancedPawn crushing endgame quietMove veryLong,https://lichess.org/aPMUrxFJ/black#72,
V7A2A,8/2bk3p/pBp1p1p1/P1K5/8/5PP1/7P/8 b - - 2 34,h7h5 b6c7 d7c7 f3f4 e6e5 f4e5,2154,75,91,1553,bishopEndgame crushing endgame long quietMove zugzwang,https://lichess.org/KdUP5Xgn/black#68,
V7RQr,r1b4k/pp3Rp1/2p1p2p/2P1q3/8/3B4/PPQ3PP/6K1 b - - 0 20,h8g8 c2f2 c8d7 f7d7,2104,73,94,10413,crushing endgame quietMove short,https://lichess.org/9Xt9FEhB/black#40,
V7XmE,5r2/2k5/R5P1/1p6/5P2/2p5/P7/6K1 w - - 0 48,g6g7 f8e8 a6e6 c3c2 e6e8 c2c1q,2199,150,86,21,advancedPawn advantage endgame long promotion quietMove rookEndgame,https://lichess.org/OZmPkiwY#95,
V7lRi,8/8/7p/2p3p1/1k2K3/6P1/P6P/8 w - - 1 47,e4d5 c5c4 d5d4 g5g4,2137,75,98,351,crushing defensiveMove endgame master pawnEndgame quietMove short,https://lichess.org/JiqqNy99#93,
V8OaF,r2q1bkr/pp1n2p1/4pnQp/3p2pP/2pP2P1/2N1PP2/PPP1N2B/R3K2R w KQ - 0 15,e3e4 f8e7 e4e5 d7f8,2143,85,71,54,crushing middlegame quietMove short,https://lichess.org/62JoEoBh#29,Queens_Pawn_Game Queens_Pawn_Game_Chigorin_Variation
V8cqO,r6r/p1Q5/5pk1/6p1/2Bqp1P1/8/PP4K1/5R2 b - - 2 39,h8f8 c4e6 d4b2 f1f2 b2f2 g2f2,2164,79,91,81,crushing defensiveMove endgame long quietMove,https://lichess.org/3ezyl5Mn/black#78,
V8cto,r4rk1/ppp3pp/4b3/3q4/1Q2p3/6N1/PPPP2PP/R1B1K2R w KQ - 0 16,b4e4 a8e8 e4d5 e6d5 e1d1 d5g2,2134,77,83,99,advantage discoveredAttack long middlegame quietMove,https://lichess.org/Fc3jinKb#31,Zukertort_Opening Zukertort_Opening_Tennison_Gambit
V8jS0,r2qr2k/ppp2p1n/2b5/6bQ/2B5/2N3R1/PPP2PPP/R5K1 b - - 4 19,d8d2 g3h3 g5h6 h5h6 d2h6 h3h6,2181,76,83,62,advantage long middlegame quietMove,https://lichess.org/0RrI8kax/black#38,
V8u8T,r4rk1/RR3pp1/4p2p/1N1p4/p1nP4/8/5PPP/2B3K1 w - - 0 26,b5c7 a8a7 b7a7 f8b8 h2h3 b8b1 g1h2 b1c1,2141,75,79,153,advantage middlegame pin quietMove veryLong,https://lichess.org/5wD2u1xD#51,
V9AqC,2rqk3/5r2/p3p1Q1/1p2P3/3n2P1/5N2/B4K2/1N1R4 w - - 3 29,d1d4 d8d4 f2e2 d4b2 b1d2 b2a2 f3g5 c8c7 g6g8 f7f8,2155,81,82,50,advantage exposedKing fork middlegame pin quietMove veryLong,https://lichess.org/djtPDKpW#57,
VAehp,8/8/3k4/4p2p/4K1PP/8/8/8 b - - 1 42,d6e6 g4g5 e6d6 e4f5 e5e4 f5e4,2150,76,85,59,crushing endgame long pawnEndgame quietMove zugzwang,https://lichess.org/BVwRCiZ9/black#84,
VAnH1,r5k1/ppp1Q1pp/1n6/3q4/1P1p2N1/P6P/2P3P1/5RK1 b - - 3 25,b6c4 f1f3 d5d6 e7f7 g8h8 f7c4,2197,146,86,15,crushing endgame fork long quietMove,https://lichess.org/gIsEkES1/black#50,
VAuVE,2kr3r/p1n2p2/3p1q2/1P2p1p1/1P1bP2p/P4B1P/R1Q2PP1/2R3K1 b - - 1 20,d4b6 a3a4 c8b8 a4a5,2111,76,85,167,advantage middlegame quietMove short,https://lichess.org/YpUvaoXh/black#40,
VAxCM,r4rk1/ppp2ppp/8/3p1qbQ/8/1PNP3P/PB1P1P2/2KR3R w - - 0 16,h1g1 g5d2 d1d2 f5h5 c3d5 f7f6 d5f6 f8f6,2121,77,81,90,advantage discoveredAttack middlegame quietMove veryLong,https://lichess.org/mnH4yvTP#31,Kings_Knight_Opening Kings_Knight_Opening_Normal_Variation
VAzeH,rn6/pp4rp/4pQ2/3p1b1P/3P1Pk1/1P4q1/P5P1/2RK3R b - - 5 26,g7g8 c1c3 g3f2 g2g3 f2f3 c3f3,2108,91,65,33,advantage long middlegame quietMove,https://lichess.org/Sfk0D0FJ/black#52,
VBCPM,2k5/6p1/p5p1/1p1r4/1Pp1K1P1/P1R4P/8/8 b - - 1 37,d5g5 c3g3 c8d7 h3h4 g5e5 e4e5,2115,75,94,1856,crushing endgame long quietMove rookEndgame trappedPiece,https://lichess.org/VryZ7drp/black#74,
VBFqv,1n3r1k/r5p1/p5Qp/1p6/3pN3/P2P4/BPP2q2/2KR4 b - - 1 28,f2e2 e4g5 e2e3 c1b1 e3g5 g6g5,2137,89,84,23,crushing long middlegame quietMove,https://lichess.org/Z3bi4lEf/black#56,
VBsWu,4r3/p3Pr1k/1qp2p1p/1p1p1PpP/5p2/2P5/PP2QP1K/4RR2 b - - 2 30,f7e7 e2e7 e8e7 e1e7 h7g8 h2g1 g8f8 f1e1 b6b8 e7h7,2184,119,93,33,crushing endgame quietMove veryLong,https://lichess.org/gRRC5KS3/black#60,
VC0Xv,4rk2/1p2n1r1/p3Q3/3p3p/3P1q2/2P2P1R/PPN1R1K1/8 w - - 2 27,g2f2 f4g5 h3h1 g5g2 f2e1 g2h1,2157,78,91,56,advantage fork long middlegame quietMove,https://lichess.org/knd8JIDb#53,
VC61u,2R1Q3/q4pk1/p3p1bp/1p2P1p1/nP5P/6r1/P4PP1/6K1 b - - 1 32,g6h7 h4h5 g3g2 g1g2,2108,81,91,295,advantage endgame quietMove short,https://lichess.org/LG7cipqM/black#64,
VC68k,5rk1/5pp1/p6p/1p6/1q4P1/1P3QPK/P2r4/2R2R2 b - - 3 28,f8d8 f3f7 g8h7 c1c7 b4d4 f1f6,2129,76,87,293,advantage endgame long pin quietMove,https://lichess.org/8NVuqYOe/black#56,
VCL0r,8/7p/3k2p1/3p1P2/3K2P1/8/7P/8 b - - 0 36,g6f5 g4f5 h7h6 h2h3 h6h5 h3h4 d6c6 d4e5 d5d4 e5d4 c6d6 d4e4,2107,76,86,408,crushing defensiveMove endgame pawnEndgame quietMove veryLong zugzwang,https://lichess.org/eIqzJO4L/black#72,
VCVYW,2kr3r/pp4q1/4pp2/6p1/P1npP3/2P3QP/NPR3P1/5RK1 b - - 2 23,c4e3 c2c1 d4d3 g3e3,2126,93,87,35,advantage middlegame quietMove short,https://lichess.org/2wrXGldr/black#46,
VCh9A,8/2R3pp/2K2k2/1p1P4/8/2pr1P2/6PP/8 w - - 1 40,d5d6 b5b4 c6c5 b4b3 c5c4 b3b2 c4d3 b2b1q,2118,79,90,581,advancedPawn crushing endgame master promotion quietMove rookEndgame veryLong,https://lichess.org/HFbLU9EV#79,
VDE9V,8/8/7K/p7/1k1pBP1P/4nP2/8/8 w - - 0 48,f4f5 e3f5 e4f5 a5a4 h6g6 a4a3,2120,75,91,950,crushing endgame long quietMove sacrifice,https://lichess.org/vO6LuE3z#95,
VDJhs,8/p7/8/1p6/2pK4/P1P2k2/2P5/8 w - - 4 47,a3a4 b5a4 d4c4 a7a5 c4b5 a4a3,2133,75,94,8945,crushing endgame long pawnEndgame quietMove,https://lichess.org/WdWYs4To#93,
VE9Ai,5r2/4Rp1k/2pq1Pp1/p2p2Qp/3Pp2P/2P5/r5P1/1R4K1 b - - 3 29,a5a4 b1b7 a2a1 g1f2 e4e3 f2e2,2123,75,91,1884,crushing defensiveMove endgame long quietMove,https://lichess.org/4L4b7qxl/black#58,
VEAxe,r2r2k1/pp3ppp/8/3nBb2/2B5/1K2P3/1P1R2PP/7R b - - 1 23,f5e6 h1d1 e6g4 c4d5 g4d1 d2d1,2169,88,69,28,advantage long master middlegame quietMove,https://lichess.org/99tLAqxj/black#46,
VEHlg,1R6/8/2r3p1/5p2/P3pPkP/n3P1P1/2p3K1/2R5 w - - 0 50,a4a5 c6d6 b8c8 d6d2 g2f1 d2d1 f1e2 d1c1,2162,74,97,498,crushing endgame quietMove veryLong,https://lichess.org/wVc67ize#99,
VEITL,5r2/5pb1/4p2p/1R4pk/4BPP1/4P3/5PK1/8 b - - 0 39,h5g4 e4f3 g4h4 b5b1 g5f4 e3f4 e6e5 b1h1,2172,76,96,892,endgame master mate mateIn4 quietMove veryLong,https://lichess.org/Z8VDItSz/black#78,
VEymX,2r3k1/pp4pp/4q3/2P2p2/8/3QPpP1/P4P1P/3R2K1 b - - 0 24,c8c5 d3d8 g8f7 d1d7 f7g6 h2h4 h7h6 d7d6 c5c1 g1h2,2131,80,91,490,crushing endgame pin quietMove veryLong,https://lichess.org/I4wdfkX6/black#48,
VFE5W,r1b2rk1/pp2pp1p/2n3p1/2p5/8/P2P1N1P/qbPBBPP1/1R1Q1RK1 b - - 1 12,a2a3 c2c3 b2c3 b1b3 a3b3 d1b3 c3d2 f3d2,2106,79,92,1723,advantage opening quietMove veryLong,https://lichess.org/8QKFejBH/black#24,Sicilian_Defense Sicilian_Defense_Old_Sicilian
VFJtw,r3r2k/6pp/2p5/pp2nP2/8/PBB4P/1PP5/1K4R1 b - - 1 29,a5a4 b3e6 e8e6 f5e6,2109,105,65,19,advantage endgame quietMove short,https://lichess.org/m1ktYCSm/black#58,
VFZo3,5rk1/1p2bpp1/p6p/2p1P2R/2qrPPP1/P1NR2Q1/1P2K1P1/8 w - - 1 27,h5h3 f8d8 b2b3 c4b3,2160,80,69,74,advantage middlegame quietMove short,https://lichess.org/561WI9MW#53,
VFpe9,8/6p1/p5p1/2p5/2P1K1k1/1P6/8/8 b - - 1 46,g4h3 b3b4 c5b4 c4c5 b4b3 e4d3,2185,75,80,184,crushing defensiveMove endgame long master masterVsMaster pawnEndgame quietMove,https://lichess.org/jokgBnAD/black#92,
VFpea,1r6/p3kp1Q/2nq1p2/3p4/3Pp3/2PbP1P1/PP3PBP/R3K2R w KQ - 1 24,b2b3 d6a3 a1d1 c6b4 c3b4 a3b4 d1d2 b8c8 h7h5 c8c1,2177,143,73,24,crushing middlegame quietMove sacrifice veryLong,https://lichess.org/32fHd5cw#47,
VG4YN,8/8/1K4p1/p2k1p1p/P4P1P/1P6/8/8 w - - 0 50,b6a5 g6g5 h4g5 h5h4 g5g6 d5e6 g6g7 e6f7,2151,75,95,167,crushing endgame pawnEndgame quietMove veryLong,https://lichess.org/fD7Zx51q#99,
VG5PX,8/p7/1p6/1P4p1/P1Pp1k2/3K1P2/8/8 b - - 2 41,f4f3 c4c5 b6c5 a4a5 f3f2 b5b6,2186,75,95,412,crushing endgame long pawnEndgame quietMove,https://lichess.org/D4Rq4Nd2/black#82,
VGHdY,8/8/8/6pk/2PK4/8/8/8 b - - 0 42,g5g4 c4c5 g4g3 d4e3 g3g2 e3f2 g2g1q f2g1 h5g4 c5c6,2107,95,22,33,crushing endgame pawnEndgame quietMove veryLong,https://lichess.org/iaINVk7F/black#84,
VGLWV,8/8/6p1/4kp1p/P1K5/7P/2P5/8 b - - 0 44,f5f4 a4a5 f4f3 c4d3,2144,75,86,226,crushing defensiveMove endgame pawnEndgame quietMove short,https://lichess.org/cLBR9CaU/black#88,
VGaXL,8/5ppk/2P3p1/8/1P5Q/2P2P1K/4r2P/4q3 b - - 1 41,h7g8 h4e1 e2e1 c6c7 e1e8 b4b5 e8c8 b5b6,2146,83,80,37,advancedPawn crushing endgame master quietMove veryLong,https://lichess.org/z1TmHtEC/black#82,
VGqr6,8/8/1ppp4/2p1p1kp/P1P1P3/2P2KP1/6P1/8 b - - 5 36,h5h4 g3h4 g5h4 g2g4 h4g5 f3g3,2145,78,91,99,crushing defensiveMove endgame long pawnEndgame quietMove zugzwang,https://lichess.org/OR3dDPRb/black#72,
VH5wM,1k1r3r/1p2q3/p3ppp1/Pp1pPbp1/3Pn3/2PBPN2/2Q3P1/R1B2RK1 w - - 0 20,e5f6 e7h7 d3e4 f5e4 c2e2 g5g4,2102,77,85,173,crushing long middlegame quietMove,https://lichess.org/DpHOravH#39,
VHLru,r4rk1/p2b2pp/3p4/1p1P1p2/3Qn2q/PNP1P3/2B2PPP/R2R2K1 w - - 10 21,b3d2 h4f2 g1h1 e4g3 h2g3 f8f6 d4f4 f6h6 f4h6 g7h6,2198,78,90,547,crushing middlegame quietMove sacrifice veryLong,https://lichess.org/OUQRRhvt#41,
VHO2u,R7/8/p7/2p1k2b/2P2b2/1P6/P3p3/4KN2 w - - 0 59,a8a6 f4g5 f1g3 g5h4,2132,75,78,201,crushing endgame master masterVsMaster pin quietMove short,https://lichess.org/FDJNELyB#117,
VHXcn,3k4/6P1/6R1/4Kp2/2bp4/r5P1/6P1/8 b - - 2 43,d4d3 g6e6 a3a5 e5f6 c4e6 f6e6 a5a6 e6f5 a6d6 g7g8q,2102,171,-88,13,advancedPawn crushing defensiveMove endgame promotion quietMove sacrifice veryLong,https://lichess.org/DlORQ5JD/black#86,
VHzR1,k5r1/1pQ5/8/p2q4/3p4/3Pn1P1/PP6/2R1R1K1 w - - 1 32,e1e2 g8h8 e2h2 h8h2 c7c8 a8a7 c8c5 d5c5,2159,135,90,25,advantage endgame quietMove veryLong,https://lichess.org/3arYBNok#63,
VI4uG,2kr2r1/bppq4/p4p2/N4n2/2Pp1B2/3Q2Pb/P1P4N/3RR1K1 b - - 0 23,b7b6 d3f3 c7c6 a5c6,2124,90,90,51,advantage middlegame quietMove short,https://lichess.org/5eyaimXm/black#46,
VIaSp,4Q3/5p1k/4p1p1/3pPq1p/1BpP4/2P4P/r2b1PP1/5RK1 b - - 11 36,a2c2 b4e7 d2g5 e7g5 f5g5 e8f7,2121,75,94,2690,crushing endgame long quietMove,https://lichess.org/UPjiP2eD/black#72,
VIjrD,8/R7/1p3p1p/1P3k2/P4P2/6K1/5r1r/6R1 w - - 1 36,a7b7 h6h5 b7h7 h5h4 h7h4 h2h4 g3f2 h4f4,2105,116,71,23,crushing endgame quietMove rookEndgame veryLong,https://lichess.org/YUeOfWly#71,
VJ1RG,8/p6k/r5pP/5pP1/P3b3/1p1p2KP/3B4/1R6 b - - 1 44,a6a4 b1c1 f5f4 g3h4 e4d5 c1c7,2141,150,85,17,crushing defensiveMove endgame long quietMove,https://lichess.org/qMTnXKpY/black#88,
VJHnc,4bb1r/3k2p1/4p3/3pP1N1/nppP1P2/2P5/qPQ3PP/2R3K1 b - - 0 26,a2b2 c2a4 d7e7 a4a7 e8d7 c1a1 b2a1 a7a1,2189,77,90,448,advantage hangingPiece master middlegame quietMove veryLong,https://lichess.org/BfV03tUn/black#52,
VJJ32,3r1bk1/1p2r1pR/5pQ1/p3pP2/P1Ppq3/1P6/3B4/5RK1 b - - 15 42,d4d3 g6h5 e4g4 h5g4,2100,77,95,3528,crushing middlegame quietMove short,https://lichess.org/8PEA6o0H/black#84,
VJiGo,4rrk1/1pp2ppp/p1nb4/1Q1p3q/5P2/2P3P1/PP1P2PN/RNB2R1K w - - 0 17,b5b7 e8e6 b7c6 e6h6 h1g1 h5h2,2175,76,85,263,crushing long master middlegame quietMove sacrifice,https://lichess.org/IlbNOScz#33,Russian_Game Russian_Game_Italian_Variation
VJkGd,5q1k/3b2p1/p3p2p/1pppP2Q/5r2/3PR3/PPP4P/6RK w - - 0 31,e3g3 d5d4 g3g7 d7c6,2139,75,93,5335,crushing endgame quietMove short,https://lichess.org/6x3s4IB7#61,
VJw5d,5rk1/R1R2p2/6p1/5q1p/1PQ5/P3P1P1/5PPK/3r4 w - - 10 40,c4f4 f5b1 g3g4 h5h4 g2g3 d1h1,2171,101,85,31,crushing endgame long quietMove,https://lichess.org/YP0KOgav#79,
VKjXN,3r2k1/pBR2p1p/6p1/5b2/8/1P4P1/P2Nn2P/7K w - - 1 26,d2c4 f5h3 c4e3 d8d3,2163,75,83,1291,advantage endgame master masterVsMaster quietMove short,https://lichess.org/2Z694BMC#51,
VLdFv,6k1/5ppp/4p3/1p2P3/pP1r1PP1/P6P/2R4K/8 b - - 0 44,d4c4 c2c4 b5c4 b4b5 h7h5 b5b6 c4c3 b6b7,2108,75,87,305,advancedPawn crushing endgame quietMove rookEndgame veryLong,https://lichess.org/Gu3vqP94/black#88,
VLg2n,8/8/pp1k3p/2p1p1p1/P1P1P1P1/2P3KP/8/8 w - - 3 44,h3h4 b6b5 c4b5 a6b5 a4b5 c5c4 h4g5 h6g5 b5b6 d6c6 b6b7 c6b7,2167,81,89,802,crushing endgame pawnEndgame quietMove veryLong,https://lichess.org/gGdSpJdb#87,
VLnIX,3r1r1k/p1p2p1q/1p5p/7R/6R1/P4QP1/1P4KP/8 b - - 8 28,d8d6 f3c3 f7f6 g4h4 c7c5 h5h6 h7h6 h4h6,2124,97,78,39,crushing endgame pin quietMove veryLong,https://lichess.org/4YDaHkul/black#56,
VLtQk,4r1k1/1r3p2/6p1/p2p2N1/1p1pPR2/1PqP1Q2/P1P5/1K6 b - - 7 31,e8e7 f3h1 f7f6 f4f6,2119,74,88,735,crushing endgame quietMove short,https://lichess.org/ROGTp62y/black#62,
VMI3v,8/pp6/2p5/5k1p/7P/1P3K2/P1P5/8 w - - 0 39,a2a4 a7a5 c2c3 c6c5,2141,76,90,473,crushing defensiveMove endgame pawnEndgame quietMove short zugzwang,https://lichess.org/PMlpT0m5#77,
VMTmu,r1b5/2qp2k1/p3p1p1/1pp3Bn/3nP1Q1/P1NP4/BPP3PP/5RK1 w - - 1 23,g5f6 h5f6 g4g5 f6g8 h2h4 d4c6 h4h5 c6e5,2137,248,100,5,equality middlegame quietMove veryLong,https://lichess.org/FwK98O7n#45,
VMYaO,8/5p2/3k2p1/6Kp/5P2/6PP/8/8 b - - 1 42,d6e6 h3h4 e6e7 f4f5,2176,87,82,56,crushing endgame pawnEndgame quietMove short zugzwang,https://lichess.org/Xq3OUB57/black#84,
VMZGL,1r6/3nbpk1/2q1p1r1/pp1p2pQ/3P4/P1P1B1P1/1P3P1P/R3RNK1 w - - 8 27,e3d2 g5g4 d2h6 g6h6,2112,76,84,584,advantage master middlegame quietMove short,https://lichess.org/1YtLl00O#53,
VNh8n,r3br2/p4p2/2p2Pkb/1p2p1pR/P3P1P1/1P6/2P3B1/3N1RK1 b - - 5 26,b5a4 d1e3 e8d7 e3f5 f8h8 f5e7,2100,122,37,11,advantage long middlegame quietMove,https://lichess.org/wZrsQuvL/black#52,
VNyx0,1r4k1/p2b1pB1/1q3Pp1/1pRpP2p/3P2p1/8/P1Q4P/6K1 b - - 3 26,d7f5 c2d2 g6g5 d2g5,2187,76,91,1886,advantage endgame quietMove short,https://lichess.org/YYJ0dWqk/black#52,
VO0xz,r3nr2/pp3pkp/2b1p1p1/q1N5/3pP3/3P2P1/PP3PBP/2RQ1RK1 b - - 3 17,a5a2 d1d2 b7b6 c1a1,2112,78,91,543,crushing master middlegame quietMove short,https://lichess.org/kgPgSltC/black#34,Kings_Indian_Attack Kings_Indian_Attack_Wahls_Defense
VO1gG,r4rk1/1q3ppp/p3p1n1/1pp1P2P/5P2/P2B1bP1/1PQ1NP2/3R1RK1 b - - 0 21,f3h1 f2f3 h1f3 h5g6,2112,75,90,1075,advantage middlegame quietMove short,https://lichess.org/DL2kWKE7/black#42,
VO4kn,8/8/5p2/2nkp2P/1p6/3PKN2/5P2/8 b - - 0 41,b4b3 h5h6 b3b2 f3d2 c5b3 d2b1,2147,111,46,22,crushing defensiveMove endgame knightEndgame long quietMove,https://lichess.org/TTyw1LTl/black#82,
VOKvu,1n6/pB3p2/3k4/4p1p1/2K1P2p/P6P/5PP1/8 w - - 0 37,g2g3 g5g4 b7c8 b8d7 c8d7 d6d7 h3g4 h4h3,2115,80,86,52,crushing endgame quietMove veryLong,https://lichess.org/YI792mXT#73,
VOlZx,8/1R3N1p/6pk/p2p4/3P4/4P1KP/q7/8 b - - 0 33,h6h5 b7e7 a2c2 e7e5,2199,116,79,18,crushing endgame quietMove short,https://lichess.org/NInysv9t/black#66,
VOyXr,8/pp6/5p2/4pkp1/1PP4p/5P1K/P4P1P/8 b - - 0 35,f5f4 c4c5 a7a6 a2a4 f4f5 b4b5 a6b5 a4b5 f5e6 h3g4,2103,175,83,10,crushing endgame pawnEndgame quietMove veryLong,https://lichess.org/oNmzBHIh/black#70,
VP0TE,1r1q1rk1/pp3p2/2np2pp/2pB4/P3PRQ1/3P3P/1bP3PN/R5K1 b - - 1 16,b2a1 g4g6 a1g7 f4g4 d8g5 g4g5,2151,75,86,161,clearance crushing kingsideAttack long middlegame pin quietMove,https://lichess.org/SY2q4j54/black#32,Sicilian_Defense Sicilian_Defense_Closed
VPN2V,3r3k/p3r1p1/1p2PnQp/2p2B2/3q4/1P1P4/P6P/4RR1K b - - 14 29,d8f8 f5e4 e7e6 f1f6,2104,97,67,33,crushing discoveredAttack middlegame quietMove short,https://lichess.org/nTIm3Vu0/black#58,
VPZjD,6k1/2p4p/2p3p1/5p2/1P2p1P1/P1K5/7P/8 b - - 0 37,f5f4 a3a4 f4f3 c3d2 g8f7 a4a5 f7e6 a5a6 f3f2 d2e2,2153,74,85,90,crushing endgame pawnEndgame quietMove veryLong,https://lichess.org/ps6cHPjY/black#74,
VPqCV,4r2k/7p/8/p1Q5/2P1p3/6P1/P4P1P/q4BK1 b - - 2 37,a1a2 c5d4 h8g8 c4c5 a2b1 g1g2,2155,75,84,110,crushing defensiveMove endgame long quietMove,https://lichess.org/iHbT0Vps/black#74,
VPrOv,r7/1p3p1k/1b3q1p/p2bp3/4P1r1/PB6/1P2QPPB/R3R1K1 w - - 0 27,b3d5 a8g8 g2g3 g4g3 h2g3 g8g3,2129,76,92,3051,crushing kingsideAttack long middlegame pin quietMove,https://lichess.org/UfDonNI2#53,
VPyKQ,8/8/8/1k6/2p4P/K7/8/8 b - - 0 50,b5c5 h4h5 c4c3 h5h6 c3c2 a3b2 c2c1r b2c1,2159,77,92,1394,crushing endgame pawnEndgame quietMove veryLong,https://lichess.org/0BaLdTGA/black#100,
VQ3JW,6k1/2p2p1p/3p2p1/p3r3/n2QP2P/1qP2P2/1P6/1K1R1R2 w - - 4 25,d1d2 e5b5 c3c4 a4c3 d4c3 b3c3,2141,76,84,131,crushing endgame long pin queensideAttack quietMove,https://lichess.org/2Y0xuveQ#49,
VQCkg,8/2p5/3k3p/1p1P1pp1/1P1K4/5PP1/6P1/8 b - - 0 32,h6h5 g3g4 f5g4 f3g4 h5g4 g2g3 c7c6 d5c6,2147,84,69,45,crushing endgame pawnEndgame quietMove veryLong zugzwang,https://lichess.org/rleRrMFS/black#64,
VQRlE,2kq4/1b1n4/2p4p/1p5R/pP1PB2n/P1P3r1/3B4/RN1Q2K1 w - - 0 26,g1h2 d8c7 h5e5 d7e5,2131,77,90,1740,crushing middlegame quietMove short,https://lichess.org/cy1bASDW#51,
VQcEs,8/5pkp/1P2p1p1/3pQ3/1q3P2/7P/1r4P1/6RK b - - 4 40,g7g8 g1c1 b2b1 e5b8 g8g7 c1b1,2123,75,90,1698,crushing endgame long master quietMove,https://lichess.org/GTbwsUsj/black#80,
VRGGN,8/5pkp/8/4p2K/7P/8/5PP1/8 w - - 6 43,g2g4 f7f6 g4g5 f6f5,2110,76,92,8085,crushing defensiveMove endgame pawnEndgame quietMove short,https://lichess.org/0mq8Ajnb#85,
VRqUa,8/5p2/5PB1/p1pPk1K1/P1Pp3p/3P4/3b2P1/8 w - - 1 46,g5h4 f7g6 f6f7 d2h6 f7f8q h6f8 h4g5 f8e7,2168,76,99,141,bishopEndgame crushing endgame hangingPiece quietMove veryLong,https://lichess.org/4LZROHfT#91,
VS6CU,8/5p2/6k1/3n4/7P/4PNP1/2b2P2/6K1 w - - 1 38,g1g2 c2e4 g3g4 d5c3 g2h3 e4f3,2165,76,87,217,crushing endgame long quietMove,https://lichess.org/qAlZx24q#75,
VSU7O,8/6kP/5NP1/4p3/p7/4r3/6K1/8 b - - 0 48,a4a3 f6e8 g7h8 e8d6 a3a2 d6f7 h8g7 h7h8q,2163,79,88,160,advancedPawn crushing endgame exposedKing promotion quietMove veryLong,https://lichess.org/oAHvfibT/black#96,
VStfH,8/Pb6/8/2p5/5k1p/2P3p1/4B3/6K1 b - - 0 57,f4e5 e2a6 b7a8 a6f1 e5d6 f1g2 d6c7 g2a8,2101,110,50,12,bishopEndgame crushing endgame quietMove veryLong,https://lichess.org/yCboMBif/black#114,
VTMqO,r4kqb/pbp4R/1pnpp1Q1/8/3PN3/2P2NP1/PP3PP1/2K5 w - - 2 25,h7h8 g8h8 f3g5 c6d8 g5h7 f8e7,2106,76,85,200,advantage hangingPiece long middlegame quietMove,https://lichess.org/7XFPrAra#49,
VTRFr,8/7K/p5p1/3k4/1p3PP1/1P6/8/8 b - - 0 41,a6a5 f4f5 g6f5 g4g5 f5f4 g5g6 f4f3 g6g7 d5d4 g7g8q,2132,75,81,108,advancedPawn crushing endgame pawnEndgame promotion quietMove veryLong,https://lichess.org/U2yrX5u0/black#82,
VTZki,Q5bk/6p1/p4p1p/1pb1qN2/2p5/4P3/P2r1PPP/1B3RK1 b - - 5 39,d2b2 f5h4 b2b1 h4g6 h8h7 g6e5,2136,94,85,29,advantage fork long master middlegame quietMove sacrifice,https://lichess.org/tovoZ02W/black#78,
VTbFW,8/p6p/6p1/PK6/6P1/6kP/8/8 b - - 5 44,g3h3 g4g5 h3h4 b5a6 h4g5 a6a7,2125,76,91,1004,crushing endgame long pawnEndgame quietMove,https://lichess.org/q5ObCx3U/black#88,
VTu0k,2kr1b1r/1pp4b/p1n4p/3p2p1/7P/P1PPNN2/qP1QBPP1/2KR3R w - - 0 19,f3d4 c6d4 c3d4 d8d6 d2c3 d6c6,2159,78,91,2517,crushing long middlegame pin quietMove,https://lichess.org/7tvfoj25#37,Latvian_Gambit Latvian_Gambit_Other_variations
VU1aD,8/1k1n3r/b5RP/pp2PK2/3p4/5P2/PP3P2/8 b - - 0 40,d7e5 g6g7 b7c6 g7h7 d4d3 h7g7 d3d2 g7g1,2188,75,86,236,crushing defensiveMove endgame quietMove veryLong,https://lichess.org/kff2r0SY/black#80,
VUOHL,8/1p2k1Kp/p1p1p3/P1Pp3B/1P1PbP2/4P3/8/8 w - - 5 42,h5f7 e4f3 f7g8 h7h5,2152,76,73,83,bishopEndgame crushing defensiveMove endgame master masterVsMaster quietMove short,https://lichess.org/DmEVD52f#83,
VUn6M,1r1r2k1/1bq2p2/pn6/2pp2PQ/2P5/1Pb1BR2/P6P/5RK1 b - - 1 28,d8f8 f3h3 f7f5 g5f6,2122,88,84,36,crushing enPassant middlegame quietMove short,https://lichess.org/floMbVKq/black#56,
VUxiG,6R1/8/8/3p4/p1pP3r/P1P5/1P3K1p/7k b - - 5 75,h4h3 g8e8 h3e3 f2e3,2173,76,98,282,crushing endgame master quietMove rookEndgame short,https://lichess.org/nGsdhRU2/black#150,
VV3so,8/6pp/5p2/2pK4/1kP5/6P1/5P1P/8 w - - 1 44,f2f4 f6f5 h2h3 h7h5 d5e6 b4c4,2163,78,93,2224,crushing endgame long pawnEndgame quietMove zugzwang,https://lichess.org/0VX59RSU#87,
VVCDD,1r2r1k1/p1q2pp1/4p1P1/3pP3/2p5/4PR2/PPQ3P1/1R4K1 b - - 0 25,e8e7 b1f1 c7e5 g6f7 e7f7 f3f7,2112,214,54,4,advancedPawn crushing endgame kingsideAttack long quietMove,https://lichess.org/LxibAiYI/black#50,
VVQup,2r5/p3k3/b3p3/qp6/8/1B2P1P1/PPQ1KPP1/2R5 w - - 9 30,c2d2 b5b4 e2e1 a5b5 c1c4 c8c4 b3c4 b5c4,2120,81,40,55,advantage clearance discoveredAttack endgame quietMove veryLong,https://lichess.org/y7ycZj7J#59,
VVSrR,8/p7/1p6/4k2p/2P1p3/1P2K2P/P7/8 w - - 4 38,a2a4 a7a5 h3h4 e5f5 e3d4 f5f4,2114,76,94,8784,crushing defensiveMove endgame long pawnEndgame quietMove,https://lichess.org/VnfrcYww#75,
VWD3v,r5r1/p4Rbp/4p1p1/1B4P1/5B1k/1P3K1P/P7/8 b - - 0 28,h4h3 f4g3 e6e5 b5f1,2189,75,93,2941,endgame mate mateIn2 quietMove short,https://lichess.org/fSwVqYfS/black#56,
VWEzf,8/p6p/2b5/P1N2p2/2P5/2P1kP2/1K4PP/8 w - - 1 37,g2g4 f5f4 c5e6 c6f3,2158,187,100,10,endgame equality quietMove short,https://lichess.org/dhciK29U#73,
VWNQK,8/3b4/2R3p1/2pPp1k1/2P1P2p/5P2/1r2BK2/8 w - - 2 53,c6c5 h4h3 c5a5 b2b1 e2f1 h3h2 f2g2 b1f1 g2h2 f1f3,2121,84,81,39,advancedPawn advantage endgame quietMove veryLong,https://lichess.org/fgBMo1Ou#105,
VWgh9,2r1b1k1/1p2Bp2/p1q1p1p1/3rP1Qp/4R3/7P/6P1/4R1K1 b - - 1 33,g8h7 e7f8 h7g8 g5h6 c6c5 f8c5,2103,84,81,29,advantage long middlegame quietMove,https://lichess.org/9nfcJISn/black#66,
VWjPc,8/5p2/2pb3p/2B1kP2/4P3/4K3/7P/8 w - - 1 45,c5d6 e5d6 e3f4 f7f6 e4e5 f6e5,2121,114,40,22,crushing endgame long quietMove,https://lichess.org/iXPILLtJ#89,
VWll5,8/8/1K4p1/PB5p/4bP2/6k1/8/8 w - - 2 52,a5a6 h5h4 b5d7 h4h3 d7h3 g3h3,2141,74,97,790,bishopEndgame crushing endgame long quietMove,https://lichess.org/2f8OtEcf#103,
VWuvf,8/6p1/8/5k1p/3KR3/8/5b2/8 w - - 0 53,d4d5 g7g5 e4e5 f5f4,2145,120,69,13,crushing defensiveMove endgame quietMove short,https://lichess.org/kAy9488s#105,
VX5nw,8/p7/8/1p1pk1p1/6Pp/PP1KP2P/8/8 w - - 0 36,a3a4 b5a4 b3a4 a7a5 d3d2 e5e4 d2e2 d5d4 e3d4 e4d4,2184,80,89,2520,crushing endgame pawnEndgame quietMove veryLong zugzwang,https://lichess.org/trQnR0uE#71,
VXQC3,8/4P1K1/3k4/p2n1P2/7P/1P6/P7/8 b - - 2 53,d6e7 h4h5 d5e3 g7g6,2162,142,81,17,crushing defensiveMove endgame knightEndgame master quietMove short,https://lichess.org/DKt5zitV/black#106,
VXxkh,r3brk1/pp4pp/2p1p1q1/4Pp2/2Pb4/2N2QP1/PP2B1KP/R1B2R2 w - - 7 18,c3e4 c6c5 e4c3 e8c6,2170,79,84,61,advantage clearance middlegame pin quietMove short,https://lichess.org/csYqZKcl#35,Sicilian_Defense Sicilian_Defense_Taimanov_Variation
VYBJp,8/5pk1/8/1R4Kp/4P3/1PR2P2/4r1r1/8 w - - 1 39,g5h5 g2g6 b5g5 e2h2 h5g4 h2g2,2157,93,87,25,advantage clearance endgame long quietMove rookEndgame,https://lichess.org/LShe6ws9#77,
VZ65d,8/p4pkp/3p1bp1/1P6/PP6/3BP3/8/6K1 b - - 0 27,f6c3 a4a5 d6d5 b5b6 c3d2 g1f2 a7b6 a5a6,2160,77,83,58,bishopEndgame crushing endgame quietMove veryLong,https://lichess.org/WyMmgU4o/black#54,
VZCka,3r2k1/Qp2qpp1/2p4p/4P3/P3BP2/1P4Pb/3r3P/2R1R1K1 w - - 1 31,e4c6 e7b4 c6e4 b7b6 a7c7 b4d4,2193,98,74,31,advantage long middlegame quietMove,https://lichess.org/ToxCLizK#61,
VZc7T,8/p7/4k3/1pp1pp2/4P2p/1P1K2P1/P5P1/8 w - - 0 39,g3h4 f5f4 a2a4 a7a6 a4b5 a6b5,2169,79,91,795,crushing endgame long pawnEndgame quietMove,https://lichess.org/8SPvmn7K#77,
VZjLN,2r5/4k1p1/2q1ppp1/2P5/p2Q2P1/8/pP6/K2R4 b - - 5 44,c6c5 d4d7 e7f8 d1h1 c5c1 h1c1,2102,77,87,202,crushing endgame long quietMove,https://lichess.org/Ws7zbQxc/black#88,
Va84g,8/1PR4p/4kp2/p3p3/2P1P3/2r2PK1/1r4PP/5B2 b - - 1 41,a5a4 c4c5 a4a3 c7c6 e6f7 c6b6 b2b6 c5b6,2107,77,92,3521,crushing endgame quietMove veryLong,https://lichess.org/kPgGB4tn/black#82,
VaDkp,6k1/p4p1p/5Qp1/q7/Pr1r3P/6P1/R4P2/5RK1 b - - 1 29,b4a4 f1b1 d4b4 b1e1 b4b8 a2e2 a5d8 f6c6,2188,186,-12,12,advantage endgame quietMove veryLong,https://lichess.org/VIuGp7Ln/black#58,
VaHxl,6k1/5p2/3qp1p1/3p3p/1p1Q4/6RP/6PK/8 w - - 4 48,d4f6 d5d4 h3h4 d4d3 f6f3 d3d2,2153,118,84,15,advancedPawn crushing endgame long quietMove,https://lichess.org/JkoZ4kWL#95,
Vaznv,3q3k/7P/1p3p2/p1p1pB1Q/P1P1P3/1P5P/5bP1/7K w - - 0 39,h5f3 d8d2 h1h2 d2e1 f3f2 e1f2,2141,120,62,20,crushing endgame long quietMove,https://lichess.org/ZAhSMRsl#77,
VbAEa,5r2/q3N1kp/p5p1/1p1N4/1P1nB3/P3Q3/6PP/6K1 w - - 3 34,e3c3 f8f6 e7f5 g6f5,2168,79,86,266,crushing middlegame quietMove short,https://lichess.org/yLzUPB2S#67,
VbVqq,5r2/p4R2/2p2r2/1p2k3/3pP2p/1Q1Pb2P/PPP3P1/7K w - - 3 33,f7f8 f6f8 h1h2 f8f1 b3g8 e3g1,2113,110,77,20,advantage endgame long quietMove,https://lichess.org/lPK1EV9J#65,
VbblH,8/6r1/2p4k/2P2p1p/1p1P1P2/1Kp1P3/5PR1/8 w - - 1 44,g2h2 g7g1 f2f3 g1b1,2179,76,93,3450,crushing endgame master quietMove rookEndgame short,https://lichess.org/lyccjRpP#87,
VbjIX,8/8/p6p/3pk3/2p2p2/P1P1r2P/1P1KR1P1/8 b - - 2 66,e5e4 e2e3 f4e3 d2e2 h6h5 g2g3 a6a5 a3a4 d5d4 c3d4 e4d4 g3g4,2112,118,86,22,crushing endgame master quietMove rookEndgame veryLong zugzwang,https://lichess.org/zzs9qSaT/black#132,
VbnAP,r3kb1r/pp3ppp/1qn1p2n/1B1pPb2/Q2P1P2/5N2/PP1B2PP/RN2K2R b KQkq - 5 10,f8e7 d2a5 f5c2 b2b3 e8g8 a5b6,2146,79,80,87,advantage long middlegame quietMove,https://lichess.org/7EPv9d2d/black#20,Caro-Kann_Defense Caro-Kann_Defense_Advance_Variation
VcU93,8/8/pP1k4/P1p2p2/2K1p2p/6P1/7P/8 w - - 0 57,g3h4 f5f4 c4c3 f4f3 c3d2 c5c4,2151,77,90,1622,crushing defensiveMove endgame long master pawnEndgame quietMove,https://lichess.org/6xMWrOGh#113,
VcZ7W,8/8/3p3p/pp1k2p1/3P4/P2K2P1/1P5P/8 w - - 2 35,b2b4 a5b4 a3b4 g5g4 d3e3 d5c4,2120,75,93,1066,crushing endgame long pawnEndgame quietMove,https://lichess.org/E5OUQiId#69,
VcZt1,2B4k/5pb1/4n1p1/2Pp3p/3P2R1/2B2P2/rP3P1P/5K2 w - - 0 34,g4g1 e6f4 f1e1 a2a1 e1d2 a1g1,2139,110,82,33,crushing endgame long quietMove skewer,https://lichess.org/1sVyMne8#67,
VdJs9,r2q1r1k/1p3ppp/p2bn3/2pNp2Q/2B1P3/2PPBR2/PP4PP/6K1 b - - 1 20,g7g6 h5h6 f7f6 f3h3 f8f7 h6g6,2112,84,81,43,advantage long middlegame pin quietMove,https://lichess.org/IRiqpLqH/black#40,
VdU0W,r3r1k1/p4pp1/b6p/1R6/3Pp2B/4P2P/n3NPP1/3R2K1 w - - 1 24,b5b2 a6e2 d1a1 e2c4 a1a2 c4a2,2191,100,44,30,advantage long middlegame quietMove,https://lichess.org/xaGm0fQe#47,
VdUrx,8/5p2/3K2pp/3NP3/4kPn1/8/6P1/8 b - - 9 43,g4e3 d5e3 e4e3 g2g3 e3f3 d6e7 f3g3 e7f7,2121,79,91,1054,crushing endgame knightEndgame quietMove veryLong,https://lichess.org/XkSMgaUv/black#86,
Ve2Pn,5R2/p2r1p1k/2p2Pp1/1p3bP1/8/2P4r/PP3PK1/4R3 b - - 5 35,h3h5 e1e8 h5g5 g2f3 d7d3 f3e2,2123,89,86,30,crushing defensiveMove endgame long quietMove,https://lichess.org/km5wgdqV/black#70,
Ve3on,4r3/6pk/p3rp1p/1p1Q4/1B3PKP/P1P3P1/8/8 w - - 1 47,g4h5 f6f5 d5f5 g7g6,2196,78,91,3851,crushing endgame quietMove short,https://lichess.org/yfGC8BOC#93,
VePhm,r4rk1/1p3p2/2p2Rp1/2Pp2Qp/3P1B2/8/p1b4q/K5R1 b - - 1 37,h2f2 f4e5 f2g1 g5g1,2159,94,79,23,advantage middlegame quietMove short,https://lichess.org/7f59x3Xs/black#74,
VeVoj,8/1p6/7p/p2k1p2/5Pp1/1P1K2P1/P5P1/8 w - - 0 44,a2a3 b7b5 a3a4 b5a4,2138,75,86,402,crushing endgame master masterVsMaster pawnEndgame quietMove short,https://lichess.org/WSnZOVFX#87,
Vf14x,3Q4/5pkp/4Pnp1/2b5/4P1P1/5P2/r3qBBP/5RK1 w - - 1 31,g4g5 c5f2 g1h1 f2d4 d8f6 d4f6,2157,77,86,310,crushing long master middlegame quietMove,https://lichess.org/bc2cyEMd#61,
Vf2zI,8/6k1/p7/1p2Ppp1/2PPp1p1/4K1P1/P5P1/8 b - - 0 36,g7f7 c4c5 f7e6 c5c6,2107,78,92,7351,crushing endgame pawnEndgame quietMove short,https://lichess.org/iDU7UVl5/black#72,
VfKBR,3q1rk1/2p2p2/6bQ/1p1pP1P1/1PnP4/6P1/5PBK/R7 b - - 2 25,f8e8 a1h1 e8e6 h2g1,2170,77,91,543,crushing defensiveMove middlegame quietMove short,https://lichess.org/DNY2lXFt/black#50,
Vg3rV,r4rk1/ppp2p1N/1bnq2pR/1Bnp1b2/8/2P2N2/P4QPP/R1B2K2 b - - 7 24,d6e7 c1g5 f7f6 h7f6 f8f6 f2h4 a8f8 h6h8,2169,83,82,43,advantage kingsideAttack middlegame quietMove sacrifice veryLong,https://lichess.org/RpbhJP7L/black#48,
VgF4N,2rr2k1/pp1q1ppp/5n2/8/1Pbb4/P1N3P1/5PBP/BQRR2K1 b - - 9 20,f6g4 c3e4 d4f2 e4f2,2171,77,91,2112,crushing middlegame quietMove short,https://lichess.org/zyunjsHK/black#40,
VgZPj,8/6k1/6p1/p1p5/2Pp2P1/3P3P/4K3/8 w - - 2 46,e2d2 g6g5 d2c2 g7f6 c2b3 f6e5 b3a4 e5f4,2184,76,94,2937,crushing endgame pawnEndgame quietMove veryLong,https://lichess.org/fvJ3ZuZI#91,
Vgbi9,2r1k2r/5pb1/p2p1npp/8/1p2PpPP/qN3P2/P1PQ4/1K1R1B1R w k - 0 21,d2d6 f6d5 d6d7 e8d7,2148,128,85,12,crushing master middlegame quietMove short,https://lichess.org/Zbrc9bVT#41,
Vgcr0,3r2qk/ppp3rp/7Q/n1b2p2/4PP2/2P3PR/PPB3KP/RN6 w - - 0 23,b2b4 a5c4 g2h1 c4e3,2129,108,66,24,crushing middlegame quietMove short,https://lichess.org/BXBOgeMW#45,
VgqSg,8/5k2/2p2p2/2K1pNp1/1P2PrP1/2P5/8/8 b - - 2 46,f7f8 c5c6 f4e4 f5d6 e4g4 b4b5 g4g3 c3c4,2171,79,84,52,advantage defensiveMove endgame quietMove veryLong,https://lichess.org/B5UVa1A6/black#92,
Vgvk4,1r3rk1/1bpN1ppp/p4b1B/1p6/P5Q1/3P3P/qP3PP1/1N2R1K1 b - - 3 19,f6b2 d3d4 b2d4 g4d4,2133,75,95,3405,crushing master middlegame pin quietMove short,https://lichess.org/43nRdF7w/black#38,Ruy_Lopez Ruy_Lopez_Closed
Vh7XG,3q1rk1/p3ppb1/1p1p1p2/n1rP4/3N3Q/3R4/PP3PPP/1K5R b - - 3 19,c5d5 d3h3 f8e8 h4h7 g8f8 h3g3,2196,84,62,64,crushing long middlegame quietMove,https://lichess.org/snqzANwu/black#38,
VhBEh,4B1k1/R5p1/3p1p2/3PpP1p/1n2P3/6PK/1r5P/8 b - - 1 35,b4d3 a7a8 g7g6 f5g6 d3f2 h3h4,2190,102,84,16,crushing endgame long quietMove,https://lichess.org/i2W0LHeB/black#70,
VhEJa,5r1k/1R2Q1b1/7p/1P6/P3pp2/4P3/1q3P1P/5BK1 w - - 0 36,e3f4 f8g8 e7g7 g8g7,2153,76,82,119,crushing endgame quietMove short,https://lichess.org/ljFV6b83#71,
VhUxr,2r5/p1P5/2R5/1P2kp2/4p2p/4P2P/4K3/8 b - - 1 40,f5f4 e3f4 e5f4 c6c5 e4e3 e2d3,2129,143,88,46,advantage endgame long quietMove rookEndgame zugzwang,https://lichess.org/oksayIYm/black#80,
Vhvrx,r4rk1/pp3p2/4q1p1/4p3/3pN2Q/3R4/PPP2PKP/8 b - - 0 25,f7f5 d3h3 g8f7 e4g5,2127,77,91,2583,crushing endgame quietMove short,https://lichess.org/sVW7nu0e/black#50,
Vi3QO,8/p7/1p2k2p/1Pp1Ppp1/P1P2P2/5K1P/8/8 w - - 3 41,h3h4 g5f4 f3f4 h6h5 f4e3 e6e5,2148,101,86,25,crushing endgame long master pawnEndgame quietMove zugzwang,https://lichess.org/mEABJ6To#81,
Vi50K,r5k1/3Q2pp/1qb5/p3P1b1/2P2n2/P4P2/NP4PP/K2R3R w - - 1 24,d1d6 a8b8 b2b4 c6d7 d6b6 b8b6,2143,76,91,7376,advantage long middlegame quietMove,https://lichess.org/5qEdXi5Z#47,
VidCV,r4k1r/p4p2/1bN2p1p/3R4/8/8/P4PPP/4R1K1 w - - 3 24,e1e7 a8c8 d5d7 h8h7 g2g3 c8c6,2154,76,90,997,advantage endgame long quietMove,https://lichess.org/mOTHiD3R#47,
Viq1e,8/5k2/2BBp3/pP2P3/r3P3/7p/8/7K w - - 0 50,d6c7 a4a1 h1h2 a5a4 c7d6 a4a3 d6a3 a1a3,2121,78,90,1152,crushing endgame quietMove veryLong,https://lichess.org/haAQ5wUS#99,
ViyXR,6k1/p4p1p/1p2rnpB/3pp3/1Q6/8/q4PPP/5RK1 b - - 5 32,f6d7 f1c1 e6e8 b4e7,2173,76,89,182274,advantage endgame quietMove short,https://lichess.org/gLIZehC8/black#64,
Vj51W,r1bqk2r/p3bp1p/2p2np1/4Q3/3p4/1PN3P1/PBPP1P1P/R3K1NR w KQkq - 1 11,c3e2 c6c5 e2d4 c5d4,2174,84,61,45,advantage opening quietMove short,https://lichess.org/uLcuKgVk#21,Nimzo-Larsen_Attack Nimzo-Larsen_Attack_Classical_Variation
Vj8mj,5r1k/p5p1/1p2ppPp/nq1pP1P1/3P1P2/P3B2Q/2r5/R5KR b - - 0 22,b5b2 a1f1 f6g5 f4g5 f8f1 h3f1,2147,126,83,12,crushing long middlegame quietMove,https://lichess.org/RMneUI25/black#44,
VjAAO,r3r1k1/2p2pp1/p7/1p2P1p1/4p2q/P3P3/1P2K1Q1/R5R1 b - - 0 23,e8e5 g1h1 e5c5 a1d1 c5c2 d1d2 c2d2 e2d2,2173,77,91,935,advantage endgame quietMove veryLong,https://lichess.org/15GxJ0jQ/black#46,
VjAb0,5rk1/1pp2ppp/6n1/2b1P3/2P5/PQ3PB1/4B1PP/qbKR3R w - - 0 20,b3b1 a1c3 b1c2 c5a3 c1b1 c3b4 b1a1 f8a8 d1d8 a8d8,2177,80,91,363,advantage exposedKing master middlegame queensideAttack quietMove veryLong,https://lichess.org/mkDmF4Zv#39,
VjJL6,r7/pp2k3/2pp4/7p/2P1PR2/3P3P/Pr6/5R1K b - - 1 27,b2a2 f4f7 e7e6 d3d4 a2a1 d4d5,2157,103,83,16,advantage endgame long quietMove rookEndgame,https://lichess.org/rWBjLqzE/black#54,
VjoPw,6k1/4r1p1/1p1p1p2/p3p1PR/4P2P/q6r/5QK1/4R3 b - - 0 53,f6g5 e1f1 a3f3 f2f3,2127,76,91,2588,advantage endgame quietMove short,https://lichess.org/5XS2ByIO/black#106,
VkSCK,5rk1/R1P2p2/6p1/2K4p/p7/8/8/8 b - - 0 47,h5h4 a7b7 g8g7 b7b8 h4h3 b8f8,2132,80,90,166,crushing endgame long quietMove rookEndgame,https://lichess.org/tOKTjsEM/black#94,
Vl07B,3r2k1/p1R3pp/2p1pb2/2Rr4/3P4/2P5/P4PPP/2B3K1 w - - 1 21,c7c6 d5c5 c6c5 d8b8 f2f4 b8b1 g1f2 b1c1,2198,75,92,3022,advantage endgame pin quietMove veryLong,https://lichess.org/8YYlpwKw#41,
VlFKc,8/p1k5/8/2p5/3p2P1/1P1K4/P7/8 b - - 0 40,c7d6 b3b4 d6d5 b4c5 d5c5 g4g5 c5d5 g5g6 d5e6 d3d4,2187,82,90,905,crushing endgame master pawnEndgame quietMove veryLong,https://lichess.org/7MGL7KoZ/black#80,
VlWBg,8/5N2/4p3/k1pb2P1/8/4K3/8/8 b - - 2 46,a5b4 f7e5 d5a2 g5g6 a2b1 e5d3 b4c4 g6g7 b1d3 g7g8q,2101,73,92,5660,advancedPawn crushing endgame pin promotion quietMove veryLong,https://lichess.org/Pz8K46x7/black#92,
VlaUD,5r2/6pp/8/R2p1n2/2p2P2/5kPK/7P/4R3 w - - 3 33,a5d5 f8f6 e1f1 f3e2 f1c1 f6h6 h3g2 f5e3 g2g1 e3d5,2105,104,83,21,crushing defensiveMove endgame fork quietMove veryLong,https://lichess.org/8DHwBNTZ#65,
Vlcux,1Q6/1p1r2pk/1p1P1p1p/4pn1q/8/2P2N1P/PP1R1PP1/6K1 w - - 1 28,b8c7 d7c7 d6c7 f5e7 d2d7 e7c8,2186,76,90,1304,advantage defensiveMove endgame long quietMove,https://lichess.org/s98qyiQT#55,
VljZO,2Q2b1k/6p1/1p3q1p/4p3/7P/1B1p2P1/P6K/8 b - - 1 43,d3d2 c8c4 h8h7 h4h5 f6f2 h2h3 f2f5 h3g2,2135,124,41,25,crushing defensiveMove endgame quietMove veryLong,https://lichess.org/eZdlpQ8y/black#86,
Vm7YG,2kr2b1/1pp4p/5Rp1/q1Pp2P1/p2Pp2P/K2nP3/1B1NQ3/5B2 w - - 5 31,f1h3 c8b8 d2b1 a5b4 a3a2 b4b3 a2a1 d3b4 b1c3 a4a3,2108,85,82,34,advantage defensiveMove exposedKing middlegame quietMove veryLong,https://lichess.org/RJuqCc1y#61,
VmYyH,8/8/3r2p1/PB6/1R5P/4k1n1/KP3p2/8 w - - 0 54,b4g4 g3e2 b5e2 e3e2,2120,74,95,277,crushing endgame quietMove short,https://lichess.org/kfn5DReu#107,
Vn3jV,5rk1/4qr1p/1p4p1/p2B4/3Q4/7P/PP4P1/5R1K b - - 0 29,e7c5 d4e5 c5d5 e5d5,2139,111,80,28,advantage endgame master pin quietMove short,https://lichess.org/olJZO65z/black#58,
VnWe5,8/p2K4/8/Pk6/8/8/8/8 w - - 6 53,d7c7 b5a5 c7b7 a7a6 b7c6 a5b4,2128,74,86,343,crushing endgame long pawnEndgame quietMove,https://lichess.org/FhCjszqA#105,
Vneng,8/1R6/5k1p/7P/4BPK1/8/1p1r1b2/8 b - - 2 53,f2d4 e4d5 d2g2 d5g2,2141,90,86,25,crushing endgame quietMove short,https://lichess.org/tFAAlfwh/black#106,
VniME,8/8/pp5p/5kp1/P1PK4/5P1P/8/8 b - - 1 49,f5f4 a4a5 b6a5 c4c5 a5a4 c5c6 a4a3 d4c3 a3a2 c3b2,2131,75,86,287,crushing endgame pawnEndgame quietMove veryLong,https://lichess.org/TxoGLlu5/black#98,
VoC3T,2r2rk1/1pN3pp/1p3p2/8/3P4/P2b3P/5PP1/R4RK1 w - - 3 24,f1d1 d3c4 a1b1 c8c7,2199,82,78,49,advantage endgame quietMove short trappedPiece,https://lichess.org/8r9eIMLg#47,
VoHko,8/2b5/4pB2/1p1k1p1P/2rP4/2pK4/R4P2/8 b - - 0 44,c7d6 h5h6 c4c7 f6g7 e6e5 h6h7,2116,75,89,569,advancedPawn crushing endgame long quietMove,https://lichess.org/WHcjpISE/black#88,
VodRD,5r1k/6pp/5p2/3Q4/1P2p3/P7/1BrP3q/1R2K1R1 w - - 3 32,g1f1 e4e3 b2c3 f8e8 e1d1 c2c3 d2c3 e3e2,2187,162,22,12,advancedPawn crushing middlegame quietMove sacrifice veryLong,https://lichess.org/ERZmTWzZ#63,
Vomhx,8/Q7/1p2rk2/2p3p1/P3b2p/1P5P/5P2/6K1 w - - 0 47,a4a5 e4f3 g1f1 e6d6,2103,112,76,30,crushing defensiveMove endgame quietMove short,https://lichess.org/sxIzxKvR#93,
Vop0a,1R6/8/8/4p1K1/2kn4/1p4P1/8/8 w - - 2 58,g5f6 e5e4 g3g4 e4e3,2187,76,86,514,crushing endgame quietMove short,https://lichess.org/nALIvVAQ#115,
Vowu6,3r2k1/1p3p1p/p1nq2p1/3p4/2PQ4/5B1P/PP3PP1/3R2K1 w - - 1 25,d4d5 d6e7 g1f1 d8d5,2182,76,90,481,advantage discoveredAttack endgame quietMove short,https://lichess.org/qiDDAqSY#49,
VozqB,8/6p1/k4p2/3K3p/5P1P/8/8/8 b - - 1 52,a6b6 f4f5 b6b5 d5e6 b5c6 e6f7 c6d6 f7g7,2169,78,94,673,crushing endgame pawnEndgame quietMove veryLong,https://lichess.org/DOK913JU/black#104,
VpbEE,r4rk1/1pq3pp/p7/3Pb3/3p4/3P1BPb/PP1Q3P/R1B2RK1 w - - 2 18,f1f2 e5g3 h2g3 c7g3 f3g2 a8e8 f2f8 e8f8,2194,79,91,74,crushing middlegame quietMove veryLong,https://lichess.org/dyADUM9I#35,Sicilian_Defense Sicilian_Defense_McDonnell_Attack
VpcfQ,3r2k1/5ppp/p1R5/r7/8/5N1P/P2p1PP1/3B2K1 w - - 4 29,c6c2 a5b5 f3d2 b5d5 d1e2 d5d2 c2d2 d8d2,2156,75,88,982,advantage endgame quietMove veryLong,https://lichess.org/dLnlO6uU#57,
Vph48,8/7p/6p1/1p1p4/4k1P1/P3P3/4K2P/8 w - - 0 36,h2h4 h7h6 g4g5 h6h5,2193,80,85,518,crushing defensiveMove endgame pawnEndgame quietMove short zugzwang,https://lichess.org/RSnl87RW#71,
VpouQ,6Nk/pq4rp/2b2Q2/1p1p1P2/2p1P3/1P5P/P5P1/4nR1K b - - 0 41,e1g2 g8h6 b7e7 f6c6,2112,88,81,26,crushing middlegame quietMove short,https://lichess.org/jjN5qAd2/black#82,
VqEIZ,1k1r4/1pp4p/p1n1Q3/8/5p2/1P1Pn1q1/PBP2RP1/4R2K w - - 0 25,f2e2 e3g4 e6g4 g3g4,2134,77,91,2786,crushing middlegame quietMove short,https://lichess.org/SAo6FIDA#49,
VqJik,r4rk1/p2p1ppp/1q2p3/1PpnP1BQ/1nB1R3/8/1P4PP/R5K1 b - - 4 22,f7f6 e4h4 f8f7 h5h7,2147,78,91,664,crushing kingsideAttack middlegame quietMove short,https://lichess.org/od52orhW/black#44,
VqKm8,8/8/3p4/1kpP1p1p/5P1P/4N3/4Kn2/8 b - - 11 69,f2g4 e3g4 f5g4 f4f5 g4g3 f5f6 g3g2 e2f2,2156,80,89,693,crushing endgame knightEndgame master quietMove veryLong,https://lichess.org/aYODIJbb/black#138,
VqaSc,1b1r1r1k/5pp1/7p/1p1N4/1P1R1P1q/3Q4/6PP/3R3K b - - 1 29,b8a7 d5f6 g7f6 d4d8 f8d8 d3d8,2189,81,91,252,advantage discoveredAttack long middlegame quietMove,https://lichess.org/GFD2N0Py/black#58,
Vqnek,r5k1/3n2pp/3P2p1/1p6/2pB2P1/Pr5P/5PK1/R1R5 b - - 0 30,a8a3 c1e1 a3a1 e1e8 g8f7 e8e7 f7f8 d4g7 f8g8 g7a1,2175,173,-14,15,advantage endgame fork quietMove sacrifice veryLong,https://lichess.org/na61JeqC/black#60,
VrDZv,8/pK3Pb1/1p6/2pB4/PkP5/8/8/8 b - - 8 50,b4a4 b7a7 a4a5 d5c6 a5b4 c6b5,2151,78,92,4213,bishopEndgame crushing defensiveMove endgame long quietMove,https://lichess.org/SPNZTVHR/black#100,
VroEd,r1b2rk1/pppn1ppp/3p4/3Pq1NQ/8/3B4/P1P2PPP/R4RK1 b - - 3 16,d7f6 d3h7 g8h8 h5h4 e5g5 h4g5,2154,111,100,40,advantage kingsideAttack long middlegame quietMove,https://lichess.org/XO9QbhHd/black#32,Four_Knights_Game Four_Knights_Game_Halloween_Gambit
VsDmg,8/p4p2/2k5/1p2P2p/2p1K2P/6P1/PP6/8 b - - 2 36,c6c5 g3g4 h5g4 h4h5 c4c3 b2c3,2150,75,94,1010,crushing endgame long pawnEndgame quietMove,https://lichess.org/PdNCs3Fe/black#72,
VsIBz,7r/8/8/p2p1p2/P3kp2/2PR3P/4KP2/8 w - - 0 45,d3f3 h8b8 f3d3 f4f3 e2d2 b8b2,2193,78,83,71,crushing endgame long master quietMove rookEndgame,https://lichess.org/XG4MoZKX#89,
VsLJ6,6k1/2p2pp1/5n1p/2p5/1P6/3r1P2/2qpQ1PP/3R1RK1 w - - 0 28,b4c5 f6d5 e2e8 g8h7 e8e4 g7g6,2142,95,87,27,crushing defensiveMove endgame long quietMove,https://lichess.org/APgrplqf#55,
VsciJ,1r3rk1/5p2/p4P1p/1ppPpQ1B/2Pq4/P5P1/5RKP/8 b - - 0 31,b5c4 h5f3 g8h8 f3e4 d4e4 f5e4,2167,116,79,21,crushing endgame long quietMove,https://lichess.org/LjxHCReA/black#62,
Vt3WR,2r2rk1/8/p3q1n1/1p1p4/5p2/2P1p3/PPN1Q3/K5RR b - - 1 30,f4f3 e2h2 g8f7 h2h7 f7e8 g1g6,2194,75,92,879,crushing deflection exposedKing long middlegame quietMove,https://lichess.org/Na1oiKrH/black#60,
VtRV3,6k1/6pp/1R1p4/1P1r4/2r5/7P/3p1PP1/3R2K1 w - - 1 30,b6c6 c4e4 g1h2 e4e1 d1d2 d5d2,2121,76,94,422,advantage endgame long master quietMove rookEndgame,https://lichess.org/nhS5jmAn#59,
VtyIO,5k2/3r2p1/3PQpn1/4n3/q7/1P6/2P5/1K1RR3 b - - 0 45,a4a3 e1e5 g6e5 d1h1 e5f7 e6d7,2161,76,81,547,clearance crushing long middlegame quietMove sacrifice,https://lichess.org/Roe5lETc/black#90,
Vu5x3,R7/8/8/3p4/2bPp1P1/1k2K3/p4P2/8 w - - 0 54,g4g5 c4b5 g5g6 b5a4 a8a4 b3a4 g6g7 a2a1q,2173,76,95,65,advancedPawn crushing endgame promotion quietMove veryLong,https://lichess.org/Ax3ued4m#107,
Vu7zv,8/1p6/p6p/8/k6K/3B4/2P5/8 w - - 0 43,h4h5 a4b4 d3e4 b7b5 h5g4 a6a5,2101,109,84,15,bishopEndgame crushing defensiveMove endgame long quietMove,https://lichess.org/lcdNDY9M#85,
Vu8mB,r3k1nr/1pp2pp1/p1pb2p1/8/4PPP1/3P2qP/PPP5/RNBQ1K1R w kq - 3 12,e4e5 d6c5 d3d4 c5d4,2118,78,82,96,crushing middlegame quietMove short,https://lichess.org/TwFqB6mM#23,Ruy_Lopez Ruy_Lopez_Exchange_Variation
Vuois,8/6pk/7p/1p1K4/5P2/6P1/7P/8 b - - 1 47,b5b4 d5c4 h7g6 g3g4 g6f6 c4b4,2120,77,91,107,crushing endgame long pawnEndgame quietMove,https://lichess.org/AadLBys5/black#94,
VuuBd,r7/p5qk/3pR2p/3P1Q2/1p4r1/1Pp3P1/P6P/2R4K b - - 0 32,h7h8 c1e1 a8g8 e6e7,2117,79,71,103,crushing endgame quietMove short,https://lichess.org/lRD3v56g/black#64,
VvTXp,2b1Q3/p5pk/1p2P2p/5P2/2q2n2/8/P4BPP/5RK1 w - - 1 35,f1e1 c4d5 e8g6 f4g6 f5g6 h7g6 e6e7 c8d7 e7e8r d7e8,2190,80,90,1022,crushing endgame quietMove veryLong,https://lichess.org/t9UFem1L#69,
VwHi7,8/5p2/p3k1p1/1p2P1P1/4K3/1P6/P7/8 w - - 0 44,a2a4 b5a4 b3a4 a6a5 e4d4 e6f5 d4c5 f5g5,2193,78,91,811,crushing endgame pawnEndgame quietMove veryLong zugzwang,https://lichess.org/va0e93Le#87,
VwI3S,4k3/4P1P1/5B2/p1p2K2/1p6/P7/1P4r1/8 b - - 0 45,b4a3 f6g5 g2g5 f5g5 e8e7 g7g8q,2141,75,87,73,advancedPawn crushing endgame long promotion quietMove,https://lichess.org/aU8fwVIj/black#90,
Vwl9s,r2q3r/ppp5/4Q3/1P1P2p1/P4pk1/8/2P2P2/5RK1 b - - 2 31,g4f3 f1d1 h8h1 g1h1 d8c8 d1d3 f3f2 d3d2,2142,86,100,34,crushing endgame quietMove veryLong,https://lichess.org/Y7cMVJ99/black#62,
Vx1NC,rr6/3k1p2/2p1p1p1/2Qp2q1/pp1P4/8/PPP1BPPP/1K1R3R w - - 0 27,g2g3 g5d8 a2a3 a8a5 c5b4 b8b4,2128,187,100,13,equality long middlegame quietMove trappedPiece,https://lichess.org/bIl7gh5K#53,
Vx7y9,8/6p1/p6p/k7/2K5/2P4P/6P1/8 b - - 0 46,a5a4 c4d5 a6a5 c3c4 a4b3 c4c5 a5a4 c5c6 a4a3 c6c7 a3a2 c7c8q a2a1q c8c4,2184,76,96,957,advancedPawn crushing endgame pawnEndgame promotion quietMove veryLong,https://lichess.org/Mv3Wee4y/black#92,
VxDrg,3r2k1/5ppp/1pP5/8/8/6PP/5Pn1/R5K1 b - - 0 27,g2h4 c6c7 d8c8 a1d1 h4g6 d1d8,2136,77,94,4423,advancedPawn crushing endgame long master quietMove,https://lichess.org/0GiomSj5/black#54,
VxMAU,r1b3k1/1p4bp/pn1q2p1/2p1P3/4P3/2NPB3/PPP1Q1PP/5RK1 b - - 0 18,g7e5 e2f2 c8e6 e3c5,2197,78,87,72,advantage middlegame quietMove short,https://lichess.org/t70CRuSU/black#36,Bird_Opening Bird_Opening_Dutch_Variation
VxXXB,R7/5pk1/3q3p/pp1r2p1/8/5Q2/PP1p1PPP/3R2K1 w - - 0 28,f3g4 d5e5 d1f1 e5e1 g4d1 e1d1,2167,80,90,1430,crushing endgame long quietMove,https://lichess.org/y3upMyKv#55,
Vxd4n,8/r7/P7/1B4k1/2P2p2/6pp/5K2/6R1 w - - 0 52,f2f3 a7e7 g1g3 f4g3 f3g3 e7e3,2184,80,81,70,attraction crushing endgame long quietMove,https://lichess.org/SZ5fq2E9#103,
Vxg09,5r2/1p4R1/1B2k2p/P1Pp1p2/4pK1P/3bP3/5P2/8 w - - 0 37,g7b7 f8g8 f2f3 d3e2,2104,164,75,8,advantage endgame quietMove short,https://lichess.org/o74gKNwk#73,
VxkjH,8/R2R1pk1/4p1p1/4Pq1p/2p5/P7/2P2P1P/6K1 b - - 0 27,f5c2 d7f7 g7g8 f7d7 c2c1 g1g2,2149,77,75,179,crushing endgame long queenRookEndgame quietMove,https://lichess.org/7qQzaY7i/black#54,
Vxs5Z,3r1k2/p2p2pp/1p1Nqb2/8/2B5/6P1/1P3P1P/3Q2K1 b - - 6 29,e6e7 d1d5 e7e6 d5h5 e6c4 d6c4,2117,79,91,4957,advantage endgame long quietMove,https://lichess.org/405swVVm/black#58,
Vxv5V,6k1/2P2p2/N3q3/P3p3/4P3/6PP/4B2K/8 b - - 0 45,g8f8 a6b4 e6d7 b4d5,2120,132,81,10,crushing defensiveMove endgame quietMove short,https://lichess.org/HRWCmCkj/black#90,
VxxkA,r1r3k1/1Qpb3p/3p1qp1/p2Pp3/2P5/P5P1/1P3PBP/R4RK1 w - - 1 21,b2b4 f6d8 b4a5 c8b8 b7b4 b8b4,2187,75,86,80,advantage long middlegame quietMove trappedPiece,https://lichess.org/qYA7u7ry#41,
Vyaxt,8/1p6/6p1/p1p1kp1p/2Pp4/1P1P1KPP/P4P2/8 b - - 0 30,b7b6 h3h4 a5a4 b3a4 e5f6 f3f4 f6e6 f4g5,2108,77,91,3294,crushing endgame pawnEndgame quietMove veryLong zugzwang,https://lichess.org/1GPd1Czi/black#60,
VzPl1,8/8/3k2pp/2pPp3/1pK2pP1/1P1P4/5PP1/8 b - - 0 39,h6h5 g4g5 e5e4 d3e4,2168,75,88,909,crushing endgame pawnEndgame quietMove short zugzwang,https://lichess.org/njxVZC6u/black#78,
VzSJV,6k1/5p1b/p3pQpP/4PP2/6r1/q1p5/7P/5R1K b - - 3 34,g6f5 f1d1 c3c2 d1d8 a3f8 d8f8 g8f8 f6d8,2106,78,81,55,attraction endgame mate mateIn4 quietMove veryLong,https://lichess.org/AdqWMT0F/black#68,
VzUru,1k1r1br1/pP3p1p/4bq2/1B6/Q2P4/P4pP1/1P3P1P/2R2RK1 b - - 2 20,f6h4 b5a6 h4h3 c1c8,2172,163,-8,9,crushing middlegame quietMove short,https://lichess.org/XXkMZFHT/black#40,
VzYL6,8/p5p1/4p1k1/1p1pP2p/1P3KPP/P7/6P1/8 b - - 2 30,g6h7 g4h5 h7h6 g2g4 g7g6 h5g6,2113,78,90,92,crushing endgame long pawnEndgame quietMove,https://lichess.org/Ej0BvMRL/black#60,
VzhY9,r3k2r/pp1n1pp1/2pb1n2/q3p3/6p1/P1N1PN2/1B1PBPP1/R2Q1RK1 w kq - 0 13,f3h2 e5e4 c3b5 d6h2,2133,84,90,756,crushing discoveredAttack kingsideAttack middlegame quietMove short,https://lichess.org/BHRUCmXk#25,English_Opening English_Opening_Anglo-Scandinavian_Defense
W0KP0,8/1pp5/8/6p1/pP6/2P1KPk1/P7/8 w - - 0 45,a2a3 b7b5 e3e4 g3f2 f3f4 g5f4,2116,78,85,71,crushing endgame long pawnEndgame quietMove zugzwang,https://lichess.org/2YcB0wMt#89,
W0MUm,6k1/3q1p1p/p1p2p2/2Pp1P2/1P1Pr1P1/P1Q5/5K1P/R7 w - - 0 29,h2h3 d7c7 c3g3 e4e2 f2e2 c7g3,2113,75,97,89,crushing deflection endgame exposedKing long quietMove,https://lichess.org/s83GfY2i#57,
W0SQR,8/p7/1p1k4/2p1p1p1/PP2P3/2P1KP2/8/8 b - - 0 40,c5c4 e3f2 d6e6 f2g3 e6f6 g3g4 f6g6 b4b5 g6f6 g4h5,2195,76,92,189,crushing endgame pawnEndgame quietMove veryLong zugzwang,https://lichess.org/sBjxKNRI/black#80,
W0gFB,4nkr1/5p1p/3P4/1R3N2/p1Pq4/P2P2P1/5P2/5RK1 b - - 1 34,d4d3 b5d5 d3c4 f1d1 c4c8 d6d7,2188,86,81,42,advancedPawn crushing endgame long quietMove,https://lichess.org/xHsA0CAd/black#68,
W0wPi,8/5k2/1R3P1p/5K1P/p7/rp4P1/8/8 b - - 2 57,a3a2 b6b7 f7e8 f5g6 a2f2 g6g7 f2f3 g3g4 a4a3 b7b3,2141,149,55,19,crushing endgame quietMove rookEndgame veryLong,https://lichess.org/xJc15BeY/black#114,
W10Fj,5k2/5p1p/1p4p1/8/2p1P2P/4KPP1/P7/8 b - - 3 35,f8e7 a2a4 e7d6 e3d4,2183,76,87,149,crushing endgame pawnEndgame quietMove short,https://lichess.org/BnySG3gA/black#70,
W1Aak,4R3/kpp2p2/1p6/r4qp1/3P3p/1QP4P/PP3PP1/6K1 w - - 1 31,e8f8 f5b1 g1h2 a5a2 f8f7 a2a1 b3a3 a1a3,2127,80,75,56,crushing endgame quietMove veryLong,https://lichess.org/I6tTC7FY#61,
W1uBt,5rk1/2r3bp/p2p1q2/3Rpp1Q/2N5/2P5/5PPP/5RK1 w - - 1 23,d5d6 f6e7 h5e2 f8c8 f1d1 c7c4,2183,91,76,38,advantage long master middlegame quietMove,https://lichess.org/AA5YI43r#45,
W201c,8/p5p1/8/2kp4/P6p/2K1PP1P/8/8 w - - 0 36,e3e4 d5e4 f3e4 g7g5 c3d3 g5g4,2100,74,77,177,crushing endgame long pawnEndgame quietMove,https://lichess.org/PRpGdtBu#71,
W289I,4kbQ1/3rq2p/pp4n1/2p3P1/P7/2PP4/1P1B3P/4R1K1 b - - 7 31,e7e1 d2e1 d7f7 c3c4 g6e7 g8h8,2114,122,54,48,advantage endgame hangingPiece long quietMove,https://lichess.org/GvQbJKXQ/black#62,
W2Ebz,r3r1k1/pb3ppp/1p2q3/2p5/4p3/2P1P2P/PPQ1BPP1/3R1RK1 b - - 1 18,e6a2 c3c4 b7c6 d1a1,2142,75,94,4256,advantage middlegame quietMove short,https://lichess.org/sK7DE27x/black#36,Indian_Defense Indian_Defense_Other_variations
W31hL,2rq1rk1/1R3pp1/p2b3p/1p3Q2/8/P1N1B3/1P3PPP/6K1 b - - 2 18,d6c5 e3c5 g7g6 f5e5 f8e8 b7e7,2193,76,91,874,advantage long middlegame quietMove,https://lichess.org/I1YvNRTQ/black#36,Scandinavian_Defense Scandinavian_Defense_Kloosterboer_Gambit
W3HMz,r3r1k1/pp6/3p2P1/3pp2Q/3n1q1P/8/PPb1P1P1/K2R1B1R b - - 1 22,c2d1 h5h7 g8f8 g6g7 f8e7 g7g8q e7d8 g8g5 f4g5 h4g5 a8c8 b2b3 c8c1 a1b2,2137,79,89,319,advancedPawn advantage deflection discoveredAttack exposedKing kingsideAttack middlegame promotion quietMove veryLong,https://lichess.org/r5osijq8/black#44,
W3b0I,8/5p2/p2k2r1/3n4/3NpR2/1Pp1P1pP/P1K3P1/8 w - - 2 38,f4e4 g6f6 d4e2 f6f2,2133,76,86,170,advantage endgame master pin quietMove short,https://lichess.org/fnzGMyFc#75,
W3sTE,5rk1/1p3pBp/p1p5/8/1P6/2Q3P1/P2NqPKP/r7 b - - 0 25,f8d8 g7h6 e2g4 c3a1,2149,76,93,7944,advantage endgame quietMove short,https://lichess.org/6Jzjr6ML/black#50,
W4TQT,8/4k3/p1p1b1p1/PpPr1p1p/1P1Rp2P/4P1P1/4BPK1/8 w - - 0 41,e2d1 d5d4 e3d4 e6c4 g3g4 h5g4,2127,76,88,876,clearance crushing endgame long master quietMove,https://lichess.org/cE1spdVq#81,
W4ZqU,5r1k/p2P2pp/4B3/8/8/6P1/P1r4P/6RK b - - 0 32,c2e2 g1c1 e2e6 c1c8 h8g8 c8f8 g8f8 d7d8q,2184,75,92,3516,advancedPawn advantage attraction endgame master promotion quietMove sacrifice veryLong,https://lichess.org/DwH5rwBf/black#64,
W5dZO,8/8/5pp1/4k3/6KP/8/5P2/8 b - - 2 52,e5e4 f2f4 f6f5 g4g5 e4e3 g5g6 e3f4 h4h5 f4g4 h5h6 f5f4 h6h7 f4f3 h7h8q,2104,81,91,2197,advancedPawn crushing defensiveMove endgame master pawnEndgame promotion quietMove veryLong zugzwang,https://lichess.org/FD004ZLS/black#104,
W5oGc,5r2/6p1/R7/3n4/1P3k2/P5p1/4B1P1/6K1 w - - 0 42,e2f3 f8e8 g1f1 d5e3 f1e2 e3g2,2118,76,100,239,crushing deflection discoveredAttack endgame long quietMove,https://lichess.org/0lBwJ15P#83,
W60Ne,4r1k1/p4p1p/6p1/8/5P2/2Q5/PB2bRPP/1q5K w - - 4 28,b2c1 e2a6 h2h3 e8c8,2156,99,13,26,advantage endgame quietMove short,https://lichess.org/evXpJvDf#55,
W66XK,5rk1/pp3r2/3p2pQ/2b1n2p/8/7P/PP1B2P1/R6K w - - 8 32,d2c3 f7f1 h1h2 h5h4 h6f8 f1f8,2141,135,84,11,crushing long middlegame quietMove,https://lichess.org/MiZMYnTc#63,
W6CyJ,8/8/4k1p1/5pP1/5K1P/8/8/8 w - - 3 61,h4h5 g6h5 g5g6 h5h4 g6g7 e6f7 g7g8q f7g8,2185,77,90,253,crushing endgame pawnEndgame quietMove veryLong,https://lichess.org/CqvTZwzV#121,
W6KX5,2kr4/ppp2ppp/4q3/2b5/4r1P1/2P3B1/PPQ1B1PP/R3K2R w KQ - 3 18,a1d1 d8e8 d1d2 c5e3 e1d1 e3d2,2175,74,95,4869,advantage long middlegame quietMove,https://lichess.org/UcTEcH51#35,Scandinavian_Defense Scandinavian_Defense_Modern_Variation
W76AO,8/3r4/4RPP1/2k5/2p4p/1p5P/8/6K1 b - - 0 45,b3b2 e6e1 d7d6 g6g7,2103,74,95,720,advancedPawn crushing endgame quietMove rookEndgame short,https://lichess.org/LsUeGThl/black#90,
W7IrP,7k/1p3q1p/p4rp1/P7/4p3/2PbB1P1/1P4P1/R3Q1K1 b - - 0 30,f6f1 e1f1 d3f1 a1f1 f7c7 e3h6 c7c5 f1f2,2133,75,80,101,crushing defensiveMove endgame master quietMove veryLong,https://lichess.org/midTkwF3/black#60,
W7iJ0,r4r2/nb2Qpkp/3p1np1/p2P4/q7/P4N1P/BPP2PP1/2KR3R b - - 0 20,a8c8 f3d4 b7d5 a2d5,2139,218,100,20,equality middlegame quietMove short,https://lichess.org/4aK5dokm/black#40,
W86nQ,r4qk1/ppp2p1n/3p4/5P1Q/2Ppr3/5R2/PPP3PP/R5K1 b - - 1 18,a8e8 f3h3 f8g7 h3g3 g7g3 h2g3,2145,80,93,301,advantage long middlegame pin quietMove,https://lichess.org/ce5Cg3nt/black#36,Italian_Game Italian_Game_Anti-Fried_Liver_Defense
W8KIn,r4b1r/pppk4/5p1p/5pp1/3P4/4PQ2/qPP2PPP/2KR2NR w - - 0 18,b2b3 f8b4 f3f5 d7e7 f5c5 b4c5,2150,78,86,139,crushing defensiveMove long middlegame quietMove,https://lichess.org/mqmBBAaP#35,Queens_Pawn_Game Queens_Pawn_Game_Levitsky_Attack
W8aRV,8/8/1p5p/p3pp1P/P7/1PkP1P2/4K3/8 w - - 2 38,e2e3 c3b3 f3f4 b3a4 f4e5 a4b5 e3f4 b5c6 f4f5 c6d7 f5g6 d7e6 g6h6 a5a4 h6g5 a4a3 h5h6 a3a2 h6h7 a2a1q h7h8q a1e5 h8e5 e6e5 g5g4 e5d4 g4f3 d4d3,2163,131,100,20,advancedPawn crushing endgame pawnEndgame promotion quietMove veryLong,https://lichess.org/uDrqAP79#75,
W8hYS,8/p3k3/8/1p3P2/4K3/1P6/8/8 b - - 0 55,e7f6 b3b4 a7a6 e4f4,2156,76,87,130,crushing defensiveMove endgame pawnEndgame quietMove short,https://lichess.org/CB65bMnp/black#110,
W8o0O,3r1rk1/pp3pp1/5q1p/5R2/8/3B2R1/P2Q1PPP/6K1 b - - 0 27,f6f5 d2h6 g7g6 g3h3 f5h3 h6h3,2118,75,94,6248,advantage endgame long pin quietMove,https://lichess.org/ENYVnBfI/black#54,
W8tb6,4r3/2pR3p/5kp1/1pN5/p1b1P1P1/2n1NP2/7P/6K1 b - - 1 24,c4e2 f3f4 g6g5 e4e5 e8e5 f4e5,2133,77,90,1869,advantage endgame long quietMove,https://lichess.org/272j5WQ8/black#48,
W9Ehs,1rbq1rk1/1p2pp2/p2p1bp1/2p3N1/P1BnP3/2NP4/1PP3PP/R1B1Q1K1 b - - 2 13,b7b5 e1h4 f6g5 c1g5 b5c4 g5e7,2185,75,97,207,advantage long middlegame quietMove sacrifice,https://lichess.org/pe8K5RzB/black#26,Sicilian_Defense Sicilian_Defense_Modern_Variations
W9EuV,1r1q1rk1/1b2npp1/p1n1p3/1p2N2Q/3P4/2N1R3/PP3PPP/R5K1 b - - 3 17,e7f5 e3h3 f5h6 e5g4 d8d4 g4h6 g7h6 h5h6 d4g7 h3g3,2198,76,93,2871,crushing middlegame pin quietMove veryLong,https://lichess.org/jl37vux8/black#34,Indian_Defense Indian_Defense_Normal_Variation
WA0Fh,8/4r3/1R2p3/1p2P3/pP2Pp1k/P4P1P/7K/8 w - - 3 38,b6b5 e7d7 b5b8 d7d2 h2g1 h4g3 b8g8 g3f3,2158,80,91,430,crushing endgame quietMove rookEndgame veryLong,https://lichess.org/Fl8WXRub#75,
WA6GW,8/8/4pkp1/p1p4p/4KP2/1PP2PP1/1P6/8 w - - 0 34,g3g4 h5h4 e4e3 g6g5 e3f2 g5f4,2109,79,91,354,crushing endgame long pawnEndgame quietMove,https://lichess.org/qiGLlLoW#67,
WACXB,1k1r3r/ppp3pp/3b1p2/4p3/P2qP3/3B4/1PQ2PPP/R2R2K1 b - - 2 22,d6c5 d3c4 d4f2 c2f2 c5f2 g1f2,2179,80,81,170,advantage long middlegame quietMove,https://lichess.org/jcYt7Iv0/black#44,
WAIyB,5rk1/1R4p1/p2p3p/3P4/1PNb4/P5qP/4Q1P1/7K w - - 1 38,c4d2 d4e5 d2f3 f8f3,2107,77,88,985,crushing endgame master quietMove short,https://lichess.org/G6WOu4VD#75,
WAOgF,7k/7p/8/R3pp2/8/pr3P2/5KPP/8 w - - 2 40,a5e5 f5f4 e5a5 b3b2 f2f1 a3a2 a5a8 h8g7,2114,76,92,1802,advancedPawn crushing endgame quietMove rookEndgame veryLong,https://lichess.org/1AvDMFKC#79,
WAeGH,2k3nr/pp3ppp/2p3q1/8/8/2N1PP2/PPP2P2/R1BR1K2 b - - 3 16,g6c2 e3e4 g8e7 d1d2 c2d2 c1d2,2189,77,95,86,advantage long middlegame quietMove trappedPiece,https://lichess.org/kFSpx4e6/black#32,Englund_Gambit Englund_Gambit_Hartlaub-Charlick_Gambit
WAkqQ,8/6p1/p6p/3k4/1p6/1P1K4/1P4PP/8 w - - 0 41,h2h4 h6h5 g2g3 g7g6 d3e3 d5e5,2106,106,67,20,crushing defensiveMove endgame long pawnEndgame quietMove zugzwang,https://lichess.org/RV03Y655#81,
WB6L1,8/p4pp1/k1P1p3/5r1p/1R6/5P2/4KP2/8 b - - 1 41,g7g5 b4c4 f5e5 e2f1,2109,74,83,118,crushing defensiveMove endgame master quietMove rookEndgame short,https://lichess.org/GuW7U5y3/black#82,
WBBHV,6k1/5p1p/b4bp1/1p1r4/1Qn5/3q1NBP/B4PP1/4R1K1 b - - 6 35,g8g7 e1e8 d3a3 b4a3 d5d1 g1h2 c4a3 e8a8,2168,75,91,1629,advantage middlegame quietMove veryLong,https://lichess.org/HiBpjxS2/black#70,
WC3yJ,6k1/5ppp/p2pp3/1qRb4/8/1P1QNP1P/P5PK/8 b - - 0 32,d6c5 d3b5 a6b5 e3d5 e6d5 a2a4 b5a4 b3a4 g8f8 a4a5 f8e7 a5a6 c5c4 a6a7,2193,78,95,1984,advancedPawn crushing endgame quietMove veryLong,https://lichess.org/FclrMji4/black#64,
WCX6o,8/5pp1/4p1p1/1k1pP3/1P3PPP/2K5/8/8 b - - 0 39,b5a4 g4g5 d5d4 c3d4 a4b4 f4f5,2120,124,100,13,crushing endgame long pawnEndgame quietMove,https://lichess.org/HfFgtGCW/black#78,
WCdhG,r1b1k2r/6pp/p3p3/1pbpn3/3N2P1/2N4P/PPP3B1/2KR3R w kq - 0 20,d4e6 c8e6 h1e1 c5d6 g2d5 e6d5,2121,80,90,646,advantage hangingPiece long middlegame quietMove,https://lichess.org/YNXkUFq1#39,
WCf4s,r5k1/N2p1ppp/Rb2p3/1r6/8/6P1/4PPKP/2R5 b - - 0 26,b5b2 a7b5 a8d8 a6b6,2184,78,84,56,advantage endgame interference master quietMove short,https://lichess.org/0THRbFZ5/black#52,
WD5R8,6rk/pp4rp/2p1q3/4P2Q/4pP2/4P3/PP5R/2R4K b - - 2 32,e6a2 f4f5 a2d5 f5f6,2108,76,80,185,crushing endgame master quietMove short,https://lichess.org/sth6YW4l/black#64,
WE5GU,8/5pp1/1p2p1b1/1B2P1Pk/1P1p1K2/6P1/8/8 b - - 1 52,d4d3 b5c6 g6f5 c6f3 h5g6 g3g4,2171,77,93,3524,bishopEndgame crushing endgame long quietMove,https://lichess.org/u8mMEw1f/black#104,
WE6UE,2k5/1p6/pPp1p1b1/N1PpP1p1/P2Pp1P1/4P1K1/8/8 b - - 24 49,c8b8 a5b3 g6e8 b3c1 b8c8 c1e2,2186,82,85,71,crushing defensiveMove endgame long quietMove,https://lichess.org/IjnGi0hS/black#98,
WE8gv,3r1rk1/p1p2ppp/2p5/8/4n3/3B3N/PPP2PPP/1K5R b - - 3 17,e4d2 b1c1 c6c5 b2b3 c5c4 b3c4 d2c4 d3c4,2142,75,93,7646,advantage endgame quietMove trappedPiece veryLong,https://lichess.org/AvlVaZKk/black#34,Queens_Pawn_Game Queens_Pawn_Game_Chigorin_Variation
WEA65,5r2/p5R1/1p5p/2b1Qppk/5p2/2P3qP/P3B1P1/7K b - - 5 39,g5g4 e2g4 h5h4 g4f3 f8e8 e5f6 g3g5 g2g3 h4g3 g7g5 h6g5 f6g5 g3f3 g5h5,2152,95,75,48,attraction crushing endgame pin quietMove veryLong,https://lichess.org/qXzPuK3d/black#78,
WEF46,rn1qkb1r/ppp2ppp/3pbn2/4p3/8/2NP1NP1/PP2PPBP/R1BQK2R w KQkq - 1 7,f3e5 d6e5 g2b7 b8d7 b7a8 d8a8,2192,76,86,57,advantage long opening quietMove,https://lichess.org/z2pWa5ag#13,English_Opening English_Opening_Kings_English_Variation
WEMPh,8/6k1/pp4p1/4p1K1/PP5P/5P2/8/8 w - - 1 44,f3f4 e5e4 g5g4 g7f6 a4a5 b6b5,2134,78,91,5206,crushing defensiveMove endgame long pawnEndgame quietMove,https://lichess.org/Y42hBORu#87,
WENst,2rr4/1p2kpQ1/p3pnb1/7p/2PP2PP/1P3P2/P3K3/2R5 w - - 0 24,g4g5 f6d7 d4d5 e6e5,2186,76,91,2195,crushing defensiveMove endgame quietMove short,https://lichess.org/EAOkNCXo#47,
WEaRL,r1b2rk1/pp3pp1/3pp2p/7P/3P4/4PN2/PqPQ2P1/R4RK1 b - - 1 18,b7b6 a2a4 c8b7 f1b1 b2b1 a1b1,2182,77,81,110,advantage long middlegame quietMove trappedPiece,https://lichess.org/WVVsOobc/black#36,Trompowsky_Attack Trompowsky_Attack_Other_variations
WFIFG,8/5p2/4p3/4P2p/2pB1k1K/1q2NP2/p5P1/R7 b - - 3 52,c4c3 a1f1 c3c2 g2g3,2107,77,84,481,endgame mate mateIn2 quietMove short,https://lichess.org/cpxBRmOG/black#104,
WFdVQ,8/6p1/pp6/3k3p/1P1p4/3K1PPP/1P6/8 w - - 0 39,g3g4 h5g4 h3g4 g7g5 f3f4 g5f4,2142,77,90,875,crushing endgame long pawnEndgame quietMove,https://lichess.org/ITE926zR#77,
WFgqt,8/pp3pk1/2pq4/3p1Qp1/3Pr3/P5P1/1P4K1/5R2 b - - 1 39,f7f6 f1h1 d6e6 f5h7 g7f8 h7h8 f8e7 h1h7,2117,75,94,2561,crushing endgame quietMove veryLong,https://lichess.org/8iNKaO69/black#78,
WFjuc,6k1/5p1p/B3b1p1/1P6/3Q1bP1/P4P1P/2p3K1/2r5 w - - 0 33,d4f4 c1e1 b5b6 c2c1q f4c1 e1c1,2193,76,92,1692,advancedPawn clearance crushing endgame long master promotion quietMove,https://lichess.org/ucb4ztKS#65,
WFlYc,8/2p5/p1p5/5k2/PPPP4/7K/8/8 w - - 1 50,b4b5 c6b5 c4b5 a6a5 d4d5 f5e5,2143,77,96,891,crushing endgame long pawnEndgame quietMove,https://lichess.org/C1qscXb4#99,
WGGHI,8/5p2/1pp2p2/pk3P2/3KP3/PP2P3/8/8 b - - 0 46,a5a4 b3b4 c6c5 b4c5 b6c5 d4d5 b5b6 e4e5 f6e5 d5e5 c5c4 e5d4,2175,80,82,60,crushing endgame master pawnEndgame quietMove veryLong zugzwang,https://lichess.org/xfQZPMwX/black#92,
WGjQz,r5k1/6pp/3R4/3q4/7P/p5Q1/6PK/8 b - - 2 33,d5c4 d6d7 g7g6 g3e5 c4f7 d7f7,2158,76,83,66,crushing endgame long master quietMove,https://lichess.org/GinJzkP6/black#66,
WGwzH,2r3k1/6pp/p2P4/1pB5/1r5P/6P1/P4P2/2R3K1 b - - 0 29,b4c4 c1c4 b5c4 c5b6 c8f8 d6d7,2107,77,90,1217,advancedPawn crushing endgame long quietMove,https://lichess.org/nKDFh0Lq/black#58,
WH1mc,8/8/5k2/pp4p1/2p1P1P1/1P4K1/P1P5/8 b - - 0 33,c4b3 c2b3 f6e5 g3f3 e5d4 a2a3 b5b4 a3a4 d4c3 e4e5 c3b3 e5e6 b3a2 e6e7 b4b3 e7e8q,2153,80,92,5320,advancedPawn crushing endgame pawnEndgame promotion quietMove veryLong zugzwang,https://lichess.org/hUrDzMkF/black#66,
WH2S0,8/8/7p/2k2p2/P1pp3P/K4P2/2P5/8 b - - 0 41,h6h5 a4a5 c5b5 a5a6 d4d3 c2d3,2167,79,90,2191,crushing endgame long pawnEndgame quietMove,https://lichess.org/RvdujQ0c/black#82,
WHQVI,r4rk1/p2b1p2/5qp1/2p1P2P/1p5P/b4P2/P1P1QN2/1K1R3R b - - 0 24,f6f5 f2g4 d7e6 g4h6 g8h7 h6f5,2147,81,74,65,crushing fork long middlegame quietMove,https://lichess.org/AivdbqZ6/black#48,
WHfAo,br4k1/p4ppp/2p1p3/2Pq4/6r1/4PN2/P1Q2RP1/3R2K1 b - - 7 32,d5h5 f2d2 b8f8 d2d8,2137,76,81,63,advantage middlegame quietMove short,https://lichess.org/dUndVdEF/black#64,
WHjnR,6Q1/1p6/p2q1b1k/2pB1p2/2Pp4/3PnNPK/PP6/8 b - - 3 41,b7b5 d5f7 f6g7 f3g5 d6g6 f7g6,2194,77,90,385,crushing endgame long master quietMove,https://lichess.org/63n7VkdC/black#82,
WIEUb,8/7p/p7/5p1k/1P3P2/P2p1K2/8/8 b - - 0 47,d3d2 f3e2 h5g4 a3a4 g4f4 b4b5 a6b5 a4a5,2107,74,95,1525,crushing defensiveMove endgame pawnEndgame quietMove sacrifice veryLong,https://lichess.org/7G7W3c3r/black#94,
WIQVQ,8/1pk2p1p/p1p1p1p1/P3PP2/1PK1P1P1/7P/8/8 w - - 1 37,c4c5 g6g5 c5d4 b7b6 a5b6 c7b6,2189,78,77,69,crushing endgame long master pawnEndgame quietMove zugzwang,https://lichess.org/GAfVYSbZ#73,
WIw2H,6r1/p1p2p1k/3p1p1r/2p2P1p/4PR2/P3R1Pq/1PP4P/4Q2K b - - 6 26,h5h4 g3g4 g8g4 e3h3,2105,74,91,149517,advantage discoveredAttack endgame quietMove short trappedPiece,https://lichess.org/Dbz2tGai/black#52,
WJ6j3,8/8/8/2KBp3/6pk/1n6/8/8 w - - 0 52,d5b3 e5e4 c5d4 g4g3 d4e3 h4h3 b3e6 h3h2,2131,77,92,3362,bishopEndgame crushing defensiveMove endgame quietMove veryLong,https://lichess.org/hsovL2fn#103,
WJ7Fq,1Q3N2/5ppk/7p/1p1p4/1P1P3P/2r1q3/6PK/8 b - - 2 39,h7h8 h4h5 e3g3 b8g3 c3g3 h2g3,2197,75,94,2925,crushing endgame long quietMove,https://lichess.org/N8qRYj8y/black#78,
WKU96,8/2k2p1p/2P3p1/3K4/8/5P2/7P/8 b - - 3 40,f7f5 f3f4 g6g5 f4g5,2175,75,87,128,crushing endgame pawnEndgame quietMove short,https://lichess.org/XKeviXGv/black#80,
WKkC9,8/pp6/2p5/8/3P4/PkPK4/1P6/8 b - - 6 41,b3b2 c3c4 c6c5 d4d5 b7b5 d5d6 b5c4 d3c4,2156,76,93,2706,crushing endgame pawnEndgame quietMove veryLong,https://lichess.org/rrgiK5sq/black#82,
WKuel,rn3r2/3q2kp/4p1pR/3pP1P1/1ppP4/5N2/PPQ3P1/1KR5 b - - 1 28,d7d8 c1h1 f8h8 f3h4,2169,97,74,31,crushing middlegame quietMove short,https://lichess.org/aRNkCskC/black#56,
WKyMg,2rr4/4b2k/p3p2p/1p2ppN1/8/1nP1BPR1/1P3P1P/1K4R1 b - - 0 28,h6g5 e3g5 e7g5 g3g5 h7h6 g5g3 d8d1 g1d1,2131,78,93,2941,crushing middlegame quietMove veryLong,https://lichess.org/qOKytSlh/black#56,
WL0Vn,8/1p6/pP6/3bp3/1B2k1PP/6K1/8/8 b - - 2 49,d5f7 h4h5 e4d5 g3h4,2191,75,91,594,bishopEndgame crushing defensiveMove endgame quietMove short,https://lichess.org/ppUmEeFz/black#98,
WLANd,8/6p1/7k/5P2/p4KPp/7r/2PR4/8 b - - 1 57,a4a3 g4g5 h6h5 d2d8 h3f3 f4f3,2119,75,94,2450,crushing endgame long quietMove rookEndgame,https://lichess.org/Ka0trdfM/black#114,
WLDo0,3r4/ppk2pp1/2p1p1p1/4P1r1/3Qp2q/1P2P2P/PB3PPK/R4R2 w - - 3 20,d4a7 d8h8 a7a5 c7b8 a5d8 h8d8,2171,75,94,2990,crushing defensiveMove long middlegame quietMove,https://lichess.org/s73BBAtD#39,
WM9nl,8/p7/8/6r1/7k/8/7K/6R1 w - - 0 58,g1g5 h4g5 h2g1 a7a5 g1f1 a5a4 f1e2 a4a3 e2d3 a3a2,2138,76,91,2287,advancedPawn crushing endgame quietMove veryLong,https://lichess.org/lGBGaqBZ#115,
WMV6u,8/p3bpk1/4p1p1/3pP3/q1nP1Q2/2R5/5P1P/1rB2BK1 b - - 12 34,a4d1 f4h6 g7g8 c3h3 d1g4 g1h1 e7h4 h3h4 g4h4 h6h4,2154,76,93,5813,crushing master middlegame quietMove veryLong,https://lichess.org/mvRaoyJf/black#68,
WMkQa,r5k1/5p1p/6p1/5q2/2pQ4/P2nP2P/3R1PP1/1N4K1 b - - 0 38,d3f2 b1c3 f2h3 g2h3,2192,94,84,25,advantage endgame quietMove short,https://lichess.org/kL5oY1Q4/black#76,
WN3l5,rn1q1r1k/1p1n4/6QB/2bpP3/1p6/7P/P5P1/R4R1K b - - 6 27,f8g8 g6h5 d8e8 f1f7 e8f7 h5f7,2134,77,83,64,crushing long middlegame quietMove,https://lichess.org/3A14l5rm/black#54,
WN3rw,8/Rp6/P3k1p1/2p4p/1r6/6P1/5P1P/6K1 b - - 0 39,b7b6 a7a8 b4b1 g1g2 b1a1 a6a7,2125,131,89,11,advancedPawn advantage endgame long quietMove rookEndgame,https://lichess.org/Zlw0EWXY/black#78,
WNLFb,3rr1k1/p1p2ppp/1pb5/4p1Pn/2P1P2P/qPQ2N2/P2NKP2/6RR b - - 2 21,a3a2 g1a1 h5f4 e2f1 d8d3 c3c1 a2d2 f3d2,2189,81,89,508,advantage defensiveMove middlegame quietMove trappedPiece veryLong,https://lichess.org/rMfrNL82/black#42,
WNb40,8/1p3p2/p4r1p/P1Pr1Np1/1PkN2P1/2P1PP2/2K5/8 b - - 0 46,d5e5 e3e4 f6f5 d4f5,2185,75,91,383,crushing endgame master quietMove short,https://lichess.org/yl1YSH7C/black#92,
WNp1v,8/8/n1P2p2/3Pk2K/4P3/8/2P5/8 b - - 0 43,a6c7 c2c4 e5d6 h5g6 d6e7 c4c5,2174,82,85,113,crushing defensiveMove endgame knightEndgame long quietMove,https://lichess.org/xZxcwIDG/black#86,
WO05q,6k1/1p3p2/p1q1nPpQ/2r1P3/8/P2Bp2P/1P5K/4R3 b - - 7 32,c5e5 d3g6 f7g6 h6g6 g8f8 e1g1 e5g5 g1g5 c6d6 g5g3,2121,77,76,62,crushing endgame quietMove veryLong,https://lichess.org/VE6RbUqg/black#64,
WO9LT,8/8/2p5/3p4/P7/4k1p1/6P1/5K2 b - - 0 45,d5d4 a4a5 d4d3 f1e1 d3d2 e1d1 e3f2 a5a6 f2g2 a6a7 g2f2 a7a8q,2180,78,88,76,advancedPawn crushing endgame pawnEndgame promotion quietMove veryLong,https://lichess.org/nlgKHQNY/black#90,
WOM54,8/4B3/4p3/3bPp1k/1p1P3P/2K5/8/8 w - - 0 56,c3b4 f5f4 b4c3 f4f3 c3d2 h5g4 d2e3 g4g3,2134,76,92,778,bishopEndgame crushing endgame quietMove veryLong,https://lichess.org/oqRvNcFe#111,
WOaVA,8/8/1P6/2R2p2/6pP/P4kP1/2b1r3/6K1 b - - 2 49,c2e4 c5c3 e2e3 c3e3 f3e3 h4h5 f5f4 g3f4 e3f4 h5h6,2105,78,86,117,crushing endgame quietMove veryLong,https://lichess.org/YOOI6PC2/black#98,
WOe7m,5r2/4R3/1p1p1nk1/p1pP2pp/P1P5/1P5P/2qN2PQ/6K1 w - - 3 40,d2f1 f6e4 e7e4 c2e4,2137,80,87,76,crushing endgame quietMove short,https://lichess.org/gEbj2je3#79,
WPF6n,r1b2q1r/1p1p2kp/p4bp1/3Q4/5R2/8/PPPN1PPP/R5K1 b - - 0 23,f8f7 d5f7 g7f7 d2e4 f7g7 e4f6 h8f8 f6d5 f8f4 d5f4,2105,75,86,144,advantage middlegame pin quietMove veryLong,https://lichess.org/ATi91aRH/black#46,
WQQ4O,r5k1/p4qp1/1pn1p3/3pP1Q1/3Pr3/2P3PR/1P5P/5RK1 b - - 2 30,f7e8 g3g4 c6e7 g5h4 e4g4 h4g4,2146,93,86,36,advantage long middlegame quietMove,https://lichess.org/Lg3OKob7/black#60,
WQhF5,8/6p1/ppk1pp1p/7P/PPPK1PP1/8/8/8 w - - 4 38,c4c5 b6c5 b4c5 a6a5 f4f5 e6e5,2198,76,93,232,crushing endgame long pawnEndgame quietMove zugzwang,https://lichess.org/8IJ024d8#75,
WQon8,R7/p3R2p/k1p3b1/2p2r2/2P5/1B4K1/P4r2/8 b - - 9 46,a6a5 a8a7 a5b4 e7e3 f5f3 e3f3 f2f3 g3f3,2149,75,96,1438,crushing endgame quietMove veryLong,https://lichess.org/2AIu24xG/black#92,
WQxG9,5rk1/5ppp/4pn2/8/2PPP3/3Q1PqP/r4NP1/1R3RK1 w - - 1 28,c4c5 f6h5 f3f4 a2f2 d3g3 f2f1 b1f1 h5g3,2143,73,95,7544,advantage kingsideAttack middlegame quietMove veryLong,https://lichess.org/lAjX7RrR#55,
WRQ62,2r3k1/5p2/2n1pPq1/p6P/5Q2/P7/KP6/3R4 b - - 0 38,g6g2 d1d2 g2g1 d2d3 g8h7 d3g3 g1g3 f4g3,2106,164,82,16,advantage endgame quietMove veryLong,https://lichess.org/6SWA5paK/black#76,
WReNZ,2r3k1/p3rpp1/1pb4p/8/1P2p3/P3P1P1/1NR2P1P/3R2K1 b - - 3 27,g8h7 d1c1 c8d8 c2c6,2151,77,87,65,advantage endgame quietMove short,https://lichess.org/l2dZBapI/black#54,
WRvkN,8/p4k2/1p6/5P1p/5K1P/8/P7/8 b - - 1 49,a7a5 a2a4 b6b5 a4b5 a5a4 b5b6 a4a3 b6b7 a3a2 b7b8q,2137,77,91,1572,advancedPawn crushing endgame pawnEndgame promotion quietMove veryLong,https://lichess.org/Kx8NHGha/black#98,
WT7n5,7k/6p1/7p/8/2B1P1P1/Q1KP3P/5r2/5q2 b - - 4 39,f1h3 a3a8 h8h7 a8e8 h6h5 g4g5,2146,154,63,14,crushing defensiveMove endgame long quietMove,https://lichess.org/1RDdQwij/black#78,
WTvx0,5r1k/pR4pp/4Q3/8/3q4/3Bnp1P/P1P3P1/7K w - - 0 29,g2f3 d4a1 h1h2 a1e1 e6e3 e1e3,2156,94,63,33,crushing endgame long quietMove,https://lichess.org/YEusnD8l#57,
WUCG9,8/5pkp/5bp1/8/8/2P1p2P/3NqPP1/2Q3K1 w - - 0 43,f2e3 e2e3 g1h1 f6g5 c1f1 e3d2,2143,79,84,120,crushing endgame long quietMove,https://lichess.org/U1k8w3kO#85,
WUJJe,6k1/p1RK3p/1q4p1/5p1P/2P5/8/P6R/8 b - - 6 41,b6d4 d7c8 d4d6 h2b2 d6f8 c8b7,2176,126,8,17,crushing defensiveMove endgame long queenRookEndgame quietMove,https://lichess.org/Rooubqzf/black#82,
WUMyF,3rk3/2p2p1p/2b2p2/1pb5/7N/1B2p1P1/PP2KP2/2R4R w - - 0 22,f2f3 d8d2 e2e1 c5b4 e1f1 e3e2,2181,76,89,1869,advancedPawn advantage long middlegame quietMove,https://lichess.org/dVW9RCZI#43,
WUTBE,8/8/1k1b4/3P1p1p/2PK1P2/6PP/8/8 w - - 1 49,d4c3 d6e7 c3d4 h5h4 g3h4 e7f6,2169,135,86,23,bishopEndgame crushing endgame long quietMove,https://lichess.org/pDmo1E3Z#97,
WUcmt,3r3r/2pk1p1p/Q4n2/1R3qp1/2PPn3/4BB2/P1P2PPP/6K1 b - - 2 20,f5e6 a6a4 e4c3 b5d5,2125,137,30,17,advantage doubleCheck middlegame quietMove short,https://lichess.org/4FQs8nhx/black#40,
WUrEo,2r5/5pk1/4pNp1/3pP1N1/p2n2P1/P7/2b2PK1/4R3 b - - 2 40,c8c3 e1h1 c2e4 g5e4,2151,76,83,341,crushing endgame master quietMove short,https://lichess.org/C7BjItWQ/black#80,
WVDMT,5k2/1p2R2p/p5p1/3r1pQ1/3q4/8/PP3PPP/6K1 w - - 3 35,h2h4 f5f4 g5h6 f8e7,2147,76,94,11659,advantage endgame quietMove short,https://lichess.org/FJwdaf9E#69,
WVcok,r5k1/2R2p1p/2p3p1/1p2p3/4P3/2P2P1P/1KP2RP1/7r w - - 1 22,c7c6 a8a1 c3c4 b5b4 c2c3 h1b1 b2c2 b4b3 c2d3 b1d1,2134,122,45,25,crushing endgame quietMove rookEndgame veryLong,https://lichess.org/AFkxXrFU#43,
WW6pv,6k1/6p1/2P1R2p/8/2K5/8/8/7r b - - 0 35,h6h5 e6e3 h1c1 e3c3,2159,115,91,14,crushing defensiveMove endgame quietMove rookEndgame short,https://lichess.org/HntWZR0F/black#70,
WW903,r4br1/p3nk2/q5p1/B1pp1p1p/Q7/8/P1PN1PPP/R3R1K1 b - - 5 22,e7c6 d2f3 f8h6 a4c6 a6c6 f3e5 f7e6 e5c6,2134,79,83,70,advantage attraction discoveredAttack fork middlegame quietMove sacrifice veryLong,https://lichess.org/nNHTntF0/black#44,
WWit5,8/1r4pk/q2p1p1p/3PpP2/3pP3/3P3P/2R1Q1PK/8 b - - 8 39,a6a3 c2c8 a3c3 c8c3,2140,83,53,40,crushing endgame quietMove short,https://lichess.org/46lcrGhD/black#78,
WWm57,5r2/6k1/3p4/pPq1p3/P1P2p2/1K2bR1P/4Q1P1/R7 w - - 3 35,e2e1 f8c8 a1c1 e3c1 e1c1 c5b4 b3a2 c8c4,2189,76,86,72,crushing deflection endgame quietMove veryLong,https://lichess.org/oVeigjfp#69,
WX0aN,6R1/p1p3R1/2p5/2p2ppP/2B3k1/NPP5/r7/3r2K1 w - - 2 43,c4f1 g4f3 g7g5 d1f1 g1f1 a2a1 a3b1 a1b1,2152,74,93,10130,attraction endgame mate mateIn4 quietMove sacrifice veryLong,https://lichess.org/EZIVJVZg#85,
WXCYq,8/5p2/6p1/8/3K2P1/k7/8/8 b - - 1 56,a3b4 g4g5 b4b3 d4e5 b3c3 e5f6 c3d4 f6f7,2106,77,89,564,crushing endgame pawnEndgame quietMove veryLong,https://lichess.org/Xcaejp5D/black#112,
WXFKH,8/R6p/6p1/3bN2k/8/p6P/5PPK/r7 b - - 2 39,a3a2 f2f4 a1h1 h2h1 a2a1r a7a1,2162,77,86,86,crushing endgame long quietMove,https://lichess.org/TkyVMSIR/black#78,
WXPk9,2kr1bnr/pppqp3/2n4p/3pPbp1/3P4/2PB1N2/PP4PP/RNBQ1RK1 w - - 0 10,f3g5 f5d3 e5e6 d7e8 g5f7 d3f1,2118,78,92,2099,advantage long opening quietMove,https://lichess.org/tGkUE9HT#19,Nimzowitsch_Defense Nimzowitsch_Defense_Scandinavian_Variation
WYPlt,rnbq1b1r/pppp3p/5n2/1k6/2QPPB2/8/PPP3PP/RN2K2R b KQ - 1 13,b5b6 b1c3 a7a5 f4c7 d8c7 c3a4 b6a7 c4c7,2180,120,88,30,advantage deflection exposedKing fork middlegame quietMove sacrifice veryLong,https://lichess.org/czIqFO23/black#26,Kings_Gambit_Accepted Kings_Gambit_Accepted_Kings_Knights_Gambit
WYXtw,8/8/2pk1p2/p2p2pp/PP1K1P1P/2P3P1/8/8 b - - 0 35,g5g4 f4f5 d6c7 d4c5,2151,78,91,1182,crushing endgame pawnEndgame quietMove short zugzwang,https://lichess.org/aTQoZz9g/black#70,
WYZtw,8/8/k1p1p2p/1pPpP1pP/3P2P1/1K6/3bN3/8 b - - 12 59,a6a5 e2g3 d2e3 g3f5,2120,75,92,1521,crushing endgame master quietMove short,https://lichess.org/nvOSSh4e/black#118,
WYovu,8/8/2B4p/2p1k1p1/1p3pP1/1P3P2/bK5P/8 b - - 1 40,a2b3 b2b3 e5d4 c6e4 d4e3 b3c4,2122,77,95,155,bishopEndgame crushing endgame hangingPiece long quietMove zugzwang,https://lichess.org/AoH43m3n/black#80,
WZCdV,8/7p/8/4kp2/4p2P/4K1P1/5P2/8 w - - 2 45,f2f4 e5d5 h4h5 h7h6 g3g4 f5g4,2168,81,90,953,crushing defensiveMove endgame long pawnEndgame quietMove zugzwang,https://lichess.org/aSnOc5vL#89,
WZeFm,1r3q1k/5Qpp/p3P3/1p3P2/2pr4/8/6PP/4RR1K b - - 0 32,f8f7 e6f7 d4d8 e1e7 g7g6 f5f6,2168,77,87,1119,advancedPawn advantage endgame long quietMove,https://lichess.org/gZuFO9k6/black#64,
Wa01h,8/4n3/p1p4R/6p1/2kp2P1/P6P/1P3P2/6K1 w - - 0 34,h6h5 d4d3 g1f1 c4b3 h5g5 e7d5 g5g6 d3d2 f1e2 d5f4 e2d2 f4g6,2142,223,100,10,advancedPawn endgame equality fork quietMove veryLong,https://lichess.org/n9Ci31dy#67,
WaWQz,8/8/1P2pk2/7r/P1N5/8/1K6/8 b - - 0 51,f6e7 b6b7 h5h8 c4e5 h8g8 e5c6 e7d7 b7b8q g8b8 c6b8 d7c7 b8a6,2103,107,81,21,advancedPawn crushing endgame promotion quietMove veryLong,https://lichess.org/pdlxuaXM/black#102,
Wax3h,8/7p/1B4p1/p2kPpP1/Pbp2P2/8/2K4P/8 b - - 6 48,b4e1 b6e3 e1b4 e3d2,2151,78,90,561,bishopEndgame crushing endgame quietMove short,https://lichess.org/ZNbxXGld/black#96,
Wb85B,2r5/1R6/2P2kp1/1P6/8/5p2/8/1K6 w - - 0 44,b7h7 f3f2 h7h1 c8e8 c6c7 e8e1 b1b2 e1h1 c7c8q f2f1q,2158,75,95,1037,advancedPawn crushing endgame exposedKing promotion quietMove rookEndgame veryLong,https://lichess.org/AYCasCw2#87,
WbQZO,1k1qb3/1r3rp1/Q1p2n1p/2Pp1p1P/P2PpP2/4P3/2K1BP2/1RR5 b - - 7 33,d8c8 a6a5 c8c7 b1b7,2156,89,79,28,crushing middlegame queensideAttack quietMove short,https://lichess.org/7aF7ciPv/black#66,
WbWak,4r3/p5p1/4B2p/1P1K2k1/6P1/8/P7/8 b - - 5 52,e8e6 d5e6 g5g4 a2a4 h6h5 a4a5 h5h4 b5b6 a7b6 a5a6,2170,75,96,387,crushing endgame quietMove veryLong,https://lichess.org/ahsxfnEb/black#104,
WbqOL,1k1r4/ppp3Qp/3r4/7q/4n3/7P/PP3PP1/R1B2RK1 w - - 1 20,c1e3 d6g6 g7e7 d8g8 e7e4 h5h3 e4g6 g8g6,2160,81,91,931,advantage middlegame pin quietMove sacrifice veryLong,https://lichess.org/6eq3u6dj#39,
WcCBP,8/pp4p1/7p/5P2/1P3KP1/P6k/8/8 b - - 1 45,h3h4 a3a4 h4h3 g4g5 h6g5 f4g5,2122,76,92,226,crushing endgame long pawnEndgame quietMove zugzwang,https://lichess.org/mrRDCz8k/black#90,
WcCiR,2kr3r/p2b1ppp/1pn1pq2/1QN5/8/B7/P1P2PPP/R3R1K1 b - - 1 18,b6c5 a1b1 c8c7 b5b7,2155,79,86,73,advantage master middlegame quietMove short,https://lichess.org/MfdcaoKu/black#36,Sicilian_Defense Sicilian_Defense_Taimanov_Variation
WchJB,2k1r1r1/2p2p2/pPq1b3/2Np4/1n1P1QPp/5P1P/1P4B1/1K2R2R b - - 0 27,c7b6 e1c1 b6c5 c1c5 c6c5 d4c5,2130,78,78,57,advantage long middlegame pin quietMove sacrifice,https://lichess.org/slAxdm4Y/black#54,
Wcz68,r2r2k1/ppq1bp1p/2p1p1pQ/4P3/2nP4/2N2NP1/PP3P1P/R4RK1 b - - 0 20,c4b2 c3e4 f7f5 e5f6,2129,76,91,671,crushing enPassant middlegame quietMove short,https://lichess.org/h08efWY2/black#40,
We2JL,4b3/4Pk2/5Pp1/5pP1/8/1N6/pK6/8 b - - 5 55,f5f4 b3d4 f4f3 d4f3 f7e6 f3d4,2190,100,88,280,crushing endgame long quietMove,https://lichess.org/vJH4psAF/black#110,
WeSGR,1q5k/7p/3R2p1/ppQ5/3P4/P6P/6PK/4r3 w - - 7 32,g2g3 e1e2 h2g1 b8e8 c5c3 e2e1 c3e1 e8e1,2178,103,82,31,crushing endgame quietMove veryLong,https://lichess.org/yaxjLDta#63,
WeaTc,2r3k1/1R3p1p/4b1p1/1p6/3P4/2Q2NP1/1PP2PKP/2q5 w - - 5 31,c3a5 e6c4 a5e1 c1e1 f3e1 c4d5 g2f1 d5b7,2159,101,69,23,advantage endgame fork quietMove veryLong,https://lichess.org/XGNRrslB#61,
Weaeh,r3r1k1/pp1bbpp1/1q2p2p/3pP3/5PQ1/2PB2P1/PP1N4/2KR3R b - - 2 18,b6e3 h1h6 e3d3 d1h1 f7f6 h6g6,2145,126,82,35,clearance crushing long middlegame pin quietMove sacrifice,https://lichess.org/wZPro1oy/black#36,Torre_Attack Torre_Attack_Classical_Defense
Wed73,5bk1/5q1p/1pQ3p1/5p2/P3p3/2R1P1PP/1r3PB1/6K1 b - - 0 31,f7a2 g2f1 b2b1 g1g2 b1f1 g2f1,2129,75,86,548,advantage endgame long quietMove,https://lichess.org/UXb7LdNW/black#62,
WfLut,8/4kp2/p2r4/1p2pp2/1P2q2P/P3P1Q1/6P1/5R1K b - - 1 30,d6h6 g3g5 h6f6 f1c1 f5f4 c1c7,2155,88,82,44,crushing endgame fork long quietMove,https://lichess.org/D9YBy4tZ/black#60,
WfS8s,8/8/2p5/1p1k4/1P1PpPp1/2K3P1/8/8 b - - 0 38,e4e3 f4f5 e3e2 c3d2 e2e1q d2e1,2101,76,94,2935,crushing endgame long pawnEndgame quietMove,https://lichess.org/b4zqtwn3/black#76,
Wfj0l,8/6p1/2p3p1/p1k2p2/P1P5/2K4P/5PP1/8 w - - 0 36,g2g4 f5g4 h3g4 g6g5 f2f3 g7g6 c3d3 c5b4,2176,78,41,160,crushing endgame pawnEndgame quietMove veryLong zugzwang,https://lichess.org/JuH8qcM7#71,
Wg3Hf,6k1/5p2/p2p4/P7/4P1P1/1pBbbP1P/6B1/4K3 w - - 2 41,g2f1 d3f1 e1f1 e3c1 f1e2 b3b2 c3b2 c1b2,2156,75,78,239,advancedPawn advantage bishopEndgame endgame master quietMove veryLong,https://lichess.org/wXVqUx83#81,
WgFWn,8/n4p2/2k2Pp1/1P2K1P1/P7/8/8/8 b - - 0 48,c6d7 e5d5 a7c8 a4a5 c8d6 b5b6,2129,76,82,166,crushing endgame knightEndgame long master quietMove,https://lichess.org/wVibLpGs/black#96,
Wgfot,r3r1k1/2p3p1/b1p2q1p/p7/8/P1N3Q1/1PP3PP/1R2R1K1 w - - 0 28,g3c7 e8e1 b1e1 a8f8 h2h3 f6f2 g1h2 f2e1,2155,77,98,159,clearance crushing fork middlegame quietMove veryLong,https://lichess.org/b5QPhmuX#55,
WgvMX,6R1/4r2p/7k/p2B1K2/1bP3P1/8/8/8 b - - 0 45,e7e1 d5f3 b4d2 g4g5 d2g5 g8g5,2101,135,88,24,crushing endgame exposedKing long master masterVsMaster quietMove,https://lichess.org/0j640WFt/black#90,
WhKXN,4r1k1/1p3qp1/p4p2/3p4/2nN2Q1/2P3R1/PP3PPP/6K1 w - - 0 26,h2h3 e8e1 g1h2 c4d2 h3h4 d2f1,2102,74,93,3235,advantage endgame long quietMove,https://lichess.org/IwIHJC8E#51,
WhUD4,8/p7/8/2p4p/5Pk1/1P4P1/4K3/8 b - - 0 48,g4g3 f4f5 h5h4 e2f1 g3f4 f5f6,2188,76,84,112,crushing endgame long pawnEndgame quietMove,https://lichess.org/yfwjT54Q/black#96,
Whd6w,8/p2Q3p/bp4pk/5p2/1np2P2/2N1q1P1/PP5P/R4K2 w - - 7 28,a1e1 e3f3 f1g1 a6b7 d7b7 f3b7,2139,75,92,119,crushing endgame long quietMove,https://lichess.org/Z59pGSDI#55,
WheK5,8/1p6/p5p1/4k2p/PPp3PP/2P1K3/8/8 w - - 0 49,g4g5 b7b6 e3f3 e5f5,2140,77,89,927,crushing endgame pawnEndgame quietMove short zugzwang,https://lichess.org/suwtLm7L#97,
WhkE2,3r2k1/6pp/8/3q4/P1p5/2P3PP/Q2p1P2/3R2K1 w - - 2 37,a4a5 d5e4 d1d2 e4e1,2157,110,83,21,advantage endgame master quietMove short,https://lichess.org/zdOiGeDl#73,
Whqxt,5k2/5p2/5r1p/p2P4/2P4K/1P1nRP2/P7/8 b - - 0 46,d3c1 c4c5 f6f4 h4h3,2168,122,80,24,crushing defensiveMove endgame quietMove short,https://lichess.org/4erL7u9h/black#92,
WiNdZ,5k2/1p4p1/p1p1Pb1p/5K1N/P1P5/3P4/2P5/8 b - - 4 39,f8e7 h5f6 g7f6 d3d4 h6h5 d4d5,2181,80,88,179,crushing endgame long quietMove,https://lichess.org/TWbiAgpc/black#78,
Wibzg,2r2rk1/2pqBpbp/p5p1/1pQpP3/6b1/1BN5/PPP2P1P/R4RK1 w - - 1 17,e7f8 g4f3 e5e6 d7e6 c5d4 g7d4,2132,75,94,2053,crushing long middlegame quietMove,https://lichess.org/y5sTKbDF#33,Modern_Defense Modern_Defense_Other_variations
WjPJ6,5r1k/1q4pp/7b/1p2p1n1/8/2PN1PN1/1P2Q2P/5R1K b - - 2 37,g5f3 g3e4 b7a8 f1f3,2143,75,93,3174,advantage intermezzo middlegame quietMove short,https://lichess.org/N9W1CC1V/black#74,
WjQI5,8/8/4p3/4PpKp/5BPP/5b1k/8/8 b - - 0 63,h5g4 h4h5 g4g3 h5h6 g3g2 f4e3,2112,74,95,6530,bishopEndgame crushing defensiveMove endgame long quietMove,https://lichess.org/ZjJezwXz/black#126,
WjnqD,8/8/6k1/5R1p/1p2p3/1P2r2P/6P1/6K1 w - - 2 36,g1f2 g6f5 f2e3 h5h4 e3f2 f5f4,2161,78,82,77,crushing defensiveMove endgame long quietMove rookEndgame,https://lichess.org/P2eX7xe9#71,
WkGid,r5k1/1p4pp/2q5/P2bp3/8/2B1b3/1Q4PP/R2B3K w - - 2 35,c3e5 a8f8 d1b3 f8f2,2149,75,91,985,advantage middlegame quietMove short,https://lichess.org/8aOx56XV#69,
WkocQ,8/8/3p3p/3k2p1/3p1P1P/3K1P2/8/8 w - - 0 47,h4g5 h6h5 f4f5 d5e5 f5f6 e5e6,2156,74,86,514,crushing endgame long pawnEndgame quietMove,https://lichess.org/HCha7x4F#93,
WkzQU,5rk1/p5b1/1q1p2RQ/2r1p3/P1p1p3/5N2/1PP2PK1/R7 b - - 1 27,e4f3 g2g3 f8f7 a1h1 g8f8 h6g5,2148,91,80,51,advantage defensiveMove long middlegame pin quietMove,https://lichess.org/cNDJrxPf/black#54,
WkzeK,2r3k1/1N1r4/p2p1P2/1p2pP1p/5n2/P4P2/1PP5/2KR3R w - - 2 27,b7d6 c8d8 d1g1 g8f8 d6e4 f4e2 c1b1 e2g1,2111,79,76,67,advantage defensiveMove endgame fork quietMove veryLong,https://lichess.org/U2wIlDLK#53,
Wl9Hz,8/3k4/p2p1ppp/1p1P4/5KP1/P2P3P/1P6/8 b - - 0 43,d7c7 h3h4 c7d7 h4h5 g6h5 g4h5,2156,74,92,6204,crushing endgame long pawnEndgame quietMove,https://lichess.org/prxVr0Cf/black#86,
Wldlv,2n2rr1/pp1b2pR/3k1pB1/P2N2p1/8/8/1PP5/2KR4 b - - 2 27,d6c6 g6e4 c8d6 d5e7 c6c7 e7g8 f8g8 e4d5,2156,83,81,47,advantage doubleCheck exposedKing fork middlegame quietMove veryLong,https://lichess.org/8qJFbHOx/black#54,
Wlhst,5k2/1p3pp1/p3p1p1/3pP1P1/1r1Pr3/1P1R1K1P/8/2R5 b - - 1 39,e4d4 c1c8 f8e7 d3c3 b4b3 c3b3,2158,76,89,817,crushing endgame long quietMove rookEndgame,https://lichess.org/unvCQUGn/black#78,
WmLPL,rn3r1k/p1n1q1p1/1pp1p2p/3PP3/1P6/N1P1PN1P/4Q1P1/R4RK1 b - - 0 23,c7d5 f3h4 f8f1 a1f1,2180,78,92,973,advantage middlegame quietMove short,https://lichess.org/5UCDTf9f/black#46,
WmZHw,8/p2q1k2/Qp3r2/2p1rP2/P2p4/3P2R1/1P6/5RK1 w - - 3 34,a4a5 b6b5 a6f6 f7f6,2110,75,98,485,crushing endgame quietMove short trappedPiece,https://lichess.org/dATw1kx2#67,
WmiIN,5k2/5p2/3P1p2/2p1pB1K/4P1PP/8/4b3/8 w - - 1 49,d6d7 f8e7 d7d8q e7d8 h5h6 c5c4 h6g7 c4c3 h4h5 c3c2 h5h6 c2c1q h6h7 c1g5,2111,81,90,319,advancedPawn bishopEndgame crushing endgame promotion quietMove veryLong,https://lichess.org/SndFL5tH#97,
WnB8i,8/5k2/2NK4/3P4/1P6/8/3r4/8 b - - 8 67,f7e8 b4b5 d2b2 c6d4 e8f7 d6c6,2105,81,65,46,crushing defensiveMove endgame long quietMove,https://lichess.org/DY7LhIML/black#134,
WnGgp,r5k1/1pB2pb1/p4qpp/8/1PP1P3/PQ3b2/5P2/2R2RK1 w - - 1 25,f1e1 f6g5 c7g3 g5h5 b3f3 h5f3,2186,75,77,85,crushing kingsideAttack long middlegame quietMove,https://lichess.org/AaSjZYjZ#49,
WnatT,8/pp6/8/7p/PP6/5KPk/8/8 b - - 0 46,b7b6 b4b5 h3h2 g3g4 h5g4 f3g4,2100,77,96,279,crushing endgame long pawnEndgame quietMove zugzwang,https://lichess.org/o0CiDA8H/black#92,
WoBzz,8/8/1p6/pK4p1/6k1/P5P1/1P6/8 w - - 3 54,b5b6 a5a4 b6b5 g4g3,2185,80,91,2800,crushing endgame master pawnEndgame quietMove short,https://lichess.org/CzfzWxZq#107,
WoH19,r5k1/p1qb2pp/1p2rn2/2b1R3/3p4/1P3Q2/PB1P1PPP/RN4K1 w - - 0 17,e5e6 a8f8 e6f6 f8f6,2118,78,79,76,advantage middlegame quietMove short,https://lichess.org/QpY8kAo7#33,Sicilian_Defense Sicilian_Defense_Snyder_Variation
WobKf,8/2p5/3b4/6p1/R7/Pr3kP1/6RK/8 w - - 6 45,h2h3 b3b8 g2f2 f3f2,2167,80,90,867,crushing endgame quietMove short,https://lichess.org/WKt1DVWY#89,
WpGfG,8/6p1/2k4p/p7/2K3P1/7P/1P6/8 b - - 0 46,g7g6 h3h4 g6g5 h4h5 c6d6 c4b5,2121,80,90,933,crushing endgame long pawnEndgame quietMove zugzwang,https://lichess.org/sM0VVnAn/black#92,
WpZv4,6R1/3p4/2b3p1/1p4p1/pP4P1/k1P4P/3K4/8 w - - 0 43,g8g6 a3b2 g6g5 a4a3 g5e5 a3a2 e5e1 c6e4 e1e4 a2a1q,2113,74,92,2533,advancedPawn crushing deflection endgame promotion quietMove veryLong,https://lichess.org/JBUK5UVS#85,
WpcK5,1R6/5pk1/5p1p/p1p5/1p4P1/2b5/P4P1P/6K1 w - - 0 32,b8b5 c5c4 b5c5 b4b3 a2b3 c4b3 c5c3 a5a4,2199,75,86,401,advantage defensiveMove endgame master quietMove sacrifice veryLong,https://lichess.org/Wzsr22q3#63,
WpkQv,8/6p1/8/6K1/3k3P/8/8/8 b - - 0 50,d4e5 h4h5 e5d6 g5g6,2199,79,91,1763,crushing endgame pawnEndgame quietMove short,https://lichess.org/EweyHGgu/black#100,
Wpoiy,1r4k1/3q1pp1/3pp2p/Q2n4/1p1P4/1P4P1/3NPPKP/2R5 w - - 0 26,c1c4 d7b7 e2e4 b8a8 a5a8 b7a8,2107,81,87,52,advantage endgame long quietMove trappedPiece,https://lichess.org/aQaJrU1A#51,
WqH6f,2k3r1/pp5p/2nppn2/6p1/1P5q/P2PB3/2P1BP2/R2Q1RK1 w - - 0 18,b4b5 g5g4 b5c6 g4g3,2192,76,99,232,advantage middlegame quietMove sacrifice short,https://lichess.org/EyE5gbe3#35,Scandinavian_Defense Scandinavian_Defense_Main_Line
WqqQR,8/8/8/1p3pK1/1P3P1P/P1P3k1/8/5b2 b - - 1 57,f1d3 h4h5 d3c4 h5h6 c4g8 g5f5,2149,78,84,590,bishopEndgame crushing endgame long quietMove,https://lichess.org/D919NP3f/black#114,
Wr2k6,2kr2r1/Qpq5/2p1bp2/5p1p/P2pp3/1P1P2P1/R1P1PPBP/5RK1 w - - 0 21,a7a8 c8d7 a8a7 c6c5 d3e4 d8a8 a7a8 g8a8,2156,81,91,2208,crushing middlegame quietMove trappedPiece veryLong,https://lichess.org/Br1Av2kE#41,
WrGyb,5k1r/pB3pp1/3p2bb/3N4/5P1p/8/PPr4P/K3R1R1 b - - 1 26,c2d2 b7c6 f8g8 f4f5 g8h7 f5g6,2192,86,76,68,advantage long middlegame quietMove,https://lichess.org/PYBO7IRj/black#52,
WrVV7,4k2r/1b2qppp/p3p3/1prn4/8/1P1BPN2/P3QPPP/2RR2K1 w k - 0 17,d3e4 d5c3 c1c3 c5c3 e2b2 b5b4 e4b7 e7b7,2128,79,91,1006,crushing fork master middlegame quietMove veryLong,https://lichess.org/boB17lvN#33,Queens_Gambit_Declined Queens_Gambit_Declined_Three_Knights_Variation
WsVZY,r7/pppk1prp/2n1R3/2bq2NQ/2pp4/8/PPP2PPP/RNB3K1 w - - 1 13,e6f6 a8e8 h5g4 d7d8,2175,114,43,12,advantage defensiveMove middlegame quietMove short,https://lichess.org/yr59hnQX#25,Italian_Game Italian_Game_Two_Knights_Defense
Wt3Jp,8/8/8/R3p3/1p2P2p/2n1kP1P/3R2K1/4r3 w - - 4 44,d2f2 c3e2 f2e2 e1e2,2121,76,90,1235,crushing endgame quietMove short,https://lichess.org/O5Uu4L1Y#87,
Wt6Lj,2r1r1k1/1QB5/p1p4p/1p4p1/2P5/1P5P/1P2R1PK/1q6 b - - 2 30,b1c1 c7e5 c1f4 e5f4,2198,77,91,299,crushing endgame quietMove short,https://lichess.org/vBJHK3UH/black#60,
WtX6k,8/7p/4N1pk/2b2p2/4p2P/4q1P1/6PK/3Q4 b - - 1 63,c5b6 d1a1 e3g1 a1g1 b6g1 h2g1,2174,75,85,77,advantage endgame long quietMove,https://lichess.org/J9hU5XGV/black#126,
WtnPk,2q3k1/5ppp/3Q4/pp1p4/3P4/4P1P1/r4PP1/5RK1 b - - 3 30,c8a8 f1c1 g7g6 d6d7,2150,77,87,542,advantage endgame quietMove short,https://lichess.org/5LjSzMWD/black#60,
WuRN8,5n2/4k3/4P2p/1pN1K3/pP1P2p1/4bb2/8/1B2B3 b - - 1 53,a4a3 d4d5 e3g5 d5d6,2115,75,91,2349,advantage endgame quietMove short,https://lichess.org/VY2OtPTO/black#106,
Wuj51,4r1k1/3q1p2/3N2p1/2pP2Pp/2P2B1P/3Q1P2/rb1R2K1/8 b - - 2 33,e8a8 d3e2 a2a6 d2b2,2110,144,71,13,crushing master middlegame quietMove short,https://lichess.org/bZty3n8T/black#66,
Wut2S,8/8/8/1p4p1/3k4/1P5K/P1P5/8 w - - 0 49,h3g4 b5b4 g4g5 d4c3 g5f5 c3c2,2113,75,86,92,crushing endgame long pawnEndgame quietMove,https://lichess.org/OHioyQrn#97,
Wuz5Y,8/3Q2p1/1pP2b1p/1Pk2P1K/3r2rP/8/8/8 w - - 4 50,d7d4 g4d4 c6c7 d4d8 c7d8q f6d8,2157,77,92,690,crushing endgame hangingPiece long master quietMove,https://lichess.org/QB5QnCLy#99,
WvIrQ,8/5P2/4n3/2p1k1P1/3pB1K1/p2P4/8/8 w - - 0 59,e4f5 e6f8 g5g6 e5f6,2133,77,90,543,crushing endgame master quietMove short,https://lichess.org/Gg5V5pir#117,
WvmjF,8/5p2/4p1kp/6p1/8/6N1/PP1rBr1P/1R5K b - - 3 39,f2e2 g3e2 d2e2 a2a4 g6f6 a4a5 f6e7 a5a6,2148,81,91,2520,advantage endgame quietMove veryLong,https://lichess.org/14hfTkr5/black#78,
Ww8zS,8/p7/6pp/1p2k3/2p1P3/2P1K1P1/PP4P1/8 w - - 0 32,b2b4 c4b3 a2b3 a7a5 e3d3 a5a4,2120,75,80,186,advantage enPassant endgame long pawnEndgame quietMove,https://lichess.org/rzvm4b7N#63,
Wwd46,1rbq1rk1/p3bppp/1ppp4/3B4/3QPP2/1P6/P1P3PP/R1B2RK1 w - - 0 13,c1b2 e7f6 e4e5 d6e5 f4e5 f6e7 e5e6 e7c5 e6f7 g8h8 d4c5 b6c5,2154,124,71,21,crushing middlegame pin quietMove veryLong,https://lichess.org/fZPqnxr2#25,Scotch_Game Scotch_Game_Other_variations
Wx9mC,Q1br4/1p1kbppp/4p3/1RqpP3/8/2N1PN2/2PK2PP/8 b - - 5 18,c5c7 a8a4 d7e8 b5b7 c8d7 b7c7,2150,76,94,247,advantage discoveredAttack long middlegame quietMove,https://lichess.org/pxwe4D0O/black#36,Caro-Kann_Defense Caro-Kann_Defense_Advance_Variation
WxF3n,8/4P1k1/8/5N1P/1p3K2/6P1/4r3/8 b - - 2 52,g7f7 h5h6 e2f2 f4g4 f2h2 f5h4 h2e2 h6h7 f7g7 g4f3,2166,124,33,32,advancedPawn advantage defensiveMove endgame master quietMove veryLong,https://lichess.org/U5DzpYGN/black#104,
WxIi5,2k1r2r/1ppqn2p/p5p1/4Qb2/8/PP1P2N1/1P4PP/R1B2RK1 w - - 1 20,d3d4 e7d5 g3f5 e8e5,2131,75,93,8045,advantage discoveredAttack middlegame quietMove short trappedPiece,https://lichess.org/M9bSrhVX#39,
WxQi7,2kr4/1b3p2/ppq1pn1p/3r2p1/P7/2PBN1P1/1P2Q1PP/R2R2K1 b - - 1 20,d5d3 d1d3 d8d3 e2d3 f6g4 a1d1 c8b8 d1d2,2109,81,69,39,advantage defensiveMove master middlegame quietMove veryLong,https://lichess.org/3ZFI8d7f/black#40,
Wy3OB,8/5pp1/2kp4/1p3PPp/1P2KP2/3R3P/8/4r3 w - - 12 40,d3e3 e1e3 e4e3 c6d5 e3d3 h5h4 f5f6 g7f6 g5f6 d5e6 d3e4 e6f6 e4d5 f6f5 d5d6 f5f4,2188,111,43,27,crushing endgame quietMove rookEndgame veryLong zugzwang,https://lichess.org/4hMNuuK5#79,
Wy6CV,6R1/5p2/4pPkp/3p2p1/Pr1r4/1P3RPK/8/8 b - - 3 40,g6h7 g8g7 h7h8 f3c3 b4c4 b3c4,2186,77,96,154,crushing endgame long quietMove rookEndgame,https://lichess.org/h5fQVu5F/black#80,
WyAU5,rn1qr1k1/p1b4p/2p2p2/3P1b2/2p3PP/P3BP2/1PPQ4/2K3RR b - - 0 20,d8e7 g4f5 g8h8 e3h6 c7b6 g1e1 e7f7 e1e8,2171,101,80,21,advantage discoveredAttack hangingPiece kingsideAttack middlegame quietMove veryLong,https://lichess.org/cWnmOqgz/black#40,
WyDJS,1r4k1/2N2pp1/3q3p/1P1n4/3P4/2Q2P2/5P1P/2R3K1 w - - 1 27,c3c5 d6g6 g1h1 d5f4 c1g1 g6d3,2126,78,52,73,advantage endgame long quietMove,https://lichess.org/or55JT0J#53,
WyocW,2q3k1/1p1b1p1p/3P2p1/3BQ3/2P5/pP5P/r7/5RK1 b - - 1 31,d7e6 d5e6 c8e6 e5e6 f7e6 f1d1 g8f7 d6d7,2108,77,93,4885,advancedPawn crushing endgame quietMove veryLong,https://lichess.org/6GQFTBsr/black#62,
WyrRb,8/p1r4R/1p3kp1/5pN1/8/2P4P/Pn3PP1/5K2 b - - 0 38,c7c3 f2f4 c3c1 f1e2 c1e1 e2e1,2189,75,85,305,crushing endgame long master quietMove,https://lichess.org/Adh2LbVj/black#76,
Wyz29,8/2b4R/1pP2kp1/pB3bR1/P2PpP2/4P3/1q3PK1/8 b - - 10 43,c7d6 b5c4 d6f4 e3f4,2152,145,43,7,crushing endgame master quietMove short,https://lichess.org/wu81eW3B/black#86,
Wz7DC,4k3/6Kp/1p1PP1p1/5rP1/1B6/P7/8/8 b - - 0 57,f5g5 d6d7 e8d8 b4c3 g5d5 c3f6,2192,76,90,375,advancedPawn crushing endgame long quietMove,https://lichess.org/MHPPwu1U/black#114,
WzRdj,r1bqkb1r/p1pp2pp/1pn1p3/5pPn/7P/1P6/PBPPPPB1/RN1QK1NR b KQkq - 0 7,c8b7 e2e3 g7g6 b2h8,2133,80,90,232,crushing master opening quietMove short,https://lichess.org/pqprBAa7/black#14,Nimzo-Larsen_Attack Nimzo-Larsen_Attack_Dutch_Variation
WzzaF,8/8/1p1p4/pPpPp3/P1P1P1kb/4B3/6K1/8 b - - 3 43,h4g3 e3h6 g3h4 h6f8,2130,78,91,1528,bishopEndgame crushing endgame quietMove short,https://lichess.org/xuvqcgWc/black#86,
X0LM7,8/1b3K2/p4N1k/1p6/3R3p/2P5/PP6/7r b - - 3 44,h4h3 d4g4 b7d5 f6d5,2113,76,89,847,crushing endgame quietMove short,https://lichess.org/RX6DCHi5/black#88,
X0OMu,8/8/1p6/5pk1/8/1P3K2/P7/8 w - - 1 41,b3b4 b6b5 a2a4 b5a4 b4b5 a4a3 b5b6 a3a2 b6b7 a2a1q b7b8q a1f1,2165,79,87,56,advancedPawn advantage endgame pawnEndgame promotion quietMove veryLong,https://lichess.org/HtV1BIeM#81,
X0Wb5,R7/P5k1/8/r6p/6p1/3K1P2/6P1/8 b - - 1 51,g4f3 g2f3 a5a2 f3f4 h5h4 f4f5 h4h3 f5f6 g7f7 a8h8 h3h2 h8h2 a2h2 a7a8q,2174,81,82,72,advancedPawn crushing deflection endgame exposedKing master promotion quietMove rookEndgame veryLong,https://lichess.org/nO6QEtAO/black#102,
X0g2M,6rk/pp5p/2n1ppqB/3p4/8/2N4Q/PPP3PK/R7 w - - 2 23,a1g1 c6e5 g1e1 e5g4 h2g1 g4h6,2106,78,87,221,advantage long middlegame quietMove,https://lichess.org/3McIPBwu#45,
X0usO,Nk3bnr/pp2ppp1/8/1R5p/2NP4/2P1P3/2K2PPP/8 b - - 4 20,b8a8 b5d5 b7b5 c4a5 a8b8 d5d8 b8c7 d8f8 c7b6 a5b3,2110,75,86,358,advantage defensiveMove endgame fork quietMove veryLong,https://lichess.org/xNjzZYcq/black#40,
X1NNH,8/5pk1/6p1/1R5p/2P5/5b2/1K1r1P2/2R5 w - - 2 41,c1c2 d2c2 b2c2 h5h4 b5b3 f3g2 c4c5 h4h3,2170,89,62,24,advantage endgame quietMove veryLong,https://lichess.org/IBSeaT7j#81,
X1jfk,4r3/5pkp/5bp1/p7/Pn2B3/2p4P/4RPP1/4R1K1 w - - 4 33,e4c2 b4c2 e2e8 c2e1 e8e1 f6g5 e1e2 g5d2,2104,87,60,51,crushing defensiveMove endgame quietMove veryLong,https://lichess.org/8dwUksZC#65,
X1oS4,1r4k1/5p1p/4p1p1/p1RpN3/b2P4/P3P2P/4qPP1/2Q3K1 w - - 8 29,c5a5 a4c2 a3a4 b8b1 c1b1 c2b1,2132,106,85,12,advantage endgame long master pin quietMove,https://lichess.org/wFQSreEH#57,
X2gjJ,8/8/3kp2p/p2p2p1/P2K1PP1/2P4P/8/8 w - - 0 38,f4f5 e6f5 g4f5 h6h5 c3c4 d5c4,2143,76,95,1357,crushing endgame long pawnEndgame quietMove,https://lichess.org/CZJ6wIOi#75,
X2nH2,5Q2/kp6/p2p4/P1NPp3/1P2P3/3K4/3r3r/8 w - - 29 56,d3c4 h2h3 c5d3 d2d3,2124,77,90,1972,crushing endgame master quietMove short,https://lichess.org/PeDM8mUK#111,
X3Rlr,6k1/5p1p/pqp2Qp1/3bP3/5PP1/1P5P/P5K1/3R4 w - - 5 36,g2g3 b6e3 g3h4 h7h6 d1d3 e3d3,2144,115,91,33,crushing endgame long quietMove,https://lichess.org/HMsd3j8e#71,
X3mIa,r3r1k1/pp4p1/2pn1p1p/3p4/3P1PQ1/2q1P2R/P4NPP/5RK1 b - - 1 23,g8h7 h3g3 e8e7 g4g6,2158,170,-71,10,crushing middlegame quietMove short,https://lichess.org/MRZCGqiK/black#46,
X3rMN,6k1/5p2/4pRbp/6p1/8/4Q1P1/2q2P1P/3rR1K1 w - - 1 35,e3e5 g6e4 e5e4 c2e4 e1d1 g8g7 f6f7 g7f7,2156,75,93,5760,advantage endgame pin quietMove trappedPiece veryLong,https://lichess.org/iDmjiWav#69,
X4K7y,8/8/2p1p1k1/7p/1p1pP1p1/1P1P1KP1/2P4P/8 w - - 0 32,f3f4 g6f6 e4e5 f6g6 f4e4 c6c5 e4f4 g6h6,2119,77,88,98,crushing defensiveMove endgame pawnEndgame quietMove veryLong,https://lichess.org/GuLr5L87#63,
X4ouD,6R1/7p/6pk/5pb1/6P1/2RN2KP/r2r1P2/8 w - - 0 48,f2f4 d2g2 g3f3 g5h4 g4f5 g2g3,2149,79,90,418,crushing endgame long quietMove,https://lichess.org/ySiqJF41#95,
X5bBR,8/5p2/4k1p1/7r/5PK1/4P2p/7R/8 w - - 4 42,h2h3 f7f5 g4g3 e6d5 h3h5 g6h5 g3h4 d5e4 h4g5 e4f3 g5f5 h5h4 f5e6 h4h3 f4f5 h3h2 f5f6 h2h1q,2147,126,56,15,advancedPawn crushing endgame promotion quietMove rookEndgame veryLong,https://lichess.org/0RNwuJaF#83,
X63bA,8/8/3pR1p1/3P3k/8/6Kp/6n1/8 b - - 3 45,g6g5 e6d6 g2f4 d6d7 h5g6 d5d6 h3h2 g3h2,2198,108,78,16,crushing endgame quietMove veryLong,https://lichess.org/qTNEBB9G/black#90,
X6Kmw,1r6/1q4k1/pP2pnpp/2p1p3/2P1P3/2B2PbN/6P1/1R1Q1K2 b - - 3 35,b7d7 d1d7 f6d7 b6b7 g7f6 c3a5 f6e7 a5c7,2143,78,86,163,advancedPawn crushing middlegame quietMove veryLong,https://lichess.org/TzB8yaSl/black#70,
X6hWq,r7/P7/8/6p1/2K5/3p1k2/1P6/R7 b - - 0 49,g5g4 c4d3 g4g3 b2b4 g3g2 b4b5 g2g1r a1g1,2195,85,91,2508,crushing endgame quietMove rookEndgame veryLong,https://lichess.org/icTsYhOM/black#98,
X6kQu,8/5Kpp/5p2/3kp3/8/5P2/6PP/8 w - - 6 44,f7g7 f6f5 f3f4 e5e4 g2g4 d5e6 g7h7 e4e3,2173,150,82,9,crushing endgame pawnEndgame quietMove veryLong,https://lichess.org/5JJFZ9tq#87,
X6xe5,8/3b1k2/7P/5pK1/1P3P2/8/5P2/8 b - - 0 44,d7c8 b4b5 c8d7 b5b6 d7c8 f2f3,2175,90,91,62,bishopEndgame crushing defensiveMove endgame long master quietMove zugzwang,https://lichess.org/azqukGQC/black#88,
X79Ww,3k4/2r5/2PK3p/1p6/p6P/5P2/4R3/8 b - - 0 65,a4a3 e2g2 c7c6 d6c6,2112,75,89,778,crushing endgame quietMove rookEndgame short,https://lichess.org/3Jtv1Cft/black#130,
X79fN,8/7p/K5pP/Pp1bBpP1/3PkP2/8/8/8 w - - 1 80,a6b6 b5b4 e5d6 b4b3 d6a3 e4f4 b6c5 f4e4,2185,80,86,114,bishopEndgame crushing endgame master quietMove veryLong,https://lichess.org/VSk27Ygx#159,
X7KXr,r5k1/4P2p/np4p1/p1p5/4p3/PP5Q/1q4PP/5R1K b - - 0 34,b2e5 h3d7 a6c7 d7d8 c7e8 d8a8,2159,77,90,568,advantage deflection endgame long pin quietMove,https://lichess.org/g0xAoVia/black#68,
X7j4J,8/6PR/2p5/8/4pk1P/2p3r1/2K5/8 b - - 0 52,f4f5 h4h5 f5e5 h5h6,2134,77,91,953,crushing endgame master quietMove rookEndgame short,https://lichess.org/nVZeUzgB/black#104,
X9FMG,8/3p2p1/p3p2p/1p2P2K/1P3P2/Pk4P1/8/8 b - - 5 44,b3a3 g3g4 a3b4 f4f5 e6f5 g4f5,2189,77,91,2662,crushing endgame long pawnEndgame quietMove,https://lichess.org/enh0w6np/black#88,
X9emj,8/8/8/1p1pp3/k1p5/4PP2/1K1N4/8 w - - 0 44,d2b1 b5b4 f3f4 d5d4 e3d4 e5f4 b2c2 f4f3,2171,132,71,15,crushing deflection endgame knightEndgame quietMove veryLong,https://lichess.org/ELeuUV53#87,
X9fMu,8/8/4r1B1/7p/3k3P/2p3P1/2Kp1P2/3R4 w - - 1 47,g6d3 e6b6 d3b5 b6b5 d1d2 c3d2,2137,76,95,343,advancedPawn crushing endgame long quietMove,https://lichess.org/ivhRzj4o#93,
X9w4W,8/3Q3p/4p1pk/p2p1bq1/1p5r/5P2/PPP2RP1/4R1K1 w - - 6 37,f3f4 g5h5 f2f1 h4h1 g1f2 h5h4,2157,77,92,1347,crushing endgame long quietMove,https://lichess.org/bd2K5nWa#73,
XASmr,3r1r1k/pp5q/3b4/6Q1/2P5/6P1/PP3p1P/R1B2RK1 w - - 0 21,g1g2 h7e4 g2h3 d8d7 g5h4 d7h7,2161,79,86,51,crushing long middlegame pin quietMove,https://lichess.org/jggefPQl#41,
XB1EB,7k/1p4p1/p1p4p/8/3P4/1P2P1RP/5rPK/8 w - - 0 36,g3f3 f2f3 g2f3 a6a5 h2g3 b7b5 d4d5 c6d5,2139,75,90,575,crushing endgame quietMove rookEndgame veryLong,https://lichess.org/wjRijW4k#71,
XB5G0,r4rk1/pp3ppp/8/6Q1/8/3P2N1/PPP2qPP/5R1K b - - 1 20,f2c2 g3f5 c2b2 d3d4 b2d4 f5d4,2190,77,88,155,crushing endgame long quietMove,https://lichess.org/W6stqcEG/black#40,
XBGwp,8/p6p/2k1p1p1/1p2B3/1P2KP2/P5PP/8/6b1 b - - 0 40,a7a6 e5d4 g1d4 e4d4 c6d6 g3g4 h7h6 h3h4,2127,81,90,383,bishopEndgame crushing defensiveMove endgame master quietMove veryLong,https://lichess.org/fhMYRklD/black#80,
XBPQU,5R2/p1r2ppk/1p3n1p/3pN3/3N1P2/1P2P1n1/P5P1/6K1 w - - 2 33,f8f7 c7c1 g1h2 f6e4 f7g7 h7g7,2161,74,94,2124,crushing endgame long quietMove,https://lichess.org/zayACJnq#65,
XBarf,r5k1/p2P2pp/2p2qp1/3b4/8/P7/2P3PP/R3QB1K b - - 0 22,a8d8 e1e8 f6f8 a1e1 d5f7 f1c4 f7c4 e8d8 f8d8 e1e8 g8f7 e8d8,2123,75,94,11005,attraction clearance crushing endgame fork pin quietMove sacrifice veryLong,https://lichess.org/A8ck2OyJ/black#44,
XByAs,8/6pk/7p/2p5/8/3pbP1P/1P6/R6K w - - 0 35,a1d1 c5c4 h1g2 e3d4,2108,96,74,35,crushing endgame quietMove short,https://lichess.org/EFIlPrUU#69,
XCAT2,r3r1k1/3n1p1p/b3p1PB/2qpP3/3N1PQ1/Pp6/1P4P1/1K1R1R2 b - - 0 25,h7g6 f1h1 a6e2 g4e2,2144,186,-30,10,crushing middlegame quietMove short,https://lichess.org/AaFHRekk/black#50,
XCSOy,3r2k1/1p3pp1/p4n1p/2b1qP2/4p3/1PN4P/1PP2QP1/4RR1K w - - 2 23,f2f3 c5d6 g2g3 e4f3 e1e5 d6e5,2196,76,90,468,crushing long middlegame quietMove,https://lichess.org/ma7JbElc#45,
XCSms,2k4r/p1p3q1/2p1bp2/1P1p4/P2P4/2PQ2P1/8/R4RK1 w - - 1 25,b5c6 g7h6 a1a2 h6h1 g1f2 h1h2,2154,76,89,498,advantage endgame exposedKing long quietMove,https://lichess.org/nqzB0UVe#49,
XDGyi,2B5/8/8/6pp/8/6k1/4K3/8 w - - 2 51,e2f1 g3h2 f1f2 g5g4 c8f5 g4g3,2135,75,94,3289,bishopEndgame crushing endgame long quietMove,https://lichess.org/JzzGRVdx#101,
XDIto,2r1k3/1p3p2/p2QP3/5pN1/2bP1Pr1/1n2q3/5R2/3R3K b - - 2 29,c4e6 f2h2 g4g1 d1g1 e3d4 d6d4,2138,80,91,2225,advantage long middlegame quietMove,https://lichess.org/7fHce80V/black#58,
XDaua,3K4/R7/5p2/6p1/6kp/8/8/8 w - - 2 59,a7a4 g4f5 d8d7 g5g4 a4a5 f5g6 d7e6 g4g3 a5a8 g6g5,2146,210,-100,4,advantage defensiveMove endgame quietMove rookEndgame veryLong,https://lichess.org/5EQzoZIh#117,
XDkiM,3r2k1/5ppp/p2p1q2/nprQR3/8/1P3N1P/P4PP1/3R2K1 w - - 1 24,d5d6 c5c8 e5d5 d8d6 d5d6 f6e7,2186,90,67,35,advantage intermezzo long middlegame quietMove,https://lichess.org/AwpAgriA#47,
XE1Fm,8/6k1/7p/6p1/3Pp1P1/6K1/5P2/8 b - - 0 43,g7f6 f2f4 e4e3 f4f5 e3e2 g3f2 e2e1r f2e1,2170,76,90,587,crushing endgame master pawnEndgame quietMove veryLong,https://lichess.org/Gok1YVTo/black#86,
XEHeS,8/4R1pk/2p4p/2P1B3/r2P4/4P2P/5PPK/2q5 b - - 1 39,h7g6 g2g4 g6h7 e7g7,2169,128,27,23,crushing endgame quietMove short,https://lichess.org/GPK5spOC/black#78,
XENFO,1R1r2k1/Q1pr2pp/5p2/4pb2/3P4/2q2N2/P4PPP/4R1K1 b - - 0 21,e5d4 a7a8 c3e1 f3e1 d8b8 a8b8,2180,127,100,23,advantage long middlegame quietMove,https://lichess.org/qqzLwnpS/black#42,
XEbaC,8/3p1pp1/4p2p/2k1P3/p1P2P1P/3K4/P5P1/8 w - - 1 32,d3c3 h6h5 a2a3 f7f6 e5f6 g7f6 g2g4 h5g4,2191,75,88,293,advantage endgame pawnEndgame quietMove veryLong zugzwang,https://lichess.org/4RCM6pq3#63,
XEj8Z,r4rk1/2qb1ppp/p1pb4/1p1B4/1P1P4/P3P3/1B3PP1/2RQ1R1K w - - 1 19,d1f3 c7d8 h1g1 c6d5,2128,84,80,57,advantage middlegame quietMove short,https://lichess.org/2vUpFn3I#37,Slav_Defense Slav_Defense_Quiet_Variation
XEw2l,8/6pp/4pk2/1p6/1p2p3/4P1P1/PP1K1P1P/8 b - - 0 36,f6g5 h2h3 g5f6 d2c2,2157,78,92,2880,crushing defensiveMove endgame pawnEndgame quietMove short,https://lichess.org/8scckMRt/black#72,
XEyH0,8/5ppk/8/3K4/3P4/8/8/8 b - - 0 49,h7g8 d5c6 g7g5 d4d5 g5g4 d5d6,2140,74,92,6014,crushing endgame long pawnEndgame quietMove,https://lichess.org/ThON7P55/black#98,
XFR1l,rn3r1k/1pp3qn/p2p2B1/3P3Q/3b1P2/2P5/PP4PP/4RR1K b - - 0 21,d4f6 f1f3 b8d7 f3h3 f6h4 h3h4,2170,209,-38,18,advantage long middlegame quietMove,https://lichess.org/toqQtXvV/black#42,
XFash,8/3b2k1/5pPp/5P2/pP2B3/6P1/1p1K4/8 b - - 1 50,a4a3 d2c2 d7a4 c2b1 a4b3 b4b5 b3c4 b5b6,2149,74,70,111,bishopEndgame crushing defensiveMove endgame quietMove veryLong,https://lichess.org/YOBiRwAH/black#100,
XFksZ,8/8/1p6/2kp2p1/P5P1/2K5/2P5/8 w - - 1 51,c3b3 d5d4 c2c4 d4d3 b3c3 d3d2,2163,77,92,1426,advancedPawn crushing endgame long pawnEndgame quietMove zugzwang,https://lichess.org/vgteMnJg#101,
XGJJk,8/7p/6p1/p3k3/2P1p1PP/P3K3/8/8 b - - 0 42,a5a4 g4g5 e5f5 c4c5 f5e5 c5c6,2140,120,28,16,crushing endgame long pawnEndgame quietMove zugzwang,https://lichess.org/TpESn1Ge/black#84,
XGPF1,8/8/8/4kpp1/8/5KPP/8/8 w - - 0 44,g3g4 f5f4 h3h4 g5h4 g4g5 h4h3,2163,89,69,38,crushing endgame long pawnEndgame quietMove zugzwang,https://lichess.org/GfpaVoku#87,
XGZer,8/6k1/8/K7/3P4/7p/8/5b1B w - - 3 51,a5b6 f1g2 d4d5 g2h1 d5d6 h1c6 b6c6 h3h2 d6d7 h2h1q,2121,78,89,59,advancedPawn bishopEndgame crushing endgame promotion quietMove veryLong,https://lichess.org/64bgjJtG#101,
XGrKl,8/8/p4p2/2n5/2k2Pp1/8/3B2PP/6K1 w - - 0 45,g2g3 c5b3 d2e1 a6a5 e1a5 b3a5,2172,81,78,42,crushing endgame long quietMove,https://lichess.org/FniG1N83#89,
XGxty,8/7p/2p5/pp2k3/5pPP/P4K2/1P3P2/8 w - - 0 38,g4g5 e5f5 b2b4 a5a4 h4h5 f5g5,2188,80,81,56,crushing endgame long pawnEndgame quietMove zugzwang,https://lichess.org/gvfkAs4W#75,
XHDFM,8/k7/P1P5/K7/1P6/2n5/8/8 b - - 2 62,a7b8 b4b5 c3d5 b5b6 b8a8 a5b5,2197,157,100,12,crushing defensiveMove endgame knightEndgame long quietMove,https://lichess.org/AAwGLzUn/black#124,
XHK2V,r5k1/p1p1b1pp/1p2pr2/3bN2q/8/2PB4/PPQ2PPP/R4RK1 w - - 0 17,a1e1 f6h6 h2h3 d5g2 d3h7 h6h7,2199,81,82,75,crushing long middlegame quietMove,https://lichess.org/VR5naCE5#33,Rat_Defense Rat_Defense_Small_Center_Defense
XHZ0U,8/p1p5/1p3p2/2p1kPpp/2P1P3/P3K1PP/1P6/8 w - - 1 33,g3g4 h5h4 e3d3 e5f4,2117,75,78,147,crushing endgame pawnEndgame quietMove short zugzwang,https://lichess.org/dvMFpE5z#65,
XHiQ7,8/pp2p3/7p/2p1k1p1/6P1/1PP1PK1P/P7/8 b - - 0 31,a7a5 c3c4 e5f6 f3e4 f6e6 a2a3,2102,94,33,25,crushing defensiveMove endgame long pawnEndgame quietMove zugzwang,https://lichess.org/47PI31m1/black#62,
XHwp8,2r2r2/1p1q1pk1/p3p1p1/8/3Pp1P1/PQ2P3/1P2B3/R4RK1 w - - 0 21,a1c1 d7d6 g1g2 f8h8 f1f7 g7f7 b3b7 f7f6 c1f1 f6g5,2126,100,74,17,advantage middlegame quietMove veryLong,https://lichess.org/KUACHjIS#41,
XI0Xi,r6k/4qp1p/3p1np1/2p3Q1/1pPpP1P1/rP1P2NP/1K2BP2/R5R1 w - - 0 26,f2f4 e7a7 g5f6 h8g8 g1b1 a3a1,2113,79,82,48,crushing long middlegame quietMove sacrifice,https://lichess.org/cfRunEtu#51,
XI1Bc,2r2rk1/p4ppp/3Qb3/q7/1B6/P7/5PPP/2R1R1K1 b - - 2 21,a5g5 c1c8 f8c8 e1e6 g5h6 e6e1 h6d6 b4d6,2194,76,86,136,crushing middlegame quietMove veryLong,https://lichess.org/SeVqyFgb/black#42,
XI3sV,8/8/p7/3p1p2/P2P2k1/1Pp2Npp/2P5/1B4K1 w - - 1 54,f3e1 f5f4 b3b4 f4f3 e1f3 g4f3 b1a2 h3h2 g1h1 g3g2 h1h2 f3f2,2139,76,87,235,advancedPawn crushing defensiveMove endgame exposedKing quietMove veryLong,https://lichess.org/BrmQG3yJ#107,
XIOdR,1r4rk/p3Q3/p5pB/8/3b4/8/PqP3PP/5R1K b - - 0 25,d4g7 e7h4 g8c8 h6c1 h8g8 c1b2,2133,77,91,1401,advantage discoveredAttack exposedKing long middlegame quietMove,https://lichess.org/VhPVMBlT/black#50,
XIh7p,3r4/3P2p1/6k1/p5Pp/BpP1p3/4Rb1K/P4P2/8 b - - 0 37,g6g5 e3f3 e4f3 c4c5 g5f6 c5c6 d8d7 c6d7,2178,97,64,36,advancedPawn crushing endgame quietMove sacrifice veryLong,https://lichess.org/zuhFnrem/black#74,
XIzRE,r5k1/5p2/6p1/3P3p/1q2P2P/6P1/p3QP2/R5K1 w - - 2 34,e4e5 b4b1 e2f1 a8b8 a1a2 b1a2,2184,77,95,2776,crushing endgame long quietMove,https://lichess.org/EcPD81EB#67,
XJ4Ot,8/p2k2pp/3P4/1p1PK1PP/2p3P1/1P6/P7/8 w - - 0 40,e5d4 c4b3 a2b3 a7a5 g5g6 h7g6,2192,137,78,13,crushing endgame long pawnEndgame quietMove,https://lichess.org/KwYUfFwz#79,
XJAMV,7r/5R2/4p2p/1p2P2P/2k5/P2r1K2/8/6R1 w - - 1 48,f3e4 h8d8 g1c1 c4b3 c1b1 b3a2 b1b4 a2a3,2115,77,91,1518,crushing endgame quietMove rookEndgame veryLong,https://lichess.org/HcmfiE2R#95,
XJRob,6k1/1r4p1/1q2p3/5pRP/1ppP1P2/2P1PP2/4K3/1Q6 w - - 0 43,b1b4 b6a6 b4b7 a6b7,2155,76,96,709,crushing endgame quietMove short,https://lichess.org/TawQ7Hvh#85,
XKNC8,r7/2k2ppp/r3p3/P1KpP3/5P2/6P1/R6P/R7 w - - 1 39,c5b5 a6c6 a5a6 a8b8,2111,74,88,287,crushing endgame quietMove rookEndgame short,https://lichess.org/lAQc6OrK#77,
XKfQ2,8/8/6p1/BK3p1p/P4k2/5P1P/5b2/8 w - - 0 45,a5b6 f2e1 b6a5 e1a5 b5a5 f4f3,2164,79,86,65,bishopEndgame crushing endgame long quietMove,https://lichess.org/LuVX2EHx#89,
XKlew,1k1r4/5ppp/1pR5/5P2/8/5P2/rP4PP/2K4R w - - 0 21,c6b6 b8c7 c1b1 d8a8 b6b4 a2a1 b1c2 a1h1,2151,74,97,139,advantage clearance defensiveMove endgame quietMove rookEndgame skewer veryLong,https://lichess.org/MVltZ0iJ#41,
XKtWJ,5k2/1p6/6p1/p7/P3P1NP/1r1pNKP1/8/8 w - - 0 55,e4e5 b7b5 a4b5 a5a4 e3c4 b3c3 c4d2 c3c2 f3e3 a4a3,2120,174,75,19,crushing endgame quietMove veryLong,https://lichess.org/BdvYvkTd#109,
XLCMR,r2qk2r/p1n2p2/1p2pb1p/3p4/2pP2P1/P1P1QR1N/1P1N3P/R5K1 b kq - 1 22,d8e7 a1f1 f6g5 h3g5 e7g5 e3g5 h6g5 f3f7,2138,77,83,643,advantage attackingF2F7 middlegame quietMove veryLong,https://lichess.org/69aH2enQ/black#44,
XLXyP,8/3rk3/4p1p1/3nP3/1PR3P1/2P5/3p4/3N3K w - - 1 49,h1g1 d7a7 g1f2 a7a1,2118,75,90,118,advantage endgame quietMove short,https://lichess.org/PbNwPtn2#97,
XM2Gk,r1bq1rk1/3p2n1/p3p1Qp/1p2P1P1/2P4P/2N5/PP3P2/2R1K2R b K - 0 18,h6h5 c3e4 d8e8 e4f6 f8f6 g6e8,2191,76,90,674,advantage deflection exposedKing fork long middlegame quietMove,https://lichess.org/nKErJ7q6/black#36,Sicilian_Defense Sicilian_Defense_OKelly_Variation
XM3Ba,8/8/3pk3/1R2b3/6bP/3P4/1p1K2P1/8 w - - 9 44,d2e3 e5c3 b5b2 c3b2,2157,77,84,114,crushing endgame quietMove short,https://lichess.org/HcpUIKHv#87,
XM96V,8/1K6/8/r2p3R/5P1P/4k3/8/8 w - - 0 56,f4f5 d5d4 h5g5 d4d3 f5f6 d3d2 g5a5 d2d1q,2150,76,79,103,advancedPawn crushing endgame promotion quietMove rookEndgame veryLong,https://lichess.org/tbzZZllU#111,
XMBVt,r5k1/p7/2p3pQ/1bNp3p/7P/2b3B1/P1q2PP1/4R1K1 b - - 0 26,c3e1 c5e6 e1c3 e6g5 c2c1 g1h2 c1g5 h6g5,2142,78,92,1597,advantage middlegame quietMove veryLong,https://lichess.org/hu9K2q0A/black#52,
XN6zh,1k1n1r2/ppp2Bpp/2n1P3/b5B1/8/2P2RK1/PP4PP/RN1r4 w - - 3 20,g5d8 f8d8 b2b4 a5b6 b4b5 c6e7,2175,79,83,119,advantage defensiveMove long middlegame quietMove,https://lichess.org/4aHIuMda#39,
XNTJY,8/1K1k4/8/6pp/5n2/4B3/P4P2/8 w - - 2 47,a2a4 h5h4 f2f3 f4e2 a4a5 h4h3 a5a6 h3h2,2129,77,91,62,advancedPawn crushing endgame quietMove veryLong,https://lichess.org/15uopX6h#93,
XO0G5,8/r4p2/4pk2/3p2p1/3P2P1/2PRRPK1/1r6/8 w - - 2 39,f3f4 a7a2 f4g5 f6g5,2195,79,90,946,crushing endgame quietMove rookEndgame short,https://lichess.org/cnDTJ0JR#77,
XOL3x,4r3/2p3pk/2n2r1p/p2p4/3PPp1N/P5qP/1PQN2P1/R1B3K1 w - - 2 28,h4f3 f6g6 d2f1 g3f3,2146,76,83,181,crushing middlegame pin quietMove short,https://lichess.org/g44CBzC8#55,
XOw9Y,8/8/8/p1ppk1pp/P4P2/1PPK1P1P/8/8 b - - 0 40,e5f4 b3b4 a5b4 a4a5 b4b3 a5a6,2198,82,88,100,crushing endgame long pawnEndgame quietMove,https://lichess.org/4ohKNpyU/black#80,
XOxgK,8/P3k1p1/1K5p/4p3/3pb3/6P1/7P/5B2 b - - 2 44,e7d6 f1a6 d4d3 a6b7 e4b7 b6b7,2169,76,84,68,bishopEndgame crushing endgame long quietMove,https://lichess.org/zrXwxDPg/black#88,
XP7n7,2kr4/pb2bp1q/1pn5/2pQP1p1/5PP1/3P3p/PP1N1B1P/2R2RK1 w - - 1 21,d5e4 c6d4 f2d4 b7e4,2116,75,81,434,crushing discoveredAttack master middlegame quietMove short,https://lichess.org/LJFGR9hk#41,
XP8wo,r3kb1r/ppp1pppp/5n2/1N6/3q2b1/8/PPPPB1PP/R1BQK2R b KQkq - 1 9,d4f4 d2d4 f4e4 b5c7 e8d7 c7a8,2132,76,83,122,advantage fork long opening quietMove,https://lichess.org/ZaxeCdG9/black#18,Zukertort_Opening Zukertort_Opening_Tennison_Gambit
XPPXv,1k6/1P4p1/Pr2p3/5p2/2BK1P2/2P5/8/8 b - - 2 52,b8a7 d4c5 g7g6 c4b5 g6g5 f4g5,2141,78,85,57,crushing endgame long quietMove,https://lichess.org/n1wWb7no/black#104,
XPtUY,6k1/5p1p/1Q3bp1/2P5/1P6/P2p1r2/3K3P/8 w - - 0 30,c5c6 f6g5 d2e1 d3d2 e1e2 f3f1 e2f1 d2d1q,2176,92,87,26,advancedPawn advantage attraction deflection endgame exposedKing promotion quietMove veryLong,https://lichess.org/FSrcYAiU#59,
XQ7Sk,2R5/pB1n1pk1/7p/3p4/3P4/2N2qp1/1PP5/4R1K1 w - - 5 34,e1f1 f3h5 g1g2 h5h2,2186,79,81,65,crushing endgame quietMove short,https://lichess.org/twONpdoP#67,
XR62p,r2q1rk1/pp1n1p2/2p1p1p1/3n2P1/3PN3/3Q4/PPP2PP1/2KR3R b - - 1 17,g8g7 h1h7 g7h7 d3h3 h7g8 d1h1 d8g5 e4g5,2147,75,95,5372,attraction crushing middlegame quietMove sacrifice veryLong,https://lichess.org/44z5vfOB/black#34,Caro-Kann_Defense Caro-Kann_Defense_Classical_Variation
XRriR,8/1R6/p1p3bk/2P1P3/PP1P2pP/4p1K1/8/8 w - - 0 45,e5e6 e3e2 g3f2 g6d3 f2e1 g4g3 b7b8 g3g2 b8g8 d3g6 e1e2 g2g1q,2135,95,87,50,advancedPawn crushing endgame promotion quietMove veryLong,https://lichess.org/A7RDJ8Rv#89,
XRxxp,5b2/1r1k4/RB1p2p1/1KpPp1Pp/4Pp1P/5P2/8/8 b - - 15 46,f8e7 a6a8 c5c4 b5a6 b7b6 a6b6,2153,76,93,258,crushing endgame long quietMove trappedPiece,https://lichess.org/QjBQ5jzC/black#92,
XSD7c,8/8/p4Bp1/2p2kP1/8/P1Pb1K2/1r6/R7 b - - 10 48,a6a5 a1e1 d3e4 e1e4,2117,75,86,355,crushing endgame quietMove short,https://lichess.org/KcNg659N/black#96,
XSUB1,4r3/1p1k4/2q5/Q2pp1p1/2P5/1P1P2Pr/R7/4R1K1 w - - 3 37,g1g2 e8h8 a5d5 c6d5 c4d5 h3h2,2104,78,86,72,crushing endgame long master quietMove,https://lichess.org/VkyzoD4w#73,
XSX1A,5rk1/6p1/3r3p/1R6/3p4/4pP2/PP4PP/3R2K1 w - - 0 29,g1f1 d4d3 f1e1 e3e2 d1d2 f8c8 d2d3 d6d3,2127,75,94,975,advancedPawn advantage endgame quietMove rookEndgame veryLong,https://lichess.org/lRfd9bRf#57,
XStWw,8/7P/6K1/4k1B1/6P1/8/p4r2/8 b - - 0 60,f2h2 g5h6 e5e4 h7h8q,2147,105,83,31,advancedPawn crushing endgame promotion quietMove short,https://lichess.org/FKPaLC9G/black#120,
XSxMS,8/p3k3/2p5/1Pp1p2p/P3Kp2/5P1P/6P1/8 w - - 0 36,b5c6 c5c4 e4e5 c4c3 c6c7 e7d7 e5f4 c3c2,2188,80,91,1032,advancedPawn crushing endgame pawnEndgame quietMove sacrifice veryLong,https://lichess.org/SWUdBC9L#71,
XTKMv,r1b5/pp3p1k/q1n1pprp/7R/5B1Q/8/5PPP/3R2K1 b - - 7 28,a6a4 h5h6 g6h6 h4h6 h7g8 d1d3 a4a1 f4c1 a1c1 h6c1,2145,74,93,3640,crushing middlegame quietMove veryLong,https://lichess.org/zm1M0ti6/black#56,
XTPJz,1rk5/7R/1q2bp2/2p5/2P2p2/5N2/4BPPP/R5K1 b - - 0 29,b6b2 a1a7 b2b1 e2f1 b1h7 a7h7,2101,76,95,2221,advantage defensiveMove long master middlegame quietMove,https://lichess.org/IdHpNqxY/black#58,
XTiar,rn2k1nr/1ppq2pp/p3R3/8/2Q5/8/PPP2PPP/RN4K1 b kq - 0 13,g8e7 b1c3 b8c6 a1d1,2198,83,91,806,advantage clearance middlegame quietMove short,https://lichess.org/aPl4aFbf/black#26,Center_Game Center_Game_Kieseritzky_Variation
XTq3x,6k1/8/7p/R7/2p3PP/2p5/Pr4PK/8 w - - 0 33,a5c5 b2b4 a2a3 c3c2 a3b4 c2c1q,2111,86,81,28,advancedPawn crushing endgame long promotion quietMove rookEndgame,https://lichess.org/S9kbGoBo#65,
XTsGU,r4rk1/ppp2ppp/4b3/3n2q1/Q2n4/8/PP1BBPPP/2KR2NR b - - 2 13,g5g2 a4d4 g2h1 g1f3 h1g2 d1g1 g2g1 f3g1,2130,81,87,68,advantage clearance middlegame quietMove sacrifice veryLong,https://lichess.org/Jn7HiLC3/black#26,English_Opening English_Opening_Mikenas-Carls_Variation
XTuCj,6k1/3p1R2/r2Np1pp/p2nP3/1p1P3q/1P2P3/P5PP/3Q2K1 b - - 0 23,a6d6 d1f1 h4d8 e5d6,2179,74,93,7581,crushing endgame intermezzo quietMove short,https://lichess.org/jsNWhttV/black#46,
XU8MF,8/7p/7p/4k3/5p1N/2P5/5K2/8 w - - 1 53,h4f5 e5f5 c3c4 h6h5 c4c5 h5h4 c5c6 f5e6 f2f3 h4h3 c6c7 e6d7 c7c8q d7c8,2162,81,91,676,crushing endgame hangingPiece master quietMove veryLong,https://lichess.org/v19b3QNG#105,
XUSQX,r1bq1k2/3nb1r1/5p1Q/pp1p2p1/3P4/8/PPP2PPP/R1B1RNK1 b - - 6 23,b5b4 f1g3 f8g8 g3f5,2113,77,87,1359,advantage opening quietMove short,https://lichess.org/Fo1vZNFA/black#46,
XUtCa,rn4rk/3pR2p/2pP4/p2n3q/2QP4/P6P/1P1B2P1/5RK1 b - - 4 28,h5h3 c4e2 h3g2 e2g2 g8g2 g1g2,2138,75,85,149,crushing long middlegame quietMove,https://lichess.org/DbOLOPp8/black#56,
XVagt,8/2P2kp1/3B1b1p/p2R1K2/5PP1/P1r5/8/8 w - - 1 42,d5c5 c3e3 g4g5 g7g6 f5g4 h6h5 g4h4 f6c3 c5c3 e3c3,2135,86,79,59,crushing endgame quietMove veryLong,https://lichess.org/rUBPxDRi#83,
XVyIV,r3k2r/ppp1qpp1/2nb4/3p1b1p/1P1P2n1/P3PN2/2PNBPPP/R1BQK2R w KQkq - 1 10,h2h3 g4e3 f2e3 d6g3 e1f1 e7e3 d2e4 e3e4 e2d3 e4e6 d3f5 e6f5,2183,78,91,1205,advantage intermezzo middlegame quietMove sacrifice veryLong,https://lichess.org/w27Bl16j#19,Zukertort_Opening Zukertort_Opening_Ross_Gambit
XWVf2,8/2Nk1pp1/4p2p/1P1b4/3P4/3K2P1/7P/8 w - - 3 35,c7d5 e6d5 d3e3 g7g5 g3g4 d7c7 e3d3 c7b6,2132,90,73,52,crushing endgame quietMove veryLong,https://lichess.org/BslXJA1q#69,
XWsiy,8/2R3k1/3r1pp1/1q2p3/1p2P2p/1Q3P1P/6PK/8 b - - 1 40,g7h6 b3e3 g6g5 e3a7 d6d7 c7d7 b5d7 a7d7,2154,78,96,908,crushing endgame quietMove veryLong,https://lichess.org/EDOBrbFx/black#80,
XWyMk,r1bq1rk1/4p1bp/p2p1ppB/2pPn3/1p5P/3P2P1/PPPQNPB1/R3K2R w KQ - 0 14,h4h5 g7h6 d2h6 g6g5 g2e4 f8f7,2169,75,93,3135,crushing defensiveMove long middlegame quietMove,https://lichess.org/RQq3heYx#27,Sicilian_Defense Sicilian_Defense_Closed
XXE2v,r4r1k/7p/1n1pBPp1/q2Pp1P1/1p5P/1Pp2R2/P2Q4/1K1R4 w - - 0 31,d2c2 b6c4 a2a4 c4a3 b1c1 a3c2,2139,75,91,1008,crushing fork long middlegame quietMove,https://lichess.org/Zem9zelH#61,
XXg3U,8/8/5PKp/6n1/1p4P1/3k4/8/1N6 b - - 5 66,d3c2 g6h6 g5f7 h6h5 f7e5 g4g5 c2b1 g5g6,2104,136,82,34,crushing endgame knightEndgame quietMove sacrifice veryLong,https://lichess.org/ZGdG3qVq/black#132,
XXgbx,7k/2b5/2p4p/P1PpP1p1/2qPp1RP/1rB1P1K1/3Q2P1/8 b - - 0 48,b3c3 d2f2 c3e3 f2e3,2138,77,86,127,crushing endgame quietMove short,https://lichess.org/SK36gYnm/black#96,
XXj1B,6r1/1p1k3p/p2p4/3npP2/2B5/8/PP1K1P1P/R7 b - - 1 24,d7c6 a1c1 g8f8 c4b3 c6b6 b3d5,2133,76,95,4814,crushing deflection discoveredAttack endgame long quietMove,https://lichess.org/etmQZFSC/black#48,
XXx3G,5r2/pkp5/2p5/3p4/8/1PNQP3/PqPP2PP/5K2 w - - 1 23,f1e2 b2a1 c3d1 a1f6 e2e1 f6h4 g2g3 h4h2,2182,146,4,10,crushing endgame quietMove veryLong,https://lichess.org/FocCrBk0#45,
XXy3R,8/5K2/8/p1p4p/P1k5/6P1/2P3P1/8 w - - 1 40,f7e6 c4b4 e6d5 c5c4 c2c3 b4c3,2125,78,93,209,crushing endgame long pawnEndgame quietMove,https://lichess.org/vracSgIW#79,
XY7Ui,8/5k2/4n2p/1PK3p1/3R4/8/8/8 w - - 1 46,c5d5 e6d4 b5b6 d4e6 b6b7 e6c7 d5c6 c7a6 c6b6 a6b8,2195,198,-50,7,defensiveMove endgame equality quietMove veryLong,https://lichess.org/owctrlWY#91,
XYQer,8/8/1p3k2/p4p1p/2Nb1P2/1P3KPP/1P6/8 w - - 9 48,b3b4 a5a4 b2b3 a4b3 c4d2 b3b2,2131,76,80,74,advancedPawn crushing endgame long master quietMove,https://lichess.org/i0OdlSvQ#95,
XYdOZ,4r3/p4p1k/4rPpp/2ppP3/7R/6QP/P2q2P1/4R2K b - - 0 31,c5c4 e1e3 e6e5 e3e5 e8e5 g3e5,2135,104,89,22,crushing endgame long master quietMove,https://lichess.org/8y2E1hHQ/black#62,
XYqYY,3r2kr/pp3p1p/8/8/4BB2/4R3/PbK2PPP/8 b - - 3 23,b2f6 f4h6 f6e5 f2f4 e5f4 h6f4,2149,76,94,593,crushing endgame long quietMove,https://lichess.org/28DQGUwp/black#46,
XZSyY,8/ppp2qpk/7p/5Pp1/6P1/2PQ3P/P3r3/5RK1 b - - 1 31,e2a2 f5f6 g7g6 f1e1 a2a6 e1e7 a6f6 e7f7,2120,76,93,8561,advantage discoveredAttack endgame pin quietMove veryLong,https://lichess.org/nYjuPrKS/black#62,
XZTbl,8/4k3/p3p3/PpNpP1p1/1P1P3p/2K5/4bPP1/8 w - - 0 44,c5a6 g5g4 c3d2 h4h3 g2h3 g4h3 d2e2 h3h2,2101,97,88,20,advancedPawn crushing endgame quietMove sacrifice veryLong,https://lichess.org/7YqK8wvj#87,
XaMBd,8/6pp/4k3/3p4/3K2P1/5P2/6P1/8 b - - 0 36,g7g5 g2g3 e6d6 f3f4 d6e6 d4c5 g5f4 g3f4,2188,109,57,26,crushing endgame master pawnEndgame quietMove veryLong zugzwang,https://lichess.org/6QkeNaLC/black#72,
Xatyo,8/4B1p1/1k2np1p/p3p3/P3P2P/2K2PP1/8/8 b - - 0 48,e6c5 e7c5 b6c5 h4h5 f6f5 e4f5,2123,78,92,8357,crushing endgame long master quietMove zugzwang,https://lichess.org/w17n3fBj/black#96,
Xb14q,r6k/p6p/2p3r1/3qb3/3NpQ2/2P4P/1P3PP1/R4RK1 w - - 1 27,f4e3 a8g8 g2g3 e5g3 f2g3 g6g3 e3g3 g8g3,2121,76,87,376,advantage fork middlegame quietMove veryLong,https://lichess.org/J9wEvalb#53,
Xb5Y6,4r2k/P6p/7r/6p1/5b1q/1BPP2Nb/1PQ2PP1/R4RK1 w - - 0 29,a7a8q h3c8 f1e1 h4h2 g1f1 h2h1 g3h1 h6h1,2144,79,89,131,clearance kingsideAttack mate mateIn4 middlegame quietMove sacrifice veryLong,https://lichess.org/VwdrSpjx#57,
Xb64Q,8/7p/2k1p1p1/1p6/1P1KP1P1/5P2/8/8 w - - 1 44,d4e5 h7h5 e5f4 h5h4 g4g5 c6d6,2150,79,76,52,crushing defensiveMove endgame long pawnEndgame quietMove,https://lichess.org/qqxfEXTm#87,
Xb92B,5k2/6r1/2p2KP1/1p6/p7/8/8/4R3 b - - 6 58,a4a3 e1d1 g7g6 f6g6 f8e7 g6f5,2139,111,82,18,crushing defensiveMove endgame long quietMove rookEndgame,https://lichess.org/xtZVzbEr/black#116,
XbJbQ,8/8/5p2/2k1p2p/2P1K2P/6P1/8/8 w - - 3 52,e4d3 f6f5 d3c3 e5e4 c3b3 c5d4,2106,78,92,541,crushing endgame long pawnEndgame quietMove zugzwang,https://lichess.org/EvI7QBge#103,
Xc0XG,5rk1/ppp2rpp/3b2q1/3Qp3/1n6/3PB2N/PPP2PPP/2KR3R w - - 11 17,d5b7 c7c6 b7b4 d6b4,2138,85,84,109,crushing middlegame quietMove short trappedPiece,https://lichess.org/HrXyYKLZ#33,Van_Geet_Opening Van_Geet_Opening_Grunfeld_Defense
Xc1y5,8/1p6/p5Rp/8/1k4PP/8/1r6/6K1 b - - 0 43,a6a5 g6b6 b4a3 b6b2 a3b2 g4g5 h6g5 h4h5 a5a4 h5h6,2188,75,95,2040,crushing endgame quietMove rookEndgame veryLong,https://lichess.org/m9g9pRt6/black#86,
Xc5Ps,8/8/p2pk3/2p2p2/5K2/2P2P2/PP3P2/8 w - - 2 34,f4g5 d6d5 g5f4 d5d4 c3d4 c5d4,2185,83,91,212,crushing endgame long pawnEndgame quietMove,https://lichess.org/LkdvuHJ4#67,
Xc9zW,r2qr3/1bpp1pp1/pb4k1/np1nP1N1/6Q1/8/PP3PPP/RNB1R1K1 b - - 3 16,d5f6 g4g3 f6g4 g3g4,2169,78,84,54,crushing middlegame quietMove short,https://lichess.org/Oaxt76mU/black#32,Ruy_Lopez Ruy_Lopez_Classical_Variation
XcUXh,r7/6p1/1ppk1p2/p7/1PPP4/R6P/5PP1/6K1 w - - 1 40,f2f3 a5a4 g1f2 b6b5 c4b5 c6b5,2137,77,91,1427,advantage endgame long quietMove rookEndgame,https://lichess.org/vKwcooT8#79,
Xd3gO,7r/1p5r/3pk3/5R2/4P1p1/P1PP2P1/1P4K1/5R2 w - - 1 33,f1f2 h7h1 f5f6 e6d7 f6f7 d7c6,2110,84,46,37,crushing defensiveMove endgame long quietMove rookEndgame,https://lichess.org/IgbkhhJl#65,
XdGEY,8/8/8/6PK/p6P/Pb1k4/1P6/8 b - - 0 51,d3c2 g5g6 c2b2 h5g5 b2a3 h4h5 a3b2 h5h6 a4a3 h6h7 a3a2 h7h8q,2140,123,64,36,advancedPawn bishopEndgame crushing endgame promotion quietMove sacrifice veryLong,https://lichess.org/Fj03RF4P/black#102,
XdYUx,2b3k1/2P1Kpp1/p5rp/3B4/4P3/8/P2R3P/1r6 b - - 4 30,b1c1 d5f7 g8h7 f7g6 h7g6 d2d6 g6g5 e7d8 c8g4 e4e5 c1e1 e5e6 e1e6 d6d5 g5h4 c7c8q e6e8 d8e8,2166,168,-68,20,advancedPawn advantage attraction endgame fork promotion quietMove veryLong,https://lichess.org/QcI5s2f3/black#60,
XdxCr,8/6p1/7p/1p6/8/1kPK3P/6P1/8 w - - 0 46,g2g4 g7g5 d3d4 b3c2 c3c4 b5c4,2178,85,52,84,crushing endgame long pawnEndgame quietMove zugzwang,https://lichess.org/jzV15Sag#91,
XeClc,5rk1/5p1p/4pp2/1B6/3RPP2/8/1Pn3rP/1K5R w - - 2 26,d4d3 f8a8 d3g3 g2g3 h2g3 a8a1 b1c2 a1h1,2146,79,91,2620,advantage endgame master masterVsMaster quietMove skewer veryLong,https://lichess.org/iuY8Znn6#51,
XeLw2,4rr1k/Q2n3p/2Nb4/2p1P3/5pq1/2PP1N2/PP4P1/R4RK1 w - - 0 25,e5d6 e8e2 f1f2 e2f2 g1f2 g4g3 f2f1 f8g8 c6d4 g3g2,2113,90,74,35,advantage attraction kingsideAttack master middlegame quietMove veryLong,https://lichess.org/ekE8oysc#49,
XeQ07,5r2/4RP2/kp6/3r3p/2p2B2/2P4P/P5P1/7K b - - 0 44,d5d1 h1h2 d1f1 g2g3 f1f2 h2g1,2133,76,91,700,crushing endgame long quietMove,https://lichess.org/hnauUp2Q/black#88,
XegiE,r1b2rk1/p5p1/4p3/2p2p1R/2Bp2p1/8/PPP2PPP/4R1K1 b - - 1 23,a8b8 e1e6 b8b4 c4d5 c8b7 e6c6,2101,80,84,81,advantage discoveredAttack endgame long master quietMove,https://lichess.org/3BbzYQYP/black#46,
Xehm2,8/r6p/2p3k1/p4pP1/4p2P/1PP5/P4RK1/8 w - - 0 38,f2d2 f5f4 d2d6 g6f5,2145,128,80,19,crushing defensiveMove endgame quietMove rookEndgame short,https://lichess.org/xoIc54pY#75,
XfTp5,8/7p/6p1/p1p1k3/P1P3P1/4K3/7P/8 w - - 1 40,h2h4 h7h6 e3f3 e5d4 f3f4 d4c4 g4g5 h6h5,2173,78,91,733,crushing defensiveMove endgame pawnEndgame quietMove veryLong zugzwang,https://lichess.org/qoHevtO9#79,
Xfepi,1kr5/1p2pp2/p2p3p/2nP2p1/2R1P1P1/1Pp2P2/6BP/5RK1 w - - 3 30,b3b4 c5b3 c4c8 b8c8,2127,93,74,22,advantage endgame quietMove short,https://lichess.org/xuGULRJj#59,
Xff3w,8/8/p7/P2Kpk2/8/2P5/2P5/8 w - - 1 41,d5c4 e5e4 c4d4 f5f4 c3c4 e4e3 d4d3 f4f3 c4c5 e3e2 d3d2 f3f2,2157,78,87,79,advancedPawn crushing defensiveMove endgame pawnEndgame quietMove veryLong,https://lichess.org/gC1lKu81#81,
XfkjL,r1q3k1/ppp5/3p3B/6Q1/2Pb2b1/6P1/PP3P1K/R7 b - - 6 23,g8h7 a1e1 c8f5 e1e7 h7h8 h6g7 h8g8 g5f5 g4f5 g7d4,2196,80,87,49,advantage exposedKing master middlegame quietMove veryLong,https://lichess.org/NjIl9NTo/black#46,
XfnAH,br2r3/6k1/p4pNp/1P2p1pP/P1Bp2P1/2pR1Pn1/2P5/2K1R3 b - - 0 32,e5e4 d3d4 e8d8 e1d1 g3e2 c4e2 d8d4 d1d4,2164,77,79,128,crushing middlegame quietMove veryLong,https://lichess.org/MNvE2HDD/black#64,
XfoFU,8/R4p2/P3k1p1/7p/4p3/6P1/4rP1P/6K1 b - - 0 28,f7f5 a7a8 e2a2 a6a7,2171,76,93,2495,advancedPawn crushing endgame quietMove rookEndgame short,https://lichess.org/r8mWSGUO/black#56,
Xfw2h,8/1p6/3p4/3P2kp/1P3p2/P6P/6K1/8 w - - 2 39,g2f3 b7b5 f3e4 h5h4,2187,82,91,1794,crushing defensiveMove endgame pawnEndgame quietMove short zugzwang,https://lichess.org/6guQiknP#77,
XgHT1,8/1p2k2R/6B1/p2pB1p1/3P2b1/P7/KP4r1/5r2 b - - 7 36,e7e6 g6e8 e6f5 h7f7 f5e4 f7f1,2103,74,91,4331,advantage endgame long quietMove skewer,https://lichess.org/0Ec7eVVQ/black#72,
XgPTL,8/2Pk2pp/3p2p1/PN2p3/3nP2P/8/1P6/1K6 w - - 1 36,b5d4 e5d4 c7c8r d7c8 b1c2 h7h5 c2d3 g6g5 h4g5 h5h4,2189,85,74,43,crushing defensiveMove endgame quietMove veryLong,https://lichess.org/IkUlhLQ8#71,
XgbX9,k5r1/1pq5/p1n2Q2/7p/7P/P3B1b1/1P3P2/2RR2K1 w - - 1 27,g1h1 c7c8 f6d8 g8d8 d1d8 c8d8,2183,112,83,14,advantage long middlegame quietMove,https://lichess.org/BqXeZoXF#53,
XgeZ4,8/1p6/1p2k1p1/4P2p/2P1p3/4P1P1/P5KP/8 w - - 0 34,g2h3 g6g5 h3g2 e6e5 g2f1 e5d6,2148,78,93,1747,crushing defensiveMove endgame long pawnEndgame quietMove,https://lichess.org/AbwrEOK0#67,
XhF6z,8/1p6/p1p3p1/2P2k2/PP1Kp3/4P3/6P1/8 w - - 2 34,g2g4 f5g4 d4e4 g6g5 e4e5 g4f3 e5d6 g5g4,2195,76,98,141,crushing defensiveMove endgame pawnEndgame quietMove veryLong,https://lichess.org/Vw0ONgmN#67,
Xhi7G,8/2p1rr2/3p4/3P1k2/B2p3R/3PbPp1/1PP3K1/4R3 w - - 3 38,e1h1 e3f4 a4d7 e7d7,2100,100,68,24,advantage endgame master quietMove short,https://lichess.org/dPEW5PwC#75,
Xhk0C,4r2k/2p3pp/2P3b1/8/1Q6/PB3PPq/4p2P/2R3K1 w - - 0 33,c1e1 g6d3 e1e2 d3e2,2109,82,75,48,crushing endgame quietMove short,https://lichess.org/7DQDCd4c#65,
XhrKI,6k1/p3B1bp/1p4p1/4p3/3r2r1/1PN2K2/1PP1R2P/R7 w - - 5 24,a1a7 d4f4 f3e3 g7h6 e2f2 f4a4,2191,75,94,2119,advantage discoveredAttack long middlegame quietMove,https://lichess.org/N1kJvtnv#47,
Xi0rM,8/5p2/2p5/1p4P1/1K2Pp2/P3kP2/8/8 b - - 2 62,e3f3 e4e5 f3e3 g5g6 f7g6 e5e6 e3d2 e6e7 f4f3 e7e8q,2195,81,91,3986,advancedPawn crushing endgame pawnEndgame promotion quietMove veryLong,https://lichess.org/toVP2wpE/black#124,
XiXLy,8/8/1p1k1ppp/1P2p3/2K2PPP/3P4/8/8 w - - 0 43,f4f5 g6f5 g4f5 h6h5 d3d4 e5e4,2173,76,82,198,crushing defensiveMove endgame long pawnEndgame quietMove zugzwang,https://lichess.org/Lp01mgVX#85,
Xiutt,3bq2k/8/2b1p1pP/3pP3/1p1P2Q1/1PrB1R2/5PK1/8 b - - 3 35,g6g5 g4h5 c3d3 f3f7 d3d4 h5g6,2179,127,91,45,crushing long middlegame quietMove sacrifice,https://lichess.org/5dwfRKnz/black#70,
XjJsK,8/8/4ppp1/1k6/3Pp2p/1K2P2P/5PP1/8 w - - 0 47,f2f3 e4f3 g2f3 g6g5 e3e4 f6f5,2148,77,86,87,crushing endgame long master pawnEndgame quietMove,https://lichess.org/8P7EgpgR#93,
XjdBM,3r1rk1/R4pp1/1p5p/1P6/P4q2/1Q3B1P/2Rn1PP1/6K1 w - - 1 27,b3c3 f8e8 c2c1 d2f3 c3f3 f4c1,2162,102,96,109,advantage discoveredAttack long middlegame quietMove,https://lichess.org/O9MEqwIk#53,
XjjKJ,8/bpp1Rkpp/p4p2/3r1N2/1P3P2/6PK/P6P/8 b - - 1 34,f7g6 g3g4 d5f5 g4f5,2105,74,93,8398,crushing endgame quietMove short,https://lichess.org/lHfXqEGa/black#68,
XkNs6,8/8/2pk1KBp/6p1/5p2/1p5P/5P2/8 b - - 1 45,b3b2 g6b1 d6d5 f6g6,2175,80,90,1313,advantage bishopEndgame endgame quietMove short,https://lichess.org/UoBOSSrJ/black#90,
XkSUA,4rqk1/1p1b1p1p/p1r1pQpP/3p2P1/5R2/P3P3/1PB3P1/2R3K1 b - - 4 25,e8c8 c1f1 c6c2 f6f7 f8f7 f4f7,2169,82,89,1543,advantage fork long middlegame quietMove sacrifice,https://lichess.org/1I7fwFFY/black#50,
XkWaG,8/8/P7/5p1p/1K3p2/1P3Bk1/5bP1/8 w - - 1 52,b4c4 h5h4 f3b7 f4f3 b7f3 h4h3,2118,76,86,140,bishopEndgame crushing endgame long master quietMove,https://lichess.org/DwNtzHEX#103,
XkZhE,8/pp4p1/2p1kp1p/2P1p3/1Pb3PP/4K1P1/2B5/8 b - - 2 39,e6d5 c2h7 d5e6 h7g8 e6d7 g8c4,2139,72,94,7341,bishopEndgame crushing endgame long master quietMove skewer,https://lichess.org/5BClNY2y/black#78,
XkdUW,8/q5k1/b2p4/3Pp1p1/2Q1PbPp/2P4P/1PB3K1/5R2 w - - 1 41,c4c6 a6f1 g2f1 f4g3 c6c7 a7c7,2114,84,82,81,crushing endgame long quietMove,https://lichess.org/EJpsvcvv#81,
XlNWM,8/5pkp/3P2p1/2R5/1p6/1P2P1P1/4nPKP/r7 b - - 0 48,a1g1 g2f3 e2c3 c5d5 c3d5 d6d7 d5e3 d7d8q,2153,87,79,29,advancedPawn advantage endgame promotion quietMove sacrifice veryLong,https://lichess.org/toGgxOGA/black#96,
XlbG9,8/4k1p1/1p2p2p/1P2K3/5P2/6P1/6P1/8 b - - 5 41,e7d7 g3g4 d7e7 f4f5 e6f5 g4f5,2118,75,87,530,crushing endgame long pawnEndgame quietMove,https://lichess.org/AE4tdBuu/black#82,
Xlbvq,8/8/p4ppp/1p1k4/1P2PKP1/P6P/8/8 b - - 0 45,d5c4 h3h4 g6g5 h4g5 h6g5 f4f5 c4d4 f5f6,2156,79,90,1072,crushing endgame pawnEndgame quietMove veryLong,https://lichess.org/DQlAwk20/black#90,
Xn2UA,8/1K4pp/5n2/P2k1p2/8/8/8/6B1 b - - 2 40,f6e8 g1h2 e8f6 a5a6,2187,76,91,900,crushing endgame quietMove short,https://lichess.org/T0lNfTrA/black#80,
XnOkQ,2kr1r2/2p2b2/1p3p1p/pP4p1/P1Pqp3/7P/2Q1BPP1/R4RK1 b - - 1 26,d4d2 c2e4 c8b8 e2f3 f7d5 c4d5,2124,76,94,4178,crushing long middlegame quietMove,https://lichess.org/8Tnz5tlw/black#52,
XnSSw,4r1k1/5Rpp/3p2r1/1p2p3/p3P3/P1PP1Q1P/1P1q2P1/1R5K b - - 0 29,g6g2 b1f1 h7h5 f3g2,2139,78,89,543,crushing endgame intermezzo quietMove short,https://lichess.org/fBShA6ua/black#58,
XniBf,8/6p1/p4b2/1p6/4N3/1k5P/4KPP1/8 w - - 0 38,e4f6 a6a5 f6d5 a5a4,2142,77,79,102,advantage defensiveMove endgame knightEndgame quietMove short,https://lichess.org/1Fnjki81#75,
XnlSe,1r6/8/p7/1p4R1/2k2p2/P2p4/1PPK2P1/8 w - - 0 33,c2c3 b8e8 b2b3 c4b3 g5g6 a6a5,2182,79,90,203,advantage defensiveMove endgame long quietMove rookEndgame,https://lichess.org/MWgSzbj2#65,
XnrO9,8/p1p4p/8/4k1P1/P7/1P2K3/2P5/8 w - - 1 45,c2c4 c7c5 b3b4 c5b4,2158,77,92,496,crushing endgame pawnEndgame quietMove short,https://lichess.org/9GDMToCC#89,
Xnu2m,8/3b1p1k/3p3p/1pqPp1pP/4P1P1/pPQ2P2/P2KB3/8 b - - 6 37,b5b4 c3c5 d6c5 e2a6 c5c4 a6c4,2155,75,90,119,crushing endgame long quietMove,https://lichess.org/KclhP0tu/black#74,
Xo6zJ,8/8/p7/1p2k1pp/4p3/2P1K1PP/PP6/8 b - - 1 34,h5h4 g3g4 e5d5 b2b3,2151,104,100,17,crushing defensiveMove endgame pawnEndgame quietMove short,https://lichess.org/Lh8fN80w/black#68,
Xo7n4,r4r2/1pp1ppk1/p4qp1/3P4/2B1QB2/2b4R/P1P2PP1/5K2 b - - 3 22,c3a1 c2c3 a1c3 h3c3,2167,76,93,4736,advantage master middlegame quietMove short,https://lichess.org/yZryk41w/black#44,
XoKZt,3b1r1k/2p3qp/1pQp4/3N2r1/1PP1PpP1/5P1R/5RK1/8 w - - 3 38,c4c5 g5g4 f3g4 g7g4 g2h2 f8g8 h3h7 h8h7 c6d7 g4d7,2153,74,91,852,crushing middlegame quietMove sacrifice veryLong,https://lichess.org/SiCRQMPU#75,
XojXT,8/5k2/4p2p/3pP1p1/3N4/2p1K3/6P1/8 b - - 1 42,f7g6 g2g4 h6h5 g4h5,2144,106,76,23,crushing endgame knightEndgame quietMove short,https://lichess.org/V0Xnf6nI/black#84,
Xonsz,5r1k/pp4pp/1qp1Q3/8/8/2P5/PP3PPP/4R1K1 w - - 3 26,e6e8 b6f2 g1h1 h7h6 e8f8 f2f8,2116,78,90,447,crushing endgame long quietMove,https://lichess.org/d1JAmI7R#51,
Xp8E0,2kr3r/ppp1qpQp/3p4/4p3/4P3/3P2P1/PP1NKPBP/n6R w - - 1 14,h1a1 h7h5 h2h4 d8g8 g7g8 h8g8,2150,107,87,55,advantage long middlegame quietMove trappedPiece,https://lichess.org/eNB0mnYl#27,Hungarian_Opening Hungarian_Opening_Other_variations
Xpcor,8/8/3k3p/1p1p2pP/p2K1pP1/1PP2P2/P7/8 b - - 3 43,d6c6 b3b4 c6d6 a2a3 d6e6 d4c5 e6e5 c5b5,2158,78,91,1328,crushing endgame pawnEndgame quietMove veryLong zugzwang,https://lichess.org/MSiuHATY/black#86,
XplH7,8/8/1n2p3/4Pp2/p1k2P1N/K6P/8/8 b - - 0 59,c4b5 h4g6 b6c4 a3a2 c4e3 h3h4,2168,90,88,461,crushing defensiveMove endgame knightEndgame long master quietMove,https://lichess.org/mjzQdstl/black#118,
Xq1nH,8/5pp1/1p1k3p/p2P4/P1P5/5PP1/8/5K2 b - - 0 35,g7g5 g3g4 b6b5 c4b5,2178,77,89,781,crushing endgame pawnEndgame quietMove short,https://lichess.org/0OZrrSWw/black#70,
Xq3yS,8/1b1B3k/6Rp/5ppP/1P2p3/8/5PPK/1r6 b - - 4 43,b1b4 d7f5 b4b5 g2g4 b5f5 g4f5,2153,96,76,26,advantage endgame long quietMove,https://lichess.org/DlVn54pB/black#86,
XqIgB,8/6p1/1p2k2p/1P6/3K4/7P/6P1/8 w - - 6 49,d4c4 e6e5 h3h4 h6h5 c4d3 e5d5,2187,76,91,327,crushing defensiveMove endgame long pawnEndgame quietMove,https://lichess.org/Pq46Yi4C#97,
XqNbh,8/5p2/8/3kp2p/8/1p1K2P1/1B6/8 w - - 0 51,d3c3 f7f5 c3b3 f5f4,2148,79,82,59,bishopEndgame crushing endgame master quietMove short,https://lichess.org/1JEpxDzd#101,
XrH9d,8/6pk/8/2NB3p/2P3KP/r7/8/8 w - - 0 46,g4h5 a3g3 d5e4 g7g6 e4g6 g3g6,2143,193,100,11,endgame equality long quietMove,https://lichess.org/Mifu1WYz#91,
XrHJf,r4q1k/1pp1p3/p2pP1Qp/3r4/3bNP2/P4K1P/1P6/1B4R1 b - - 5 29,d5f5 g1g4 f5f4 g4f4 f8f4 f3f4,2170,161,87,6,advantage long middlegame quietMove,https://lichess.org/7sBZQ591/black#58,
XrxRI,8/6kp/8/p1p1r1p1/P1B2n2/1Pp2PKP/8/2R5 w - - 0 34,c1c3 e5e2 c4e2 f4e2 g3f2 e2c3,2148,79,91,1426,crushing endgame fork long quietMove sacrifice,https://lichess.org/UFGnnvxI#67,
XsKg5,r2r2k1/6p1/3NR1p1/p4pb1/1p1P4/1P1K1P1P/1P4P1/4R3 w - - 3 34,e6e8 d8e8 d6e8 g5f4 e1e7 g8f8,2194,74,91,3383,advantage endgame long quietMove,https://lichess.org/ATzVJOK4#67,
XsQrP,4r2k/1Q4pp/4P3/8/1P3nq1/P7/3r1PPP/R3R2K w - - 5 32,e6e7 d2d5 b7d5 f4d5,2107,123,60,16,advantage middlegame quietMove short,https://lichess.org/xYpd0Sv7#63,
Xsjmy,8/2B4p/5Kp1/5b2/5P1P/pk4P1/8/8 w - - 2 55,c7e5 h7h5 g3g4 h5g4,2178,83,93,284,bishopEndgame crushing endgame quietMove short,https://lichess.org/osfWe3er#109,
Xsmfh,rnQ3nr/p1p1k1pp/2qp4/8/4P3/8/PB3PPP/RN2K2R w KQ - 3 14,b2g7 b8d7 c8a8 c6a8,2164,79,86,83,advantage middlegame quietMove short trappedPiece,https://lichess.org/SQwoLaOm#27,Danish_Gambit_Accepted Danish_Gambit_Accepted_Other_variations
Xt612,8/8/4p1b1/3pP1P1/3P3P/2k1K3/1p1N4/8 b - - 0 62,b2b1q d2b1 g6b1 h4h5 b1d3 g5g6 d3e4 e3f4 c3d4 f4g5,2181,76,98,682,crushing defensiveMove endgame quietMove veryLong,https://lichess.org/u3MORqYU/black#124,
XtDmA,4k3/1R2P3/8/p7/1p6/4P3/1r6/4K3 w - - 2 49,e1d1 a5a4 d1c1 a4a3 b7a7 b2e2,2137,79,88,347,crushing endgame long quietMove rookEndgame,https://lichess.org/jQBcmawL#97,
XtSSV,1r5k/3Q3p/3RBpp1/2q1p2n/4P3/5P1P/6PK/8 w - - 0 37,e6d5 b8b1 d7d8 h8g7 d6d7 g7h6 d7h7 h6h7,2183,77,86,85,crushing endgame quietMove veryLong,https://lichess.org/PVGpNs2D#73,
XtXmK,2r5/pp3p2/4p2p/1P1p3P/P1rP1Pk1/R1P2R2/4K3/8 b - - 6 41,g4h5 f3g3 h5h4 e2f2 c4d4 c3d4,2159,80,81,51,crushing endgame long quietMove rookEndgame,https://lichess.org/MC8xlGt4/black#82,
XtYui,r4r1k/1p5p/1b1P4/pN3n1q/P2P1p2/1Q3R2/1P3B1P/3R3K w - - 3 29,d1g1 f5e3 f3f4 f8f4,2124,75,92,2002,crushing middlegame quietMove short trappedPiece,https://lichess.org/WGDJzl1u#57,
XtdGG,8/p7/7p/4p1p1/3k2P1/P3pPP1/1P2K3/8 w - - 0 40,a3a4 a7a5 b2b3 d4c3 e2e3 c3b3 e3e4 b3a4,2157,77,90,1031,crushing endgame pawnEndgame quietMove veryLong zugzwang,https://lichess.org/O58Zb9O4#79,
XtgPk,r3kb1r/5ppp/p1p1pn2/3pqb2/8/2N1B2P/PPP1BPP1/R2QR1K1 b kq - 1 12,f8d6 g2g3 d6b4 e3f4 b4c3 f4e5,2193,76,91,2104,advantage long middlegame quietMove trappedPiece,https://lichess.org/tE7vJX1Z/black#24,Sicilian_Defense Sicilian_Defense_OKelly_Variation
Xtl6Q,8/p5k1/2P5/3pP2p/P2r3P/4n3/6P1/2R3K1 b - - 1 36,d4c4 c1c4 e3c4 a4a5 c4a5 c6c7,2178,76,71,79,advancedPawn crushing endgame long master quietMove,https://lichess.org/iRZCTBlP/black#72,
Xts41,r1b2k1r/ppp1n2p/2np2q1/2P2p2/7Q/B1P2N2/P4PPP/R3R1K1 b - - 0 15,d6d5 e1e7 h8g8 g2g3 c6e7 c5c6 g8g7 a1e1,2137,77,72,61,advantage master middlegame pin quietMove sacrifice veryLong,https://lichess.org/Tb5PyIBM/black#30,Modern_Defense Modern_Defense_Other_variations
Xu0Ev,7r/pp4k1/1q1pBnP1/3Pp3/5p1p/3b3Q/PP6/K1R3R1 b - - 13 35,e5e4 e6g8 b6g1 c1g1,2155,335,54,2,crushing master middlegame quietMove short,https://lichess.org/iRmpOOb3/black#70,
XuC8J,8/pp4k1/2p2p1p/4pP1K/P2p2PP/1P1P4/2P5/8 b - - 0 36,a7a6 a4a5 c6c5 g4g5 h6g5 h4g5,2156,77,86,323,crushing endgame long pawnEndgame quietMove,https://lichess.org/Ro0JgVBT/black#72,
XuO52,8/1r1p1p2/4pP1k/4P1RP/8/b1r5/1pN5/1K4R1 b - - 1 33,b7c7 g5g8 c7c8 g8c8 c3c8 c2a3,2103,75,81,498,advantage endgame long quietMove,https://lichess.org/m8J5KfdQ/black#66,
XuOnR,1k1r3q/1pp2Q2/p1n5/3N2p1/3P1p1r/P4P1P/1PP3P1/4RNK1 b - - 0 28,c6d4 f7c7 b8a8 e1e7 d4f3 g2f3,2101,75,94,739,crushing long middlegame quietMove,https://lichess.org/75OeJaFf/black#56,
XuqkV,b2r4/4R3/R4pkp/8/2P2p1P/1P3P2/P4bP1/7K w - - 1 39,h1h2 f2g3 h2h3 d8d1 h4h5 g6h5 a6a5 h5g6,2188,95,78,30,advantage defensiveMove endgame quietMove veryLong,https://lichess.org/jghwWXbU#77,
Xuy5B,2r3k1/4bp1p/p2rp1NB/3p4/3q2Q1/4R2P/P3nPP1/2R3K1 w - - 1 28,e3e2 c8c1 h6c1 d4d1 g1h2 h7g6 c1a3 d6d7 a3e7 d7e7,2121,81,88,550,advantage fork middlegame quietMove veryLong,https://lichess.org/6k7UStYW#55,
XvDha,5R2/1k6/2p2B1p/KbP5/7P/p2rP3/R7/1r6 b - - 5 50,d3e3 a2g2 e3e7 f6e7,2170,102,69,16,crushing endgame quietMove short,https://lichess.org/gbmTPC5N/black#100,
XvJks,8/2R5/P1p5/6p1/7p/2PK3P/1r4k1/8 w - - 0 39,c7c6 g2h3 c6c5 g5g4 c5a5 b2b8,2187,77,91,1033,crushing defensiveMove endgame long quietMove rookEndgame,https://lichess.org/hpDABphY#77,
XvirJ,8/4k3/4p3/2p3N1/1p6/7P/6P1/7K w - - 0 38,g5e4 c5c4 e4d2 c4c3 d2b3 e7d6,2194,89,90,1353,crushing defensiveMove endgame knightEndgame long quietMove,https://lichess.org/TH7Meo2H#75,
XwGxi,8/p7/1p2p3/4P1K1/1P6/P7/1k6/8 b - - 3 50,b2a3 b4b5 a3a4 g5f6 a4b5 f6e6,2194,80,94,53,crushing endgame long pawnEndgame quietMove,https://lichess.org/fjfTHTIl/black#100,
XwzNC,8/8/7k/6p1/3K4/8/1P6/8 b - - 0 61,g5g4 b2b4 h6g5 b4b5 g4g3 d4e3 g3g2 e3f2 g2g1q f2g1,2174,76,98,314,crushing endgame pawnEndgame quietMove veryLong,https://lichess.org/UXeX5xTG/black#122,
Xx5Vc,2Q5/p2r1ppk/3q2p1/3B4/6PP/4R3/5P2/6K1 b - - 0 38,d6d5 e3e8 g6g5 h4h5 d5d1 g1h2 g7g6 e8h8,2130,87,89,281,crushing defensiveMove endgame quietMove veryLong,https://lichess.org/OEgDAisD/black#76,
Xx97Q,6k1/1R4p1/1p3n1p/1P1r1K2/4p2P/8/5PPN/8 w - - 4 37,f5g6 f6d7 b7d7 d5d7,2115,86,88,48,crushing endgame master masterVsMaster quietMove short,https://lichess.org/ZpM6WofR#73,
XxJIO,r2qr1k1/pp1bBpp1/2p4p/3p3n/3P4/3B2QP/PPP2PP1/RN3RK1 b - - 0 15,h5g3 e7d8 g3f1 d8a5 f1e3 f2e3,2116,81,90,325,advantage long middlegame quietMove trappedPiece,https://lichess.org/Y4fV9Sjy/black#30,French_Defense French_Defense_Knight_Variation
XxJyl,5bk1/8/1p1p3p/1P1Pp1p1/4N1P1/5P2/6K1/8 b - - 0 39,g8f7 e4d2 f8e7 d2c4 e7d8 c4d6,2163,98,70,30,crushing endgame long quietMove,https://lichess.org/TCQYGsIa/black#78,
XxNHE,8/8/3P1nP1/2p5/2P5/p3kpB1/2K5/8 w - - 1 64,d6d7 f6d7 g6g7 d7f6 g3e5 f6g8 e5d6 e3d4,2148,75,95,1437,crushing endgame quietMove veryLong,https://lichess.org/knymMac7#127,
Xxk0D,6k1/pp3r1p/1rb3pR/4Pp2/2B2P2/1Pp5/P4KP1/4R3 b - - 1 30,g8g7 e1h1 g7f8 c4f7,2197,77,84,595,crushing endgame quietMove short,https://lichess.org/mxrs49VR/black#60,
Xxmyg,6k1/pp1q1p2/3p3p/2pPr1pQ/8/4B1K1/PP4P1/4R3 b - - 7 24,g8g7 e1h1 e5e3 g3f2 d7f5 f2e3,2173,94,43,24,advantage defensiveMove endgame long quietMove sacrifice,https://lichess.org/TgRl6YdO/black#48,
Xxngj,3r3r/pkpnq2p/1p1p1p1p/3Qp3/PPP5/2P2N2/5KPP/R3R3 b - - 1 17,b7b8 f3d4 e5d4 e1e7,2177,76,93,2505,crushing middlegame quietMove short,https://lichess.org/xCe5qm0W/black#34,English_Opening English_Opening_Achilles-Omega_Gambit
XyIsD,2Q2r2/p3bkp1/2pp4/7p/1qb1P3/2N2P2/1PP3PP/1K1RR3 w - - 5 24,c8c6 f8b8 c3a4 b8b5 e1e3 b4a4 e3b3 c4b3,2187,97,79,35,advantage interference middlegame quietMove veryLong,https://lichess.org/KvqKQPGL#47,
XyTo6,8/1p6/8/1kPK2pp/8/8/6PP/8 w - - 0 39,g2g3 g5g4 d5d4 b5b4,2174,76,97,891,crushing endgame pawnEndgame quietMove short zugzwang,https://lichess.org/XyfWC3cK#77,
Xyi6N,r1b3k1/pp4p1/1qn1p3/3pn1BN/6P1/7Q/PP3bKP/R4R2 b - - 0 20,b6b2 f1f2 b2d4 a1f1 d4e4 g2g1,2175,90,48,37,advantage defensiveMove long middlegame quietMove,https://lichess.org/ipoWadQo/black#40,
XykNd,8/7p/4pkp1/1p6/1P1K2P1/P6P/8/8 b - - 2 42,f6g5 a3a4 b5a4 b4b5 a4a3 d4c3,2124,78,98,98,crushing defensiveMove endgame long pawnEndgame quietMove,https://lichess.org/x9Glk4bP/black#84,
Xyo9G,5rk1/6pp/p3p3/1n1pP3/3P4/4pP1P/PR1p2PN/5RK1 w - - 0 37,f1b1 f8c8 h2f1 c8c1,2166,100,79,21,crushing endgame pin quietMove short,https://lichess.org/l4kDU9wL#73,
Xyr1r,2r2rk1/1p1b1p1p/p3p1p1/3pP3/2P5/4P1R1/Pq1N2PP/3Q1RK1 b - - 0 21,d5c4 d2e4 b2e5 e4f6 e5f6 f1f6,2171,75,95,761,advantage fork long middlegame quietMove,https://lichess.org/lHuIWyj3/black#42,
XyxU0,8/pp4p1/4p3/3pPkpp/PP1P4/4KPP1/7P/8 b - - 0 34,g7g6 h2h3 g5g4 f3g4 f5g5 g4h5,2197,76,93,2281,crushing endgame long pawnEndgame quietMove,https://lichess.org/COxYw2ai/black#68,
XzAMZ,2rb1r2/1b6/p2pk2B/q3p3/1p2P3/2NP3P/PP3Q2/1KR5 w - - 4 27,f2f8 d8f6 f8c8 b7c8,2115,83,28,35,crushing middlegame quietMove short trappedPiece,https://lichess.org/UGqduxhL#53,
XzvET,1k6/p7/Kp3p2/1P5p/4P1p1/6PP/8/8 w - - 0 45,h3g4 h5g4 e4e5 f6f5 e5e6 b8c7 a6a7 f5f4 e6e7 c7d7 e7e8q d7e8,2128,78,91,1290,crushing endgame pawnEndgame quietMove veryLong zugzwang,https://lichess.org/okCz8Fzl#89,
Y0Hwj,6k1/p2r3p/5b2/2p5/2Pp4/3P1q1N/P2Q1P1K/4R3 w - - 2 40,d2h6 d7g7 e1e8 g8f7 h6g7 f7g7,2132,75,90,272,advantage endgame long quietMove,https://lichess.org/KuqXziAO#79,
Y0JJA,r2qk2r/pb1Nbppp/1p2p3/3p1P2/3p4/1PN1BQ2/1PP3PP/R4RK1 b kq - 0 15,d4e3 f5e6 f7e6 d7e5 e7f6 f3h5 g7g6 e5g6 h7g6 h5g6 e8d7 f1f6,2199,77,91,1728,crushing middlegame quietMove veryLong,https://lichess.org/fENTLyuZ/black#30,Owen_Defense Owen_Defense_Other_variations
Y0LbQ,6k1/5pp1/1p3n1p/5R2/2PQP3/3PB1PP/r4PK1/3q4 w - - 5 37,e3h6 a2a1 g3g4 d1h1 g2g3 a1g1 g3f4 h1h2 f4e3 h2h3,2120,75,90,1537,advantage endgame master quietMove veryLong,https://lichess.org/GI0aT9xg#73,
Y0uYw,r7/3k3R/1r6/3PP3/2p5/2P5/pp3K2/1R6 b - - 1 49,d7c8 b1g1 b6f6 e5f6 a2a1q g1g8,2133,83,86,226,endgame long mate mateIn3 quietMove rookEndgame,https://lichess.org/NDRoRU1Z/black#98,
Y19K5,4qrk1/Qpp2p1p/6pB/7n/4P3/2P5/b1P2PPP/2KR4 b - - 0 20,e8a8 h6f8 a8a7 d1d8 h7h6 f8c5 g8h7 c5a7,2133,155,43,12,advantage discoveredAttack middlegame quietMove sacrifice veryLong,https://lichess.org/hEXMlp1a/black#40,
Y1IAf,r7/1p3rk1/1qn1p1np/3pP1pR/1PpP2P1/p1P2NK1/P3QP2/1RB5 w - - 5 30,e2c2 a8f8 f3g5 h6g5,2176,76,90,1266,advantage middlegame quietMove short,https://lichess.org/Gd7rYMfr#59,
Y1SuW,8/8/p1pk1pp1/5p2/P3pR1P/1P4P1/1KPr1P2/8 w - - 2 38,b2c3 d2d5 h4h5 g6g5,2115,178,-78,8,crushing endgame quietMove rookEndgame short,https://lichess.org/d5oKxyv5#75,
Y1gje,8/p7/1pp5/7K/2P5/1P3k2/7P/8 w - - 0 46,h2h3 a7a5 h5g6 b6b5,2134,76,100,94,crushing endgame pawnEndgame quietMove short,https://lichess.org/SOBwLSc8#91,
Y1iOa,2N5/8/1pp5/3b3p/1P4pP/k1K3P1/8/8 b - - 5 51,c6c5 b4b5 d5f7 c8b6,2154,78,85,324,crushing endgame quietMove short,https://lichess.org/muvcGKVg/black#102,
Y2SG0,8/6kp/1q4p1/1Pn1pb2/5b2/5N1P/2Q1B1P1/R6K w - - 0 34,c2c4 c5e4 g2g4 b6f2,2172,84,90,198,advantage clearance middlegame quietMove short,https://lichess.org/wJJJGUSS#67,
Y2eyq,q4rk1/6p1/3N3p/8/2Rp4/3P1p1P/2PQ1PPK/8 w - - 0 36,g2g3 a8a1 c4c8 f8c8,2105,76,91,3228,advantage endgame quietMove short,https://lichess.org/yND9vEiV#71,
Y2jrW,8/1k6/4n3/1P4pp/PK6/6P1/7P/8 b - - 1 41,e6f4 g3f4 g5g4 f4f5 h5h4 f5f6 g4g3 h2g3,2182,80,81,37,crushing endgame quietMove veryLong,https://lichess.org/zfs8FP4k/black#82,
Y2js6,2k2br1/pbq2p2/1p2p3/2p1P3/P1P2N1P/1P6/2nP2BP/R3QR1K w - - 2 23,e1b1 g8g2 f4g2 c7e5 f1f7 f8d6 b1g1 c2a1 f7b7 c8b7,2188,156,58,20,crushing master middlegame quietMove sacrifice veryLong,https://lichess.org/mKdrvjBw#45,
Y2vDN,8/1p4p1/4pp1p/3p4/1n1PkB2/4P1PP/4KP2/2b5 b - - 2 32,b7b5 g3g4 c1e3 f4e3 e6e5 f2f3,2146,82,62,50,endgame long mate mateIn3 quietMove,https://lichess.org/FyXHkdlk/black#64,
Y35Cl,3r1k1r/p3np1p/4p1p1/1N2q3/1Q1b4/P7/1PP2PPP/3R1RK1 b - - 1 19,d4c5 d1d8 f8g7 b4d2 h8d8 d2d8,2109,96,49,31,advantage hangingPiece long middlegame quietMove,https://lichess.org/mOjQYurp/black#38,Caro-Kann_Defense Caro-Kann_Defense_Advance_Variation
Y3I3w,7R/1b1r3p/4p3/4B1Pk/p2P1P2/7R/r7/6K1 b - - 1 37,h5g6 h8f8 a2a1 g1f2,2198,81,91,2030,crushing endgame quietMove short,https://lichess.org/6q7aI6e7/black#74,
Y3J5A,8/8/4p3/1p1pP2k/p1pPp2b/P1P1P1B1/1P4bN/4K3 w - - 22 44,e1f2 g2h3 g3h4 h5h4 h2f1 h3f1,2123,77,91,1627,crushing endgame long quietMove zugzwang,https://lichess.org/XEmf3vb5#87,
Y3JVr,6k1/2q2p2/5Qp1/8/3n2BP/5PK1/8/8 w - - 1 34,g3h3 d4e2 h3g2 e2f4,2138,86,83,304,crushing endgame master quietMove short,https://lichess.org/xTQkpxCr#67,
Y3U4z,4r1k1/6bp/q2Pp1p1/5r2/2PBb3/P2Q1P2/6PP/2R2RK1 w - - 0 25,f3e4 f5f1 c1f1 a6d6 f1d1 e8d8 d4g7 d6d3 d1d3 d8d3,2108,73,94,8873,advantage master middlegame quietMove veryLong,https://lichess.org/KocY3ErB#49,
Y4HEX,7k/1p5p/p3p3/3pr1q1/3B2P1/5P2/PP6/2R2RK1 b - - 1 31,h8g8 c1c8 g8f7 f1c1 h7h5 c1c7,2197,80,91,745,clearance crushing endgame long master masterVsMaster quietMove,https://lichess.org/99ol0WD2/black#62,
Y50kB,3R4/p4ppk/2q5/2n3p1/8/2Q2PP1/P3r3/1R4K1 w - - 2 30,b1c1 c6h6 c3c2 e2c2,2130,84,71,36,crushing endgame quietMove short,https://lichess.org/C3x7mTEE#59,
Y53ij,8/p3k2p/2p1P3/2P5/2bPp3/7B/5K1P/8 w - - 3 38,f2e3 a7a5 e3e4 a5a4,2182,79,90,998,bishopEndgame crushing defensiveMove endgame master quietMove short,https://lichess.org/aeJR6hPs#75,
Y5bzD,4r1k1/1pp3pp/p2p3n/3Pr2q/2P1PRb1/2N5/PP1Q2PN/5RK1 b - - 2 24,e5e7 d2f2 e7f7 f4f7,2184,77,87,106,advantage middlegame quietMove short,https://lichess.org/bW78v4Bj/black#48,
Y5fqq,6R1/8/7r/6k1/4p3/5p1P/5P2/4K3 b - - 9 61,h6g6 g8g6 g5g6 e1d2 g6g5 d2e3 g5f5 h3h4 f5e5 h4h5 e5f5 h5h6 f5g6 e3e4 g6h6 e4f3,2177,77,93,1942,crushing endgame quietMove rookEndgame veryLong,https://lichess.org/inUpMjNM/black#122,
Y5l7L,8/p4k1p/1pp2P2/4K2P/1P6/P7/8/8 b - - 0 40,h7h6 a3a4 c6c5 b4c5 b6c5 a4a5 c5c4 e5d4 f7f6 d4c4,2183,122,48,19,crushing endgame pawnEndgame quietMove veryLong,https://lichess.org/R2OrmU7M/black#80,
Y5yHl,8/1b6/1P1k4/6p1/3Kp1Pp/8/3B3P/8 b - - 1 44,h4h3 d2g5 d6c6 g5d8 b7c8 g4g5,2121,76,84,107,bishopEndgame crushing defensiveMove endgame long quietMove,https://lichess.org/ZTT5ezEt/black#88,
Y69O7,8/1b1k1p1r/p5p1/1pqpp1Pp/8/P1P5/2PQN3/RR3KBr w - - 4 32,a3a4 h5h4 f1g2 d5d4,2172,104,74,26,crushing discoveredAttack middlegame pin quietMove short,https://lichess.org/Rlrf47C6#63,
Y6Uyr,4r1k1/p4pp1/1p1Q3p/5P2/2q5/P1P3PP/1P1R1R1K/4r3 w - - 1 27,f5f6 c4e4 f2g2 e4b1 g2g1 e1g1,2117,75,99,196,crushing endgame long quietMove,https://lichess.org/N7JWAUAp#53,
Y73PY,5rk1/pp2R2p/6p1/2p2r2/4N3/3P2P1/PP4K1/1RB1n3 w - - 4 23,g2h3 f5h5 h3g4 e1f3 e4f6 f8f6,2144,75,97,102,advantage long middlegame quietMove,https://lichess.org/FNaNhSRw#45,
Y7wWP,6k1/6p1/2p2p1p/3p4/1PpP1P2/2P1Q3/3K4/7q b - - 3 34,h1e4 e3e4 d5e4 d4d5 c6d5 b4b5 g8f7 b5b6,2186,78,91,775,crushing endgame master queenEndgame quietMove veryLong,https://lichess.org/TK0enFo3/black#68,
Y8CWt,8/p1p5/2p2p1k/7p/PP2PP1K/8/8/8 b - - 0 46,a7a6 f4f5 h6h7 h4h5,2175,80,89,1627,crushing endgame pawnEndgame quietMove short,https://lichess.org/Xtn3RfQF/black#92,
Y8FRL,6k1/3K4/4pPp1/1p1p1p1p/1P1P4/P7/8/8 b - - 0 53,g8f8 a3a4 b5a4 b4b5 f8f7 b5b6 f7f6 b6b7,2189,91,74,30,advancedPawn crushing endgame pawnEndgame quietMove sacrifice veryLong,https://lichess.org/zK1x5aQx/black#106,
Y8HH6,4rq1k/pp4pp/2p3b1/8/2BN2Pb/2P4P/PP1Q1P2/3R2K1 w - - 3 23,d4e6 f8f3 d1e1 g6e4 e1e4 f3e4,2125,77,91,2567,crushing long middlegame quietMove,https://lichess.org/ZdjQGZ9v#45,
Y8Per,6k1/1p2pp1p/1p4p1/1P2P2n/P1b1P3/4BP2/2r3PP/3R2K1 b - - 0 25,c2a2 e3h6 f7f5 e5e6 a2a1 d1a1,2192,75,93,3311,crushing endgame long quietMove,https://lichess.org/1mikKOw3/black#50,
Y98Sv,8/6pk/p5qp/2pP4/2P5/3Q3P/6PK/8 w - - 0 46,d3g6 h7g6 h2g3 a6a5 g3f4 a5a4,2101,76,91,1299,crushing defensiveMove endgame long quietMove,https://lichess.org/KJ07MFjv#91,
Y99i7,8/1R6/2p3kp/p5p1/Pn4P1/5PN1/2r4P/6K1 b - - 3 41,b4d5 g3h5 c2c1 g1f2,2159,81,76,72,crushing endgame master quietMove short,https://lichess.org/MlrniRs1/black#82,
Y9Ael,8/8/N7/pk3P1P/6P1/2b5/8/6K1 w - - 1 48,g4g5 a5a4 f5f6 a4a3 f6f7 c3g7,2100,79,86,60,advantage defensiveMove endgame long quietMove,https://lichess.org/MyUzfSPL#95,
Y9FBc,3q1rk1/pp6/3p2pQ/2pP1bp1/2P4P/2N5/PP5K/4R3 w - - 0 28,h4g5 f8f7 c3e4 f5e4 e1e4 f7h7 h6h7 g8h7,2199,76,92,2742,crushing endgame pin quietMove veryLong,https://lichess.org/MHRyuZ2Y#55,
Y9J4c,8/8/6k1/7p/2K1P3/3P4/8/8 w - - 0 70,e4e5 h5h4 e5e6 h4h3 e6e7 g6f7 e7e8r f7e8,2129,100,21,35,crushing endgame pawnEndgame quietMove veryLong,https://lichess.org/6BzdUrnn#139,
Y9SJB,2r3k1/pp1r1pbp/4b1p1/8/1B2n3/3BP2P/PPP2PP1/RN1R2K1 w - - 7 17,c2c3 c8d8 b1a3 d7d3 d1d3 d8d3,2179,76,90,1772,advantage long middlegame quietMove,https://lichess.org/IpeEfYU9#33,Indian_Defense Indian_Defense_Other_variations
Y9flY,kr5r/1pq1np2/pRp5/3p2pp/3P4/P2BP1PP/P1R3P1/1Q4K1 b - - 5 24,c7g3 d3a6 g3c7 c2b2 b7a6 b6a6,2146,94,80,32,crushing long middlegame queensideAttack quietMove,https://lichess.org/6ev0Wf96/black#48,
Y9oB6,r7/p3k2p/3q1prP/8/2QpP3/8/P1P2PP1/2R2RK1 w - - 1 31,c2c3 a8g8 c4g8 g6g8,2170,77,86,497,advantage endgame master masterVsMaster quietMove short,https://lichess.org/Gyvfmd20#61,
YA8Nz,8/2k5/2P2ppp/2K1p3/6P1/p4P2/P6P/8 b - - 1 47,h6h5 g4h5 g6h5 c5d5 h5h4 h2h3 f6f5 d5e5,2160,110,76,25,crushing endgame pawnEndgame quietMove veryLong zugzwang,https://lichess.org/8z4uXjaG/black#94,
YAQDU,5k2/1p6/2bPP3/2N5/5P2/p6K/8/8 w - - 0 42,c5b3 c6d5 b3a1 d5e6 h3g3 b7b5 a1c2 a3a2,2136,75,98,122,advancedPawn crushing endgame exposedKing quietMove veryLong,https://lichess.org/zBPjH1uQ#83,
YAS1f,8/1pp5/p2p2kp/4pQp1/P3P3/3P3P/1Pq3P1/7K b - - 3 30,g6h5 f5f7 h5h4 f7f3 c2c1 h1h2 c1f4 g2g3 f4g3 f3g3,2177,204,83,7,crushing endgame fork queenEndgame quietMove veryLong,https://lichess.org/K7AhdlAV/black#60,
YAxFV,rn2k2r/1pq2p1p/p6Q/3Pb3/8/3RBP2/PPP3PP/2K4R b kq - 0 16,c7d6 h1e1 d6h6 e3h6,2141,77,90,1140,crushing master middlegame pin quietMove short,https://lichess.org/7Kpo0Bz6/black#32,Sicilian_Defense Sicilian_Defense_Kan_Variation
YAxV6,5rk1/1r3ppp/p2Qb3/3Np1q1/p3P3/2P5/1P3PPP/R2R2K1 b - - 0 20,b7b2 d5e7 g8h8 e7g6 h7g6 d6f8 h8h7 d1d8 g5d8 f8d8,2122,76,92,1152,crushing discoveredAttack kingsideAttack middlegame quietMove veryLong,https://lichess.org/ukLe2vgZ/black#40,
YBhxZ,8/8/5R2/6P1/3pP3/4k3/r7/5K2 w - - 0 48,g5g6 d4d3 f6d6 d3d2 g6g7 a2a8 d6d7 a8g8 e4e5 g8g7,2118,122,89,26,advancedPawn crushing endgame master quietMove rookEndgame veryLong,https://lichess.org/swuqsQ8k#95,
YCEbD,6k1/5p2/1Kp1pP2/4P2P/8/8/P1n5/8 b - - 1 46,c2b4 a2a4 c6c5 b6c5,2103,77,92,2788,crushing endgame knightEndgame master quietMove short,https://lichess.org/anF5yMOZ/black#92,
YCIoR,4r1k1/3RP1pp/3P2p1/8/4P3/b2K3P/6P1/8 b - - 0 40,g8f7 e4e5 f7e6 d7d8 e8e7 d6e7,2107,74,94,2296,advancedPawn crushing endgame long master masterVsMaster quietMove,https://lichess.org/70nqJGIn/black#80,
YD3BT,4r1k1/RP6/3p4/5pp1/P1PP4/5b1p/5P1K/8 b - - 0 41,e8b8 d4d5 g8g7 a4a5 f3e2 a5a6 e2c4 a7a8 c4a6 a8b8 a6b7 b8b7,2139,77,89,7361,crushing endgame quietMove veryLong,https://lichess.org/g6qqRnFO/black#82,
YD4MH,7k/R5R1/8/1p4p1/8/1PP4P/1r5r/1K6 w - - 0 47,b1a1 b2f2 g7h7 h8g8 a7g7 g8f8 g7f7 f2f7 h7f7 f8f7,2183,76,77,129,crushing endgame quietMove rookEndgame veryLong,https://lichess.org/afc63v75#93,
YDH5Y,8/p5pk/5q1p/2pQ1P2/8/1P5P/r5P1/4R2K b - - 1 29,a2f2 e1e8 f2f5 d5g8 h7g6 e8e6,2196,81,79,48,crushing endgame long pin quietMove,https://lichess.org/rP2Fj5oP/black#58,
YDHN6,3r2k1/4Qp1p/p3p1p1/8/5B2/P5PP/6PK/5q2 b - - 1 30,f1d3 f4e5 d3d5 e7f6 d5e5 f6e5,2138,83,75,46,crushing endgame long quietMove,https://lichess.org/eNP5U9YX/black#60,
YDfI1,3r2k1/3P1ppp/p3p1q1/5P2/2p3P1/2R2Q2/P6P/7K b - - 0 28,e6f5 c3e3 g6e6 e3e6,2197,82,78,45,advantage endgame quietMove short,https://lichess.org/QGcsw8fY/black#56,
YDpV0,5rk1/RR3Np1/4p2p/3p4/4n3/P5P1/2r3P1/6K1 b - - 0 26,f8c8 f7e5 c2c7 b7c7 c8c7 a7c7,2101,75,90,991,crushing endgame long quietMove,https://lichess.org/npy5noNz/black#52,
YE09N,8/8/3kP3/p2P2pp/P1pK1p2/2P4P/8/8 w - - 3 44,d4c4 g5g4 h3g4 h5h4 c4d4 h4h3,2122,77,92,203,crushing endgame long pawnEndgame quietMove,https://lichess.org/ppaqv9Kq#87,
YE0Ge,4r2k/2Rq2bp/4r1p1/5p2/3P4/4P2P/Q4PP1/2R3K1 b - - 5 33,d7d6 a2a7 d6f8 c7f7 e6e7 f7f8,2177,86,66,62,advantage long middlegame quietMove,https://lichess.org/9mGE0ggl/black#66,
YESVt,2k5/5p2/8/p2BB2R/Pp3q2/1KP5/5P1p/8 b - - 1 33,f4f2 d5c6 h2h1r h5h1,2153,81,81,67,crushing endgame master quietMove short,https://lichess.org/u8LUn804/black#66,
YEUSX,8/5B2/7b/7P/1p6/P1k5/3p4/3K4 b - - 0 48,c3b2 a3a4 b2c3 a4a5,2167,82,90,1550,bishopEndgame crushing defensiveMove endgame master quietMove short,https://lichess.org/dgOa9GBD/black#96,
YEg3f,8/8/1kp2r2/2R2P2/1p6/1N4K1/p7/8 w - - 0 48,c5e5 c6c5 e5e2 c5c4 e2a2 c4b3,2107,77,64,157,crushing endgame long quietMove,https://lichess.org/qx2QDE4Q#95,
YEulB,2r4r/4qpk1/p2p4/1p1np1P1/4N2p/P7/1PP2QB1/1K2R3 b - - 1 31,h4h3 e4g3 d5c3 b2c3,2121,131,83,16,advantage master masterVsMaster middlegame quietMove short,https://lichess.org/0u6bVUJY/black#62,
YFW0u,2r1r1k1/5pNp/p1P2nb1/2b5/q1p5/5Q2/P1P3PP/R1B2R1K b - - 0 23,g8g7 f3f6 g7g8 c1b2 c4c3 b2c3 c5d4 c3d4 a4d4 f6d4,2102,77,88,420,crushing middlegame quietMove veryLong,https://lichess.org/tYnuzqhw/black#46,
YFnG9,8/5R2/3p4/1Ppn4/2k1p3/8/4K3/8 w - - 0 62,f7b7 d5c3 e2e3 d6d5 b5b6 d5d4,2196,82,45,59,crushing endgame long master quietMove,https://lichess.org/StcS6v7b#123,
YFnlS,2krr3/p2qbp2/b3p3/1p2P2Q/2p1P3/P1NpBP2/1PPR4/2K4R b - - 1 26,e7a3 b2a3 d7e7 c3b1 c4c3 d2d3 d8d3 c2d3,2172,93,74,34,advantage hangingPiece middlegame quietMove veryLong,https://lichess.org/PJlw7IuM/black#52,
YFtfO,8/8/8/3k4/1Pp3PP/2np1N2/8/4K3 w - - 0 55,h4h5 c3e4 e1d1 c4c3,2129,99,77,22,crushing endgame knightEndgame master quietMove short,https://lichess.org/cO9IXyU5#109,
YG6p1,8/2k5/1p2p3/p2K1P2/1P6/8/6P1/8 w - - 0 44,f5e6 a5a4 d5d4 b6b5 e6e7 c7d7 e7e8b d7e8,2143,74,92,4323,crushing endgame pawnEndgame quietMove veryLong,https://lichess.org/LcvEFd2Y#87,
YGYoN,6k1/1b4p1/5r1p/p1nP4/P2Np3/2P1q1P1/6BP/1Q1R3K w - - 0 29,d4e6 c5d3 d1f1 d3f2,2100,99,80,44,crushing middlegame quietMove short,https://lichess.org/q2WmFkNh#57,
YGwvf,4k3/4R3/7r/4pN2/ppr1P3/2p5/K1Pb4/1R6 b - - 2 38,e8d8 b1g1 h6h8 g1g7 b4b3 c2b3,2139,76,91,1093,crushing endgame long quietMove,https://lichess.org/loNVuu7w/black#76,
YHMPi,8/7p/5k2/p1p2P2/1p1pK2P/1P6/P1P5/8 b - - 0 34,h7h6 h4h5 f6g5 e4e5 c5c4 b3c4 d4d3 c2d3,2185,82,78,63,crushing endgame pawnEndgame quietMove veryLong zugzwang,https://lichess.org/4lsxXQcQ/black#68,
YHsVy,5rk1/1b1r1qp1/p3R3/1p3N2/2nQ4/6PB/P4P1P/4R1K1 w - - 1 38,d4h4 c4d2 f5h6 g7h6 h4g4 f7g7,2175,123,86,15,crushing long master middlegame quietMove,https://lichess.org/RWY58ZPf#75,
YI60g,8/6pp/8/1k2p3/1P1p4/1K3P1P/6P1/8 w - - 0 50,g2g3 g7g5 b3a3 b5c4,2172,74,92,4702,crushing endgame master pawnEndgame quietMove short zugzwang,https://lichess.org/Hq1c91Qg#99,
YIBRt,8/pp6/7p/4kp2/PPP5/4K1P1/8/8 b - - 0 53,h6h5 a4a5 a7a6 b4b5,2176,92,72,39,crushing endgame master pawnEndgame quietMove short,https://lichess.org/0CT4cT9r/black#106,
YIvdN,r7/2p2k1p/1pP1q1p1/5pP1/pQ2p3/4P1P1/P4P2/2R3K1 b - - 0 32,e6a2 c1d1 a2e6 d1d7 e6d7 c6d7,2120,75,91,1869,advancedPawn advantage endgame long quietMove,https://lichess.org/84qgdzkY/black#64,
YIx4b,5k2/R7/6P1/7p/5P2/6K1/pr6/8 b - - 0 54,b2c2 f4f5 c2c1 a7a2,2180,77,91,4014,crushing endgame quietMove rookEndgame short,https://lichess.org/M85xiSUR/black#108,
YJ05e,6k1/5ppp/Q3p3/1p1qP3/3r4/6P1/PR3PKP/8 w - - 1 28,g2h3 g7g5 a6c8 g8g7,2113,86,66,34,crushing endgame quietMove short,https://lichess.org/Z6zidEpz#55,
YJFlM,8/p4p2/1p5p/3Kp1p1/kP2P3/2P5/5PPP/8 b - - 2 33,a7a5 b4a5 b6a5 c3c4 a4b3 c4c5 a5a4 c5c6 a4a3 c6c7 a3a2 c7c8q,2101,75,76,311,advancedPawn crushing endgame pawnEndgame promotion quietMove veryLong,https://lichess.org/tizosvDW/black#66,
YJLBd,4r1k1/7p/6p1/3Rbp2/8/7Q/1P3PPK/4q2R w - - 2 33,g2g3 e1f2 h3g2 e5g3 h2h3 f2f4 g2g3 e8e3,2168,74,88,153,crushing endgame pin quietMove veryLong,https://lichess.org/GtAN2hPB#65,
YKLDh,8/5pkp/8/p4p2/P7/1P2K1P1/8/8 b - - 1 43,g7f6 b3b4 a5b4 a4a5 f5f4 g3f4,2102,75,95,2967,crushing endgame long pawnEndgame quietMove,https://lichess.org/MbC3IxJi/black#86,
YKPLD,8/p1k3p1/Pp3p1p/1PpPrp2/2P4P/4RK2/6P1/8 b - - 3 29,c7d6 h4h5 e5e3 f3e3,2102,114,76,20,crushing endgame quietMove rookEndgame short,https://lichess.org/LPzpH04i/black#58,
YKbO9,rn2k2r/pbp2pp1/1p6/3qp2p/6nP/2PPBNP1/P1P2PB1/R2Q1RK1 b kq - 0 11,b8d7 f3e1 g4e3 f2e3 d5d6 g2b7,2100,81,81,115,advantage long middlegame quietMove skewer,https://lichess.org/kmrsLDzi/black#22,Alekhine_Defense Alekhine_Defense_Maroczy_Variation
YKjaU,4b3/8/7K/2P2kP1/4p3/3p4/3B4/8 w - - 0 52,d2e3 f5g4 g5g6 g4f3 g6g7 e8f7 c5c6 f3e3 c6c7 d3d2 c7c8q d2d1q,2132,77,91,1108,advancedPawn bishopEndgame crushing endgame master promotion quietMove veryLong,https://lichess.org/xf789Xyw#103,
YKs0k,r3r1k1/pp3pbp/2b1pBp1/4P3/7Q/3BR3/Pq3PPP/4R1K1 b - - 11 24,b2a2 e3h3 h7h5 f6g7,2106,80,86,64,advantage middlegame quietMove short,https://lichess.org/erpFj2oF/black#48,
YLRdC,r5k1/1p4pp/3P4/p4Pp1/2p3P1/P6P/1r6/3RR1K1 b - - 5 38,g8f7 e1e7 f7f8 d1e1 b2d2 d6d7,2129,76,71,80,advancedPawn advantage clearance endgame long quietMove rookEndgame,https://lichess.org/sg9i8XzL/black#76,
YLSlD,r4rk1/6p1/1p1qp1n1/2pp1PN1/p2P4/P1PBP3/1PQ5/2K4R b - - 0 27,c5c4 f5g6 d6g3 g5f7 f8f7 g6f7,2156,134,27,17,advancedPawn advantage hangingPiece kingsideAttack long middlegame quietMove,https://lichess.org/bNJ2NG62/black#54,
YLpFu,8/8/2k3p1/5p1p/2KP4/7P/6P1/8 b - - 1 43,c6d6 h3h4 f5f4 d4d5 g6g5 h4g5 f4f3 g2f3 h5h4 g5g6 h4h3 g6g7 h3h2 g7g8q,2187,78,88,346,advancedPawn crushing endgame pawnEndgame promotion quietMove veryLong,https://lichess.org/mqesVuBx/black#86,
YM1Wj,r5k1/1R4p1/pB2p2p/4p3/1b6/pP2P3/4BPPP/6K1 w - - 0 26,b6c7 b4c3 c7e5 c3e5,2109,78,82,68,crushing endgame master quietMove short,https://lichess.org/a2iUET3L#51,
YMo5h,5rk1/1p2bpp1/p1r5/2Pp1q2/1P1Pp1nP/P1N1P2Q/1B3P1P/R4RK1 w - - 1 25,f2f3 c6g6 f3g4 g6g4 g1h1 g4g1 f1g1 f5h3,2156,75,92,3074,advantage kingsideAttack middlegame quietMove sacrifice veryLong,https://lichess.org/AB1IIC9B#49,
YNNiQ,r2q3k/3n1Q1p/1p1N2p1/pP6/r7/P7/5PPP/4R1K1 b - - 2 27,a4a3 d6e8 d8e8 e1e8 a8e8 f7e8,2187,73,93,6495,crushing long middlegame quietMove,https://lichess.org/HnE0N3qs/black#54,
YNTtm,6r1/6N1/5K2/3k2P1/8/8/6P1/8 b - - 0 53,d5e4 g7e6 g8a8 g5g6,2173,100,83,24,crushing endgame quietMove short,https://lichess.org/uAfWvA8C/black#106,
YNXne,3r1r2/pbp2p1k/1p2pn2/1q2P3/8/P3R1Q1/5PPP/5RK1 b - - 0 23,f6g8 g3h4 g8h6 e3h3 b5f1 g1f1 b7g2 f1g2 f8g8 g2f1,2102,75,96,1905,clearance crushing defensiveMove middlegame quietMove veryLong,https://lichess.org/bygnnDU4/black#46,
YNg5S,8/p2R3p/1p4pk/2p5/4PP2/6B1/qP3PKP/8 b - - 0 33,c5c4 g3h4 g6g5 h4g5 h6g6 h2h4,2175,93,45,36,crushing defensiveMove endgame long quietMove,https://lichess.org/VsL1Em4l/black#66,
YNynQ,8/6Rp/2pk4/8/8/1n1p4/1P5P/6K1 w - - 0 38,g7g3 d3d2 g3d3 d6e5 g1f2 e5e4 d3d7 b3d4 d7d4 e4d4,2185,79,86,55,advancedPawn crushing defensiveMove endgame quietMove veryLong,https://lichess.org/5cngRhtA#75,
YO0yL,4K3/8/6p1/4Q2k/8/4P3/3q4/8 b - - 6 76,h5h4 e5d4 d2d4 e3d4 g6g5 d4d5 h4h3 d5d6 g5g4 d6d7,2115,79,90,1074,advancedPawn crushing endgame queenEndgame quietMove veryLong,https://lichess.org/erFdzkcQ/black#152,
YO56h,3Q4/kpp1P3/q6r/6p1/P2p4/3PN1pP/2P2pP1/1R4K1 w - - 0 34,g1h1 a6e6 d8d4 b7b6 d4g4 e6g4 e3g4 h6e6 g4f2 g3f2 b1f1 e6e1 e7e8q e1f1 h1h2 f1b1 a4a5 f2f1q,2175,112,58,27,advancedPawn advantage clearance defensiveMove endgame pin promotion quietMove veryLong,https://lichess.org/wJyjiOnc#67,
YO5JL,r3r1k1/b1p2ppp/p7/2pQR3/2P2q2/5N2/PP4PP/R6K b - - 0 21,a8d8 a1e1 f4e5 e1e5,2161,75,93,3119,crushing middlegame quietMove short,https://lichess.org/MtUy1i7O/black#42,
YOMTQ,2r5/pp3p1k/2B1p1p1/2b1P2p/Pq1p1P2/1P4QR/4R2P/7K b - - 0 32,c8c6 h3h5 g6h5 e2g2 b4e1 g3e1,2101,74,94,9378,crushing endgame long quietMove sacrifice,https://lichess.org/65NvBzzB/black#64,
YOfTZ,8/8/2p1k1pp/p1p3P1/3pK2P/1P1P4/P1P5/8 b - - 0 32,h6h5 a2a3 e6d6 b3b4 c5b4 a3b4 a5b4 e4d4 c6c5 d4c4 d6c6 d3d4,2182,78,91,944,crushing endgame pawnEndgame quietMove veryLong zugzwang,https://lichess.org/EGiSrcrQ/black#64,
YOvsy,3r2k1/1p2bppp/pN2pn2/3p4/P7/8/1q3PPP/1R1QR1K1 b - - 1 21,b2a2 b1b3 e7c5 e1e2 a2e2 d1e2,2150,116,53,35,advantage long middlegame quietMove trappedPiece,https://lichess.org/dz6wEmWj/black#42,
YPgYZ,5r1k/4R1R1/4p2p/4P3/2pPQ3/2q2r1P/7K/8 b - - 0 38,f3f2 g7g2 f2g2 e4g2 f8g8 g2f2 c3g3 f2g3 g8g3 h2g3,2135,76,84,128,crushing defensiveMove endgame quietMove veryLong,https://lichess.org/0Rg7yuCX/black#76,
YPo0C,4rrk1/p7/1pp2p1p/3p2P1/6Q1/4R1R1/4KPP1/6q1 b - - 0 33,h6g5 g4f5 e8e3 g3e3 g8g7 e3h3 f8e8 e2f3,2116,179,68,7,crushing defensiveMove endgame quietMove veryLong,https://lichess.org/OwGHq5VK/black#66,
YQXax,7N/6k1/3p4/1p1P1p2/2p1P3/5PK1/1P6/8 w - - 1 53,e4f5 b5b4 h8g6 c4c3 b2c3 b4b3 g6f4 b3b2,2132,296,100,2,advancedPawn crushing endgame knightEndgame quietMove veryLong,https://lichess.org/F1O7M9R6#105,
YQeK3,r2r2k1/p3q1pp/2R2p2/2npp3/8/Q4N2/P4PPP/5RK1 b - - 3 24,e5e4 f3d4 d8c8 f1c1,2179,75,93,2800,advantage middlegame quietMove short,https://lichess.org/oIbEVHBI/black#48,
YR2V8,5r1k/pb4p1/7p/5p2/3P2n1/4p1Pq/PPB1Q2P/R4RK1 w - - 2 29,c2f5 g4f2 f1f2 e3f2,2128,77,88,130,advancedPawn advantage middlegame quietMove short,https://lichess.org/61MEIRC3#57,
YR7yg,8/p1p5/8/1p1k4/6K1/1P6/2P3PP/8 w - - 1 45,h2h4 a7a5 h4h5 d5e6 g4f4 a5a4,2181,78,89,887,crushing endgame long pawnEndgame quietMove,https://lichess.org/jeMkfSmb#89,
YRa3R,8/4k3/p2RP1p1/1b2K1Pp/7P/8/8/8 w - - 3 45,d6d7 b5d7 e6d7 a6a5 d7d8r e7d8 e5f6 a5a4 f6g6 a4a3,2182,73,94,9547,crushing endgame quietMove veryLong,https://lichess.org/0aG3swHe#89,
YRjur,r2q2k1/ppp3r1/1bnpp1NQ/8/3nP3/2N1R2P/PP3PP1/5RK1 b - - 6 17,e6e5 e3g3 d4e2 c3e2,2161,80,65,58,crushing middlegame quietMove short,https://lichess.org/5HK51loc/black#34,Italian_Game Italian_Game_Anti-Fried_Liver_Defense
YSXtI,8/p7/2K2k1p/5p2/1P2p2P/6P1/5P2/8 b - - 0 41,f6e6 b4b5 f5f4 g3f4 e6f5 c6b7,2192,75,81,81,crushing endgame long pawnEndgame quietMove,https://lichess.org/3rZdsQ1x/black#82,
YSiPe,8/2p5/p7/1p5p/4k3/1PP1P1KP/1P6/8 b - - 4 36,e4e3 b3b4 e3d2 g3h4 d2c2 h4h5,2169,181,50,8,crushing endgame long pawnEndgame quietMove,https://lichess.org/peozr0Ud/black#72,
YT9wS,2r5/p4p2/8/4P3/3k4/2p4P/P3K1P1/2R5 w - - 8 42,c1c2 c8b8 c2c1 b8b2,2189,75,87,160,crushing endgame quietMove rookEndgame short,https://lichess.org/lMsrKshr#83,
YTJvw,6r1/1p1R4/p2p1rk1/3p4/3Qb1pP/4P3/PP6/6K1 w - - 2 30,d4b6 g8c8 b6c7 c8c7,2198,76,82,66,crushing endgame master quietMove short,https://lichess.org/aSRcww2i#59,
YThgC,7k/Q7/6pp/pp6/4nPP1/P6P/4qBK1/8 w - - 13 45,a7e3 e2f2 e3f2 e4f2 g2f2 a5a4 f2e3 b5b4,2163,115,41,15,crushing endgame master quietMove veryLong,https://lichess.org/pxaLBsFx#89,
YToNb,1r4k1/p2R3p/4p1p1/4P1q1/Np2Q3/6P1/PPB4P/1K3r2 w - - 2 26,c2d1 b8c8 a4c5 c8c5 e4a8 f1f8 d7g7 g8g7,2139,79,83,912,crushing middlegame quietMove veryLong,https://lichess.org/DoAfVu6R#51,
YTu9L,1k4r1/1p6/p5q1/3Q1r2/P2P3p/8/1PPBR1PP/6K1 w - - 1 31,d5e4 g8f8 e2e1 f5f1 e1f1 f8f1 g1f1 g6e4,2117,76,90,1290,crushing endgame quietMove veryLong,https://lichess.org/PsE54mrP#61,
YU3Ts,5bk1/3q1p2/1Q4p1/7p/2PB1N1P/6P1/5PK1/4r3 b - - 0 39,e1e4 f4d5 f8g7 d4g7,2160,77,90,1041,advantage endgame master quietMove short,https://lichess.org/c4s1kOEv/black#78,
YU6Vl,8/1p6/p2b4/3P2k1/1P1NK1p1/P7/8/8 b - - 3 42,g5h4 d4f5 h4h3 f5d6 g4g3 d6f7 g3g2 f7g5 h3g4 g5f3 g2g1q f3g1,2129,74,93,6509,crushing endgame fork master quietMove veryLong,https://lichess.org/I1hKMyZI/black#84,
YUDQm,8/8/4p2N/K7/3k3p/8/8/8 w - - 0 50,h6g4 e6e5 a5b4 e5e4 b4b3 d4d3,2198,80,71,40,crushing defensiveMove endgame knightEndgame long quietMove,https://lichess.org/aaxAbvkx#99,
YUQGA,8/7p/6p1/5pP1/pPk2P1P/P1p5/8/3K4 b - - 3 45,c4b3 d1c1 b3c4 c1c2 c4d4 b4b5 d4c5 c2c3 c5b5 c3d4,2142,75,95,1013,crushing defensiveMove endgame pawnEndgame quietMove veryLong zugzwang,https://lichess.org/gNLLCPh9/black#90,
YUUmI,8/5p2/4p3/6k1/8/1r4P1/5PK1/4R3 w - - 2 57,e1e3 b3e3 f2e3 g5g4 e3e4 e6e5 g2f2 g4h3,2168,79,87,56,crushing endgame master quietMove rookEndgame veryLong zugzwang,https://lichess.org/2Nx82r0L#113,
YVCKS,2kr3r/pppqb1pp/2np4/1Q1N1p2/3pnPP1/5R1P/PPP1B3/R1B3K1 b - - 2 13,f5g4 f3b3 e4c5 e2g4,2113,78,92,3426,crushing discoveredAttack middlegame pin quietMove short,https://lichess.org/U4sMFU8D/black#26,Vienna_Game Vienna_Game_Vienna_Gambit
YVYvc,3r2k1/1b4pp/p3Qp2/1p2p3/4p3/P1P1q2P/1P2B1PK/5R2 b - - 1 29,g8f8 e2h5 b7d5 f1f6 g7f6 e6f6 f8g8 f6d8,2101,79,91,600,advantage endgame fork quietMove sacrifice veryLong,https://lichess.org/FGPcFcn5/black#58,
YVpkr,r1b3rk/ppp2p2/n1p3q1/2b5/8/2BQ1N2/PPP2PPP/R3R1K1 b - - 3 20,h8h7 f3g5 h7h6 e1e4 g6g5 c3d2,2132,128,48,22,advantage long middlegame pin quietMove sacrifice,https://lichess.org/1DbvrrBl/black#40,
YW2jF,2k4r/1pp2pr1/p3p3/3p4/3P1q2/3Q1P2/PPP2RPP/R5K1 w - - 6 21,g2g3 g7g3 h2g3 f4h6 g1f1 h6h1 f1e2 h1a1,2142,94,76,38,advantage endgame quietMove sacrifice skewer veryLong,https://lichess.org/AJwNoaFf#41,
YW7GB,8/p5pk/1p5p/2p5/2Q1P3/P5P1/5PKP/q7 b - - 2 31,a1a3 e4e5 a3b4 c4d3 h7g8 e5e6,2197,80,90,527,crushing endgame long queenEndgame quietMove,https://lichess.org/XMw8cOfD/black#62,
YWPNC,8/8/1p2k2p/1Np2p2/3p1K1P/3P4/8/8 b - - 1 44,e6f6 b5c7 f6g6 f4g3,2175,152,57,22,crushing defensiveMove endgame knightEndgame quietMove short zugzwang,https://lichess.org/qdtJOm8L/black#88,
YWckY,8/6p1/5p2/7p/2kp1P2/6PP/2PK4/8 w - - 0 38,g3g4 h5g4 h3g4 g7g6 f4f5 g6g5 d2e2 c4c3,2163,82,90,1771,crushing endgame pawnEndgame quietMove veryLong zugzwang,https://lichess.org/7p97hzmO#75,
YWoyp,1r2r2k/p3q1pp/6p1/2p5/2Q2PP1/2P4P/P1P5/2KR3R w - - 1 25,h1e1 e7e1 d1e1 e8e1 c1d2 b8b1 c4e2 e1e2,2106,75,94,5373,crushing endgame queensideAttack quietMove veryLong,https://lichess.org/acZLd9e9#49,
YX15g,8/8/2Rp4/p3pk2/Pp1b2p1/1P1P1p2/1P1B4/7K w - - 0 40,h1h2 d4f2 c6c8 g4g3 h2h3 g3g2 c8f8 f5e6,2196,74,93,3999,advancedPawn crushing endgame exposedKing quietMove veryLong,https://lichess.org/fFsm1phX#79,
YX31K,4krQ1/r2qp1R1/3p2P1/2pP1p2/1pP5/pP5P/P5P1/6K1 b - - 2 35,f5f4 g8h7 e7e6 g7d7,2139,78,85,90,crushing endgame quietMove short,https://lichess.org/H8Ge4D6B/black#70,
YX3qq,8/8/2p2p1p/4pP2/2k1K2P/8/6P1/8 b - - 1 37,c6c5 g2g4 c4b3 g4g5 h6g5 h4g5,2169,77,94,10387,crushing endgame long pawnEndgame quietMove,https://lichess.org/6ZmNhAqM/black#74,
YX8rb,r1b1k1R1/pp1n4/8/1B1p4/5p1P/2P5/P1P2P2/2K5 b - - 1 28,e8e7 b5d7 e7d7 h4h5 a7a5 h5h6,2119,94,85,20,advantage endgame long quietMove,https://lichess.org/na4Wb0tr/black#56,
YXG0o,r3r1k1/pp4pp/1b3q2/3p4/P1p5/Q1P3B1/1P2NnPP/R4RK1 b - - 1 21,e8f8 e2d4 b6d4 c3d4 f2h3 g2h3,2185,80,84,177,advantage long middlegame quietMove,https://lichess.org/ViuRhZvy/black#42,
YXHIY,3r3k/p5p1/1pq4p/3n4/3p4/1Q3r2/PP3PPP/3R1RK1 w - - 0 25,g2f3 d5f4 b3f7 c6f3 f7f4 f3f4,2102,74,94,9268,crushing endgame long quietMove,https://lichess.org/MCkw6lJp#49,
YYbPa,8/p7/1p1k1p2/3p3p/PP1K1P1P/2P5/8/8 b - - 0 39,d6e6 f4f5 e6f5 d4d5 f5f4 c3c4 f6f5 c4c5 b6c5 b4c5 f4g3 c5c6 f5f4 c6c7,2174,76,88,133,advancedPawn crushing deflection endgame pawnEndgame quietMove veryLong,https://lichess.org/89Iale5Q/black#78,
YYgbo,6R1/7k/K7/p2rp1P1/Pp1bP3/1P6/2P5/8 w - - 0 44,e4d5 h7g8 d5d6 g8f8 a6a5 e5e4 a5b4 e4e3 b4c4 e3e2,2146,82,76,75,advancedPawn crushing endgame hangingPiece master masterVsMaster quietMove veryLong,https://lichess.org/0L6PF1YY#87,
YYorj,2n5/1p6/8/8/KPk1pB2/4P3/8/8 w - - 1 48,a4a5 b7b6 a5a6 b6b5 f4g5 c4b4,2118,143,88,10,crushing endgame long master quietMove,https://lichess.org/0jOaicre#95,
YZOJ1,r3rb2/1pp2pkB/3p1q2/5Pp1/p2P4/P1PQ4/1P4P1/2K2N1R b - - 0 27,a8a5 f1g3 e8e1 h1e1,2127,75,85,188,advantage middlegame quietMove short,https://lichess.org/wve1wb4l/black#54,
YZj64,1r4k1/5ppp/P3b3/2ppPp2/5P1r/P1NB4/2P4P/5R1K b - - 0 26,c5c4 a6a7 b8f8 f1b1 c4d3 b1b8,2182,77,80,60,advancedPawn crushing endgame long master quietMove sacrifice,https://lichess.org/gx0KJgyN/black#52,
YaLDv,8/8/3k4/3PnPp1/3K4/5B2/8/8 w - - 4 61,f5f6 e5f3 d4e3 f3e5 e3e4 e5f7,2181,76,93,735,crushing defensiveMove endgame hangingPiece long quietMove,https://lichess.org/FqhwyvG8#121,
YadYE,8/8/8/2K5/P1P3r1/1P6/7k/8 b - - 0 52,h2g3 a4a5 g3f4 a5a6 g4g6 c5b5,2182,104,76,23,advantage defensiveMove endgame long quietMove rookEndgame,https://lichess.org/ngdxnY7u/black#104,
Yaenm,2k5/8/2P5/3K4/7p/4B3/5P2/4b3 w - - 1 43,d5d6 h4h3 e3f4 e1a5 d6d5 a5c7,2159,74,93,6763,bishopEndgame crushing endgame long quietMove,https://lichess.org/BJz1K8Pz#85,
YaqmX,3b4/8/N3P1K1/pk6/5P2/8/8/8 w - - 3 53,a6b8 a5a4 f4f5 a4a3 f5f6 d8f6 g6f6 a3a2 f6f5 a2a1q,2197,79,85,143,advancedPawn crushing endgame promotion quietMove sacrifice veryLong,https://lichess.org/Uli5PeZH#105,
Yb5bj,8/1r2p1kp/3p1p2/1P1qn3/8/6QP/6P1/2R2B1K b - - 1 34,g7f7 c1c8 e5g6 f1c4 d5c4 c8c4,2182,76,95,3697,crushing endgame long pin quietMove,https://lichess.org/EjBwWbbx/black#68,
Yb7Bf,1k5r/p1pR4/1p3rp1/3B1P1p/6n1/6R1/PPP3PP/6K1 w - - 2 26,f5g6 h8e8 d5e4 e8e4,2109,77,91,1037,advantage endgame quietMove short,https://lichess.org/1FZiWjtQ#51,
YbFao,r1b2rk1/1p2bppp/p7/3q4/3n4/P2BB3/1P3PPP/2RQ1RK1 w - - 0 16,e3d4 f8d8 d4b6 d5d3 b6d8 d3d8,2130,76,91,3781,advantage long middlegame quietMove,https://lichess.org/aicR3Cvf#31,Sicilian_Defense Sicilian_Defense_Taimanov_Variation
YbsSE,8/8/1p3ppp/1P1k4/3P4/4K1PP/8/8 b - - 1 37,d5c4 e3e4 h6h5 h3h4 c4b4 e4d5 b4b5 d5e6,2173,78,46,70,crushing endgame pawnEndgame quietMove veryLong zugzwang,https://lichess.org/d0XRm7za/black#74,
Yc3Fx,8/8/4p3/8/4k3/P2p4/1P1K4/8 b - - 1 51,e4d4 a3a4 e6e5 a4a5 d4d5 d2d3,2193,83,78,39,crushing endgame long pawnEndgame quietMove,https://lichess.org/ec789Nes/black#102,
YcJoV,r7/8/3p3p/3PbPp1/2PpBkP1/p2P4/4R1K1/8 b - - 2 41,a3a2 e4f3 h6h5 e2e4,2132,76,82,424,clearance endgame mate mateIn2 quietMove short,https://lichess.org/QUOHV1CO/black#82,
Ycb9I,6k1/5p1p/p1R5/6B1/1P1b4/P4pPP/4r3/5K2 b - - 3 38,d4f2 g5h6 f7f6 c6f6,2168,77,88,701,crushing endgame quietMove short,https://lichess.org/hvV7ZnZw/black#76,
YccTB,8/1p6/pP1K4/P7/3P4/4r3/6k1/8 b - - 0 52,e3e8 d6c7 g2f3 d4d5 e8e7 c7c8,2158,116,62,17,crushing defensiveMove endgame long quietMove rookEndgame,https://lichess.org/7vvYzFcN/black#104,
YcolO,r4rk1/1b1qb1p1/nppppn1p/p4p2/2PP2P1/1P1BPN1P/PBQN1P2/2KR3R b - - 0 14,f5g4 h3g4 a6b4 c2b1 b4d3 b1d3,2149,78,82,197,advantage long middlegame quietMove,https://lichess.org/PmOHykDO/black#28,Dutch_Defense Dutch_Defense_Other_variations
YcwyS,8/8/P2p4/8/4K3/2k1b3/7P/8 b - - 1 61,e3a7 e4d5 c3d3 h2h4 a7f2 h4h5,2138,78,91,1756,bishopEndgame crushing defensiveMove endgame long quietMove,https://lichess.org/5E9sIPff/black#122,
Yd0gt,2r4k/2p1q1rn/p3Pb2/np3BpQ/7p/2P2P2/PP4PB/4RRK1 b - - 6 34,c7c5 e1d1 c8d8 d1d7 d8d7 e6d7,2189,80,84,163,advancedPawn advantage long middlegame quietMove,https://lichess.org/0ZJ8Gcyz/black#68,
Yd4MJ,6k1/p3pp1p/P1q2bp1/1rp5/2Q5/1pP1B3/1P3PPP/3R2K1 b - - 0 23,c6a6 e3h6 e7e5 c4d3,2119,107,53,30,advantage endgame quietMove short,https://lichess.org/lyleo5fq/black#46,
YdAsF,8/5p2/5k2/8/K5p1/P5Bp/1P6/8 w - - 0 48,a4b3 f6g5 a3a4 f7f5 a4a5 f5f4 a5a6 f4g3 a6a7 g3g2 a7a8q g2g1q,2102,76,94,3230,advancedPawn bishopEndgame crushing endgame promotion quietMove veryLong,https://lichess.org/oDf9V7zh#95,
Ye0xD,8/8/8/2P1k3/pK4p1/6P1/r7/6R1 b - - 0 43,e5e4 g1c1 a2b2 b4a4,2106,76,91,2187,crushing endgame quietMove rookEndgame short,https://lichess.org/fkvlAJim/black#86,
Ye3zE,r6r/p1Q5/1p2pkpp/3q4/1P3Pn1/2P3n1/P1P3PP/R1B2RK1 w - - 1 20,h2g3 d5h5 c7e5 g4e5,2136,75,90,1763,advantage middlegame quietMove short,https://lichess.org/kFbedWBK#39,
Yeh8R,3R4/3P2pk/4p2p/4P2P/8/8/2n2PPK/1q6 b - - 1 41,b1c1 d8f8 c1g5 d7d8q g5d8 f8d8,2153,75,91,266,advancedPawn advantage clearance endgame long promotion quietMove,https://lichess.org/um4gT5RN/black#82,
Yeukn,5k2/8/2p2PKP/2Pn4/p5P1/8/8/8 b - - 0 57,d5f6 g6f6 f8g8 g4g5 a4a3 g5g6 a3a2 h6h7 g8h8 g6g7 h8h7 f6f7 h7h6 g7g8q,2141,85,90,447,advancedPawn crushing endgame exposedKing hangingPiece promotion quietMove veryLong,https://lichess.org/40xYAjBA/black#114,
Yf6RT,1r6/1pR5/p2P1k2/P1P2p2/1P4pp/5K2/6P1/8 w - - 0 42,f3f4 b8e8 c7e7 e8e7 d6e7 f6e7,2116,76,91,1238,crushing endgame long quietMove rookEndgame,https://lichess.org/Zx10yEXk#83,
YfJ2M,8/6p1/p1k1pp2/P3P1p1/2KP4/5P2/5P1P/8 w - - 0 38,h2h3 f6e5 d4e5 g7g6 c4b4 c6d5,2190,78,90,888,advantage endgame long pawnEndgame quietMove zugzwang,https://lichess.org/LHqdEeWY#75,
YfJIg,4r1k1/pp5p/1qp2pp1/4n3/4RP2/1P4P1/PQ2P1BP/6K1 w - - 1 23,g1h1 e8d8 b2a1 e5g4 e4e8 d8e8,2131,77,99,83,crushing endgame long quietMove,https://lichess.org/SZyR9RfH#45,
YfouJ,2n5/1KPk4/8/8/p7/N7/8/8 b - - 13 59,c8d6 b7b8 d6c8 a3c4 c8e7 c4b6 d7e6 b6a4,2112,78,92,614,crushing defensiveMove endgame exposedKing knightEndgame quietMove veryLong,https://lichess.org/9SXK3X7L/black#118,
YgXY9,8/8/2r5/4Np2/P7/1P5p/1K3k1P/8 b - - 1 46,f2g2 e5c6 g2h2 a4a5 h2g3 a5a6 h3h2 a6a7 h2h1q a7a8q,2156,78,91,1036,advancedPawn advantage endgame master masterVsMaster promotion quietMove veryLong,https://lichess.org/BQOvsxxQ/black#92,
Ygi50,r1b2rk1/p4pp1/2p1pP2/1p2P1p1/8/1B2PQ2/PP1q2PP/R5K1 b - - 0 20,g5g4 f3f4 d2d3 e3e4 d3d4 g1h1,2128,120,87,15,crushing defensiveMove long middlegame quietMove,https://lichess.org/czMSz2bm/black#40,
YgtJ2,4k2r/pp3pp1/4p2p/q2pN1P1/3P4/b1r1B2P/P1PQ1P2/K2R3R w k - 0 20,g5h6 a3b4 h6g7 h8g8 e5d3 c3d3 d2d3 b4c3 d3c3 a5c3,2153,88,91,1209,advantage clearance middlegame quietMove sacrifice veryLong,https://lichess.org/LdKgKQTd#39,
YhdAG,3r2k1/5p1p/1p3Qp1/p1p1P3/2P3bP/1P3NP1/P3RP1K/2br4 w - - 3 32,f3g5 c1g5 h4g5 g4e2 e5e6 d8f8 e6e7 f8e8,2152,75,86,384,crushing master middlegame quietMove veryLong,https://lichess.org/7StypW4a#63,
Yi4PC,1r4k1/4qp2/6p1/p3p1P1/1n1pP1B1/5P2/P6Q/K1R5 b - - 1 30,b4d3 c1h1 b8b1 h1b1 e7c7 h2d2,2122,115,52,16,advantage endgame long quietMove,https://lichess.org/MWUsu24t/black#60,
Yi8ro,8/p7/7p/P4P2/1P1k1b2/3B4/5P2/6K1 b - - 0 47,d4d3 b4b5 d3e4 b5b6 a7b6 a5a6 e4f5 a6a7,2170,275,48,10,advancedPawn bishopEndgame crushing endgame master quietMove sacrifice veryLong,https://lichess.org/bv8CTUX8/black#94,
Yiruq,2q4k/p3Q1p1/6p1/2P5/PP6/2P2p2/4bP2/4R1K1 w - - 0 37,e1e2 c8h3 e7f8 h8h7 f8f3 h3f3,2197,95,79,30,advantage endgame long quietMove,https://lichess.org/s9dkK74P#73,
Yizr3,5rk1/pp5p/2p1b1p1/4p1q1/2P1Pb2/1P1R1P2/P3Q1B1/3R3K w - - 8 32,d3d6 f4e3 e2e3 g5e3,2101,89,80,27,crushing middlegame quietMove short,https://lichess.org/kiBeLnXv#63,
Yj7rg,6k1/pb4p1/1p1R4/1P4p1/r2p4/3B3P/3K2P1/8 b - - 2 37,b7g2 d3g6 a4a2 d2e1 a2a1 e1f2,2196,79,89,305,crushing defensiveMove endgame long quietMove,https://lichess.org/8F4el9Ky/black#74,
YjAXm,3q2k1/pp1b1rp1/2p3Qp/3pB3/3P4/P1P4P/1PB3PK/8 b - - 0 27,d8g5 g6h7 g8f8 e5d6 f7e7 c2g6 d7e6 h7h8 e6g8 g6h7,2191,76,91,452,clearance crushing endgame kingsideAttack pin quietMove veryLong,https://lichess.org/ZydapTwz/black#54,
YjbK8,2k4r/pp1qpp2/2p2b2/2Pp3r/3P1Npp/4P1Pn/PPQB1P1P/R4R1K b - - 5 26,h3f2 f1f2 h4g3 f4h5 g3f2 h5g3 f6h4 h1g2 h4g3 h2g3,2139,173,100,12,equality hangingPiece middlegame quietMove veryLong,https://lichess.org/wm1zxriJ/black#52,
YjnZP,6k1/4p2p/2pqp1PQ/1pp1R1P1/4R1K1/3P1r2/2P2r2/8 b - - 4 39,h7g6 h6g6 g8f8 g6h5 f3f5 h5h8 f8f7 g5g6,2162,171,86,16,crushing endgame exposedKing quietMove veryLong,https://lichess.org/QhtMzZvJ/black#78,
YjyHL,7k/4p2p/3p1n2/3P4/2K4P/1p1R1B1r/P7/8 w - - 0 40,a2b3 f6d7 c4b5 d7e5,2117,77,91,2571,advantage endgame master quietMove short,https://lichess.org/btN9nK1w#79,
Ykaf1,8/2N5/5p2/1P1pk1pp/8/5K2/8/8 b - - 0 55,f6f5 c7e8 e5e6 b5b6,2187,80,91,268,crushing endgame knightEndgame quietMove short,https://lichess.org/YtfPu2ki/black#110,
YlRzt,r1b2r2/pp2b1R1/2p4k/3nBp2/3P4/2PB4/PP3P1P/2KR4 b - - 1 19,e7f6 d1g1 f6g7 e5g7 h6h7 g7f8,2171,77,77,59,advantage exposedKing fork long middlegame quietMove sacrifice,https://lichess.org/iTMAOYqk/black#38,
Ylk34,8/8/1p2N3/4p3/k2bP3/5P2/4K3/8 b - - 2 48,b6b5 e6d4 e5d4 e4e5 b5b4 e5e6 b4b3 e6e7,2118,75,95,536,advancedPawn crushing endgame quietMove veryLong,https://lichess.org/5dCW83aU/black#96,
Ym02v,8/p7/1p4p1/7p/P1Pk1P1P/1P2p3/4K1P1/8 w - - 0 45,g2g3 a7a5 g3g4 h5g4 h4h5 g6h5,2106,76,91,1329,crushing endgame long pawnEndgame quietMove,https://lichess.org/Xh421b8d#89,
YmTJ4,r3r1k1/p1b2ppp/5pn1/3R4/1P1Nq3/PQ2B1P1/5P1P/5RK1 w - - 3 22,d4b5 g6h4 f2f3 h4f3 f1f3 e4f3,2137,75,87,95,advantage kingsideAttack long middlegame quietMove,https://lichess.org/ediTEn0J#43,
Ymijs,3R4/8/4k3/p2R4/4n3/2P2r2/PP5r/2K5 w - - 0 42,d5a5 e4d6 d8d6 e6d6,2104,75,90,770,crushing endgame master quietMove short,https://lichess.org/8FxjWEcE#83,
Yn5Ba,8/8/1pk3p1/p4pPp/1PP1pP1P/2K1P3/8/8 b - - 0 41,a5a4 c3b2 b6b5 c4b5 c6b5 b2a3 b5c4 a3a4 c4d3 b4b5 d3e3 b5b6 e3f3 b6b7 e4e3 b7b8q,2178,77,86,954,advancedPawn crushing endgame pawnEndgame promotion quietMove veryLong zugzwang,https://lichess.org/e65aSdgG/black#82,
YnHdO,8/3k2p1/2p5/p2pP3/2pP2P1/P6P/1K6/8 b - - 0 44,d7e6 h3h4 c6c5 d4c5,2141,94,74,28,crushing endgame pawnEndgame quietMove short,https://lichess.org/hEW1dWzu/black#88,
YnLU9,8/8/8/p7/2P1k1Kp/8/1P6/8 w - - 0 49,g4h4 a5a4 c4c5 e4d5 c5c6 d5c6,2174,81,72,56,crushing endgame long pawnEndgame quietMove,https://lichess.org/NzTgHgnc#97,
YnNhC,3k4/1r6/6R1/1p6/4K3/8/7P/8 b - - 0 37,b5b4 g6g8 d8c7 g8g7 c7c6 g7b7 c6b7 h2h4 b4b3 e4d3 b3b2 d3c2 b2b1q c2b1,2127,76,93,327,crushing endgame exposedKing quietMove rookEndgame veryLong,https://lichess.org/CJmynnn7/black#74,
YnQXT,8/2K1N3/8/1P5p/6kP/8/6b1/8 b - - 8 54,g4h4 e7c6 h4g3 b5b6 h5h4 b6b7,2160,79,91,748,advancedPawn crushing endgame long quietMove,https://lichess.org/xJVtvgpk/black#108,
YnVGK,8/5k2/6p1/5pK1/8/p4P2/P3R1P1/3r4 w - - 4 39,f3f4 d1h1 g2g4 h1g1 g5h4 g1g4 h4h3 g4f4,2163,76,88,354,crushing endgame quietMove rookEndgame veryLong,https://lichess.org/LnrI0MbE#77,
Ynsxa,5b2/8/5K2/pp3P1P/Pk6/4p3/8/3B4 w - - 0 49,a4b5 a5a4 b5b6 a4a3,2146,78,91,604,bishopEndgame crushing endgame master quietMove short,https://lichess.org/4GXDPRyi#97,
Yo2iF,3k4/ppp1r3/2p1P1P1/5p2/8/1P6/P1P5/1K2R3 b - - 0 37,d8e8 e1h1 e7e6 h1h8 e8d7 g6g7,2190,78,70,128,advancedPawn advantage endgame exposedKing long master quietMove rookEndgame,https://lichess.org/NzxAGnjE/black#74,
YoF5w,8/5p2/p3p1p1/1pk1P1Pp/5P1P/1PPK4/8/8 w - - 1 35,d3e4 a6a5 e4d3 c5d5,2171,114,23,13,crushing endgame pawnEndgame quietMove short,https://lichess.org/JUcGJv0v#69,
YoFqp,1n1q1rk1/4bpp1/3pb3/r1p4Q/8/2N2N1P/PP3PP1/R1B1K2R w KQ - 5 16,e1g1 c5c4 c3b5 g7g6 h5h6 a5b5,2111,79,74,64,advantage long opening quietMove,https://lichess.org/2D5aocw8#31,Benoni_Defense Benoni_Defense_French_Benoni
YoT7T,r3k2r/2q1p1bp/1p1pPnp1/p7/P2N1B2/1BP5/1P3PbR/R2QK3 b Qkq - 1 19,c7b7 f2f3 g2f3 d1f3 b7f3 d4f3,2193,76,92,2898,advantage long middlegame quietMove,https://lichess.org/cS46R0vW/black#38,
YoVUM,6k1/5pp1/3q3p/1Q1N4/3pp3/6PP/5P1K/2r5 b - - 0 40,c1c5 b5e8 g8h7 d5e7 d6e7 e8e7,2104,75,95,5296,advantage endgame long quietMove,https://lichess.org/yRmxCUf9/black#80,
Yp2vj,4Q3/3N2p1/4pp1p/3p1b2/4nP1k/1P2P2P/P4RPK/2q5 w - - 5 37,f2f3 c1e1 d7f6 e4g3 f3g3 e1g3,2197,130,93,20,advantage endgame long quietMove,https://lichess.org/LC4t1nCN#73,
YpBJ1,2r3k1/3N1p2/4p1pP/3pP3/2bP3B/6Q1/5P1K/1q6 b - - 1 43,c4d3 h4e7 d3e2 g3h4,2149,159,82,7,clearance crushing defensiveMove endgame quietMove short,https://lichess.org/k0e1xG68/black#86,
YpG3Q,8/p3kp1p/1bp1pp2/8/1R6/2P3P1/1P1NKP1P/6r1 b - - 0 30,g1g2 b4b6 a7b6 d2f3 e6e5 e2f1 e5e4 f1g2 e4f3 g2f3,2148,75,95,848,advantage endgame master quietMove sacrifice trappedPiece veryLong,https://lichess.org/YIErlxaT/black#60,
YpUZR,1r3k2/1p4nQ/p1pq4/2NpP1b1/PP3pP1/2PB4/5P2/6K1 b - - 0 30,d6c7 d3g6 c7e5 c5d7 f8e7 d7e5,2122,157,24,19,crushing exposedKing fork long middlegame pin quietMove,https://lichess.org/Vt4BTiXl/black#60,
Yq0OU,r4n1k/p1p1q1pp/2pb4/8/2Q5/2N1B3/PPP3PP/R5K1 w - - 2 20,c3e4 a8e8 e3a7 e7e4 c4e4 e8e4,2121,76,95,2920,crushing long middlegame quietMove,https://lichess.org/M8vqSyCL#39,
Yq5F8,8/pp6/2p1k1pp/4Pp2/2P2K1P/1P6/P5P1/8 b - - 0 36,a7a6 c4c5 g6g5 h4g5 h6g5 f4g5,2168,77,90,444,advantage endgame long pawnEndgame quietMove,https://lichess.org/uX3xDnhZ/black#72,
YqFo1,2rqr1k1/5p2/5n2/1p1p2R1/3Pp3/2P4P/P3QP1P/1K1R4 b - - 0 27,g8h8 d1g1 f6h7 e2h5 d8g5 g1g5,2166,79,91,7780,advantage long middlegame pin quietMove,https://lichess.org/nDyXPorq/black#54,
YqHTZ,8/2k1K3/2p2P2/8/4n3/4P3/8/8 b - - 0 60,e4d6 e3e4 c6c5 e4e5 d6f5 e7e8 f5h6 e5e6,2114,109,44,20,crushing defensiveMove endgame knightEndgame quietMove veryLong,https://lichess.org/JkvYV7P6/black#120,
YqXPE,6k1/5pp1/1p6/8/6K1/8/PP5P/8 b - - 0 36,f7f6 a2a4 g8f7 b2b4 f7e6 a4a5,2148,78,95,1949,crushing endgame long pawnEndgame quietMove,https://lichess.org/o3dqkm9Y/black#72,
YqyGg,8/8/p7/7p/2kp4/2p3pP/P1K5/2R5 w - - 0 52,c1g1 d4d3 c2d1 h5h4 g1f1 c4d4 f1f4 d4e3,2151,81,44,45,crushing endgame quietMove rookEndgame veryLong,https://lichess.org/Rikzr2lw#103,
Yr4sT,8/8/3k1p1p/ppp1pP2/4K1PP/1PP5/P7/8 b - - 0 31,b5b4 c3c4 d6c6 g4g5,2115,74,78,1546,crushing endgame pawnEndgame quietMove short zugzwang,https://lichess.org/NtPZJmWN/black#62,
YrOxN,5r2/2R2B1p/6pk/8/3b4/8/4r1PP/5R1K w - - 2 31,g2g3 f8b8 f7c4 e2c2 f1f7 b8b1,2100,141,78,13,crushing endgame long master quietMove,https://lichess.org/3aOs2zi7#61,
YreYN,8/6p1/b5p1/P5k1/1P1K4/6P1/8/8 b - - 6 48,g5g4 d4c5 a6d3 b4b5 g4g3 b5b6 d3a6 c5c6 g6g5 b6b7,2137,87,83,30,advancedPawn bishopEndgame crushing endgame master quietMove veryLong,https://lichess.org/1wJbu06p/black#96,
Yro1i,2r1r1k1/pp3p2/1n1Rp1pp/8/2q5/2N1Q2P/PP3PP1/3R2K1 b - - 5 25,g8g7 e3e5 g7g8 c3e4 b6d5 d6d5 e6d5 e4f6,2162,83,76,78,crushing middlegame quietMove sacrifice veryLong,https://lichess.org/oISkIOzr/black#50,
YrpTA,5rk1/1p6/4N3/2pPp1p1/P3Pp1b/3P1Pqb/3BQ1P1/4N1K1 b - - 1 28,f8f6 e1c2 g5g4 d2e1 g4f3 e1g3 f3e2 g3h4,2137,83,80,37,advantage clearance middlegame quietMove veryLong,https://lichess.org/I7L7iOn8/black#56,
YryBp,8/8/p3N1PR/3p3P/2bP4/K3kp2/5r2/8 w - - 0 44,g6g7 a6a5 g7g8q f2a2,2193,81,84,83,endgame mate mateIn2 quietMove short,https://lichess.org/Q6lxtY8h#87,
YsNGp,5r1k/ppN3pp/3p1n2/8/4q3/1QP3P1/PP4KP/5R2 w - - 5 25,g2h3 g7g5 b3e6 g5g4 h3h4 e4g6,2109,321,82,3,crushing defensiveMove endgame long quietMove,https://lichess.org/ZQrBlGGa#49,
YsREb,r3qrk1/p1p2bpp/1p6/3p1RN1/3Pp3/2P5/P1P1Q1PP/4R1K1 b - - 0 21,c7c6 e1f1 f7g6 f5f8 e8f8 f1f8,2196,76,91,1574,advantage fork long middlegame quietMove,https://lichess.org/CTzfp4Gc/black#42,
Ysb89,r5k1/1pp4p/1b1p1nB1/3Pp3/1PP2q2/3Q1N1P/5PP1/5RK1 b - - 0 19,h7g6 d3g6 g8h8 f3g5 b6f2 g1h1,2116,92,80,31,crushing long middlegame quietMove,https://lichess.org/Nmtt76qM/black#38,Englund_Gambit_Complex_Declined Englund_Gambit_Complex_Declined_Other_variations
Ysfj0,k1r5/pp2P3/7p/7P/1Rbp1P2/8/P1P2P2/3K4 b - - 2 38,b7b5 b4c4 b5c4 f4f5 a8b7 f5f6,2150,79,91,3935,crushing endgame long quietMove sacrifice,https://lichess.org/J7Yj8wNc/black#76,
YsiES,1r6/p1p2N1P/2p5/4k2K/8/6P1/8/8 b - - 2 45,e5d4 g3g4 a7a5 g4g5,2166,102,74,30,crushing defensiveMove endgame master quietMove short,https://lichess.org/EjvF3ugx/black#90,
YspSF,8/5Q2/8/2p3pk/P7/1P6/4K3/2q5 b - - 3 62,h5h4 f7c4 c1c4 b3c4 h4h3 a4a5 g5g4 a5a6 g4g3 a6a7,2178,77,94,1727,advancedPawn crushing endgame queenEndgame quietMove veryLong,https://lichess.org/QXBi4Pju/black#124,
YsshT,8/p4p2/3k2p1/6P1/PPK4p/7P/8/8 w - - 0 42,c4b5 f7f6 g5f6 g6g5 f6f7 d6e7 a4a5 g5g4 f7f8q e7f8,2164,84,77,41,crushing endgame pawnEndgame quietMove veryLong,https://lichess.org/fd78wxqA#83,
Yt2tK,8/8/7p/6p1/4Kp2/5Pk1/3N4/8 w - - 2 56,d2f1 g3g2 f1d2 h6h5 e4e5 h5h4 d2e4 h4h3 e4g5 h3h2,2115,76,85,342,advancedPawn crushing defensiveMove endgame knightEndgame quietMove veryLong,https://lichess.org/yedgRejF#111,
YtGhe,3q1rk1/pp2bp1p/6pQ/4P3/3P2b1/2rBB1R1/P5PP/3R2K1 b - - 6 20,g4d1 g3h3 e7h4 h3h4 d8h4 h6h4,2155,76,94,6941,crushing long middlegame quietMove,https://lichess.org/2uV63CgO/black#40,
YtNoY,r1r3k1/5ppp/p6P/5Q2/B1p2P2/8/Pq4P1/6RK b - - 0 37,c4c3 a4c2 b2c2 f5c2,2121,78,80,80,advantage endgame quietMove short,https://lichess.org/i3bzTwnV/black#74,
YtajY,R1b1r1k1/1pQ2pb1/2p5/2PP2p1/4Bpqp/2N1PPP1/7P/6K1 b - - 0 29,g4h3 g3g4 g7c3 a8c8 e8c8 c7c8 g8g7 c8f5,2172,122,55,15,crushing master middlegame quietMove veryLong,https://lichess.org/jTQRKyWc/black#58,
YtehW,R7/P7/3K1p2/5k1p/6pP/6P1/8/2r5 b - - 18 58,c1d1 d6e7 d1a1 e7f7 a1c1 a8e8 c1c7 e8e7,2166,123,88,17,advantage defensiveMove endgame master quietMove rookEndgame veryLong,https://lichess.org/afGObUtD/black#116,
Ytrt6,3b4/8/8/1PP4k/6p1/P7/6K1/8 b - - 1 59,h5g5 b5b6 g5f6 a3a4 f6e5 a4a5 e5d5 a5a6 d5c6 a6a7,2147,77,96,517,advancedPawn bishopEndgame crushing endgame quietMove veryLong,https://lichess.org/cwPapOHB/black#118,
YtyLx,1R6/5p1k/r3qp1p/1b1p4/3P1Q2/7P/1P4P1/6K1 b - - 2 40,b5c4 f4g3 h6h5 b8g8 e6e1 g3e1,2174,76,89,699,advantage endgame long quietMove,https://lichess.org/Xwru25z4/black#80,
Yu0ck,8/6k1/4p3/R4p2/1PbP1P2/2n1p1P1/8/2N1K3 w - - 0 60,c1e2 c3e2 a5c5 c4d3 c5e5 e2d4 e5e3 d4c2 e1d2 c2e3,2100,75,92,3616,crushing endgame exposedKing fork quietMove veryLong,https://lichess.org/OxlTjqLo#119,
Yu5ok,r5k1/pp2rpb1/2q1P1p1/2pp2Np/5P2/2PQ4/P5PP/4RR1K b - - 0 24,f7f6 d3g6 f6g5 f4f5 c6e8 g6g5,2199,78,83,121,crushing intermezzo long middlegame pin quietMove sacrifice,https://lichess.org/JASXGYMY/black#48,
YuLht,8/8/1p2K3/p7/6k1/4P3/P7/8 b - - 2 44,b6b5 e6d5 g4f3 e3e4 b5b4 e4e5,2109,86,82,26,crushing defensiveMove endgame long pawnEndgame quietMove,https://lichess.org/qFz3szGa/black#88,
Yua8I,8/5p1p/6pP/2kPP3/2r2P2/2pK4/8/2R5 w - - 9 43,c1c3 c4c3 d3c3 c5d5 c3d3 g6g5 d3e3 g5g4 e3d3 g4g3 d3e3 g3g2,2192,85,91,2755,advancedPawn crushing endgame master quietMove rookEndgame veryLong zugzwang,https://lichess.org/vntCqwyT#85,
Yuk30,r5k1/p5p1/1p2p1P1/8/3Pp1Qb/1PP5/PB3qK1/R7 w - - 2 25,g2h3 a8f8 g4e6 g8h8,2122,76,100,228,crushing defensiveMove endgame quietMove short,https://lichess.org/vQc9EsbA#49,
Yus4x,3q2rk/6rp/5p2/p2pPP2/Pp4PQ/nP2N2R/1KP1N3/8 b - - 0 31,d5d4 e2f4 g7c7 e3c4,2194,143,77,9,crushing middlegame quietMove short,https://lichess.org/b4xU24Wu/black#62,
YvWI1,8/P7/8/2pb2p1/7p/1P3P1P/5KPk/8 b - - 8 50,h2h1 g2g4 h1h2 f3f4 g5f4 g4g5 h2h3 g5g6,2112,134,85,27,bishopEndgame crushing endgame quietMove sacrifice veryLong,https://lichess.org/Magcvw5O/black#100,
YvZUM,8/5rpk/7p/p2R4/2pP4/2P5/P1q3PP/4Q1K1 w - - 1 38,d5a5 f7b7 h2h3 b7b1 e1b1 c2b1,2157,125,100,35,crushing endgame long pin quietMove,https://lichess.org/0x4AGWUB#75,
Yvg0y,r1b1k1r1/ppQ3bp/2n2qp1/3p4/3Pp3/1N6/PP3PPP/R1B1KB1R b KQq - 2 13,c6d4 b3d4 f6d4 f1b5 e8f8 c1d2 g7e5 d2h6,2155,329,36,10,crushing exposedKing opening quietMove veryLong,https://lichess.org/cl68SiiM/black#26,Dutch_Defense Dutch_Defense_Other_variations
YvkVJ,1k5r/p4p2/Bp2pn2/1Q2R2p/3r1qp1/8/PP3PPP/4R1K1 b - - 1 25,h5h4 b5c6 d4d7 e1c1 f4c1 c6c1,2169,76,94,873,advantage long middlegame quietMove,https://lichess.org/oj3Q4R5H/black#50,
YvoPz,8/5kp1/5p1p/4p3/4P1KP/5PP1/8/8 w - - 0 45,g4f5 h6h5 f3f4 g7g6,2103,107,61,37,endgame mate mateIn2 pawnEndgame quietMove short,https://lichess.org/Mb8sm5zp#89,
Yw08A,5r2/pp6/4Q2k/2p2r1P/3p2K1/6P1/PP6/n7 b - - 4 37,f8f6 e6g8 f5h5 g8h8,2169,77,93,6504,crushing endgame quietMove short,https://lichess.org/iW1cb8Gy/black#74,
Yw8uf,r5k1/pp3pp1/3r1Qnp/2pP4/4R3/7P/P1B2PP1/3R2K1 b - - 0 25,d6f6 d5d6 a8d8 d6d7 g8f8 d1e1 f6e6 e4e6 f7e6 c2g6,2178,77,84,107,advancedPawn capturingDefender crushing endgame quietMove veryLong,https://lichess.org/ksStsVOy/black#50,
Yw9Ro,1r1q1rk1/p4p1p/3p2nQ/1np5/8/2Pp2N1/P5KP/3NRR2 b - - 0 24,d8h4 g3h5 h4h5 h6h5,2125,77,92,1839,crushing master middlegame quietMove short,https://lichess.org/Xid3ukS3/black#48,
YwYV1,5rk1/5p2/1R6/4p1pp/4P3/1Pq2P2/5QPP/6K1 w - - 0 32,h2h3 f8d8 g1h2 c3c1,2179,114,75,16,advantage defensiveMove endgame quietMove short,https://lichess.org/ODezustU#63,
Ywjbq,8/5pp1/6b1/6k1/6P1/4K3/P7/3B4 b - - 4 43,f7f6 a2a4 g6f7 a4a5 f7c4 d1e2,2188,78,92,2365,bishopEndgame crushing endgame long quietMove,https://lichess.org/CPMAmAmY/black#86,
Yx9aL,5r2/8/p2p4/1p2p1kp/P2pP2R/1Pr2Pp1/2PN2K1/2R5 w - - 1 38,h4h3 h5h4 c1h1 f8f4,2195,92,78,27,advantage endgame master quietMove short,https://lichess.org/L4pkDKfY#75,
YxRfA,8/1p5p/8/2p5/1k6/1P4P1/2K4P/8 w - - 0 38,h2h4 h7h5 g3g4 h5g4 h4h5 g4g3 h5h6 g3g2 h6h7 g2g1q,2115,76,95,402,advancedPawn crushing endgame pawnEndgame promotion quietMove veryLong,https://lichess.org/yEPv48F3#75,
Yxcmd,8/1p4pp/1pp2k2/4p3/1PK1P1PP/P1P5/8/8 b - - 0 31,g7g5 h4h5 f6e6 a3a4 h7h6 a4a5 e6d7 a5b6,2124,78,86,193,crushing endgame pawnEndgame quietMove veryLong,https://lichess.org/ViGkgyZh/black#62,
Yxqpm,r2qnr1k/pp5p/2p1bppQ/3p4/3n2N1/2PB4/PP2NPPP/R4RK1 w - - 2 18,d3g6 d4e2 g1h1 d8e7 g6h7 e7g7,2191,109,45,21,crushing hangingPiece long middlegame quietMove,https://lichess.org/1fT8qRos#35,Modern_Defense Modern_Defense_Other_variations
YxxVe,8/5k2/1N1b4/1p6/3Kp1p1/6P1/1P4P1/8 b - - 1 43,d6c5 d4c5 e4e3 b6d7 f7e6 c5d4 e6d7 d4e3,2162,78,91,2352,crushing endgame hangingPiece quietMove veryLong,https://lichess.org/dPqXqqX1/black#86,
Yy0js,5rk1/R4ppp/1p1P4/2r5/8/4R2P/5P2/6K1 b - - 0 28,g7g6 d6d7 g8g7 e3e8 c5d5 a7a8 d5d7 e8f8,2102,76,89,484,advancedPawn advantage endgame quietMove rookEndgame veryLong,https://lichess.org/cC1qNzBz/black#56,
Yy1hA,Q1bqrk2/3p1ppp/p3p3/1p2nn2/8/1BN5/PPP2PPP/3R1RK1 w - - 0 21,f1e1 e5c6 a2a4 b5b4 a8c6 d7c6 d1d8 e8d8,2188,98,71,30,advantage middlegame quietMove veryLong,https://lichess.org/m4kNxJbi#41,
YyIeH,8/5p2/1K3p2/1p1kp2p/1Q5P/1P1q1P2/6P1/8 w - - 0 43,b4b5 d3b5 b6b5 f6f5 b5b4 d5d4,2170,75,76,131,crushing defensiveMove endgame long queenEndgame quietMove,https://lichess.org/xIMMpTgg#85,
YyXN1,8/p7/8/7p/5K2/1P5k/P4P2/8 w - - 0 45,f4f3 h5h4 b3b4 h3h2,2152,86,91,4373,crushing defensiveMove endgame master pawnEndgame quietMove short,https://lichess.org/x8sCeAsV#89,
YyXZm,1R6/8/1P3p2/4p2P/8/5k2/1r6/5K2 w - - 3 52,f1e1 e5e4 e1d1 e4e3,2113,76,87,153,crushing endgame master quietMove rookEndgame short,https://lichess.org/GAYAIS8B#103,
Yybp3,8/8/1pp5/p2k1p1p/P2P1P1P/1P1K4/8/8 b - - 0 40,b6b5 b3b4 a5b4 a4a5 c6c5 a5a6,2146,74,74,391,crushing endgame long master pawnEndgame quietMove,https://lichess.org/WA6oO5hA/black#80,
Yymfx,2r5/5p2/6p1/3P1k2/p1PK1P2/1p6/1R4P1/8 w - - 1 37,g2g3 c8a8 d4c3 a4a3,2181,79,85,55,crushing endgame quietMove rookEndgame short,https://lichess.org/vEdIlobF#73,
YyuzN,8/5n2/6K1/4p2P/p3N3/8/1k6/2N5 b - - 0 55,b2c1 g6f7 a4a3 e4c3 c1c2 h5h6 c2c3 h6h7 c3c2 h7h8q,2172,91,85,40,advancedPawn crushing endgame hangingPiece knightEndgame promotion quietMove veryLong,https://lichess.org/Qoqw8jaV/black#110,
Yz1no,2r5/8/5pk1/RR4pp/P2P4/5P1P/5PK1/3r4 w - - 3 42,b5d5 c8c1 f3f4 g5g4 d5g5 f6g5,2107,75,91,567,crushing endgame long quietMove rookEndgame,https://lichess.org/S9NcdLof#83,
YzDb8,2kr4/1p3p2/p1p2n2/6p1/3PPpPr/2P2P2/P5K1/R1BR4 w - - 1 20,c1a3 d8h8 d1h1 f6g4 h1h4 g4e3,2145,81,79,41,crushing endgame long quietMove sacrifice,https://lichess.org/LLBJ7MjV#39,
Yzvon,2kr3r/p4pp1/1p2p3/2B1P2q/5P2/P2P1nR1/1P3Q1p/2R4K b - - 0 27,c8b7 c5d6 d8c8 c1c8 h8c8 f2f3 h5f3 g3f3,2112,79,83,40,crushing middlegame quietMove veryLong,https://lichess.org/hVlx1hya/black#54,
Z03oO,8/1p1k4/2p1p1pp/1PPpP3/1K1Pp1PP/4P3/8/8 b - - 2 35,d7c7 b4a5 g6g5 h4h5 c6b5 a5b5,2107,76,91,3602,crushing endgame long pawnEndgame quietMove zugzwang,https://lichess.org/GoTmCViy/black#70,
Z0lYU,8/2N1b2k/8/2p5/P1Pp1p2/3K4/8/8 b - - 2 47,h7g6 a4a5 e7d6 a5a6 f4f3 a6a7 f3f2 d3e2 f2f1q e2f1,2145,77,91,665,advancedPawn crushing endgame master quietMove veryLong,https://lichess.org/jm7SXe39/black#94,
Z12f8,7k/pppq1pp1/3p1B1p/3P4/1P2rP2/6RP/P7/6RK b - - 0 33,e4e8 f6g7 h8h7 g7f6 h6h5 g3g7 h7h6 g1g6 f7g6 g7d7,2191,78,85,163,clearance crushing endgame quietMove veryLong,https://lichess.org/Uv4xpBcy/black#66,
Z1FMs,8/r3n1kp/4Npp1/1bq3rB/ppp1P3/6QP/RP3PP1/3R2K1 b - - 7 35,g7h6 h5g4 c5e5 g3e3,2181,192,17,6,crushing middlegame quietMove short,https://lichess.org/7kRZQzkW/black#70,
Z1VJm,8/5k2/5p2/6p1/4P1P1/1KP5/R4r2/8 b - - 0 42,f2a2 b3a2 f7e6 c3c4 e6e5 c4c5,2189,79,91,634,crushing defensiveMove endgame long quietMove,https://lichess.org/VgRILbok/black#84,
Z1bV7,8/1p3pk1/2p1b1pp/8/PP1pP3/6P1/5PBP/6K1 w - - 0 25,a4a5 e6c4 f2f4 d4d3 g2f3 c4b3 g1f2 d3d2,2112,98,37,29,advancedPawn bishopEndgame crushing endgame master quietMove veryLong,https://lichess.org/yiAgK9XI#49,
Z1yPQ,Q4bk1/5ppp/4p3/R3P3/8/6PK/5q1P/8 w - - 2 38,a8c8 f2f1 h3h4 h7h6 c8f8 g8f8,2185,94,86,33,crushing endgame long quietMove,https://lichess.org/wWIeK3Ub#75,
Z2Pwl,r4rk1/3p2p1/1pqPp1Q1/p1p1P3/2P1R3/P5B1/1P3P1P/6K1 b - - 0 30,f8f5 e4g4 f5f7 g4h4,2131,79,88,534,crushing defensiveMove endgame quietMove short,https://lichess.org/8nS1KNTq/black#60,
Z2dDH,8/ppr1npk1/8/1P1p4/3P2q1/P2Q1NPp/4RP2/6K1 w - - 1 30,f3e5 h3h2 g1h2 g4h5 h2g2 c7c1 e2e1 c1e1,2138,76,91,526,advancedPawn attraction crushing endgame quietMove veryLong,https://lichess.org/QWD2eyfJ#59,
Z2rDI,1qkr3r/1p3pp1/pQp4p/4P3/6n1/2NB4/PPPR3P/2K5 b - - 0 22,g4e5 d3f5 e5d7 c3e4 g7g6 e4d6 b8d6 d2d6,2100,74,86,170,advantage middlegame pin queensideAttack quietMove veryLong,https://lichess.org/jjy2FzSS/black#44,
Z359c,1N6/n3k3/2p1p2p/2KpP2P/1P6/8/8/8 w - - 1 41,b8c6 a7c6 c5c6 d5d4 b4b5 e7d8 b5b6 d8c8 b6b7 c8b8,2134,88,92,31,crushing endgame knightEndgame quietMove veryLong,https://lichess.org/RgX7hlWv#81,
Z36CP,2rq1rk1/3n1ppp/p3p3/1p1pPP2/1b6/1PNP4/PB4PP/R2Q1R1K w - - 1 17,d1g4 b4c3 f5f6 g7g6 b2c3 c8c3,2170,80,89,887,advantage long middlegame quietMove,https://lichess.org/BfUYshHP#33,Caro-Kann_Defense Caro-Kann_Defense_Other_variations
Z36Jf,r1b5/2p3rk/3p4/PNpPp1bK/2P1P1B1/8/6R1/R7 b - - 6 38,c8g4 g2g4 a8g8 a1g1 g7g6 g4g5 g6h6 h5g4 g8g5 g4g5 h6g6 g5f5 g6g1 a5a6,2127,75,88,102,crushing middlegame quietMove veryLong,https://lichess.org/pSlmgE56/black#76,
Z4QfH,3r1k1r/5pp1/1q3b1p/8/p1QN3P/P7/1P1R1PP1/1K5R b - - 8 29,f6d4 h1d1 b6g6 b1a2,2128,77,68,67,advantage defensiveMove middlegame quietMove short,https://lichess.org/SztDP11S/black#58,
Z4xKn,k7/1p6/p1r1p1R1/8/3P4/2P5/2RQ4/2K2q2 w - - 10 54,c1b2 c6b6 b2a3 f1b5 g6g8 a8a7 g8a8 a7a8 c3c4 b5b3,2130,78,95,4701,endgame mate mateIn5 quietMove veryLong,https://lichess.org/LgcLSxyR#107,
Z5LDd,4rk2/2p3p1/5pQp/2PP4/8/8/1p3PPP/6K1 w - - 0 41,g1f1 e8a8 f1e2 a8a1 d5d6 c7d6,2133,85,87,63,crushing endgame long queenRookEndgame quietMove,https://lichess.org/ns6pn5n6#81,
Z5Nuk,8/6pp/1k1p4/3P4/2p3r1/2P1K1P1/5R1P/8 w - - 2 37,f2f4 g4f4 g3f4 b6c5 e3e4 g7g6 h2h4 h7h5 e4f3 c5d5,2164,75,86,245,crushing endgame quietMove rookEndgame veryLong zugzwang,https://lichess.org/GYuwAYCZ#73,
Z5QpI,8/7p/1P1p1kp1/2pB4/2P2P2/6rP/4p3/4K3 b - - 0 37,g3h3 d5c6 h3b3 c6b5 b3b1 e1e2,2103,76,85,386,crushing endgame long quietMove,https://lichess.org/4XnHCQIC/black#74,
Z5mF9,7r/pk5r/1p2p3/1P2Pp2/3P1Pp1/2P1R1K1/8/R7 w - - 13 41,a1g1 h7h2 g1g2 h8h3,2141,75,81,253,clearance crushing endgame quietMove rookEndgame short,https://lichess.org/bdmGOLP6#81,
Z63po,8/1p6/1p1P1k2/2pBp3/P3r3/1P4P1/5K2/8 b - - 1 43,e4b4 d5c4 b4c4 b3c4,2122,75,93,2276,crushing endgame quietMove short,https://lichess.org/gAKLKHbT/black#86,
Z6Fnr,8/5p1p/4p3/7k/3PK3/4P3/5P2/8 w - - 0 52,f2f4 h5g4 e4e5 h7h5 f4f5 h5h4,2158,74,88,151,crushing defensiveMove endgame long pawnEndgame quietMove,https://lichess.org/gKFKHcYO#103,
Z6IzB,2kr1b1r/1p4p1/p1p1p3/2pqPbPp/5p1n/1P1P1P2/PBPNR2N/R3Q1K1 b - - 2 23,h4g6 d2c4 c8c7 e1a5 c7b8 c4b6 c5c4 b6d5,2142,75,85,90,advantage middlegame queensideAttack quietMove trappedPiece veryLong,https://lichess.org/827W9DL8/black#46,
Z6OqV,8/2n5/5p2/1p2p1k1/pP2P3/P1NK2P1/8/8 w - - 15 58,c3d5 c7d5 e4d5 f6f5 d5d6 g5f6,2163,76,87,679,crushing defensiveMove endgame knightEndgame long master masterVsMaster quietMove,https://lichess.org/Qes0rR0l#115,
Z70Si,2kr4/p1p1n3/1pn2N2/3p1q2/3P3r/P1N1PQ2/1P3PP1/R4RK1 b - - 2 20,f5f3 g2f3 d8f8 f6g4 f8f3 g1g2,2155,219,100,11,equality long middlegame quietMove,https://lichess.org/GmDS6dpL/black#40,
Z71K2,8/3k4/1n2p3/4P3/P1P2K2/1P6/8/8 b - - 0 41,d7c6 a4a5 b6d7 b3b4 c6c7 f4e4,2101,138,45,8,crushing defensiveMove endgame knightEndgame long quietMove,https://lichess.org/J2G4vkNd/black#82,
Z71Nk,8/1p6/p1p2k2/P1PpNp1p/3P1P1P/8/4bKP1/8 b - - 2 40,e2g4 e5g4 f5g4 f4f5 f6f5 f2e3 g4g3 e3f3,2197,82,77,58,crushing endgame quietMove veryLong zugzwang,https://lichess.org/6S3olHFk/black#80,
Z71z8,1k1r4/p7/1p1P1P2/2pP3Q/3br3/8/P5P1/5RK1 w - - 1 31,g1h1 e4e8 g2g4 e8h8 h5h8 d8h8,2120,77,90,792,advantage endgame long pin quietMove,https://lichess.org/qnWxq6Yy#61,
Z7STZ,2r4r/p2Q1ppp/1k1p4/1Bb5/1P3q2/2P5/P5PP/4R2K b - - 0 22,c5f2 a2a4 c8c7 a4a5 b6b7 b5a6 b7a6 d7c7,2139,87,65,95,advantage deflection exposedKing middlegame pin quietMove veryLong,https://lichess.org/950tyTLY/black#44,
Z7jft,8/p3q1kp/3p2p1/1p2p1P1/3pP2P/8/PPR5/1K3R2 b - - 1 28,h7h6 f1c1 h6g5 c2c7 e7c7 c1c7,2156,76,87,130,crushing endgame long master pin queenRookEndgame quietMove,https://lichess.org/1la5CaZz/black#56,
Z7sSm,8/8/8/P6P/1nN2k2/1PKpp3/8/8 w - - 0 58,h5h6 e3e2 c3d2 b4c2 d2d3 e2e1q,2178,76,62,91,advancedPawn crushing endgame knightEndgame long master promotion quietMove,https://lichess.org/FlC8Efo8#115,
Z8BMh,r6k/2p1R1p1/6p1/2pP2P1/p1P4P/2P5/5r2/2K4R w - - 0 31,e7c7 a4a3 c1b1 a8b8 b1a1 b8b2 c7c8 h8h7 c8b8 b2b8,2138,77,84,235,crushing endgame exposedKing master quietMove rookEndgame veryLong,https://lichess.org/3ovDxLSa#61,
Z8Ing,1r1r2k1/p2nqpbp/1p1n2p1/2p1p3/P1Q5/N1P1PN1P/1P3PPB/R2R1K2 w - - 3 20,c4a6 c5c4 d1d6 e7d6,2153,74,90,718,advantage master middlegame quietMove short,https://lichess.org/Cn6y1ugs#39,
Z8NrM,8/pp4r1/2p2kPR/4p3/1PP1Br2/5PK1/P7/8 b - - 0 44,g7d7 g6g7 f6f7 h6h8 f7g7 h8h7 g7g8 h7d7,2162,75,93,3425,advancedPawn crushing discoveredAttack endgame quietMove skewer veryLong,https://lichess.org/Vb2bZElb/black#88,
Z8Ob6,5rk1/1Pp5/3p2p1/4p2p/8/2PP1p1P/6P1/2R3K1 b - - 0 26,f3g2 c1a1 g8g7 a1a8 f8f1 g1g2,2124,77,95,3364,crushing endgame long quietMove rookEndgame,https://lichess.org/MSWa66Zl/black#52,
Z8aSJ,5r1k/R5pp/1p4r1/8/8/2P3Pq/PP2QP2/4R1K1 w - - 3 33,a7e7 g6h6 e2f3 h3h2 g1f1 h6f6,2136,78,91,1786,advantage endgame long quietMove,https://lichess.org/2l8GQ0c4#65,
Z9Gqd,1rb2rk1/ppq2pp1/8/3R4/7Q/8/PPP2PPP/4R1K1 b - - 0 20,g7g6 d5h5 g6h5 h4g5 g8h7 g5h5 h7g7 h5g5,2125,75,90,503,advantage middlegame quietMove sacrifice veryLong,https://lichess.org/YeX53lAe/black#40,
Z9ILg,8/8/6p1/7p/Kp6/2k5/P5PP/8 b - - 1 47,g6g5 a4b5 g5g4 g2g3 c3d4 b5b4,2118,79,90,1291,crushing endgame long pawnEndgame quietMove,https://lichess.org/QuU5Uu93/black#94,
Z9MQi,8/1Pk5/2Bp4/p2Pp3/P3Pp2/1N3Pp1/5r2/6K1 b - - 6 54,f2f3 b3c5 d6c5 d5d6 c7d6 b7b8q,2166,78,91,260,advancedPawn advantage attraction deflection endgame long promotion quietMove sacrifice,https://lichess.org/WhmVjMzA/black#108,
Z9MtI,8/p7/2p5/5p1p/1kP2P1P/1P3K2/P7/8 w - - 3 56,f3e3 c6c5 e3d2 b4a3,2120,85,92,3825,crushing endgame pawnEndgame quietMove short,https://lichess.org/JduhLmcZ#111,
Z9eEH,3r4/R1R3pk/4p3/P3n2p/1B2PP2/2P5/6rP/3K4 w - - 1 35,d1e1 e5f3 e1f1 d8d2 c7g7 g2g7 a7g7 h7g7,2155,74,93,8882,advantage endgame quietMove veryLong,https://lichess.org/bbg9HI21#69,
Z9lIN,2N5/3n2p1/1p2p1kp/1P2P3/3K4/6PP/8/8 w - - 1 44,c8b6 d7b6 d4c5 b6c8 c5c6 c8a7 c6d7 a7b5,2114,95,57,33,advantage deflection endgame hangingPiece knightEndgame quietMove veryLong,https://lichess.org/9hIv2uiK#87,
ZAeLP,8/5bk1/2p1n2p/3pP3/5N2/6P1/5PB1/5K2 w - - 3 41,f1e2 e6f4 g3f4 f7e6 f4f5 e6f5,2155,80,75,68,clearance crushing endgame long quietMove,https://lichess.org/aZm6hkXn#81,
ZBLRt,1rb2r2/pp2R1kp/3p1qp1/8/3Q4/8/PP3PPP/R5K1 b - - 2 28,f8f7 e7f7 g7f7 d4a7 f6b2 a1f1 b2c2 a7b8,2139,76,87,493,advantage middlegame pin quietMove trappedPiece veryLong,https://lichess.org/H0Pnff4C/black#56,
ZBN2P,r4rk1/p1p1b1pq/bp2p1R1/3pP3/7P/5NQ1/PPP2PP1/1K5R b - - 0 21,a6e2 h4h5 d5d4 h5h6,2187,83,88,931,advantage middlegame quietMove short,https://lichess.org/ZdX99jxm/black#42,
ZBjT5,5r2/pp2P2p/2pR2p1/8/2B5/2P3kb/Pr6/R5K1 b - - 0 29,f8e8 d6d3 g3h4 a1e1 b2g2 g1h1,2143,76,85,247,advantage endgame long quietMove,https://lichess.org/ENDZunvy/black#58,
ZBtAU,6Q1/kp6/2p5/p2r3r/P6P/6PK/1P6/8 w - - 9 52,g3g4 d5d3 h3g2 h5c5 g8f7 c5c2 f7f2 c2f2,2163,83,87,48,clearance crushing endgame queenRookEndgame quietMove veryLong,https://lichess.org/pRdrm9d6#103,
ZBvcX,8/8/7p/2kp4/p1p2KP1/Pp6/1P2B3/8 w - - 3 52,f4e5 d5d4 e5e4 d4d3 e2d3 c4d3 e4d3 c5d5,2161,82,80,57,bishopEndgame crushing defensiveMove endgame quietMove veryLong zugzwang,https://lichess.org/jfdxBZch#103,
ZBxIB,8/5p2/1p3K2/p5p1/Pk6/1P4P1/5P2/8 w - - 4 51,f6f7 g5g4 f7g6 b4b3,2174,79,91,1461,crushing endgame master pawnEndgame quietMove short,https://lichess.org/P88EO6U9#101,
ZC0II,2r2rk1/p5b1/1pPp4/1P3p1Q/P3p1p1/4P1P1/1q1N1PB1/3R2K1 b - - 2 31,c8c7 g2f1 b2c2 f1c4,2125,104,100,20,advantage master middlegame quietMove short,https://lichess.org/DtYLmOpv/black#62,
ZC6Xv,8/3k1pp1/3P3p/p1K5/Pp1p3P/1P6/2P3P1/8 b - - 0 46,g7g5 h4g5 h6g5 g2g4 d7e6 c5c6,2134,74,82,326,crushing defensiveMove endgame long pawnEndgame quietMove,https://lichess.org/ONG4WyFW/black#92,
ZCA59,1k5r/Rbp1r1pp/1p1q4/8/3pp1B1/8/4QPPP/R5K1 b - - 1 27,d4d3 e2a2 c7c5 a7a8 b8c7 a8h8,2104,77,94,113,advantage long middlegame quietMove skewer,https://lichess.org/XmIyI6GH/black#54,
ZCERX,5rk1/pp5p/3p2P1/3Pp3/R6q/1P1Q4/P5PK/8 w - - 1 28,h2g1 h4e1 g1h2 f8f1 g6h7 g8h8,2106,75,92,2209,crushing endgame long quietMove,https://lichess.org/8Ltuk71P#55,
ZCFgW,1r3rk1/4q1pp/pp1Np3/2np4/4P3/3P4/PP3PPP/R2Q1RK1 w - - 1 18,b2b4 c5d7 d6c4 d5c4,2141,75,93,3826,crushing middlegame quietMove short trappedPiece,https://lichess.org/CDQyeKjt#35,Queens_Pawn_Game Queens_Pawn_Game_Accelerated_London_System
ZClOf,8/6pp/Pk3p2/1P6/4KP2/6r1/8/1R6 b - - 1 40,g7g5 b1a1 g5f4 a6a7,2175,80,91,778,advancedPawn crushing endgame quietMove rookEndgame short,https://lichess.org/1qoH5Qfx/black#80,
ZCsZP,r7/7R/5p2/P7/5k2/8/1K6/8 w - - 1 43,h7f7 f6f5 a5a6 a8a6,2154,76,94,2852,crushing endgame quietMove rookEndgame short,https://lichess.org/z6r2j6Sq#85,
ZCu7H,r1b5/p1pq2kp/1p4p1/4p1Q1/1P6/3nB3/P3N1PP/5RK1 b - - 1 23,c8b7 g5f6 g7g8 e3h6 d3f4 e2f4,2121,121,85,33,clearance crushing long master middlegame quietMove,https://lichess.org/VjKlDsBp/black#46,
ZDaGH,1n3rk1/3bQpb1/p6p/4p3/2q1N3/5N2/PP3PP1/R3K2R w KQ - 0 23,e4f6 g7f6 e7f6 d7b5 f6e5 f8e8 e5e8 b5e8,2128,76,93,4363,advantage middlegame pin quietMove veryLong,https://lichess.org/2AFz8uzO#45,
ZDjta,R7/P5k1/8/5p2/8/6pP/r7/6K1 w - - 0 49,h3h4 f5f4 a8c8 a2a7 c8c4 a7f7,2193,75,87,248,crushing defensiveMove endgame long quietMove rookEndgame,https://lichess.org/dOk3OMF8#97,
ZE3YM,8/p7/2p4p/1p2kp2/3p4/3P1KPP/PPP5/8 b - - 0 35,h6h5 b2b4 e5e6 f3f4 e6f6 h3h4 a7a6 a2a3 f6e6 f4g5,2197,76,82,209,crushing endgame pawnEndgame quietMove veryLong zugzwang,https://lichess.org/rpuMZCDO/black#70,
ZEOOP,1r4rk/1b2R3/p4R1q/8/2P4p/6P1/PP5P/5QK1 b - - 0 37,h6g5 f6f7 g5c5 f1f2 c5f2 g1f2 h4g3 h2g3 b7e4 e7e4,2101,75,91,2257,crushing defensiveMove middlegame quietMove veryLong,https://lichess.org/CmrzQiw5/black#74,
ZElLi,8/8/7K/1p1p2B1/3Pn3/5k1P/8/8 w - - 1 44,h3h4 b5b4 g5e7 b4b3 e7a3 f3g4 h6g6 g4h4,2191,84,85,49,crushing endgame quietMove veryLong,https://lichess.org/SLn8sAff#87,
ZF1en,8/8/2k5/p4p2/5K2/1P6/2P5/8 b - - 1 52,c6c5 c2c3 c5b5 f4f5 a5a4 b3a4,2155,80,90,1241,crushing endgame long pawnEndgame quietMove,https://lichess.org/HuxHBA9t/black#104,
ZGIfZ,1r3k2/N4ppp/8/4P3/8/8/1p3PPP/1R4K1 w - - 2 36,a7c6 b8a8 h2h3 a8a1,2192,132,78,27,crushing endgame pin quietMove short,https://lichess.org/yoyqKvy4#71,
ZGQVs,8/3r4/8/6R1/4k3/5p1P/6K1/8 w - - 0 65,g2g3 d7d2 g5a5 d2g2,2144,74,94,5005,crushing endgame master quietMove rookEndgame short,https://lichess.org/haa67Xq1#129,
ZGW7B,8/8/1p6/p3k3/4p3/P3K1p1/1PP3P1/8 w - - 2 44,c2c3 a5a4 c3c4 e5f5,2165,79,84,51,advantage defensiveMove endgame pawnEndgame quietMove short,https://lichess.org/tiqYyXEh#87,
ZGYaz,2r5/4k1pp/p3pp2/8/2Nb4/P4PPP/2R1K3/8 b - - 3 35,c8b8 c4a5 e7d6 a5c6 b8b3 c6d4,2137,96,63,19,advantage endgame fork long quietMove,https://lichess.org/u8ayC4r4/black#70,
ZGcwS,8/2k2pr1/p3p3/1p3p1p/1P1R3P/P3PKP1/5P2/8 b - - 0 31,g7g4 d4g4 f5g4 f3f4 f7f6 e3e4 c7d6 e4e5,2106,76,92,515,advantage endgame quietMove rookEndgame veryLong,https://lichess.org/fJ5aKDdC/black#62,
ZGkAk,4r3/4P3/2k1K2p/1p2R2p/3p4/p2P4/2P5/8 b - - 1 49,a3a2 e5e1 e8h8 e1a1 h5h4 a1a2,2171,76,91,3199,crushing endgame long quietMove rookEndgame,https://lichess.org/pGvTODTd/black#98,
ZGr5Z,8/p5r1/2Q2k2/2p1q1pB/8/3p1P1P/P4PK1/8 b - - 6 45,f6f5 h5g4 f5f4 c6a4 e5d4 a4e8 g7b7 e8g6 d4f2 g2f2,2118,236,-87,7,crushing endgame quietMove veryLong,https://lichess.org/pUurCN7S/black#90,
ZHHGk,r6k/3B2pp/3Q1r2/p2p1p1n/P1p5/5P1q/1PPB3P/R4R1K w - - 1 25,d6e5 f6g6 f1f2 h5g3 e5g3 g6g3,2144,80,91,1593,advantage long middlegame pin quietMove,https://lichess.org/LAuv7RXL#49,
ZHRMJ,8/8/2p4p/2k5/R4K1P/2r3P1/8/8 b - - 1 37,c3c4 a4c4 c5c4 g3g4 c4d5 f4f5,2144,81,88,48,crushing defensiveMove endgame long quietMove rookEndgame,https://lichess.org/D3s0WIyx/black#74,
ZI2Jv,8/8/p2P1kp1/1p6/5P1p/P7/1PK3R1/7r b - - 0 54,h4h3 g2d2 h1c1 c2c1,2198,94,85,23,crushing endgame quietMove rookEndgame short,https://lichess.org/QtYMCkTh/black#108,
ZI9dE,8/8/2R5/1pP1P3/4r2k/p7/P7/1K6 b - - 2 43,e4e5 c6c8 e5e1 b1c2 h4g5 c5c6,2127,84,80,28,crushing endgame long master quietMove rookEndgame,https://lichess.org/VtJg4FpH/black#86,
ZIIEf,2r5/4R3/2p2kpp/2P5/P7/2pr2KP/6P1/4R3 w - - 6 37,g3g4 h6h5 g4f4 g6g5 f4e4 c8d8 e1f1 f6e7,2105,77,95,1455,crushing endgame quietMove rookEndgame veryLong,https://lichess.org/WMM7cL2K#73,
ZILl2,8/8/8/4PKp1/4N2k/8/6p1/8 w - - 0 67,e4d2 g5g4 e5e6 g2g1q,2148,75,84,83,advancedPawn crushing endgame knightEndgame master masterVsMaster promotion quietMove short,https://lichess.org/MkrePAIU#133,
ZIZBP,2k5/1p5p/1Qp3p1/2P4P/3r4/3n4/PP3p2/K5R1 w - - 0 32,g1f1 d4e4 b6a5 e4e1,2143,76,90,926,crushing endgame quietMove short,https://lichess.org/CEhfIbh2#63,
ZIZet,8/1br4p/1p2p2p/p2p4/4kP2/1P2PN2/P2R1KPP/8 b - - 8 32,c7c1 g2g4 c1f1 f2f1,2107,78,92,65,crushing endgame master quietMove short,https://lichess.org/EAxJZIEc/black#64,
ZIh2d,7Q/b1pnkppp/6b1/1p2p3/1P2P3/N4qP1/P6P/1RBKR3 w - - 0 22,e1e2 g6h5 c1g5 d7f6,2194,82,79,60,crushing defensiveMove middlegame quietMove short,https://lichess.org/7asJqBTb#43,
ZIoDB,4rrk1/1bq2p1p/p2b1Qp1/1pppN3/5B2/P2P3P/1PP2PP1/R3R1K1 b - - 1 20,d6e7 e5g4 e7f6 g4f6 g8h8 f4c7 e8e1 a1e1,2155,75,95,1897,crushing fork middlegame quietMove sacrifice veryLong,https://lichess.org/EB8bKJGb/black#40,
ZIsKw,5bk1/2q2p1p/r1pp2p1/4p1Qn/p3P2P/P1N5/1PP2PP1/2KR3R w - - 3 19,g2g4 h5f4 h4h5 f8e7,2131,83,91,1088,crushing middlegame quietMove short,https://lichess.org/RxfRwuoP#37,Sicilian_Defense Sicilian_Defense_Other_variations
ZJAsf,Q4rk1/2p2p1p/p3p3/2b1np2/P4q2/1BN4P/1PP3P1/3RR2K w - - 0 22,a8b7 e5g4 g2g3 f4g3 b7g2 g4f2,2120,98,84,27,advantage kingsideAttack long middlegame quietMove,https://lichess.org/VqbXJZHb#43,
ZJk9Q,8/8/4k3/p1p5/2P1pp1p/PK2P3/5P1P/8 b - - 1 52,e6f5 h2h3 f5e6 b3a4,2105,77,91,342,crushing endgame master pawnEndgame quietMove short,https://lichess.org/eAaufQPH/black#104,
ZJndT,8/2K1nk2/5p2/2P4P/8/p7/3N4/8 w - - 0 58,d2b3 f6f5 h5h6 f5f4 h6h7 f7g7,2194,81,90,1471,crushing endgame knightEndgame long quietMove,https://lichess.org/gYRzAOUX#115,
ZKGAQ,8/7p/8/3kpp2/5P2/4K1PP/8/8 w - - 0 54,h3h4 e5e4 h4h5 h7h6 g3g4 f5g4,2114,76,94,8352,crushing endgame long pawnEndgame quietMove zugzwang,https://lichess.org/bdarJE2D#107,
ZKHFQ,6B1/8/7p/4k1p1/pK3p2/1p5P/6P1/8 w - - 6 52,b4a4 b3b2 g8h7 h6h5 a4b3 g5g4,2179,79,91,3427,advancedPawn bishopEndgame crushing endgame long quietMove,https://lichess.org/urCpoK0A#103,
ZKwns,rnb2k1r/ppp2pp1/5q2/2bP3p/4RB2/1B4PP/P1PQ1P2/RN4K1 b - - 4 16,f6a1 d2e1 c8d7 f4e5 a1e5 e4e5,2154,76,95,1518,advantage long middlegame quietMove trappedPiece,https://lichess.org/PgdSs9OH/black#32,Russian_Game Russian_Game_Italian_Variation
ZLEgl,b7/4k3/P7/4B1p1/1PBK3P/5r2/8/8 b - - 0 44,g5h4 b4b5 f3f8 b5b6,2162,82,70,55,crushing endgame quietMove short,https://lichess.org/1uGwDnMa/black#88,
ZLG0Q,8/2p5/1k6/2p3p1/P1K3P1/8/8/8 b - - 3 54,b6c6 a4a5 c6d6 c4b5 c5c4 b5c4,2142,77,91,594,crushing endgame long pawnEndgame quietMove zugzwang,https://lichess.org/ALdRPtrH/black#108,
ZLRgz,8/p1p5/1p6/6k1/1PPpP3/P2P1p2/5K2/8 b - - 3 42,g5f4 b4b5 f4g4 e4e5 g4f5 f2f3,2171,76,94,1958,crushing endgame long pawnEndgame quietMove zugzwang,https://lichess.org/Q3TveyRc/black#84,
ZLgte,2r3k1/6pp/3p4/1b1Pp3/4B3/1Pp4P/2P2RP1/3K4 w - - 2 32,e4f5 c8a8 f5d3 b5d3 c2d3 a8a1 d1c2 a1a2 c2c3 a2f2,2107,76,92,808,crushing endgame quietMove skewer veryLong,https://lichess.org/9fCdkfXB#63,
ZLjFT,8/7p/8/3k4/1P1p4/3P1K2/2P5/8 w - - 1 43,b4b5 h7h5 b5b6 d5c6 b6b7 c6b7,2174,81,81,203,crushing endgame long pawnEndgame quietMove,https://lichess.org/VmTIOF2A#85,
ZLoat,r6k/2pQ1p1p/p2p4/8/2PN1P1q/1P4r1/P6P/R4RK1 w - - 0 27,h2g3 h4g3 g1h1 a8g8 f1f2 g3f2,2192,97,56,19,crushing endgame long quietMove,https://lichess.org/hCk9WYd1#53,
ZLvO7,8/8/p5PK/2p5/2k4P/8/Pb6/8 b - - 0 42,b2c1 h6h7 c1b2 h4h5 c4d3 h5h6 c5c4 g6g7 c4c3 g7g8q,2138,79,86,545,advancedPawn bishopEndgame crushing defensiveMove endgame promotion quietMove veryLong,https://lichess.org/t7zXezbw/black#84,
ZLzug,8/4kp1p/6p1/1pP5/4P1P1/1K6/8/8 b - - 4 43,e7d7 g4g5 d7e6 b3b4,2138,82,91,111,crushing endgame pawnEndgame quietMove short,https://lichess.org/34aeNGDG/black#86,
ZM0mT,8/2R3p1/1P3p1k/3N4/4n2p/7P/6PK/1r6 w - - 4 42,b6b7 e4g3 c7c1 b1c1 b7b8q c1h1,2129,76,94,11934,endgame hookMate long mate mateIn3 quietMove,https://lichess.org/2jtpHtoc#83,
ZM8nx,8/K1k4p/1pb1p1p1/3p1p2/1P1P3P/3BP1P1/5P2/8 w - - 4 40,d3a6 b6b5 f2f3 h7h6,2164,80,61,97,advantage bishopEndgame defensiveMove endgame master quietMove short,https://lichess.org/MeNwMZfN#79,
ZMDkS,7k/1p1r3p/p1pN4/P1P5/1P2pp2/2n4P/5PPK/5R2 b - - 3 31,e4e3 f2e3 f4e3 d6e8 d7g7 e8g7,2108,76,91,352,crushing endgame long quietMove,https://lichess.org/vLgIlfjp/black#62,
ZMKfs,4r3/1p4k1/5p1p/p4B2/P2p2PP/1P3P2/2Pb4/1K5R w - - 1 28,h1h2 e8e1 b1a2 d2c3 b3b4 b7b5,2155,137,85,9,crushing endgame long quietMove,https://lichess.org/zrcMSTC7#55,
ZMQBA,1r6/R3Pkpp/8/4N3/8/1p6/2n3PP/6K1 b - - 1 32,f7e8 e5c4 e8f7 c4d6,2167,74,93,2389,advantage endgame quietMove short,https://lichess.org/M7BlnzU6/black#64,
ZMR7G,8/7p/8/5pp1/3k4/5KP1/5P1P/8 w - - 0 43,g3g4 f5f4 f3e2 d4c3,2190,73,93,8533,crushing defensiveMove endgame pawnEndgame quietMove short,https://lichess.org/2c4zcVG2#85,
ZN8PC,8/6pk/p1n4p/1p2pq2/1P1p2P1/P7/7P/5RK1 w - - 0 38,f1f5 d4d3 f5f1 e5e4 g1f2 c6e5,2187,79,90,929,crushing endgame long master quietMove,https://lichess.org/ynJXwgj8#75,
ZNZjG,r7/4k1pp/3p4/P1nKp3/4Pp2/5P2/4N1PP/R7 w - - 6 34,e2c3 a8c8 d5c4 c5e4 c4b4 e4c3,2142,159,73,13,crushing discoveredAttack endgame long quietMove,https://lichess.org/Dyo8hKqh#67,
ZNecv,4r1k1/pQ4pp/2p5/3p4/3P4/2P1q3/P5PP/5R1K b - - 0 24,e3e1 b7f7 g8h8 h2h3 e1f1 f7f1,2141,77,90,779,crushing endgame long quietMove,https://lichess.org/PyamUoKU/black#48,
ZO3l2,8/8/7p/3K2p1/2P5/6kP/8/8 b - - 0 51,g3h3 c4c5 g5g4 c5c6 g4g3 c6c7 g3g2 c7c8q h3h2 c8c2,2116,75,92,2254,advancedPawn crushing endgame pawnEndgame promotion quietMove veryLong,https://lichess.org/DIYmaSBg/black#102,
ZO9R5,2r1k1r1/3b3p/p3pQp1/3q4/5R2/7P/P5P1/4B2K b - - 6 28,e6e5 e1b4 c8c1 h1h2 c1c5 b4c5,2140,76,93,10936,advantage defensiveMove long middlegame quietMove,https://lichess.org/3HRlNuys/black#56,
ZOLF7,8/8/2N1p3/3p4/3P3k/5Kpp/8/8 w - - 2 51,c6d8 e6e5 d4e5 d5d4 d8c6 d4d3 c6d4 d3d2,2196,82,83,58,advancedPawn crushing endgame knightEndgame quietMove veryLong,https://lichess.org/BU0W2caG#101,
ZOXe6,1b6/4k3/pP5p/2P5/3P4/7P/5PP1/6K1 w - - 1 39,c5c6 a6a5 c6c7 b8c7 b6c7 e7d7 c7c8q d7c8,2158,77,98,291,bishopEndgame crushing endgame quietMove veryLong,https://lichess.org/3DrZOMpP#77,
ZOmwr,8/6p1/1k5p/p2K4/1p3P2/7P/1P4P1/8 w - - 0 46,g2g4 a5a4 d5c4 a4a3 b2a3 b4a3,2103,74,83,121,crushing endgame long pawnEndgame quietMove,https://lichess.org/dEmA4p13#91,
ZOwrs,8/7p/6p1/1R3p1k/3K3P/4P1P1/6r1/8 w - - 0 41,b5b7 h7h6 e3e4 f5e4,2117,79,91,1582,advantage endgame master quietMove rookEndgame short,https://lichess.org/4hoiEvQF#81,
ZOzPp,5rk1/pp4pp/2qp4/4n3/5N2/1P2Q1P1/P1P1P3/2KR4 w - - 3 25,e3a7 f8c8 c2c4 e5c4 a7d4 c4e3 c1d2 e3d1,2144,76,94,2796,crushing discoveredAttack endgame quietMove veryLong,https://lichess.org/ozkXWJjd#49,
ZP019,r4r1k/p2qb1pp/1p3p2/4n2Q/1PPpNR2/P2P3P/B5P1/5RK1 b - - 0 25,e5d3 f4h4 h7h6 h5g6,2142,76,86,70,advantage middlegame quietMove short,https://lichess.org/ye79VKjo/black#50,
ZP3BX,2kr3r/1b6/2Bbp2n/7p/QP2P1p1/8/5P1q/2R1NK2 b - - 1 30,d6c7 c6b7 c8b7 a4c6 b7b8 c1a1 h2h1 f1e2 h1e4 c6e4,2164,76,96,171,advantage attraction exposedKing middlegame quietMove veryLong,https://lichess.org/UmeeXq9t/black#60,
ZP9x1,8/2P2pk1/R3b1p1/8/4B3/5P1p/3K4/7r b - - 4 37,h3h2 f3f4 e6c8 a6a8 h1f1 a8c8,2185,77,88,65,advantage endgame long quietMove,https://lichess.org/2EsunkBQ/black#74,
ZPCf3,8/8/3k1p1p/pp1p1Pp1/3K2P1/2P4P/PP6/8 b - - 2 35,d6c6 b2b3 b5b4 c3c4 d5c4 d4c4,2166,76,81,75,crushing endgame long pawnEndgame quietMove zugzwang,https://lichess.org/8l6el3Ei/black#70,
ZPg0S,8/5ppp/3p4/pp1p4/3P1k2/P2P4/1PK2PPP/8 w - - 3 35,c2b1 h7h5 b1c2 h5h4 c2d1 h4h3,2106,90,88,39,crushing endgame long pawnEndgame quietMove,https://lichess.org/xQG1zM72#69,
ZPhhd,8/8/1p4k1/p2N4/2K5/P7/1P3b2/8 b - - 3 52,g6f5 c4b5 f2d4 b2b3 d4b2 a3a4,2134,80,80,61,advantage defensiveMove endgame long quietMove,https://lichess.org/MmCk09Lc/black#104,
ZPrMn,2R5/5pp1/p3p1kp/4P2P/5P2/5BP1/3q4/7K b - - 0 36,g6f5 c8c4 d2e1 h1g2,2174,78,91,749,crushing endgame quietMove short,https://lichess.org/eet1VxM1/black#72,
ZPujO,8/1nK2B2/7p/6k1/2P5/8/8/8 b - - 4 62,b7a5 c4c5 g5f6 c7b6 f6f7 b6a5 h6h5 c5c6,2192,75,94,3092,crushing endgame quietMove trappedPiece veryLong,https://lichess.org/yFeMDdv2/black#124,
ZQDgv,8/2R3pk/4p3/4K1p1/3P2P1/4P2P/2p4r/8 b - - 3 46,h2h3 e3e4 h3e3 c7c2,2111,77,87,174,crushing endgame quietMove rookEndgame short,https://lichess.org/ZhiWeWvE/black#92,
ZQSJl,3r4/1b2kR2/p3p3/1p2N1r1/3pP1p1/3P4/PBP3P1/6K1 b - - 1 32,e7e8 b2a3 g5e5 f7e7,2111,81,92,343,advantage endgame master masterVsMaster quietMove sacrifice short,https://lichess.org/MllBD8hQ/black#64,
ZQSre,2r3k1/pp1b3p/1q2p1p1/3pP1p1/1P4P1/P1BB3Q/3r3P/R2N3K b - - 4 24,d2d1 a1d1 c8c3 d1f1 c3d3 h3h6 b6d8 f1f7 d3d1 h1g2 g8f7 h6h7,2159,192,100,11,equality middlegame quietMove sacrifice veryLong,https://lichess.org/GC5GkL0P/black#48,
ZQxci,8/5k2/3P3p/4P1p1/2n1K1P1/6P1/6P1/8 w - - 1 43,e4d4 c4b6 d4c5 b6d7 c5d5 d7f8 d6d7 f7e7 e5e6 f8e6,2197,79,91,695,crushing endgame knightEndgame quietMove veryLong zugzwang,https://lichess.org/rE2IuCuB#85,
ZQzUa,8/4k3/1pp4p/p5p1/P1P2p2/3P1P1P/3K2P1/8 w - - 0 33,d2c3 c6c5 d3d4 c5d4 c3d4 e7d6,2111,105,81,36,crushing defensiveMove endgame long pawnEndgame quietMove,https://lichess.org/htXaLHHJ#65,
ZRAm8,5r2/1k4p1/p1ppp3/1p2p1Pr/1P1nP3/P1NPR3/2P2PP1/2R3K1 w - - 1 26,c3e2 d4e2 e3e2 f8h8 g2g3 h5h1,2115,77,82,109,crushing endgame kingsideAttack long quietMove,https://lichess.org/ujwEAkEG#51,
ZRUx3,8/5k2/4p1pp/8/3B2PP/5KP1/3b4/8 w - - 0 47,d4e3 d2e3 f3e3 e6e5 h4h5 g6g5,2126,115,86,30,bishopEndgame crushing defensiveMove endgame long quietMove,https://lichess.org/hUjeFuAZ#93,
ZS0uD,r3r1k1/p1q2ppp/3b4/8/2P1bNQ1/1P6/1B4PP/R4R1K b - - 0 25,g7g6 f4h5 d6e5 b2e5 c7e5 h5f6,2165,75,93,3250,crushing kingsideAttack long middlegame pin quietMove,https://lichess.org/wZqw9XoX/black#50,
ZS6ni,8/4p2p/1p1k2p1/pPpP4/P3KPP1/7P/8/8 w - - 1 35,h3h4 h7h5 g4g5 e7e6 d5e6 d6e6 e4d3 e6f5 d3e3 f5g4 e3e4 g4h4 e4e5 c5c4 f4f5 c4c3,2170,111,35,21,crushing endgame pawnEndgame quietMove veryLong zugzwang,https://lichess.org/EdkyAkXp#69,
ZScwO,r4rk1/1pp3p1/p6p/3nR3/P2P3q/3Q3P/1PP3P1/5RK1 w - - 0 21,f1f8 a8f8 e5d5 h4e1 g1h2 f8f1 d5d8 g8f7 d3c4 f7g6,2122,148,64,27,crushing defensiveMove endgame quietMove veryLong,https://lichess.org/2YpqCoej#41,
ZSmk6,8/5p2/2b1p3/3pP1k1/2pP1N2/1pP3K1/rP6/1R6 b - - 2 46,c6d7 b1h1 g5f5 g3f3 f7f6 h1h5,2117,76,93,7059,endgame long mate mateIn3 quietMove,https://lichess.org/cOm4ynQ1/black#92,
ZSst9,5r1k/6p1/p3Qb2/1p2p2p/5q2/1B3P1P/P5P1/3R3K w - - 2 26,e6a6 e5e4 d1d5 f6e5 d5e5 f4e5,2118,74,95,4506,clearance crushing endgame long quietMove,https://lichess.org/JV6QNHkt#51,
ZSw0T,6rk/5rnp/p5pQ/1pqp4/2P5/P4PR1/1B3P1P/1R5K b - - 1 34,c5f2 g3h3 f2f3 h3f3,2172,75,93,7218,crushing middlegame quietMove short,https://lichess.org/nefvwjHZ/black#68,
ZSyIx,2b5/2P2k2/3qp3/1p3p1p/rP3Pp1/2Q1P1P1/2R2KBP/8 w - - 3 39,c3c5 d6d1 c5c3 a4a1 c3a1 d1a1,2116,84,87,55,crushing endgame long quietMove,https://lichess.org/Q0Ra8U62#77,
ZT0BT,6k1/Rp3p2/1P2p1pp/2b1B3/8/1r2PP1P/5PK1/8 b - - 4 36,b3b6 a7a8 c5f8 e5f6 b6a6 a8b8,2113,78,90,939,advantage endgame long quietMove,https://lichess.org/E2i6xJND/black#72,
ZT0fU,2R5/p1R5/1k2p2p/P4pp1/1P6/1r3PPK/4r2P/8 b - - 0 39,b6a6 c8b8 b3b4 b8b4,2107,74,92,3042,crushing endgame quietMove rookEndgame short,https://lichess.org/UzsIains/black#78,
ZT7H6,5b2/3k4/6p1/pp1P4/3K1BP1/8/P7/8 b - - 1 49,f8d6 f4d6 d7d6 g4g5 b5b4 d4c4 a5a4 c4b4,2175,75,92,1880,bishopEndgame crushing endgame quietMove veryLong zugzwang,https://lichess.org/3f99m5dW/black#98,
ZTkyE,1k6/1b2Q3/p2N4/3p2K1/P2P4/4P1qp/8/8 w - - 0 43,g5h6 b7c8 e7d8 g3e3,2129,76,86,111,crushing endgame quietMove short,https://lichess.org/15NX30VU#85,
ZTziX,8/4k3/p3p3/1p2P1pp/2p5/P1P2K1P/1P4P1/8 w - - 1 33,g2g4 h5h4 a3a4 e7d7,2142,75,87,64,crushing defensiveMove endgame pawnEndgame quietMove short,https://lichess.org/36VR4NJj#65,
ZURY8,r4rk1/pp3b1p/5Qp1/1Pq2p2/P1P1p3/4P1P1/B6K/4RR2 b - - 3 28,f7c4 f6c3 a8c8 e1c1 c4a2 c3c5 c8c5 c1c5,2129,76,93,1813,advantage middlegame pin quietMove veryLong,https://lichess.org/PTBFyzv8/black#56,
ZUT9M,2q2r2/4bPk1/3p4/1p1Qp2p/pP2P3/5P2/PP5P/1K4R1 b - - 0 27,g7h6 d5d2 h6h7 d2g2 c8g4 f3g4,2197,78,86,132,crushing endgame long quietMove,https://lichess.org/Jw9GeXxK/black#54,
ZVFOr,3Q4/kpp2rq1/p7/2pP3p/2bb1P1P/2N1B1P1/PP3P2/2K1R3 b - - 7 37,d4c3 e3c5 b7b6 e1e8 c3b2 c1d1,2180,76,73,102,crushing defensiveMove long master middlegame quietMove,https://lichess.org/fWecFsth/black#74,
ZVMVT,7k/p5p1/2pqb2p/8/2QP4/4B1b1/PPP3P1/5B1K w - - 1 27,c4e2 d6e7 e2h5 e6f7 e3g5 e7g5 h5g5 h6g5,2185,75,83,89,crushing endgame quietMove veryLong,https://lichess.org/Gdp0Pnvf#53,
ZVqVe,8/p5p1/7p/3k4/P3p2P/4K3/1P4P1/8 w - - 1 39,g2g4 a7a5 h4h5 d5e5 b2b3 e5d5,2174,76,84,101,crushing defensiveMove endgame long pawnEndgame quietMove,https://lichess.org/55htLE4J#77,
ZVyon,r7/6p1/PR6/1P6/5k2/3K1p2/8/8 w - - 2 49,b6g6 a8d8 d3c3 f3f2 g6g7 d8f8 a6a7 f2f1q,2188,82,84,31,advancedPawn crushing endgame master masterVsMaster promotion quietMove rookEndgame veryLong,https://lichess.org/mLfqQWYF#97,
ZWEiZ,6qk/pbp4p/1p1ppn2/8/2PP1B2/2PBP2P/P4Q1K/8 b - - 1 25,f6e4 d3e4 b7e4 f4h6 g8g2 f2g2 e4g2 h2g2,2119,105,72,26,advantage endgame quietMove veryLong,https://lichess.org/6WhAQRCZ/black#50,
ZWNTQ,2r3k1/1Q2ppbp/6p1/3P4/8/1Bq1Rn1P/P4PP1/6K1 w - - 0 29,e3f3 c3e1 g1h2 g7e5 g2g3 c8c1 b7a8 g8g7 f3f7 g7f7,2148,83,90,1131,crushing endgame quietMove veryLong,https://lichess.org/GOixJuBt#57,
ZXNu9,r3k2r/pppb1p2/3ppn2/2bP2N1/2P1P2p/5Q1P/P1P2PPB/qN3RK1 b kq - 3 15,h8g8 b1c3 a1b2 f3f6,2130,76,85,145,advantage middlegame quietMove short trappedPiece,https://lichess.org/mE0Jgo7a/black#30,French_Defense French_Defense_Normal_Variation
ZXPQP,6rk/Q2RR1pp/2p2qb1/8/6P1/2N4P/Pr3PK1/8 w - - 1 26,c3e4 g6e4 e7e4 g8f8 d7f7 f8f7,2167,76,72,97,crushing long middlegame quietMove,https://lichess.org/GtqvHFi3#51,
ZXaWS,r4k1r/1p3pp1/p2p4/7p/3p4/3P3q/PPPBQP2/R3R1K1 w - - 0 22,d2b4 h8h6 b4d6 f8g8,2168,76,83,570,advantage middlegame quietMove short,https://lichess.org/Pu8DrCWt#43,
ZXbVx,3r4/2k2p2/2pbr1q1/pp6/4N3/P1P4P/1PQ2PP1/R4RK1 w - - 8 35,f1e1 d8e8 f2f3 f7f5,2130,74,93,6566,advantage middlegame quietMove short,https://lichess.org/iwxiLuUb#69,
ZXtCD,1q4k1/5pbp/2p3p1/p1P1p1n1/P1b1P3/B1N3P1/2QR1PKP/8 w - - 3 26,c3d1 b8c8 d2d8 c8d8,2152,88,68,35,crushing middlegame quietMove short,https://lichess.org/6tWtmuoT#51,
ZYfve,r2q4/pp3pk1/3p1b2/2p2P1p/4r1p1/8/PPPQ2PP/3RNRK1 b - - 1 24,f6b2 c2c3 b2c3 d2c3,2163,76,86,565,advantage middlegame quietMove short,https://lichess.org/XdkxG9J5/black#48,
ZYnCt,8/1q3p1k/2n2bpp/1rP5/1P2R3/3Q4/3B1PPP/6K1 b - - 1 38,h7g7 d2h6 g7h7 d3h3 b7c8 h3c8,2163,79,91,419,crushing long master middlegame quietMove,https://lichess.org/4EohmdWc/black#76,
ZZDVM,2b5/K1Pk4/p7/8/2P5/5p2/8/4B3 w - - 2 47,a7b8 a6a5 c4c5 c8a6,2108,76,95,936,bishopEndgame clearance crushing defensiveMove endgame master quietMove short,https://lichess.org/8RNgoYNM#93,
ZZVLO,1Q3b1r/p4kpp/5n2/q7/5N2/2N1r3/PP4PP/R4RK1 w - - 2 22,f4d5 f8c5 b8h8 e3e8 g1h1 e8h8,2192,78,90,308,advantage discoveredAttack long middlegame quietMove sacrifice,https://lichess.org/VOHZUHKa#43,
ZZlje,3Q1br1/pkp2ppp/5n2/q7/8/2N4P/PPP2RP1/R5K1 w - - 1 15,g1h1 f8d6 d8d6 c7d6,2171,78,91,1023,advantage middlegame quietMove short trappedPiece,https://lichess.org/Q3xBbCS8#29,Scandinavian_Defense Scandinavian_Defense_Main_Line
ZZn7a,8/8/2P3K1/2r3p1/1R6/5k2/8/8 w - - 5 71,b4b6 g5g4 b6b7 c5c6 g6g5 g4g3,2167,76,92,1853,crushing endgame long quietMove rookEndgame,https://lichess.org/F5IPCz2g#141,
ZZu1g,1r6/R4p1k/8/p1p2p2/4n2P/4P3/PKP5/6R1 w - - 2 36,b2a3 e4d6 c2c3 d6b5 a3a4 b5a7,2143,79,91,1171,advantage endgame exposedKing fork long quietMove,https://lichess.org/yqNVMTN0#71,
ZZvRT,6B1/1k5P/1pp5/3p4/3P1p2/p2P4/1rK5/3R4 w - - 1 41,c2c3 b6b5 g8d5 c6d5 h7h8q b5b4,2153,75,94,9437,endgame long mate mateIn3 quietMove,https://lichess.org/ufCUMk1l#81,
ZaXaD,6k1/1b3ppp/p7/1p1p2q1/8/P3r3/1PPQ2B1/3R1RK1 w - - 0 26,g1f2 d5d4 f2g1 b7g2 d2g2 e3g3,2129,91,69,32,advantage discoveredAttack long middlegame pin quietMove,https://lichess.org/vH6jydHu#51,
Zb0Oj,rn3rk1/6p1/p1p1p3/1p5p/4q3/1P2N1PK/P1P2P2/R2QR3 b - - 1 23,g7g5 d1h5 a8a7 h5g5 a7g7 e3g4 e4f5 g5f5,2120,113,85,20,advantage exposedKing kingsideAttack middlegame quietMove veryLong,https://lichess.org/yme9ycsW/black#46,
Zb78F,8/8/1pk3pR/5pP1/5nnP/P7/8/K7 b - - 4 43,g4h6 g5h6 g6g5 h4h5 f4h5 h6h7,2117,75,93,4399,advancedPawn crushing endgame knightEndgame long quietMove,https://lichess.org/CCeZdopv/black#86,
ZbEQl,6k1/5p1p/3p2pQ/2p5/6P1/4K2P/1q2b3/4R3 w - - 0 37,e1e2 b2c1 e2d2 c5c4 h6h4 c4c3,2130,77,86,65,crushing endgame long master masterVsMaster pin quietMove,https://lichess.org/wd5lBGIm#73,
ZbeTk,r6k/3p1Q1p/6pb/p3Pp2/3P4/4PR2/Pq2K3/7R w - - 4 35,e2f1 a8c8 f3f2 b2b1 f1g2 b1e4,2133,90,85,38,crushing endgame exposedKing long quietMove,https://lichess.org/0uOgP9N5#69,
ZbyHx,8/8/2P4p/p4p2/1p3N2/1Pn4P/2k1p1P1/4K3 w - - 1 64,f4e2 c3d5 e2d4 c2c3 d4f3 c3b3,2183,75,82,202,crushing defensiveMove endgame knightEndgame long quietMove,https://lichess.org/D362q4uM#127,
ZcJcd,8/5ppk/5b1p/8/5BP1/1P1r1q1P/2Q2P2/5RK1 b - - 0 34,f3h3 f4g3 h7g8 c2d3,2151,77,90,417,advantage endgame interference pin quietMove short,https://lichess.org/Lxa0rvl3/black#68,
ZcLSD,8/p7/8/4k1p1/1P6/P3K3/8/8 w - - 0 55,a3a4 e5d5 e3d3 g5g4 b4b5 d5c5,2194,79,96,1043,crushing endgame long master pawnEndgame quietMove,https://lichess.org/SIDqMwR7#109,
ZcXNo,r5k1/pp1R3p/2p4r/4np2/4p3/4P1PP/PP3PQ1/6K1 w - - 1 31,d7b7 e5f3 g1h1 a8d8 b7b8 d8b8,2158,75,93,1660,advantage endgame long quietMove,https://lichess.org/PzTmC4Mx#61,
ZcmIn,8/8/p6p/1p6/5K2/2P5/PP6/6k1 b - - 1 51,g1f2 b2b3 h6h5 c3c4 h5h4 f4g4 h4h3 g4h3 f2e3 c4c5,2134,80,85,45,crushing defensiveMove endgame pawnEndgame quietMove veryLong,https://lichess.org/gQLK3ODi/black#102,
Zd8GD,8/8/8/7p/1k3P2/1rp5/R1K5/8 b - - 0 42,h5h4 f4f5 h4h3 f5f6 b4c4 a2a4,2190,78,90,1644,crushing endgame long quietMove rookEndgame,https://lichess.org/iShWwm8i/black#84,
ZdDWB,8/6pk/8/7p/2R5/5P2/r3P3/3K4 w - - 0 41,e2e4 h5h4 e4e5 g7g5 c4c7 h7g6,2104,90,89,43,crushing defensiveMove endgame long quietMove rookEndgame,https://lichess.org/ePiplyX7#81,
ZdMhS,r3r1k1/1p3ppp/p1pRb1n1/2q1p3/4P3/2NRBQ1P/5PP1/6K1 b - - 1 28,c5a3 c3d5 a3a1 d3d1,2129,233,60,8,defensiveMove equality middlegame quietMove short,https://lichess.org/LgA8IGZv/black#56,
ZdhSh,8/8/8/5pp1/3k4/5KP1/5P2/8 w - - 0 43,g3g4 f5f4 f3e2 d4c3 e2d1 c3d3,2180,77,71,69,crushing defensiveMove endgame long pawnEndgame quietMove,https://lichess.org/XJMGEp98#85,
ZdpY2,6k1/2r2p1p/6p1/p2PQ3/8/q5P1/3B1P1P/6K1 b - - 0 30,a3c5 d2h6 c5c1 h6c1 c7c1 g1g2,2105,203,3,17,crushing endgame long master quietMove,https://lichess.org/SMwr46zx/black#60,
Zds4R,r7/3P4/8/p3p1p1/2P1K3/5Pk1/7p/R7 b - - 1 45,g3g2 c4c5 h2h1r a1h1 g2h1 c5c6,2128,77,91,470,crushing endgame long quietMove rookEndgame,https://lichess.org/u71uppFf/black#90,
ZeZrW,3r1k2/1Q1P1p1p/6p1/p7/8/2q2PPP/4R1K1/8 b - - 4 39,c3d3 b7b2 d3e2 b2e2,2112,71,93,8783,crushing endgame quietMove short,https://lichess.org/i1vqNSwB/black#78,
ZfBSp,2r5/2P5/1B6/4p3/3pk2p/1p2p3/1P2K2P/2R5 w - - 2 60,c1c5 d4d3 e2e1 c8g8 c5e5 e4e5,2116,74,90,150,crushing endgame long quietMove,https://lichess.org/SEavFmi9#119,
Zg2P1,5r2/5rk1/5b1q/p2Q4/3P4/2PR2P1/4RP2/6K1 w - - 5 36,d3f3 h6c1 g1g2 f8h8 d5f7 g7f7,2134,76,96,1257,crushing long middlegame quietMove,https://lichess.org/ta0Huesx#71,
ZgLnv,8/7p/8/2p3p1/1p1k2P1/7P/3K1P2/1N6 w - - 0 51,f2f3 c5c4 d2c2 c4c3,2168,80,86,47,crushing endgame knightEndgame quietMove short,https://lichess.org/kVJMNEmP#101,
ZgPB3,2b3k1/7p/pQ4pB/2pq4/P1p5/6P1/1P6/R6K w - - 0 28,h1h2 c8b7 b6b7 d5b7,2197,76,95,166,advantage endgame quietMove short,https://lichess.org/cZm5xOaB#55,
ZgZHp,5R2/pr4p1/2p3r1/P2pB3/1P1P2p1/1KPk4/6PP/8 b - - 6 40,g6g5 e5f4 g5h5 f8e8 g7g5 f4c1,2196,148,80,15,advantage endgame long quietMove,https://lichess.org/5X6A2DvS/black#80,
ZgjYr,B4k2/p1R2pp1/7p/8/8/8/Pq1n1P1P/4R2K b - - 0 25,b2b8 a8c6 g7g5 e1e8 b8e8 c6e8,2192,76,64,163,crushing endgame fork long quietMove,https://lichess.org/WSxewkM5/black#50,
Zgqf2,8/8/8/p1p1k1p1/4P3/1P1K2P1/8/8 w - - 0 42,d3e3 c5c4 b3c4 a5a4 e3d3 a4a3 d3c3 e5e4 c3b3 e4d4,2149,81,90,698,crushing endgame master pawnEndgame quietMove veryLong,https://lichess.org/hdU0HNK4#83,
ZgvZ7,8/8/1p2k1p1/p5P1/3K4/P7/1P6/8 w - - 2 54,d4e4 a5a4 e4d4 e6f5,2135,78,91,780,crushing endgame master masterVsMaster pawnEndgame quietMove short,https://lichess.org/9OwFi9ki#107,
Zgz4i,1r2k3/4R1R1/6pp/4p3/3pP3/1p1P4/1q3PPK/8 b - - 5 37,e8d8 e7a7 b2f2 g7g8 f2f8 g8f8,2158,78,92,5196,endgame exposedKing long mate mateIn3 queenRookEndgame quietMove,https://lichess.org/URNWZYYq/black#74,
Zh0ED,8/8/p7/8/5P2/1k6/3K4/8 b - - 0 48,a6a5 f4f5 a5a4 d2c1 a4a3 c1b1,2161,75,92,1631,crushing defensiveMove endgame long pawnEndgame quietMove,https://lichess.org/aGgX72Sm/black#96,
ZhBGY,r1bq1rk1/pp2bp2/4p2Q/3p4/7P/2NP1P2/PP4P1/R3K2R b KQ - 0 15,e7f6 h1h3 f6e5 f3f4 e5f4 h6f4,2113,75,94,6558,advantage long middlegame quietMove,https://lichess.org/Uj5ybT3Q/black#30,Caro-Kann_Defense Caro-Kann_Defense_Other_variations
ZhXh1,6k1/p3p2p/3pNBp1/2pP4/2P1P3/5R1P/q5r1/4RK2 b - - 0 29,g2h2 f6b2 h2h1 f1g2 a2b2 g2h1,2145,76,79,79,crushing defensiveMove endgame long master quietMove,https://lichess.org/N5NaUjFA/black#58,
ZhsEF,8/6b1/p4p1p/5k1K/P7/7P/3B4/8 w - - 0 43,d2h6 g7h6 h5h6 f5e4 h3h4 f6f5 h6g6 f5f4 h4h5 f4f3 h5h6 f3f2 h6h7 f2f1q h7h8q f1f5,2183,174,-87,8,advancedPawn bishopEndgame crushing endgame promotion quietMove veryLong,https://lichess.org/SJEWVmgS#85,
Zi5A2,2r4k/5p2/1Q3q2/1Pp5/4R3/2P4K/5P1P/2R5 b - - 0 32,f6b6 c1g1 b6f6 e4h4 f6h4 h3h4,2163,82,91,4544,crushing endgame exposedKing long queenRookEndgame quietMove,https://lichess.org/QKYjLtuH/black#64,
Zigit,3r2k1/PB1n1pp1/4p1bp/8/3p4/4B3/1Pp2PPP/R5K1 w - - 0 25,e3d4 d7b6 b7f3 d8d4,2147,75,92,2586,crushing discoveredAttack endgame quietMove short,https://lichess.org/jcBILxaL#49,
Zj02s,8/R7/1p6/2p2P1k/8/5KPP/p6r/8 b - - 1 43,b6b5 h3h4 h5h6 g3g4,2130,123,83,41,advantage defensiveMove endgame quietMove rookEndgame short,https://lichess.org/7LmrjfqT/black#86,
ZjAHp,8/1p3r2/p1p2P2/P1PpPk1p/1P1PpN2/4K3/8/8 b - - 1 55,h5h4 e5e6 f5f6 e6f7 f6f7 f4h3 f7g6 e3f4,2110,77,87,740,advancedPawn crushing endgame quietMove veryLong,https://lichess.org/4I3jwPCi/black#110,
Zjqdf,4kr2/q3bpQ1/2p2p2/pb2p3/N3P3/1B3P2/1pP5/1K1R4 b - - 5 30,a7e3 g7g4 e3c1 d1c1 b2c1q b1c1,2143,77,87,58,crushing long middlegame quietMove,https://lichess.org/S5CJe2pS/black#60,
ZjvbX,8/6p1/3p3p/k4P2/PpK4P/6P1/8/8 w - - 4 47,c4b3 h6h5 f5f6 g7f6 g3g4 h5g4 h4h5 g4g3 h5h6 g3g2 h6h7 g2g1q,2132,78,90,174,advancedPawn crushing endgame pawnEndgame promotion quietMove veryLong,https://lichess.org/aAcMhVzc#93,
ZjwNr,r5k1/1b3ppp/pb2p1n1/1p6/1P2P3/PBN2PqP/1B2Q1P1/3R3K w - - 1 25,e2f1 b6c7 f1g1 g6f4,2188,89,86,38,crushing middlegame quietMove short,https://lichess.org/eE4GczAw#49,
Zk6Pk,8/R7/4kr2/1p2p3/4P1R1/4K3/PPr5/8 b - - 0 30,c2b2 g4g7 e6d6 a7a6,2198,83,92,1449,crushing endgame master quietMove rookEndgame short,https://lichess.org/DE8mQZVr/black#60,
Zkr7a,r4rk1/5p2/2pp2p1/4q1NP/1n1pP3/p5Q1/PP6/1K1B1R1R w - - 1 28,g3g4 d4d3 f1f2 b4c2 f2c2 d3c2,2167,78,90,1549,advancedPawn crushing long middlegame queensideAttack quietMove,https://lichess.org/1dmPAHHA#55,
Zl3l3,3q3k/1n4bp/p3P1p1/5p2/1P6/P5PK/4Q2P/5R2 b - - 0 32,d8e7 f1d1 b7d8 d1d7 e7e8 e6e7,2137,99,64,25,advancedPawn advantage endgame long quietMove,https://lichess.org/m097qzsC/black#64,
ZlDcG,7k/6p1/Q6p/1p1q1p1P/2n2P2/P1P3P1/1P2B1K1/8 w - - 3 41,g2h2 c4e3 e2f1 e3f1,2192,76,99,259,crushing endgame master quietMove short,https://lichess.org/0HDh32gu#81,
ZlHI5,8/4qQ2/3k1b2/p1p1pP1B/PpPpP2p/1P1Pr3/3K2R1/8 b - - 9 48,h4h3 f7d5 d6c7 g2g8 e3g3 g8g3,2151,75,86,917,crushing endgame long quietMove,https://lichess.org/8wxmbUiA/black#96,
ZlxhJ,5b2/2p5/1p1P4/2P1pkp1/4N2p/5K1P/8/8 b - - 0 43,c7d6 c5c6 f5e6 e4f6 e6f6 c6c7,2119,96,86,84,advancedPawn advantage endgame long quietMove sacrifice,https://lichess.org/RZCxPYTI/black#86,
Zm5Za,r4n2/1bq3k1/2p2pp1/pp4N1/3Q4/2P1P3/PP3PP1/2K4R b - - 1 24,c6c5 d4h4 f6g5 h4h8 g7f7 h1h7 f8h7 h8h7 f7f6 h7c7,2193,75,95,1105,crushing middlegame quietMove sacrifice skewer veryLong,https://lichess.org/4gMbxdaf/black#48,
ZmDv8,2r3k1/p1P2rp1/1pQ1p2p/q2p4/8/5NP1/P4PP1/2R2K2 b - - 2 27,f7c7 c6e6 g8h8 c1c7 a5b5 f1g1 c8c7 f3e5 b5b1 g1h2 h8h7 e5d7 c7d7 e6d7,2142,166,100,26,discoveredAttack endgame equality quietMove veryLong,https://lichess.org/fdVqQsfK/black#54,
ZnPy5,2kr3r/1bp5/Bp2pq2/3nN1p1/Q2P4/P3P1p1/1P3PP1/R4RK1 w - - 0 24,a6b7 c8b7 f2g3 f6h6 g1f2 g5g4 a4b3 h6h2,2195,105,30,44,advantage middlegame quietMove veryLong,https://lichess.org/ZgWzXPdx#47,
ZnqgS,8/8/2p2b2/2Pp4/3PpBp1/2k1P1P1/4K3/8 b - - 37 66,f6d4 e3d4 c3d4 f4d6 d4c4 e2e3,2140,79,89,258,bishopEndgame crushing endgame long quietMove,https://lichess.org/2aaNUjR7/black#132,
Zo9vm,5k2/p4p1R/1p1p1P2/3P4/8/3P3P/r3r1P1/5R1K b - - 2 30,e2g2 h7h8 g2g8 f1c1 a2a1 h8g8 f8g8 c1a1,2161,75,94,538,crushing endgame quietMove rookEndgame veryLong,https://lichess.org/qGFVIHY8/black#60,
ZpCOf,8/2p2p2/N3k3/4b3/PP2K1p1/6P1/8/8 b - - 0 40,e5d6 a6c5 e6e7 a4a5 c7c6 a5a6 d6b8 e4f5,2106,78,93,1333,crushing endgame quietMove veryLong,https://lichess.org/IPGGvTh9/black#80,
ZqJ5y,q4rk1/5p2/p2b1Q1p/2p5/1P6/P3P2P/5Pb1/2R1R1K1 b - - 0 31,g2h1 e3e4 h1e4 f6d6,2150,82,86,41,crushing middlegame quietMove short,https://lichess.org/AkLfBqfK/black#62,
ZqZkN,2Q5/4rpkp/2pq2p1/2Np4/3P4/2P5/P5Pb/5R1K b - - 5 39,d6g3 c5d7 e7d7 c8d7,2110,75,89,839,crushing endgame quietMove short,https://lichess.org/8CbVucZL/black#78,
ZqmfL,7k/pp3R1P/2p3p1/4K3/6P1/1r2P3/8/8 b - - 1 34,b3e3 e5f6 e3f3 f6g6 f3f7 g6f7 h8h7 g4g5 c6c5 g5g6,2126,77,91,2065,crushing defensiveMove endgame quietMove rookEndgame veryLong,https://lichess.org/0O1LDUft/black#68,
ZqzgY,8/8/6k1/2Bb2p1/p4P2/P6r/5P2/4R1K1 w - - 1 42,g1f1 d5f3 e1e6 g6f5 e6e5 f5f4 e5g5 f4g5,2161,80,86,198,crushing defensiveMove endgame quietMove veryLong,https://lichess.org/JT3OAsD0#83,
ZrDcq,2b5/2p5/1p1k1p1p/3P2p1/1pPK2P1/6PP/P1B5/8 w - - 1 37,c2f5 c8f5 g4f5 h6h5 g3g4 h5h4,2145,108,86,21,bishopEndgame crushing defensiveMove endgame long quietMove zugzwang,https://lichess.org/I9uV5VkV#73,
ZrmsZ,8/1k3pp1/7p/3P4/4p3/6PP/3K4/8 b - - 0 55,g7g5 g3g4 b7c7 d2e3,2178,76,93,2668,crushing endgame pawnEndgame quietMove short,https://lichess.org/JYYtWlhk/black#110,
Zrzqi,8/8/p1k3p1/2p2pP1/PPPp1P2/3K4/8/8 b - - 0 40,c6b6 b4c5 b6c5 a4a5 c5c6 d3d4,2197,76,92,2102,crushing endgame long pawnEndgame quietMove zugzwang,https://lichess.org/8i4iWjbU/black#80,
Zt0GI,3r4/p6p/2pBk1p1/2P3P1/1P3K1P/P7/8/8 b - - 2 42,d8d6 c5d6 e6d6 f4e4 d6e6 a3a4 e6d6 e4d4,2194,77,91,2333,crushing defensiveMove endgame quietMove veryLong zugzwang,https://lichess.org/aK6bIuJI/black#84,
Zt2YL,8/8/3k2P1/p3p3/1p2P1BP/1P2KPbb/P7/8 b - - 2 37,h3g4 f3g4 d6e6 h4h5 g3h4 e3d3 h4e7 d3c4,2196,204,-91,14,advantage bishopEndgame endgame quietMove veryLong,https://lichess.org/3clFZBRE/black#74,
ZtO5q,8/8/k2r4/4K3/BR2P3/1P1P4/2r5/8 b - - 2 56,d6d3 a4b5 a6a5 b5d3 c2c5 e5d6 a5b4 d3c4 c5c8 e4e5,2196,77,88,1097,crushing defensiveMove endgame fork quietMove veryLong,https://lichess.org/D6dz4MRM/black#112,
ZuBaT,8/1B3pk1/5q2/p7/1P6/P1Q3PP/5PK1/r7 w - - 2 46,c3f3 f6f3 b7f3 a5a4 f3c6 a1a3,2186,77,94,1418,advantage endgame long master quietMove,https://lichess.org/qt9ELWb6#91,
Zv43S,2kr2r1/1pp5/p1p2pn1/8/4PPRp/1PbPBK1P/P1P5/1R6 b - - 4 27,c3d4 e3d4 d8d4 b1g1 g6e5 f4e5,2104,75,92,1147,advantage long middlegame quietMove,https://lichess.org/QBPrpqtl/black#54,
Zve9A,7k/bbq2pp1/p2p3p/2pN4/8/1B1QP3/PP4PP/6K1 b - - 2 29,c7c6 b3c2 g7g6 d3c3,2129,78,72,63,advantage endgame quietMove short,https://lichess.org/q6bjJXK9/black#58,
ZvpWd,2r5/1rPb1kpp/p3p3/N4p2/4p3/2R4P/5PP1/2R3K1 b - - 1 30,b7a7 a5c4 f7e7 c4b6,2147,77,91,649,advantage endgame quietMove short,https://lichess.org/opfqGmM0/black#60,
Zvqec,rn1k2q1/p2p4/1p2pQ2/2p5/2P5/3B4/PPK2P2/R7 b - - 1 26,d8c8 a1h1 b8c6 h1h8,2134,75,85,81,advantage endgame pin quietMove short,https://lichess.org/hPH60GAo/black#52,
ZwZgu,3r4/Qppk3p/2qp2p1/3b1r2/1B6/P2P1P2/1PPR2PP/1K2R3 w - - 4 22,b4c3 b7b6 d2e2 f5f7 c3f6 f7f6,2123,149,73,16,advantage long middlegame quietMove,https://lichess.org/OyjMLBEF#43,
Zx3My,2kr4/2p1qr2/2Qb2p1/4pb2/2R5/1P4N1/P2P2PP/7K b - - 5 27,d8f8 c4a4 c8d8 g3f5 e7e6 a4a8 e6c8 a8c8 d8c8 f5d6,2140,76,90,215,attraction crushing middlegame pin queensideAttack quietMove veryLong,https://lichess.org/WX2hToG3/black#54,
ZxgjC,4r2k/p6p/1p6/1B1p4/P2P4/5pPq/2Q2PbP/R5K1 w - - 2 32,c2d1 e8e6 d1d2 e6h6 d2h6 h3h6,2134,81,90,1445,crushing endgame long quietMove,https://lichess.org/beoAgSw2#63,
Zxhnp,5kn1/pQ3p1p/3p2q1/7r/8/4pP2/PPPN2P1/R3NRK1 w - - 0 21,b7e4 g6h6 e4e3 h6e3,2130,77,93,491,advantage middlegame quietMove short,https://lichess.org/xmttSc46#41,
Zy2yG,8/7p/pp2k3/3pP1p1/2pK2P1/2P5/PP5P/8 w - - 0 32,h2h3 a6a5 a2a3 a5a4,2182,90,91,1065,crushing defensiveMove endgame pawnEndgame quietMove short,https://lichess.org/JdmGrLMO#63,
Zyag8,r7/4p3/2kp1b1p/p1p3p1/R5P1/P4NKP/3R4/8 w - - 8 36,h3h4 d6d5 d2d1 c6b5 h4g5 h6g5,2109,76,91,1981,advantage endgame long quietMove,https://lichess.org/YMW2KV1b#71,
ZyyeU,4k3/p3PR2/3P4/6p1/5r2/2K4p/PP6/8 w - - 1 41,f7h7 f4h4 h7g7 h4h8 d6d7 e8d7 e7e8b d7e8,2195,78,91,1236,crushing endgame quietMove rookEndgame veryLong,https://lichess.org/KnWOF4k9#81,
ZzO8d,8/p7/7P/2k5/5K2/8/P1p2n2/1R6 w - - 0 42,b1f1 f2d1 f4g5 c2c1q,2176,76,98,146,advancedPawn crushing endgame master promotion quietMove short,https://lichess.org/RgdGWLBf#83,
Zzdn3,2r2rk1/4qppp/1p6/pB2nP2/P3Q3/8/6PP/2RR2K1 b - - 2 24,e7f6 c1c8 f8c8 d1e1 g7g5 e4e5,2122,75,82,375,advantage long middlegame quietMove,https://lichess.org/qFHUYOVT/black#48,
ZztiC,r3br1k/2q2pp1/p2p3p/1pp1pP1Q/3nP3/2NP4/PP1B2PP/2R2RK1 w - - 2 21,d2h6 f7f6 h5h3 g7h6 h3h6 h8g8,2100,77,91,458,advantage long middlegame quietMove,https://lichess.org/rP8jFUac#41,
a0Gsl,r4rk1/1Q2n1pp/3q1p2/p3p3/1pPpP3/5NP1/P2P1PBP/1R3RK1 w - - 0 17,d2d3 f8b8 c4c5 d6d8 b7a8 b8a8,2196,77,84,168,advantage long middlegame quietMove trappedPiece,https://lichess.org/42bMPQXK#33,Hungarian_Opening Hungarian_Opening_Other_variations
a0KpA,1r2rk2/p1qbRp2/3p2pp/2pP4/2P2PP1/1B6/P3Q2P/4R1K1 b - - 0 24,c7d8 e2b2 f8g8 b2f6 e8e7 e1e7,2121,75,77,72,crushing long middlegame quietMove,https://lichess.org/aj4xl42b/black#48,
a0kri,3r2k1/1p4pp/8/3p2P1/pq1Pp1QP/8/2P2P2/1K1R2R1 w - - 0 28,b1c1 a4a3 g5g6 h7h6 g1g3 a3a2,2104,74,97,1845,advancedPawn crushing endgame long quietMove,https://lichess.org/P5idEGSd#55,
a0m1S,8/5k2/p1p5/1p6/3p3r/2P2PR1/PP4K1/8 w - - 0 48,g3g4 h4g4 f3g4 d4d3 g2f3 c6c5 c3c4 b5c4,2177,79,87,699,crushing endgame quietMove rookEndgame veryLong,https://lichess.org/dwEAGFTh#95,
a0t9i,8/8/1Kp5/2Qr4/1Pb5/Pk6/8/8 w - - 9 56,c5d5 c6d5 b6c5 b3c3 b4b5 d5d4 b5b6 c4a6 b6b7 a6b7,2179,122,83,34,crushing endgame hangingPiece quietMove veryLong,https://lichess.org/Ca7t6NUM#111,
a0wtn,8/8/4k2p/p1p3p1/4K3/1P3P2/2P4P/8 b - - 0 33,h6h5 c2c4 h5h4 h2h3,2164,79,90,1469,crushing defensiveMove endgame pawnEndgame quietMove short zugzwang,https://lichess.org/9L4275w9/black#66,
a0y8Z,3r4/p4k2/5P1p/1p2PK1P/2p5/3p4/P7/4R3 b - - 2 39,d3d2 e5e6 f7e8 e1g1 d8d5 f5e4,2152,76,92,935,crushing endgame long quietMove rookEndgame,https://lichess.org/1wfzUiKF/black#78,
a11Tz,5rk1/1R3p1p/6p1/p2Q4/3P1q2/1P5P/6PK/8 w - - 1 35,h2g1 f8c8 d5f3 c8c1,2173,104,100,47,crushing endgame quietMove short,https://lichess.org/VOtyMvtg#69,
a18ci,r4rk1/1pp5/p1n2nB1/4p3/3pP3/2PP1P2/PP6/2KR3R b - - 1 26,b7b5 d1g1 f8d8 g6e8 g8f8 e8c6,2138,75,78,203,crushing discoveredAttack exposedKing long middlegame quietMove,https://lichess.org/S1zf9W7S/black#52,
a1HlC,2kr1b1r/pRp3pp/8/8/8/1Q6/P4PPP/qN4K1 b - - 1 20,f8d6 b3b5 a1b1 b5b1,2193,78,86,163,advantage middlegame quietMove short,https://lichess.org/dwZPVjTw/black#40,
a1TuH,8/6bk/4p1pp/2Q2q2/1BpPpp2/2P4P/1P3PP1/6K1 b - - 5 30,f5c5 d4c5 g7e5 b4a5 h7g7 c5c6,2156,74,94,10123,advantage endgame long quietMove,https://lichess.org/rhcsSV0c/black#60,
a1mzW,8/pb3pk1/1p1q1n1p/3p2p1/2pPn3/2P2B2/PP4P1/R3QR1K w - - 10 30,f3e4 f6g4 f1f7 g7f7,2199,76,95,176,advantage master middlegame quietMove short,https://lichess.org/D2gR3zlf#59,
a22Z1,8/2k5/1b1p4/3Pp3/4Pp2/PR4p1/4K1P1/8 w - - 4 55,e2d3 f4f3 b3b2 b6f2 g2f3 g3g2 b2f2 g2g1q,2162,73,94,5143,advancedPawn crushing endgame promotion quietMove veryLong,https://lichess.org/ps7CH6UC#109,
a2429,8/8/3R2p1/1pB2p2/1PkP1P1K/4P3/6r1/3n4 w - - 11 45,d4d5 d1f2 d6g6 g2g6,2113,75,97,145,crushing endgame quietMove short,https://lichess.org/OVaXF8ae#89,
a26WL,6k1/5pp1/2p4p/2B5/1P6/3r4/PKq5/4RQ2 w - - 10 36,b2a1 d3d2 e1e8 g8h7 f1b1 d2d1 b1d1 c2d1,2138,75,88,245,advantage endgame pin quietMove veryLong,https://lichess.org/dMPU0vv9#71,
a2WUg,r1q3k1/p3rpp1/R6p/1p1p4/3P1Q2/1PP3P1/5P1P/R4K2 w - - 3 26,f4d6 c8h3 f1g1 a8e8 d6e7 e8e7,2155,81,82,606,clearance crushing endgame long quietMove,https://lichess.org/thgDK4Z9#51,
a2pG1,1k6/1pp2n2/p5R1/2p1r2p/P7/1PP5/1K1P2B1/RN4r1 w - - 0 36,g6g7 f7g5 g2b7 b8b7,2160,205,100,9,equality middlegame quietMove short trappedPiece,https://lichess.org/7V5TuG6w#71,
a35ET,r3r3/5pkp/6p1/2p1N3/P2p1Q2/1qn4P/5PP1/4RRK1 b - - 1 28,a8a4 e5g4 c3e2 e1e2,2187,76,87,112,crushing master middlegame quietMove short,https://lichess.org/XjkfBh7f/black#56,
a36kb,6nr/p1p1kppp/3P4/2q5/Q4Pb1/3B2P1/Pr1N2KP/R4R2 b - - 0 19,e7d6 f1f2 b2d2 f2d2,2120,77,71,78,advantage middlegame quietMove short,https://lichess.org/PPcAOeJF/black#38,Scotch_Game Scotch_Game_Goring_Gambit
a42M6,3r1rk1/1pp2qpp/p2b4/3P1pB1/6b1/3B1N2/PPP1QP2/R4RK1 w - - 2 19,g5d8 f7h5 e2e6 g8h8 f3h4 f8d8,2183,75,97,215,advantage defensiveMove long middlegame quietMove,https://lichess.org/jAsY41Nz#37,
a47UZ,Q7/6pk/1p2b1qp/1PpBPp2/8/4P2P/3n1PP1/B5K1 b - - 0 31,e6d5 a8d5 f5f4 d5d2 f4f3 g2g4 g6b1 g1h2,2113,81,77,94,crushing defensiveMove endgame quietMove veryLong,https://lichess.org/qc1DUjv2/black#62,
a4HlX,8/8/8/2R2p1k/5K1P/5P2/8/6r1 b - - 4 68,h5h4 c5c8 h4h3 c8h8 h3g2 h8g8,2110,75,91,989,crushing endgame long quietMove rookEndgame,https://lichess.org/6WcHotbw/black#136,
a4LsY,8/1p3k2/6p1/pB1p1pP1/P2PnP2/1P2K3/8/8 w - - 2 37,b5d7 e4d6 e3d2 f7e7,2131,112,33,18,crushing endgame master quietMove short,https://lichess.org/fzQ072GK#73,
a4lf3,4k3/2p5/1p3PK1/r7/8/8/p7/R7 b - - 0 40,e8f8 a1h1 f8e8 f6f7 e8e7 h1e1,2153,77,88,170,advancedPawn crushing endgame exposedKing long quietMove rookEndgame,https://lichess.org/FmAYl3ZE/black#80,
a58kx,8/1R3kb1/5pp1/4p3/rB4pP/4P1P1/5PK1/8 b - - 2 35,f7e6 e3e4 g7f8 b4f8,2126,77,91,2275,crushing endgame master quietMove short,https://lichess.org/6Fmo8EY4/black#70,
a5q4k,5N2/8/p2k4/1pp3p1/2b3P1/P1P1K3/1P6/8 b - - 4 52,c4e6 f8e6 d6e6 e3e4 a6a5 b2b3 e6d6 e4f5 d6d5 f5g5 c5c4 b3b4 a5b4 a3b4,2165,83,64,44,crushing endgame quietMove veryLong zugzwang,https://lichess.org/CSp4az7L/black#104,
a6B04,8/R4pk1/4n3/4PKp1/5nP1/5P2/8/8 w - - 7 47,a7d7 f4e2 f5e4 e6c5 e4e3 c5d7,2126,74,75,126,crushing endgame fork long quietMove,https://lichess.org/sZhD9Vuk#93,
a6QwW,6k1/p1p3p1/1p2P3/2P2K2/1P2RP2/P2r4/3p2r1/3R4 b - - 0 45,g8f8 e6e7 f8e8 d1h1 d3d5 f5e6,2101,75,96,311,advancedPawn crushing endgame long quietMove rookEndgame,https://lichess.org/NLCYBU90/black#90,
a719n,5R2/8/8/p5Kp/3p4/1kbP4/5P2/8 w - - 2 55,g5h5 a5a4 f8b8 c3b4,2100,75,91,127,crushing defensiveMove endgame quietMove short,https://lichess.org/jjNdMFLd#109,
a7501,8/7p/1p6/p2k1K2/3P1Pp1/P7/6PP/8 w - - 0 35,f5g4 b6b5 g4f3 b5b4 a3b4 a5a4,2185,76,86,73,advantage defensiveMove endgame long pawnEndgame quietMove,https://lichess.org/WP2U7tD4#69,
a7KdI,8/1p3ppp/p3p3/8/2P5/k2PPP1P/P2K4/8 b - - 4 33,a3a2 d3d4 a2b3 d4d5 b3c4 d5d6 c4d5 d6d7,2170,75,84,114,advancedPawn crushing endgame pawnEndgame quietMove veryLong,https://lichess.org/wcEw2EVY/black#66,
a7MNe,5rr1/ppq2p1k/4pQpp/2p5/2P5/1P5R/P5P1/5R1K b - - 7 29,a7a6 h3h6 h7h6 f1f3 c7e5 f6e5,2182,79,92,714,crushing endgame long quietMove sacrifice,https://lichess.org/PQdHypen/black#58,
a7Wru,1b3rk1/5ppp/1q6/R3p3/2Q1P3/5P2/1P4PP/5RK1 w - - 1 26,c4c5 b8a7 c5b6 a7b6 g1h1 b6a5,2166,85,74,32,advantage endgame fork long pin quietMove,https://lichess.org/oVipqujx#51,
a80PB,5rk1/p4ppp/bp6/bNq3P1/5p2/P2B1P2/1PP4P/1K1Q3R w - - 3 22,b5a7 b6b5 d1g1 c5g1 h1g1 a5b6,2185,78,90,680,advantage long middlegame quietMove,https://lichess.org/dZOPJbwc#43,
a8RFm,8/8/p1p1k3/2p2p2/2Pb2p1/1P1KB1P1/P6P/8 b - - 3 37,e6e5 e3d4 c5d4 b3b4 f5f4 g3f4,2115,76,92,1954,bishopEndgame crushing endgame long quietMove,https://lichess.org/eH6gQqzT/black#74,
a8acU,8/8/4KRp1/5rk1/6p1/8/5P2/8 w - - 6 47,f6f5 g6f5 e6e5 f5f4 e5e4 f4f3,2152,80,91,1471,crushing endgame long quietMove,https://lichess.org/3tkrQGhk#93,
a8eZI,5r2/1b1n2kP/p2pr3/1p4N1/7P/2P1q3/PPQN2P1/1B3n1K b - - 3 28,e3b6 g5e6 g7h8 c2g6 b7g2 g6g2 f1g3 g2g3,2144,80,83,46,crushing fork hangingPiece middlegame quietMove veryLong,https://lichess.org/LSD55c5I/black#56,
a8r56,8/2r2p2/r4bkp/3Rp1p1/B3R3/1Pp2P2/P1P3PP/3K4 w - - 10 33,e4c4 c7c4 a4b5 c4c6 b5a6 c6a6,2176,79,90,835,advantage endgame long quietMove,https://lichess.org/MZZ3aFHN#65,
a902c,r4rk1/pp3p2/2npqPp1/2b3Qp/2P1P3/8/PBB3PP/5R1K b - - 1 21,g8h7 b2c1 h7g8 g5h6 e6f6 f1f6,2160,78,91,270,crushing long middlegame quietMove,https://lichess.org/Kk938wKo/black#42,
a940r,6k1/1p3p2/p3pNp1/n2pP3/3q4/1P4Q1/P4P2/6K1 b - - 1 33,g8g7 g3h2 d4d1 g1g2 d1h5 f6h5,2137,75,91,728,crushing endgame long quietMove,https://lichess.org/qDXvkJAp/black#66,
a95b3,8/5ppp/4p3/1Nk1Pb2/P4r2/1P1p3P/2P3P1/2KR4 w - - 0 30,d1d2 d3c2 c1b2 f4f1 d2c2 f5c2,2156,79,81,307,advancedPawn crushing endgame long master quietMove,https://lichess.org/TK2oLvy5#59,
a9AEH,8/1Q1n2pk/2p4p/7q/1P6/P5P1/r4PbP/2B1R1K1 w - - 0 32,g1g2 h5d5 g2g1 d7e5 e1e5 d5e5,2195,75,90,1498,advantage endgame long quietMove,https://lichess.org/aSsF0xUB#63,
a9mIU,8/3k4/5p1p/1p1p1P1P/pP1P1NP1/b1K5/8/8 b - - 1 44,d7d6 f4d3 d6c6 c3c2,2167,75,97,216,crushing defensiveMove endgame master quietMove short,https://lichess.org/xVljlcmv/black#88,
a9ufi,6rk/pp2q2p/6r1/3p4/4p3/2P1QP1b/PPB2RPP/4R1K1 w - - 3 25,g2g3 g6g3 h2g3 g8g3 g1h1 e7h4 e3d4 g3g7,2113,78,85,69,advantage defensiveMove kingsideAttack middlegame quietMove sacrifice veryLong,https://lichess.org/C1zCHwPa#49,
aA3XG,2k5/7p/p5p1/1pp1P3/3rp3/P1P1K3/1P6/5R2 b - - 0 33,d4c4 f1d1 c8c7 e5e6,2196,78,86,58,crushing endgame quietMove rookEndgame short,https://lichess.org/mGDXiVUs/black#66,
aAErD,3r2k1/3r3p/6p1/p1p5/1q6/1PRp1P1P/P2Q2P1/2R4K w - - 0 32,a2a4 d8e8 c3d3 b4d2 d3d2 d7d2,2178,79,64,75,crushing endgame long master masterVsMaster quietMove xRayAttack,https://lichess.org/wZNXTSKQ#63,
aAfeV,2b5/p1p5/6p1/3pk3/5p2/1NP1bP2/PPK3PP/7R w - - 5 24,h1d1 c8f5 d1d3 c7c5 b3c5 e3c5,2127,101,78,32,advantage endgame long pin quietMove,https://lichess.org/JrIH7P9P#47,
aAmKc,6k1/1R6/p4nNp/r1p5/5P2/8/1P2r2P/2R3K1 b - - 8 39,f6g4 c1d1 e2g2 g1g2,2128,76,89,540,crushing endgame quietMove short,https://lichess.org/GL1K54Fc/black#78,
aAn1v,8/8/5p2/8/p2P4/2K5/8/1k6 b - - 1 57,b1a2 d4d5 a2b1 c3b4 a4a3 b4a3,2133,76,91,1009,crushing endgame long pawnEndgame quietMove,https://lichess.org/bOmk0VDC/black#114,
aBHEc,8/8/1k2p1p1/1p1pP2p/3K3P/P1P3P1/8/8 b - - 2 35,b6a5 d4c5 a5a4 c5d6 a4a3 d6e6 b5b4 c3b4 d5d4 b4b5 d4d3 b5b6 d3d2 b6b7 d2d1q b7b8q,2183,76,87,111,advancedPawn crushing endgame pawnEndgame promotion quietMove veryLong,https://lichess.org/7KMFupy9/black#70,
aBOB6,4k3/p5p1/2p3b1/2pp1pq1/8/3P2N1/PrP1QPK1/7R b - - 1 28,e8f7 h1e1 f7g8 e2e6 g6f7 e6c8,2151,94,72,32,crushing endgame long quietMove,https://lichess.org/U4CdCl3J/black#56,
aBhYP,2k2r2/pppr4/5B1p/2b3p1/4R3/1BP5/PP3PPP/4R1K1 w - - 3 23,f6e5 c5f2 g1f1 f2e1 f1e1 d7e7 b3d1 f8e8 d1g4 c8b8 e5c7 b8c7 e4e7 e8e7,2168,106,83,21,advantage discoveredAttack fork middlegame quietMove veryLong,https://lichess.org/uYFcaCXA#45,
aBp6E,2r2rk1/4Rp1p/R5p1/p1p5/PqPp4/3P1P2/5PKP/3Q4 w - - 2 40,e7a7 c8e8 f3f4 e8e1 d1f3 b4b1,2172,130,85,15,crushing endgame long quietMove,https://lichess.org/a1r8t3qr#79,
aCnCE,8/7p/5p2/8/1p3P2/1k4P1/7P/1K6 b - - 0 44,f6f5 g3g4 b3c4 g4g5 c4d3 h2h4,2147,76,87,385,crushing defensiveMove endgame long pawnEndgame quietMove,https://lichess.org/odioHGod/black#88,
aDHhx,rn2kr2/pp3p2/2pp1Q2/8/3P4/4B3/PP2KP2/R6q b q - 3 24,h1a1 e3g5 a1b2 e2f3 b2c3 f3g2 c3h3 g2h3,2100,79,91,1588,crushing defensiveMove endgame quietMove veryLong,https://lichess.org/c6UuMR73/black#48,
aDMbp,7k/4p1rp/p2pP3/5p2/2p5/2P1Q1nP/2r3PK/6R1 b - - 5 36,h7h5 e3h6 h8g8 g1b1 g3f1 h2h1,2159,111,88,30,crushing defensiveMove endgame long quietMove,https://lichess.org/CHU8ciPI/black#72,
aDRi4,8/p7/1p4p1/2p2k1p/3p1P1P/1P3K2/P1PP4/8 w - - 2 35,c2c3 d4c3 d2c3 b6b5 b3b4 c5c4 f3g3 f5e4,2106,126,38,17,crushing endgame pawnEndgame quietMove veryLong zugzwang,https://lichess.org/qvJr9AaZ#69,
aEGk0,1r6/p7/7p/2Pk4/PP2p1P1/3pK3/3R4/8 w - - 1 36,d2b2 b8f8 b2f2 f8f2 e3f2 d3d2 f2e2 e4e3,2183,90,69,55,advancedPawn crushing endgame quietMove rookEndgame veryLong,https://lichess.org/vgYBNlCN#71,
aEOrA,8/8/p3pkp1/1p5p/2p2PPP/2P3K1/PP6/8 w - - 0 41,g4g5 f6f5 g3f3 a6a5 f3e3 f5g4 e3e4 g4h4,2170,76,98,466,crushing defensiveMove endgame pawnEndgame quietMove veryLong zugzwang,https://lichess.org/L5yKkdA9#81,
aEUQ1,r4rk1/2R3pp/5p2/p1QPpb2/1p6/5B2/qP4PP/5R1K b - - 3 26,f5g6 d5d6 e5e4 f3e2 g6f7 c7f7 a2f7 e2c4,2187,79,87,186,crushing master middlegame pin quietMove sacrifice veryLong,https://lichess.org/2NPXI94u/black#52,
aEfkA,3q1rk1/5p1p/2bp2p1/p1p1nP2/P1PpP1P1/3P2NP/5RB1/2Q3K1 b - - 0 24,e5d3 c1h6 d3f2 g3h5 g6h5 f5f6 d8f6 h6f6 f2e4 g2e4,2103,134,68,21,crushing master middlegame quietMove sacrifice veryLong,https://lichess.org/SvBMUVGQ/black#48,
aEnTS,rnq1kr2/pbp2p2/1p2pQ2/8/2n3p1/2N1B1P1/PP3PBP/R4RK1 b q - 0 18,b7g2 e3g5 b8c6 g1g2,2174,75,87,476,advantage intermezzo middlegame quietMove short,https://lichess.org/Y58u8cEC/black#36,Horwitz_Defense Horwitz_Defense_Other_variations
aEq8J,6k1/1P3pp1/p1N5/7p/8/P4P2/1P5b/1K6 w - - 0 30,b7b8q h2b8 c6b8 h5h4 b8c6 h4h3 c6e7 g8h7 e7f5 h7g6 f5g3 g6g5,2174,78,76,65,crushing defensiveMove endgame quietMove veryLong,https://lichess.org/f9fIKrM0#59,
aFJ9g,5kr1/1p4p1/5pP1/2N1pP2/p2PQ1K1/2q4P/8/8 b - - 1 37,a4a3 c5e6 f8e7 e4b7 e7d6 e6c5 c3d4 c5e4 d4e4 b7e4,2119,177,16,16,crushing endgame quietMove veryLong,https://lichess.org/NXyQLUzT/black#74,
aFqpx,1B6/3kp3/3p3b/p2P4/2p1P1p1/2Pn4/5PP1/5RK1 w - - 1 31,b8a7 h6c1 a7e3 c1b2,2162,132,85,19,crushing endgame master quietMove short,https://lichess.org/eFHDpqT2#61,
aGOLj,r3r1k1/1p3p1p/p1q2Pn1/2p2QP1/P1Pp4/3P3R/7P/R1B3K1 w - - 7 28,h3h7 e8e1 g1f2 a8e8 h7g7 g8f8,2130,85,82,32,clearance crushing long middlegame quietMove,https://lichess.org/UaF754pE#55,
aGQBI,3R4/7k/6p1/4q2p/8/2PQp2P/2P2rP1/7K w - - 0 40,d8d7 h7h6 d7d6 f2f5 d3a6 e5g3 d6f6 e3e2 f6g6 g3g6,2178,130,78,14,advancedPawn crushing defensiveMove endgame master quietMove veryLong,https://lichess.org/aDFepeWP#79,
aGf3A,2r5/8/p7/5pRP/1p3P2/3K2Pk/8/8 w - - 0 57,h5h6 b4b3 g5g6 c8b8 h6h7 b3b2 h7h8r b8h8,2106,77,88,538,advancedPawn advantage endgame quietMove rookEndgame veryLong,https://lichess.org/Ag08Jc9i#113,
aGliX,Q3rq2/8/1p1p4/2pP2k1/2P5/5P2/5K2/R7 w - - 1 43,a8c6 f8e7 c6e8 e7e8,2145,76,86,96,crushing endgame quietMove short,https://lichess.org/sPD61VUa#85,
aGrXJ,3k4/2R5/1P3rp1/3Pp2p/8/2P1K3/8/8 w - - 1 60,c7c6 f6c6 d5c6 h5h4 e3e4 h4h3,2100,76,91,204,crushing endgame long quietMove rookEndgame,https://lichess.org/LJW7PDHm#119,
aHEyq,4r1k1/7p/pp4p1/2p3q1/P1P2r2/1PNB3P/2Q2R1K/8 w - - 6 41,c3d5 e8e1 d3f1 e1f1,2157,79,76,87,crushing middlegame quietMove short,https://lichess.org/PTORg6EK#81,
aHJWt,8/pPkB4/2P5/1P2r2p/2PK1pp1/8/6P1/8 b - - 1 45,e5g5 c4c5 g5g8 d7c8,2175,80,91,1120,crushing endgame quietMove short,https://lichess.org/DGecmkMW/black#90,
aHOgn,r1b2qk1/pp1p1p2/6P1/2p3b1/2P5/2N4Q/PP4PP/n4RK1 b - - 0 19,f8h6 g6f7 g8f8 h3g3 h6h4 g3d6 g5e7 d6g6 h4g5 g6e4 d7d6 c3d5,2123,290,-43,4,advancedPawn advantage kingsideAttack middlegame quietMove veryLong,https://lichess.org/gOieGcXb/black#38,Sicilian_Defense Sicilian_Defense_Grand_Prix_Attack
aHiVo,r4r2/5pk1/6p1/2p1Q3/2bpR3/3q1P2/6P1/4R2K b - - 3 31,g7g8 e4h4 f7f6 e5h2 d3e3 h4h8,2139,117,86,19,advantage long middlegame quietMove,https://lichess.org/q0rpyqkz/black#62,
aHm9A,5rk1/r4p1p/4pRpQ/2p5/8/Pq2PR2/6PP/6K1 b - - 1 26,c5c4 f3h3 b3b1 f6f1,2106,78,75,53,advantage endgame quietMove short,https://lichess.org/K7sHoMq6/black#52,
aHvHb,r6k/2q2B2/b1p2n1B/p1n1pNN1/Pp2P3/8/1PP2PPP/R5K1 b - - 2 21,f6e8 f5h4 c7f7 g5f7,2116,158,82,8,advantage kingsideAttack middlegame quietMove short,https://lichess.org/oBKp1JkZ/black#42,
aHxC6,2k3r1/ppq4b/2p2R1p/3r3P/3P4/2P2QP1/PP4P1/R5K1 b - - 0 22,g8g3 f6f8 d5d8 f8d8 c8d8 f3f8 d8d7 a1e1 c7d8 f8f7,2130,77,84,162,attraction crushing middlegame quietMove veryLong,https://lichess.org/JRmqOApq/black#44,
aI6tF,2r3k1/5pbp/3Bp1p1/1P1pP3/p7/P6P/5KP1/4R3 b - - 0 29,c8c2 e1e2 c2c3 b5b6 c3b3 d6b4 g7f8 b6b7,2137,75,96,1863,advancedPawn advantage defensiveMove endgame master quietMove veryLong,https://lichess.org/MLb5VIiS/black#58,
aI7h3,r1q3k1/7p/5Pp1/pbppB3/8/Q2p4/2p2P1R/2R1K3 w - - 1 30,a3c3 c8g4 f6f7 g8f7,2150,75,87,302,advantage middlegame quietMove short,https://lichess.org/IHyHeZqR#59,
aII9A,8/1K4kp/8/6p1/5p2/R7/8/8 w - - 0 52,a3a4 f4f3 a4a3 g5g4 a3a4 h7h5,2180,77,90,994,advantage defensiveMove endgame long quietMove rookEndgame,https://lichess.org/SY4emDu5#103,
aIORa,8/8/3k1p1p/pp1p1Pp1/3K2P1/P1P4P/1P6/8 b - - 2 36,d6c6 b2b3 a5a4 b3a4,2186,74,79,158,crushing endgame master pawnEndgame quietMove short zugzwang,https://lichess.org/wrvq77uK/black#72,
aIkej,r1b2r1k/1pb1q1pn/p1p1p1QP/3p3N/2PPp3/8/PP1B1P1P/R3K2R b KQ - 0 20,f8g8 h1g1 c8d7 h6g7 g8g7 g6g7 e7g7 g1g7,2105,103,79,25,advancedPawn advantage kingsideAttack middlegame quietMove veryLong,https://lichess.org/SL634aFG/black#40,
aInkv,2r1k3/p4P2/1p2pQ2/3q4/3P4/4R3/5P2/2nK4 b - - 0 36,e8f8 e3h3 d5b3 h3b3,2113,122,83,29,crushing endgame master quietMove short,https://lichess.org/ZCAdi1iU/black#72,
aJSKH,4r3/3R1pkp/1R6/8/p6P/P1P5/1P4r1/1K6 w - - 0 29,b6b7 e8e1 b1a2 g2g1 d7f7 g7g8 f7g7 g1g7,2158,77,85,60,crushing endgame quietMove rookEndgame veryLong,https://lichess.org/rSvZRD3X#57,
aJyGo,8/5p2/6k1/p2p2p1/P2P1PP1/5K2/8/8 w - - 1 40,f4g5 g6g5 f3g3 f7f6 g3f3 f6f5 g4f5 g5f5,2175,75,80,101,crushing endgame pawnEndgame quietMove veryLong zugzwang,https://lichess.org/QpkZJYxD#79,
aK2lL,4kr2/3p1p2/pp2pQn1/6r1/P2N4/1BP1q3/1P4PP/5R1K b - - 2 25,g6h4 d4e6 d7e6 f1d1 g5d5 b3d5 e6d5 f6h4,2194,110,-48,33,advantage middlegame quietMove sacrifice veryLong,https://lichess.org/xYTRIal1/black#50,
aK41K,2r3k1/5p2/6pR/2pQP3/2P2P2/6P1/2q2K2/8 w - - 1 40,f2e3 c8b8 d5d3 b8b3 d3b3 c2b3,2118,77,84,110,crushing endgame long pin quietMove,https://lichess.org/EQRszLFf#79,
aKIG9,8/8/8/4P1pp/7k/5P2/2R2PK1/4r3 b - - 0 44,e1e5 c2c1 g5g4 f3f4,2134,83,83,46,crushing endgame master quietMove rookEndgame short,https://lichess.org/srBrOPIY/black#88,
aKQPm,4k3/p4p2/5Pp1/2pp4/5K1P/1PP5/5P2/8 b - - 5 36,e8d7 f4e5 d7c6 f2f4 a7a5 f4f5 g6f5 h4h5,2142,74,86,121,crushing defensiveMove endgame pawnEndgame quietMove veryLong,https://lichess.org/lrah7oFf/black#72,
aKU6g,2r3k1/5p2/4p1p1/2P1P3/8/p3P1P1/6K1/2R5 w - - 0 40,c1c3 c8a8 c3c1 a3a2 c1a1 g8f8,2143,79,90,1983,advancedPawn crushing defensiveMove endgame long quietMove rookEndgame,https://lichess.org/C9yXceIY#79,
aKWaN,2r4k/5p1p/pb3p1B/5P2/3p4/7P/PP3P2/3R3K w - - 1 28,d1c1 c8c1 h6c1 b6a5 h1g2 d4d3 g2f3 d3d2 c1d2 a5d2,2102,104,43,37,advancedPawn advantage endgame quietMove trappedPiece veryLong,https://lichess.org/TUmqM7oV#55,
aLSLd,8/pk5p/6pK/8/6P1/5P2/8/8 w - - 0 54,h6h7 g6g5 f3f4 g5f4 g4g5 f4f3 g5g6 f3f2,2185,76,77,103,advancedPawn crushing endgame pawnEndgame quietMove veryLong,https://lichess.org/EwUkzSgX#107,
aLSmd,3rk1r1/pp1nq2p/2p2pbb/4PQ1B/8/2N5/PPP2PPP/1K1R3R b - - 0 21,f6e5 c3e4 e7f7 e4d6,2101,86,79,31,advantage middlegame pin quietMove short,https://lichess.org/5Rfe2kfd/black#42,
aLVOK,4R3/P7/1K6/6p1/7p/4pk2/r6P/8 w - - 2 61,a7a8q a2a8 e8a8 g5g4 b6c5 e3e2,2196,178,-11,7,advancedPawn advantage endgame long quietMove,https://lichess.org/LZa2kfeE#121,
aLYKv,5rk1/1p2bppp/q1n1p3/1n1p4/QPpP4/2P1PNP1/1B3PBP/R5K1 b - - 2 21,f8a8 a4d1 a6a1 b2a1,2106,76,17,81,advantage middlegame quietMove short,https://lichess.org/5GNWFvyt/black#42,
aLbRL,kr6/p2q3p/4p1nR/3p1p2/R2P4/2PN2P1/Q4PPK/3r4 w - - 11 31,d3c5 d7g7 h6h3 b8b1 a2b1 d1b1,2175,77,91,417,crushing long middlegame quietMove,https://lichess.org/kASaYX90#61,
aLyy8,R7/4k3/2p5/2b1B1p1/8/pp2P3/5PP1/6K1 w - - 0 48,g1f1 c5b4 f1e2 b3b2,2178,108,100,26,advancedPawn advantage endgame master quietMove short,https://lichess.org/vGWjAwUA#95,
aMY1A,4r3/1P6/2P2p2/p7/P2R2k1/6pp/2P5/6K1 b - - 4 56,g4g5 d4d1 e8e2 b7b8q h3h2 g1h1,2142,76,97,894,advancedPawn crushing endgame long promotion quietMove rookEndgame,https://lichess.org/zfxvtdGW/black#112,
aMxUw,8/1R3pk1/1p2r3/3r4/P7/6P1/1P3PP1/1R3K2 w - - 1 36,a4a5 d5h5 f1g1 e6h6 f2f4 h5h1 g1f2 h1b1,2185,78,94,2965,crushing endgame quietMove rookEndgame skewer veryLong,https://lichess.org/85uUsNZB#71,
aN1Ic,3r3k/2q1npbp/p1p1pNp1/1r2P3/3P2PQ/7P/PP3B2/3R1RK1 b - - 6 23,g7f6 h4f6 h8g8 f2h4 d8f8 f6e7 c7e7 h4e7,2181,78,89,2108,crushing kingsideAttack middlegame quietMove veryLong,https://lichess.org/ssklprQd/black#46,
aNF1i,8/8/6pp/p2kp3/P5PP/2PK4/8/8 b - - 0 39,g6g5 h4h5 d5c5 d3e4 c5c4 e4e5,2171,88,91,2199,crushing endgame long pawnEndgame quietMove zugzwang,https://lichess.org/lL7zFSNF/black#78,
aNHJo,8/3p2pp/3K4/4Pk2/7P/6P1/8/8 w - - 1 42,g3g4 f5e4 g4g5 g7g6 e5e6 d7e6,2155,74,85,199,crushing defensiveMove endgame long pawnEndgame quietMove zugzwang,https://lichess.org/MWOxV3yK#83,
aNI5N,8/pp3p2/2p2P2/2PpPkp1/3K4/5P2/PP6/8 b - - 0 33,b7b6 c5b6 a7b6 a2a4 f5e6 b2b4,2183,92,83,32,crushing defensiveMove endgame long pawnEndgame quietMove,https://lichess.org/aeSAtFm5/black#66,
aNWZh,8/5pp1/p6p/8/2b2P2/P1N3Pk/7P/6K1 b - - 6 42,g7g6 c3d1 h3g4 d1e3,2195,72,93,5898,crushing endgame quietMove short,https://lichess.org/3KvgqY0M/black#84,
aNvZx,r5k1/1bp3p1/p1P1q2p/2Q3P1/3Pp3/P3PpP1/5P2/R4RK1 w - - 0 32,g1h2 b7c8 h2g1 e6h3 c5d5 c8e6 d5e6 h3e6,2175,76,90,1259,crushing defensiveMove endgame quietMove veryLong,https://lichess.org/5PgWnauw#63,
aO56S,r6k/pp4p1/1q5p/3P4/1p5R/1B5Q/P1P2bPP/7K w - - 0 26,h4f4 a8e8 g2g3 e8e1 h1g2 e1g1 g2f3 b6e3 f3g4 e3e2,2130,78,81,89,crushing endgame quietMove veryLong,https://lichess.org/rdqFLUJt#51,
aOX5L,8/6pp/4K3/k7/7P/8/8/8 b - - 1 47,h7h6 h4h5 a5b5 e6f7 b5c5 f7g7 c5d6 g7h6 d6e7 h6g7,2169,78,90,151,crushing defensiveMove endgame pawnEndgame quietMove veryLong,https://lichess.org/qsGN4hHR/black#94,
aOhcX,8/5pp1/1p5p/p3P3/P2K1P2/1k5P/8/8 b - - 0 35,b3a4 f4f5 a4b5 d4d5 b5b4 e5e6 f7e6 f5e6 a5a4 e6e7 a4a3 e7e8q,2131,76,84,84,advancedPawn crushing endgame pawnEndgame promotion quietMove veryLong,https://lichess.org/8BZ1QRQZ/black#70,
aOiqq,8/8/2k3p1/4Q2p/6r1/6r1/5KP1/8 w - - 27 49,e5g3 g4g3 f2g3 g6g5 g3f3 c6d5 f3e3 d5e6,2187,149,65,13,crushing defensiveMove endgame quietMove veryLong,https://lichess.org/g1xuUgZY#97,
aOojx,3r4/p4p1p/kp6/3pr3/1R3R2/6P1/PP3P1P/6K1 w - - 0 29,f4f7 d5d4 b4a4 a6b5 a4a7 d4d3,2138,76,95,3338,crushing endgame long quietMove rookEndgame,https://lichess.org/XOshYCPk#57,
aPGSU,1r3qk1/p4p2/5B1p/5B2/2pR4/5PP1/P5KP/8 b - - 1 31,f8c5 d4g4 g8f8 f5h7 f8e8 g4g8 e8d7 g8b8,2164,76,94,4617,advantage endgame quietMove skewer veryLong,https://lichess.org/Pd7AAwXJ/black#62,
aQIka,Q4b2/1Q3pk1/3p4/2pP4/1pP2K2/1P6/8/5q2 w - - 11 60,f4e3 f8e7 b7e7 f1e1 e3f4 e1e7,2168,188,85,7,crushing endgame exposedKing long quietMove sacrifice skewer,https://lichess.org/4Nb6VM0T#119,
aQK9F,8/p5R1/1p5p/2p1B2k/5P2/8/2r1r3/6RK w - - 1 42,f4f5 e2e5 g1f1 c2e2 f5f6 e2e1 f1e1 e5e1,2145,92,91,78,advantage endgame hangingPiece quietMove veryLong,https://lichess.org/soghopLk#83,
aQRHj,8/8/8/6P1/4N3/2p4K/2r5/k7 b - - 0 61,c2h2 h3h2 c3c2 e4c5 a1b2 c5d3 b2c3 d3c1,2190,88,90,182,crushing defensiveMove endgame hangingPiece quietMove veryLong,https://lichess.org/8cwWodR5/black#122,
aQTzP,8/4ppkp/q1Np2p1/3P4/1P6/2P2P1P/r5PK/3Q4 b - - 0 35,a6e2 d1e2 a2e2 b4b5 e2c2 b5b6 c2c3 b6b7,2178,75,91,1363,advancedPawn advantage endgame master quietMove veryLong,https://lichess.org/0xU6Gbln/black#70,
aQpy3,8/2R5/2P4k/3B4/p2b2K1/8/2r5/8 b - - 0 44,a4a3 d5e4 c2g2 e4g2 a3a2 g2e4 d4g7 c7a7 a2a1q a7a1,2189,92,92,62,crushing endgame quietMove veryLong,https://lichess.org/lIiwHL7D/black#88,
aR1jI,4r1k1/5p2/3p2pB/1p5p/1P1Q4/7P/6PK/5q2 b - - 1 41,f7f6 d4a7 f1f4 h6f4,2134,75,94,3078,crushing endgame master quietMove short,https://lichess.org/KV3G99GC/black#82,
aRGFl,r1b2rk1/3N1ppp/2pp4/p3PQP1/1p6/8/qPP1B2P/2KR3R b - - 1 20,d6e5 e2d3 g7g6 d7f6,2146,80,73,36,crushing middlegame quietMove short,https://lichess.org/dNqZHdT5/black#40,
aRTfu,r2r3k/1R6/5q1p/p7/B1Qp1p2/4p2P/1P4P1/6K1 b - - 1 37,d8f8 a4c2 f6g7 b7g7,2121,76,87,343,crushing endgame quietMove short,https://lichess.org/xhsRncy7/black#74,
aRXYx,8/p6p/8/1P4p1/P2kp3/4p1P1/4K2P/8 b - - 0 37,h7h5 a4a5 d4c5 b5b6 a7b6 a5b6,2134,78,84,212,crushing endgame long pawnEndgame quietMove,https://lichess.org/xceIfY7t/black#74,
aRrbd,8/8/8/1pp2p1p/6k1/PP2P1P1/5K2/8 b - - 0 36,c5c4 b3c4 b5c4 a3a4 c4c3 f2e2 c3c2 e2d2 f5f4 e3f4 c2c1r d2c1 g4g3 a4a5 h5h4 a5a6,2132,75,94,2427,crushing endgame pawnEndgame quietMove veryLong,https://lichess.org/vVGSNCqh/black#72,
aSJHr,8/8/8/6pp/3k1p2/5K1P/5PP1/8 w - - 0 47,g2g4 h5h4 f3e2 d4c3 e2d1 c3d3,2184,75,92,2240,crushing defensiveMove endgame long pawnEndgame quietMove,https://lichess.org/0Enb5DEF#93,
aSLcn,2b3r1/4k2p/p2bPnpQ/1prBp3/8/4P2P/2P2PP1/2R2RK1 w - - 3 24,e3e4 g6g5 f2f4 g8g6 h6g5 g6g5 f4g5 f6d5 e4d5 c5d5,2197,74,92,3931,advantage clearance middlegame quietMove trappedPiece veryLong,https://lichess.org/WrPRhI9K#47,
aSQ0J,r2qr3/k1p3p1/p1p2b1p/8/8/1Q1P4/PPP3PP/RNB1KR2 w Q - 1 19,e1d1 d8e7 b1c3 f6c3 c1e3 e7e3,2101,75,82,151,crushing long middlegame quietMove,https://lichess.org/jhoPa3I5#37,Kings_Gambit Kings_Gambit_Other_variations
aSS08,8/2p2k2/5P2/pn1P4/1p2N3/4K3/P7/8 w - - 2 42,e3f4 a5a4 f4e5 b4b3,2180,80,90,800,crushing endgame knightEndgame quietMove short,https://lichess.org/SoPsSC1A#83,
aSVIZ,4b2k/1r4b1/5N1p/4p3/2BqP3/1P3PR1/1K4Q1/6R1 w - - 10 39,b2c2 b7a7 g1b1 a7a2,2176,82,69,38,crushing middlegame quietMove short,https://lichess.org/SgUssCmt#77,
aT6HD,8/1p2kp2/pbp5/3pP3/1P6/1KP3R1/P1B1Q1P1/6qr b - - 5 47,g1f2 e2g4 b6e3 g3f3 f2h4 g4h4,2108,74,92,382,crushing endgame long quietMove,https://lichess.org/4GCPWVQA/black#94,
aTLn2,r5k1/pq5p/1p2p3/2p2rp1/8/P4N2/2Q2PKP/2R1R3 w - - 0 24,e1e4 a8f8 c2e2 f5f3 e2f3 f8f3,2122,74,78,164,crushing long middlegame quietMove,https://lichess.org/vJvyg9b8#47,
aTNfd,8/pp4pk/2p5/2P2Rpq/1P6/6QP/1r4PK/8 b - - 1 39,h5h4 g3d3 b2b4 f5f4,2164,77,90,189,advantage discoveredAttack endgame master quietMove short,https://lichess.org/XwluZ3wL/black#78,
aTV3k,2r3k1/1p5p/p7/3pN3/3QbPPq/P6P/1P5K/5R2 w - - 3 32,f1f2 c8c1 e5f3 e4f3 f2f3 c1c2 h2h1 h4e1,2155,86,77,25,crushing endgame quietMove veryLong,https://lichess.org/wMny03z3#63,
aTVxz,r1b2rk1/pp3p1p/2p1p1pQ/3p4/3q2R1/2NP3P/PP3P2/2K4R b - - 0 18,d4d3 g4h4 f8d8 h6h7 g8f8 h4f4,2106,92,100,26,advantage kingsideAttack long middlegame quietMove,https://lichess.org/ffNW2ikG/black#36,Rapport-Jobava_System_with_e6 Rapport-Jobava_System_with_e6_Other_variations
aTeUY,8/5ppp/4k3/p1p1P3/P1P1K3/6P1/7P/8 b - - 0 31,h7h6 g3g4 f7f6 e5f6,2182,78,91,5407,crushing endgame pawnEndgame quietMove short zugzwang,https://lichess.org/cTZYKCfT/black#62,
aTyeh,8/5p2/R1rkp2p/8/3P1pPP/8/5K2/8 w - - 1 41,a6c6 d6c6 f2f3 c6d5 g4g5 h6h5 f3f4 d5d4,2153,78,94,5152,crushing endgame quietMove veryLong,https://lichess.org/Q3Fx6oSN#81,
aU7Rq,2N5/3P3p/1p6/2p5/2P1K1k1/8/8/1r6 b - - 0 48,b1d1 c8b6 d1f1 b6d5 f1f8 d5f6 f8f6 d7d8q,2197,105,100,28,advancedPawn crushing deflection endgame promotion quietMove veryLong,https://lichess.org/Rwco3ytn/black#96,
aU7c9,8/8/5k2/1P3p2/6p1/r7/P1R3K1/8 b - - 0 56,a3a5 c2b2 a5a7 b5b6,2135,89,100,32,crushing endgame quietMove rookEndgame short,https://lichess.org/x4bBqm9k/black#112,
aUWyS,3r2k1/Q4ppp/1p1r4/4q3/8/P5RP/5PP1/2R3K1 w - - 3 29,c1c7 e5f4 c7c2 h7h5 a7c7 d8e8 c2c1 d6d1 c1d1 f4c7,2191,213,67,3,crushing deflection discoveredAttack endgame quietMove veryLong,https://lichess.org/EhNaN5rm#57,
aUcme,8/8/6p1/1p2kbP1/p1p5/P1P1K2p/1P3R2/8 w - - 8 59,e3d2 f5e4 d2e1 e4g2 f2e2 e5f4,2156,80,80,52,crushing defensiveMove endgame long quietMove,https://lichess.org/FlRyqnU9#117,
aUpN1,2r4k/5p2/p2pp2P/1p6/4QP2/P1q5/2P5/1K4R1 b - - 0 29,c8c4 e4g2 c3c2 g2c2 c4c2 b1c2,2198,75,91,219,crushing endgame long quietMove,https://lichess.org/kvDZ2kD1/black#58,
aUrnq,1r3r1k/2q2ppp/3p4/2p1b1B1/2BnP2Q/3R4/6PP/5R1K b - - 5 30,f7f5 d3h3 g7g6 g5e7,2113,76,85,167,advantage middlegame quietMove short,https://lichess.org/hHLtvBgQ/black#60,
aUwCp,2r2rk1/2n2p2/p2N1bq1/1p1Pp1p1/1P2P1b1/P4N2/1BR1QP2/5RK1 w - - 0 31,d6c8 g6h5 f3d4 g4e2,2150,77,79,69,advantage middlegame quietMove short,https://lichess.org/rKy2V4dq#61,
aUxUc,8/8/1pB3k1/1P1p4/3Pb1K1/8/8/8 w - - 7 54,g4h4 g6f5 h4g3 e4h1 c6b7 f5e4,2173,76,90,107,bishopEndgame crushing endgame long quietMove,https://lichess.org/4ggMNjxv#107,
aUxjz,8/8/6k1/pq3pp1/3Pp3/1P2Q1P1/P1r2P1K/R7 w - - 4 36,h2g2 c2e2 a2a4 b5a6 a1e1 e2e3,2138,82,85,40,crushing endgame long quietMove,https://lichess.org/dtQCAVHR#71,
aV0Ib,7k/2p5/1p5p/3Pp1q1/1bP1Q1b1/pP6/P2N4/2K2R2 w - - 2 34,f1f2 g4h5 f2g2 b4d2,2122,139,88,13,crushing endgame master quietMove short,https://lichess.org/NZuaHjp1#67,
aVCEM,8/2p5/1k6/p2p4/3K4/P1P5/1P6/8 b - - 0 38,c7c6 a3a4 b6c7 d4c5 c7d7 c5b6,2197,75,97,563,crushing endgame long pawnEndgame quietMove zugzwang,https://lichess.org/zgjm6mpt/black#76,
aVNy2,8/8/8/P1p2k2/5b1p/3K2p1/8/4R3 w - - 0 56,a5a6 f4b8 e1f1 f5e5,2166,370,5,24,crushing defensiveMove endgame quietMove short,https://lichess.org/UTjTryVk#111,
aWI2D,8/5p2/6p1/4P1K1/1Pkb1P1P/3b4/3B4/8 b - - 2 53,d4c3 d2c3 c4c3 g5f6 d3c4 b4b5 c4b5 f6f7 b5d3 e5e6 c3d4 e6e7,2168,76,88,102,advancedPawn bishopEndgame crushing deflection endgame master quietMove veryLong,https://lichess.org/JCPqOX02/black#106,
aWXgW,r7/PR6/3N1k2/5p2/7p/6pP/6P1/7K w - - 5 35,d6b5 a8e8 b7f7 f6g6 f7e7 e8e7 a7a8q e7e1,2189,155,36,40,defensiveMove endgame mate mateIn4 quietMove veryLong,https://lichess.org/EcNvmiMU#69,
aWjUh,8/5k2/1p4p1/p1pP4/5P2/P3K3/1P6/8 b - - 0 40,f7e7 a3a4 e7d6 e3e4,2193,81,89,76,crushing defensiveMove endgame pawnEndgame quietMove short,https://lichess.org/kS4We0A2/black#80,
aWtK4,5r2/p3q1k1/Pp2p2p/2p1PppQ/2P1pP2/2PrP3/6PP/R2R2K1 w - - 1 23,h2h4 g5g4 d1d3 e4d3,2154,75,89,879,crushing endgame master quietMove short,https://lichess.org/sYRHPA8T#45,
aWubh,5B2/2p5/p1p1k3/4Pppp/4Kp2/8/PPP2P2/8 w - f6 0 29,e5f6 h5h4 f8c5 h4h3,2149,77,73,93,bishopEndgame crushing endgame quietMove short,https://lichess.org/WmU92xPZ#57,
aWxJN,6k1/ppr5/4p1P1/7p/7r/n1pPP2P/P1B5/2K2R1R b - - 2 34,c7c6 c2b3 a7a5 h1g1 a5a4 g6g7,2162,128,44,18,advancedPawn advantage endgame long quietMove,https://lichess.org/kkdGLTMP/black#68,
aXNtz,r7/pp4k1/2p3pr/2bpN3/3n4/2N2p1B/PP3P1K/R3B1R1 w - - 2 30,e5g4 h6h3 h2h3 a8h8 g4h6 h8h6 h3g4 g6g5 c3d5 c6d5 e1b4 c5b4,2156,109,85,25,advantage attraction exposedKing middlegame quietMove sacrifice veryLong,https://lichess.org/kIPY6RJw#59,
aXkuE,3r2k1/5r1p/p5p1/1q6/8/4P3/QP3PP1/2R1KR2 w - - 1 31,c1c7 b5b4 c7c3 b4d6 a2f7 g8f7,2175,85,76,49,crushing endgame long quietMove,https://lichess.org/KlESQkBL#61,
aXlgW,2r2rk1/2P2qpb/1pR1n2p/1B1p4/1P1Pp2P/PN4Q1/5P2/4R1K1 b - - 2 38,e6c7 e1c1 c7b5 c6c8,2122,75,91,2021,advantage middlegame quietMove short,https://lichess.org/MaZwj24C/black#76,
aXpL5,4Q3/1p3ppk/1Np4p/5P2/6Pq/2P4P/1r1RK3/8 b - - 1 29,b2b6 d2d8 b6b2 e2d1 h4d8 e8d8,2172,76,92,2166,crushing defensiveMove endgame long quietMove,https://lichess.org/mDYFH5e4/black#58,
aYRjI,8/1p3bk1/p2r2nq/3p1R2/3P1P1r/2PBQ3/6RP/7K b - - 8 32,g7f8 g2e2 h4h2 e2h2,2106,113,65,27,crushing middlegame quietMove short,https://lichess.org/dFudHrkQ/black#64,
aYVo4,r1bqr1k1/4pp2/p5p1/1ppPR3/7Q/2NB4/PPP2PPP/2K5 b - - 0 19,c5c4 e5h5 e7e5 h5h8,2112,76,86,2616,crushing middlegame quietMove short,https://lichess.org/b56IV11x/black#38,Modern_Defense Modern_Defense_Other_variations
aYZsJ,8/8/2B5/5p2/2K2k2/P5p1/2p5/6N1 w - - 0 53,g1e2 f4e3 e2c1 f5f4 a3a4 f4f3,2139,75,94,3612,crushing defensiveMove endgame long quietMove,https://lichess.org/Nq7bG4f7#105,
aYwvL,2k3r1/1p3p2/p3p3/P2pQp1p/2pP1P2/2q4r/2R2RP1/6K1 b - - 1 29,c3a5 c2c4 c8d7 f2c2 a5a1 c2c1 d5c4 c1a1,2175,77,86,180,advantage clearance endgame quietMove veryLong,https://lichess.org/9rrOcbG7/black#58,
aZ9nm,r4rk1/pp4n1/1n4pR/3P1pP1/2PQ4/2P5/1qBK4/3R4 b - - 5 29,a8c8 d1h1 b6c4 d2d3 c4e5 d4e5 b2c3 e5c3 c8c3 d3c3,2162,75,87,239,crushing defensiveMove middlegame quietMove veryLong,https://lichess.org/LUlwXHSK/black#58,
aZJ8i,r6k/ppp5/2np1bq1/5bN1/2Pp1B2/8/PP1Q1PP1/R4RK1 w - - 4 20,a1e1 a8g8 f2f3 f6g5 f4g5 g6g5 d2g5 g8g5,2191,78,90,4085,advantage master masterVsMaster middlegame quietMove veryLong,https://lichess.org/nSLfuz6s#39,
aZSFV,2k2r2/ppp5/7p/6p1/3b2n1/4B1P1/PP3P1P/3R2K1 w - - 0 23,e3d4 f8d8 d1d2 g4e5 g1g2 e5c4,2188,80,91,1692,crushing endgame long quietMove,https://lichess.org/QzB27zad#45,
aZSbW,3rr3/p4pkp/1p4p1/2pq4/5Q2/PP2P1N1/3P2PP/5RK1 b - - 1 27,d8d7 f4f6 g7g8 g3f5 g6f5 f1f5,2107,235,100,14,endgame equality long quietMove sacrifice,https://lichess.org/mX3h8FaN/black#54,
aZzpV,2r1r1k1/pp3p1p/3p2p1/1B3PPn/n2B4/5Q1P/q1PR4/2K3R1 b - - 2 25,e8e7 c2c4 c8c4 b5c4 a2c4 d2c2,2162,82,81,47,advantage long middlegame quietMove,https://lichess.org/l3T3mKxL/black#50,
aaOZG,8/8/p7/2K5/P1R5/1rP5/3k4/8 b - - 10 52,b3c3 c4c3 d2c3 a4a5 c3d3 c5b6 d3c4 b6a6 c4c5 a6b7,2104,80,90,916,crushing endgame quietMove rookEndgame veryLong,https://lichess.org/gVcWe8j1/black#104,
aaRPZ,6k1/2p1p3/p5p1/1pPR1r2/8/P5P1/4PP1P/6K1 w - - 1 36,e2e4 f5d5 e4d5 a6a5 g1f1 b5b4 a3b4 a5a4 f1e2 a4a3 d5d6 e7d6 c5d6 c7d6,2121,75,100,344,crushing endgame quietMove rookEndgame veryLong,https://lichess.org/ZwOtXtfO#71,
aac0N,8/5ppp/8/P7/1ppk4/1r3PP1/1P2K2P/R7 w - - 1 34,a5a6 b3b2 e2f1 b2h2 f1g1 h2e2 a6a7 e2e8 a7a8r e8a8,2105,218,43,5,crushing endgame master quietMove rookEndgame skewer veryLong,https://lichess.org/CQLsu1pi#67,
aagfj,6k1/7p/2p1r3/2n5/1p4N1/1pb3N1/P1P3PP/1K1R4 w - - 0 34,a2b3 e6e8 g4f6 c3f6,2112,88,76,40,advantage endgame quietMove short,https://lichess.org/qxZGxXci#67,
aatBv,8/4k2p/2Bp2p1/5p2/1P1bP3/pn3P2/6PP/1K2B3 w - - 0 40,c6a4 b3c1 e1h4 e7f8,2126,78,88,285,advantage defensiveMove endgame master masterVsMaster quietMove short,https://lichess.org/kdKOrvMz#79,
aaxxx,3b4/2p2kpp/8/1pRpP3/1r1P1P2/8/PK2N2P/8 w - - 5 33,b2a3 b4b1 e2c3 b5b4 a3a4 b4c3,2190,76,94,1504,advantage endgame exposedKing fork long quietMove,https://lichess.org/XXwJN6W0#65,
abGqG,8/8/3p2pp/2p1pk2/8/2PP3P/P5P1/7K b - - 0 35,f5f4 a2a4 d6d5 a4a5 d5d4 c3d4 e5e4 d3e4,2129,78,88,67,crushing endgame pawnEndgame quietMove veryLong,https://lichess.org/2ME2gh5B/black#70,
abVAt,8/1p3pk1/7p/p2pP3/5P2/1P4P1/P7/6K1 w - - 1 32,f4f5 h6h5 g1f2 g7h6 f2e3 h6g5 e3d4 g5f5,2152,75,87,115,crushing endgame pawnEndgame quietMove veryLong,https://lichess.org/nR8GBKLI#63,
abnNS,r1r3k1/5p1p/pN1bb1p1/4p3/1p2P3/5P2/PPP1N1PP/1K1R4 w - - 0 22,b6c8 d6c5 d1d8 g8g7,2165,86,87,41,crushing endgame quietMove short,https://lichess.org/megw75Uj#43,
abnuh,8/3q1pk1/5bp1/1p1r2p1/3P4/3QB1PP/5P2/1R4K1 b - - 3 40,f6d4 b1d1 d4e3 d3d5 d7d5 d1d5,2113,74,94,5634,advantage endgame long master masterVsMaster quietMove,https://lichess.org/ltU3hWdS/black#80,
abzl0,B2r2k1/5pp1/3P1b1p/5Q2/2q2B2/p5P1/7P/5RNK b - - 0 28,c4f1 a8e4 g8f8 f5h7 g7g5 h7h6 f6g7 h6g5,2130,135,77,16,crushing deflection fork middlegame quietMove veryLong,https://lichess.org/1L8sSpRc/black#56,
acelB,8/5k2/p5p1/1p5p/1K6/PP3BrP/6P1/8 b - - 1 41,g6g5 f3h5 f7e6 h5f3 e6e5 b4a5 e5f4 a5a6 g5g4 h3g4,2124,75,98,573,crushing endgame quietMove veryLong,https://lichess.org/P2lQHfoj/black#82,
acuIG,8/4N1pk/1P1P3p/4p1bb/2P2p2/8/5QPP/1q3BK1 w - - 0 44,c4c5 e5e4 g2g4 h5g4,2173,75,93,1342,advantage endgame quietMove short,https://lichess.org/Eo2lxhAZ#87,
ad1ai,rnb1qr1k/1ppnB1bp/p3Q1p1/8/8/2N5/PPP2PPP/2KR1BNR w - - 1 12,d1e1 d7e5 e6e5 g7e5,2104,75,92,4744,advantage opening quietMove short,https://lichess.org/j1q12n5c#23,Pirc_Defense Pirc_Defense_Byrne_Variation
adOlt,8/8/4p3/5p2/1P4p1/2K3P1/5k1P/8 b - - 0 69,f2g2 b4b5 e6e5 b5b6 f5f4 g3f4 e5f4 b6b7 g4g3 h2g3,2148,77,88,162,advancedPawn crushing endgame pawnEndgame quietMove veryLong,https://lichess.org/p4yMHnY8/black#138,
adQoR,1k1r4/ppp1bp1p/3p4/P5qP/3P4/8/1PP1BP1K/R2Q1R2 w - - 1 20,f1h1 d8g8 e2g4 g5h4 h2g2 g8g4 d1g4 h4g4,2185,76,100,129,advantage discoveredAttack exposedKing middlegame quietMove veryLong,https://lichess.org/dRu4XCzw#39,
afn0k,5r2/pb1r4/1p5k/3pB3/8/7P/PP4RK/3R4 b - - 3 36,h6h5 d1g1 f8f5 e5d4,2151,140,86,14,crushing endgame quietMove short,https://lichess.org/lhckcXQc/black#72,
afpnM,8/6pp/3k4/4p3/7P/pK3P2/P4P2/8 w - - 0 47,b3a3 h7h5 a3b4 g7g5 h4g5 h5h4,2138,77,89,588,crushing defensiveMove endgame long pawnEndgame quietMove,https://lichess.org/U0KaSs0F#93,
ag0ZD,5r1k/2pQ1q2/1pBpRb2/p2P2p1/P1P3P1/1P4K1/8/8 w - - 3 48,g3g2 f6e7 e6h6 h8g7,2117,76,84,74,crushing defensiveMove endgame quietMove short,https://lichess.org/XpknKxAW#95,
agO4q,4k3/4P2p/4r1p1/2B5/1K5P/P5P1/8/8 b - - 0 50,h7h5 a3a4 g6g5 h4g5 e6g6 a4a5 g6g5 a5a6,2120,75,94,883,crushing endgame quietMove veryLong,https://lichess.org/kCjv0LIZ/black#100,
agf8Z,8/4kpp1/3p3p/3K4/6P1/7P/2P5/8 b - - 4 44,g7g5 c2c4 f7f5 g4f5 h6h5 f5f6,2148,157,100,22,endgame equality long pawnEndgame quietMove,https://lichess.org/HwLuiDsb/black#88,
aggi2,2k4r/Q5p1/1np2p2/3p1bNp/P2P4/2P3qP/6P1/R1B3K1 w - - 4 27,a7g7 h8e8 c1f4 g3f4,2121,75,86,214,advantage middlegame quietMove short,https://lichess.org/vFyXJnJ2#53,
agn2u,8/8/5k1p/6pP/4PP2/1K6/8/8 w - g6 0 46,h5g6 h6h5 f4f5 h5h4 e4e5 f6g7 e5e6 g7f6 b3c4 h4h3 c4d4 h3h2 e6e7 f6e7,2198,78,92,413,advancedPawn crushing defensiveMove endgame pawnEndgame quietMove veryLong,https://lichess.org/MkBMKG5h#91,
agp0Y,8/1p5p/p2k1pp1/3p1P2/PP1K2P1/7P/8/8 b - - 0 36,b7b6 f5g6 h7g6 h3h4 d6e6 h4h5,2176,76,93,1284,advantage endgame long pawnEndgame quietMove,https://lichess.org/G8QniOK9/black#72,
ahDjJ,8/1p6/p7/3k1p1p/5P2/P2KP2P/6P1/8 w - - 0 33,e3e4 f5e4 d3e3 h5h4 g2g4 h4g3,2130,77,85,186,crushing enPassant endgame long pawnEndgame quietMove,https://lichess.org/ZHecaWhK#65,
ahJJC,8/1b6/p5K1/5p2/Pk3P2/8/7P/8 b - - 2 36,b7c8 h2h4 c8d7 g6f7 d7a4 h4h5,2162,74,91,3036,bishopEndgame crushing defensiveMove endgame long quietMove,https://lichess.org/aOAsfNzK/black#72,
ahjOp,1kr4r/3q4/Q1pp2pb/8/3N4/8/PPP2PPP/1K1R4 b - - 2 26,h6g7 d1d3 b8c7 a6a5,2128,103,87,31,crushing middlegame quietMove short,https://lichess.org/sQ6HcviW/black#52,
ahusr,4b3/8/5p1p/2k1p3/2p1B1P1/1pP1P1KP/1P6/8 b - - 1 41,e8c6 e4c6 c5c6 e3e4 c6d6 g3h4 d6e7 h4h5,2182,75,95,281,bishopEndgame crushing endgame quietMove veryLong,https://lichess.org/VQ15phUj/black#82,
aiJYB,8/p4p1p/4k2P/1p1p1p2/1P3K2/P3P3/5PP1/8 w - - 1 40,f4g5 e6e5 f2f4 e5e4 g5f6 e4e3 f6g7 d5d4 g7h7 d4d3 h7g7 d3d2 h6h7 d2d1q,2113,75,85,303,advancedPawn crushing defensiveMove endgame master pawnEndgame promotion quietMove veryLong,https://lichess.org/49rEucaI#79,
aiPnJ,6R1/1p6/p2p4/q2Pp1Rk/4r3/1Pp5/2P5/1K6 b - - 1 38,h5h4 g5g1 e4e1 g1e1 a5d5 e1g1,2108,79,88,81,crushing defensiveMove endgame long queenRookEndgame quietMove,https://lichess.org/jeHblIAE/black#76,
aiUBZ,2r1k3/4np2/p5p1/q7/3BQPP1/b1pP3P/2K1B3/1R5R w - - 3 29,b1b3 a3b4 c2b1 c3c2,2138,76,91,1604,advancedPawn advantage middlegame quietMove short,https://lichess.org/G0cXPhXJ#57,
aid3b,rn2k2r/pp3ppp/2p1p3/3p4/3P1P2/2Q2BP1/qPPK3P/3RR3 b kq - 1 14,e8g8 f3e2 c6c5 d1a1 a2a1 e1a1,2148,75,98,481,advantage long middlegame quietMove trappedPiece,https://lichess.org/wzyoJS0a/black#28,Czech_Defense Czech_Defense_Other_variations
aj6Xl,6r1/8/6P1/4p1K1/4P3/1p1P1R2/3k4/8 w - - 0 47,g5h6 d2e2 f3f7 g8b8 g6g7 b3b2,2167,119,83,14,advancedPawn advantage endgame long quietMove rookEndgame,https://lichess.org/RwhzZddc#93,
ajpuG,r4rk1/p3q1p1/1p1p1p1p/3Pn1PN/4P3/1PB1Q1Pb/P4R2/5RK1 w - - 1 30,c3e5 f6e5 g5h6 g7g6 h5f6 g8h8 e3g5 h3f1 g1f1 f8f7 g5g6 a8f8 f6g4 f7f2,2132,139,-19,15,advantage clearance middlegame quietMove veryLong,https://lichess.org/GW5x1k5C#59,
ajtg7,5rk1/1pQ1b2p/p3q1p1/3pP3/8/1P2P3/P2B2PP/2R3K1 w - - 1 28,c7b7 e6f7 b7a6 f7f2 g1h1 f2d2,2118,86,100,33,advantage endgame fork long quietMove,https://lichess.org/FhS5oxHu#55,
ajweR,4R3/1p4k1/p1q2b1p/3p2p1/4p1Q1/1P4PP/P5P1/7K w - - 6 32,e8e6 c6c1 h1h2 f6d4 e6e7 g7f8,2195,78,89,967,crushing endgame long quietMove,https://lichess.org/UeRcBhZr#63,
ak6qF,3r1r2/ppk2pb1/2pNp2p/4P1p1/P2q4/1R4B1/1P2QPPP/5K2 b - - 1 25,d8b8 e2c2 a7a6 b3d3 d4b4 f2f4 f8d8 g3f2 d8d6 e5d6 c7d7 d3b3 b4a5 f2a7,2174,113,0,29,advantage clearance middlegame quietMove veryLong,https://lichess.org/TrysoXnb/black#50,
akJKg,4B3/8/p4k2/1p1p1r2/2pKp3/2P3P1/8/7R w - - 2 41,h1h5 f5h5 e8h5 a6a5 h5e8 a5a4,2165,92,75,36,crushing defensiveMove endgame long quietMove,https://lichess.org/r9KxHYBs#81,
akM4U,r4bk1/pp2rpp1/7p/2qPpQ2/8/5B2/P4PRP/6RK b - - 3 29,c5d6 f3e4 g7g6 g2g6 f7g6 g1g6 e7g7 g6d6,2131,121,71,34,crushing fork middlegame quietMove sacrifice veryLong,https://lichess.org/Nl6KyOFF/black#58,
akWOW,r1b3rk/ppq2p1p/5p2/3p4/3P4/3Q4/PPBN1PPb/4RR1K b - - 3 18,f6f5 g2g3 h2g3 f2g3,2182,78,91,2199,advantage middlegame quietMove short trappedPiece,https://lichess.org/j3iAsG0A/black#36,Sicilian_Defense Sicilian_Defense_Old_Sicilian
akY7e,1r4k1/p1q1ppb1/2p5/1rPn3p/3PQ1pP/P3P1P1/1B2NP2/1R3RK1 w - - 5 24,e4c2 c7b7 b1e1 b5b2,2131,76,87,1066,advantage middlegame quietMove short,https://lichess.org/2dUDokel#47,
akhBS,8/4k1p1/1K5p/7P/5p2/2N5/P2p4/8 w - - 0 51,c3d1 g7g5 h5g6 h6h5 g6g7 e7f7 d1f2 h5h4,2126,75,96,261,crushing defensiveMove endgame knightEndgame quietMove veryLong,https://lichess.org/cL93xtjk#101,
akrSS,rn2kb1r/pp3ppp/4pn2/8/2pPP1b1/1NqBBN2/P5PP/2RQ1RK1 b kq - 1 12,c3d3 d1d3 c4d3 c1c8 e8d7 f1c1 b8c6 c8a8,2198,87,85,28,advantage clearance middlegame quietMove veryLong,https://lichess.org/ObsqUrfe/black#24,Caro-Kann_Defense Caro-Kann_Defense_Maroczy_Variation
aktPm,8/5kP1/5P1B/8/4K2P/1pp5/1n6/8 w - - 0 45,h4h5 b2c4 e4d3 b3b2 d3c3 b2b1q,2124,77,95,343,advancedPawn crushing endgame long promotion quietMove,https://lichess.org/79czRlfU#89,
al6tf,8/p1k5/8/7K/6P1/8/8/8 b - - 0 53,c7d7 g4g5 d7e7 h5h6,2164,78,89,441,crushing defensiveMove endgame pawnEndgame quietMove short,https://lichess.org/g1huGU8K/black#106,
alFkF,5rk1/ppp2Rp1/2p4p/8/2P5/q3r2P/2P2QP1/5RK1 b - - 0 23,e3e8 c4c5 f8f7 f2f7 g8h7 f7e8,2149,75,90,280,advantage endgame fork long quietMove,https://lichess.org/LeadVLj4/black#46,
amBAQ,8/8/4p1p1/pp1k1pP1/3P1P2/P1P1K3/8/8 w - - 3 50,e3d3 a5a4 d3d2 d5e4,2168,75,86,181,crushing endgame pawnEndgame quietMove short zugzwang,https://lichess.org/CcDcncxF#99,
amNWy,8/8/Bp6/4k3/bB6/P1P1pp2/1K6/8 w - - 0 43,b2c1 b6b5 b4c5 f3f2,2126,77,84,161,advancedPawn bishopEndgame crushing endgame quietMove short,https://lichess.org/U44ttzXy#85,
amTUR,8/8/4p3/3pPp1k/2PP1Pp1/1p3bK1/1N6/8 b - - 0 71,f3e4 c4c5 e4f3 g3f2 h5h4 c5c6,2117,79,82,117,crushing endgame long quietMove,https://lichess.org/DNDuy21A/black#142,
amgxe,2kr3r/pp1nqppp/2p2n2/4p3/4P3/3BBP1P/PPPQ1P2/1K1R3R w - - 0 16,e3a7 b7b6 a7b6 d7b6 d2a5 e7c7 d3a6 c8b8,2149,80,91,765,advantage middlegame quietMove veryLong,https://lichess.org/IFfMHr38#31,Pirc_Defense Pirc_Defense_Other_variations
amiqW,r5k1/1pp3pp/5r2/p6q/2PR2b1/PP3PP1/2Q3B1/5RK1 b - - 0 23,h5c5 c2f2 c5a3 d4g4,2188,76,90,137,advantage master middlegame quietMove short,https://lichess.org/JPhIN28q/black#46,
anL7Y,2r5/7p/p7/1p3p1k/1P2pP2/P1NbP1P1/6K1/2R5 b - - 2 34,h5g4 c3d5 d3f1 c1f1 c8c2 f1f2,2147,370,38,3,crushing endgame long quietMove,https://lichess.org/qIDFIheD/black#68,
anQvB,2r1kb1r/pp1n1ppp/4p3/1Q1p4/3P4/q1P3B1/P2N1PPP/R1R3K1 b k - 5 16,c8c3 d2b3 a3a6 b5a6 c3c1 a1c1,2124,75,82,96,advantage long middlegame quietMove,https://lichess.org/Gja99WtM/black#32,Queens_Pawn_Game Queens_Pawn_Game_Steinitz_Countergambit
anR8h,8/pp6/6p1/4kp1p/1P2n2P/P1P5/2KN2P1/8 w - - 1 35,d2e4 f5e4 c2d2 b7b5 d2e3 e5f5,2103,228,85,3,crushing defensiveMove endgame long quietMove,https://lichess.org/9Vb8ne6E#69,
anVAc,8/5k2/5p1p/5K2/6PP/8/8/8 b - - 2 68,f7e7 f5g6 h6h5 g6h5 e7f7 h5h6 f6f5 g4f5 f7f6 h4h5 f6f5 h6g7,2139,76,91,575,crushing endgame pawnEndgame quietMove veryLong,https://lichess.org/INAE5ffx/black#136,
annyl,8/8/6p1/1pB2k1p/1Pr4P/4P1P1/5PK1/8 w - - 7 45,f2f3 c4c5 b4c5 b5b4 g3g4 f5e6,2193,127,66,16,crushing defensiveMove endgame long quietMove sacrifice,https://lichess.org/4GPesYPQ#89,
ao0yQ,6k1/1pQ3p1/p3p2p/5r1r/PP5q/2P2P2/4K1P1/4RR2 w - - 5 29,e2d2 h4g5 d2c2 g5g2 c2b3 h5h2 c7h2 g2h2,2144,76,87,291,crushing endgame quietMove veryLong,https://lichess.org/8l3MBk5n#57,
aoFfU,8/8/2k2pp1/8/4KP1p/7P/6P1/8 w - - 2 43,e4f3 f6f5 f3e3 c6c5 e3d3 c5d5,2133,76,91,700,crushing defensiveMove endgame long pawnEndgame quietMove zugzwang,https://lichess.org/EHIK5By7#85,
aoRmg,2q5/5p1k/2p2Bpp/1p1p4/1P1PbQPP/r1P1R1K1/5P2/8 w - - 3 34,g4g5 a3a1 f2f3 a1h1 g3f2 c8h3,2144,122,86,19,crushing endgame long quietMove,https://lichess.org/e0B1MwWV#67,
aoUVu,8/3R4/r2Pp3/pp4k1/4P3/6K1/P7/8 b - - 0 41,b5b4 d7d8 g5f6 d8f8 f6g7 d6d7 g7f8 d7d8q,2114,141,100,12,advancedPawn crushing endgame promotion quietMove rookEndgame veryLong,https://lichess.org/VLAMlUKO/black#82,
aogoe,4bk2/5rRK/p7/7P/6P1/8/8/8 w - - 1 42,g7f7 e8f7 h5h6 a6a5 g4g5 a5a4 g5g6 f7g6 h7g6 f8g8 h6h7 g8h8,2185,76,95,1513,crushing endgame quietMove veryLong,https://lichess.org/cMqAxowp#83,
apIYd,8/8/p7/1p3K2/8/P2kp1B1/8/8 w - - 0 48,f5e5 a6a5 g3e1 b5b4 a3b4 a5a4 b4b5 a4a3,2165,76,94,1790,bishopEndgame crushing endgame quietMove veryLong,https://lichess.org/vGgXrCV7#95,
apJ5w,r5n1/5kbQ/pqp1ppp1/3p4/3P4/1P2P3/P4PPP/1RB2RK1 w - - 3 16,h2h4 g8e7 c1a3 a8h8 h7h8 g7h8,2154,81,81,67,advantage clearance long middlegame quietMove trappedPiece,https://lichess.org/srx9b12E#31,Slav_Defense Slav_Defense_Exchange_Variation
apckP,2r1r1k1/4PR1p/2ppn1pP/6P1/1q2P1Q1/1pp1B3/P1P3B1/1K5R w - - 0 28,a2b3 c8a8 f7f8 e6f8,2141,96,82,18,crushing master middlegame quietMove short,https://lichess.org/xYatHtau#55,
apt6Y,r4r2/p4pk1/2Q4p/3p3b/4p2q/1BP5/PP3bPP/R1B4K b - - 0 24,f2b6 c6h6 g7g8 c1g5 h4f2 g5f6 f2f6 h6f6,2157,87,83,38,crushing middlegame quietMove veryLong,https://lichess.org/a8KvFAKE/black#48,
apxEf,r2qr2k/pp5n/2p1p1Q1/2PpP1Pp/1P4bP/4P3/PB3P1K/RN2R3 w - - 1 22,b1d2 e8g8 g6h6 d8e8 f2f3 g8g6,2189,78,76,149,advantage clearance long middlegame quietMove,https://lichess.org/rTNxSuGI#43,
aq03P,6k1/pp3p2/3rq1p1/3b4/4N3/P4PQ1/1P3K2/3R4 b - - 13 37,d6b6 g3b8 g8g7 d1h1 b6b2 f2g3 b2g2 g3g2,2116,139,48,12,crushing endgame quietMove veryLong,https://lichess.org/XBxGtlVp/black#74,
aqLKz,3b4/8/2kP3p/5RrP/2P2K2/1P3P2/8/8 b - - 0 59,g5f5 f4f5 c6d6 f3f4 d8b6 f5g6,2198,75,90,179,crushing endgame long quietMove,https://lichess.org/4KJskkxc/black#118,
aqZCn,6k1/pb4pp/5n2/4p3/3q4/2NP3P/PPP2rP1/R3QB1K w - - 6 20,a1d1 f6h5 h1h2 h5g3,2100,192,82,6,crushing middlegame quietMove short,https://lichess.org/Xqe3U2qY#39,
ar7cS,4R3/p4rkp/bp2Rp2/3p1Pp1/3P4/1N1q1QK1/PP4PP/4b3 w - - 16 33,g3h3 h7h5 e6e1 g5g4 h3g3 g4f3,2110,89,76,50,crushing exposedKing fork long middlegame pin quietMove sacrifice,https://lichess.org/lWoJj4ee#65,
arWli,5k1r/N1r2ppp/4p1b1/1B1pP3/5P2/1Pn4P/P5P1/R2R2K1 w - - 7 30,d1c1 d5d4 a7c6 c3b5 a2a4 b5c3,2194,93,81,25,advantage long middlegame quietMove,https://lichess.org/hg4Jvf88#59,
arhbz,8/6R1/p3r1p1/1p1p1p2/1P1P2k1/P3PNn1/6K1/8 b - - 1 44,g3e4 g7h7 f5f4 h7h4 g4f5 h4f4,2127,77,96,406,endgame long mate mateIn3 quietMove vukovicMate,https://lichess.org/vhMzPjrl/black#88,
arl0a,3r2k1/5ppp/8/1PP5/1p6/2b5/3R1PPP/2R3K1 b - - 0 30,d8d2 c5c6 c3e5 b5b6 d2d8 c6c7 e5c7 b6c7 d8c8 c1d1 g8f8 d1d8 f8e7 d8c8,2132,75,96,749,advancedPawn crushing endgame quietMove veryLong,https://lichess.org/SnFUVA0x/black#60,
arr1s,n7/PK6/8/6p1/8/4k3/4p3/4N3 b - - 12 60,e3d2 e1g2 e2e1q g2e1 d2e1 b7a8,2165,76,83,90,crushing endgame knightEndgame long quietMove trappedPiece,https://lichess.org/PugSlriY/black#120,
asNPg,6q1/3n1k2/p3pn2/1P5r/3P1Q2/RP2P3/5PP1/5RK1 w - - 2 33,a3a6 g8h7 f2f3 h5h1 g1f2 h7c2,2109,75,83,102,crushing long middlegame quietMove,https://lichess.org/kWP5TSxe#65,
asbXW,3r1r2/1p5k/1p1p3p/2pq4/4R3/P1PP3P/1P1Q4/6RK b - - 2 27,d8e8 d2g2 d5g5 e4g4,2126,73,93,7924,crushing endgame quietMove short,https://lichess.org/LDa547su/black#54,
asg8S,5R2/7p/1n1p2pk/8/3P2P1/2p4P/5P2/6K1 w - - 2 38,f8f3 b6a4 f3e3 c3c2 e3e1 a4c3,2104,144,88,26,advancedPawn advantage defensiveMove endgame long master quietMove,https://lichess.org/THDtRR74#75,
asicl,b2rr2k/6pp/5p2/8/P4N2/2Q5/1PP1pRPP/3qR1K1 b - - 3 33,d1e1 c3e1 d8d1 f4d3 d1e1 d3e1,2174,87,83,35,advantage hangingPiece long middlegame quietMove,https://lichess.org/gIKjTmrv/black#66,
asiqf,3Q2k1/4Rr1p/p1q3p1/1p4P1/5P2/6P1/7K/8 b - - 8 40,g8g7 e7e8 c6e8 d8e8,2115,74,94,9101,advantage endgame quietMove short,https://lichess.org/GiQVkSwP/black#80,
at70w,8/5ppp/5k2/pp1p1P2/5K1P/1PP5/P4P2/8 w - - 0 31,a2a4 b5a4 b3a4 h7h5 f2f3 g7g6,2176,93,72,25,crushing endgame long pawnEndgame quietMove zugzwang,https://lichess.org/LgKUbMlU#61,
atCNh,1N6/7k/4p3/pp2Pp1p/6p1/1PP1P3/5PPP/6K1 w - - 0 34,c3c4 a5a4 b3a4 b5b4 b8d7 b4b3,2170,81,85,52,advantage endgame knightEndgame long quietMove,https://lichess.org/DjFUgZTa#67,
atKFF,8/1n3kp1/2p1p2p/2PbP3/1P4P1/P2B4/5K1P/8 b - - 2 31,g7g5 a3a4 f7e7 a4a5 e7d7 a5a6,2104,76,90,1101,advantage endgame long quietMove,https://lichess.org/6s0jHxzq/black#62,
atMQ4,3r4/4K1Pk/r6P/5P2/8/8/3p4/3R4 b - - 3 60,d8d6 d1g1 a6a8 e7d6 h7h6 f5f6,2110,76,96,2902,crushing endgame long quietMove rookEndgame,https://lichess.org/ncrToVL9/black#120,
atP8t,r5k1/2p1nppp/pb1p1q2/1p2p2b/1P2P3/2PQ1N1P/P2P1PP1/R1B2RK1 w - - 1 16,a2a4 e7g6 f3h2 g6f4,2114,78,91,774,advantage middlegame quietMove short,https://lichess.org/r2UxdBoS#31,Four_Knights_Game Four_Knights_Game_Italian_Variation
atzEY,8/8/3K1kpp/5p2/5P1P/6P1/8/8 b - - 3 46,g6g5 h4h5 g5f4 g3f4,2186,80,90,1354,crushing endgame pawnEndgame quietMove short,https://lichess.org/1s3Vdz0h/black#92,
au0qe,5rk1/p7/1p5p/4p1p1/2P3Pn/1P5N/P4RKP/8 w - - 3 40,g2g3 f8d8 h3g5 h6g5,2174,74,91,4051,advantage endgame quietMove short,https://lichess.org/uTBFbfeH#79,
au4jC,3q2k1/1p2r1p1/1b2ppN1/pQ1p2P1/P2PnP2/1P3N2/2R5/6K1 b - - 1 28,e7d7 c2h2 g8f7 h2h8,2113,86,78,28,crushing middlegame quietMove short,https://lichess.org/S69TBLlg/black#56,
auIJ3,2r5/2P5/1K1k3p/p3p1p1/P5P1/3p3P/2R2P2/8 w - - 0 41,c2d2 e5e4 f2f3 c8c7 f3e4 c7c3,2140,116,87,25,advantage defensiveMove endgame long quietMove rookEndgame,https://lichess.org/O3DjDkEn#81,
auMPu,8/4r1kp/p2q1pp1/2N1nb2/2B5/1P2Q2P/P4PP1/4R1K1 w - - 2 31,g1h1 e5c6 c5e6 f5e6,2106,85,63,37,advantage master masterVsMaster middlegame quietMove short,https://lichess.org/JKmLMk5v#61,
auaCU,8/3r3k/2R5/8/P1p3p1/2Nb2Pp/3P3P/4K3 w - - 1 36,a4a5 d7f7 c3e2 f7e7,2145,164,82,9,crushing endgame master quietMove short,https://lichess.org/qxPQsbjd#71,
aunCc,3r2k1/p4pp1/8/8/1Q2PP1b/1P4qP/P5B1/3R1b1K w - - 0 31,d1d8 h4d8 g2f1 d8b6 b4b6 a7b6,2108,75,86,70,crushing endgame long quietMove,https://lichess.org/LIjZPLHH#61,
auvBA,8/5p2/3p4/3Pp3/1K2Pk2/P4r2/4R3/8 b - - 2 50,f3e3 e2e3 f4e3 a3a4 e3e4 a4a5 e4d5 b4b5,2147,79,90,956,crushing defensiveMove endgame quietMove rookEndgame sacrifice veryLong,https://lichess.org/VLw0jX5m/black#100,
avM1Y,8/8/8/p6K/8/3k4/PP6/8 w - - 1 44,a2a3 a5a4 h5g5 d3c2 g5f6 c2b2 f6e5 b2a3,2165,77,84,208,crushing endgame master pawnEndgame quietMove veryLong,https://lichess.org/JcIjrvZs#87,
avYlZ,6k1/3r3p/4pqp1/5p2/P7/1PP4R/5PPP/2Q3K1 w - - 1 37,b3b4 f6d8 h3e3 d7d1 e3e1 d1c1,2155,78,91,1995,advantage endgame fork long quietMove,https://lichess.org/xCUZ3jq8#73,
avqtN,r4rk1/1p1b1ppp/1qnNp1n1/3pP1Q1/p5P1/5N2/PPP1BP1P/2KR3R b - - 3 17,g6e5 f3e5 a4a3 b2b3 c6b4 e5d7,2106,77,92,1478,advantage long middlegame quietMove,https://lichess.org/CPtlZ3Pi/black#34,Caro-Kann_Defense Caro-Kann_Defense_Advance_Variation
avrPS,5k2/6p1/b2N3p/p2Pp1p1/1p2P1P1/8/PP4PP/6K1 w - - 0 27,b2b3 g7g6 g2g3 f8e7 d6b7 a6b7,2177,76,81,130,crushing endgame long quietMove,https://lichess.org/lDtj0Vkm#53,
avu5J,1k6/1pQ5/p4p2/4p1p1/q3P2r/5r2/PP5p/1KR4R b - - 0 37,b8a8 c7d8 a8a7 c1c8 a4e4 b1a1 b7b6 c8c7,2191,115,79,16,clearance crushing endgame quietMove veryLong,https://lichess.org/SddbeLwK/black#74,
avz6O,8/pK6/1p6/8/P7/3k4/1P6/8 b - - 6 45,d3c2 b2b4 c2b3 a4a5 b3b4 a5a6 b4c5 b7a7,2196,78,88,43,crushing endgame pawnEndgame quietMove veryLong,https://lichess.org/803IPOr9/black#90,
aw8oB,r2q1rk1/4bppp/p2p4/2pP1b2/1pP1Nn2/1P3B2/PB1Q2PP/R4RK1 b - - 1 18,e7g5 e4g5 d8g5 b2c1 g5f6 d2f4 f6a1 f4f5,2174,78,85,122,advantage middlegame quietMove veryLong,https://lichess.org/WZ2surqt/black#36,Sicilian_Defense Sicilian_Defense_Old_Sicilian
awQE3,1R6/5k2/2P1Nn1p/3p1Bp1/1P6/5p1P/3r2PK/8 w - - 0 40,h2g1 f3f2 g1f1 f6h5 e6g5 h6g5 f5g6 f7g6,2159,113,67,14,advancedPawn crushing endgame quietMove veryLong,https://lichess.org/fjfy236g#79,
ax9FF,8/6p1/7p/1p3k2/1P1P4/6PK/7P/8 w - - 1 44,h3h4 g7g6 d4d5 f5e5,2107,76,90,2703,crushing endgame master pawnEndgame quietMove short,https://lichess.org/1VIctrup#87,
axf6J,3r2k1/p3pp1p/6p1/2qr4/Q2b1B2/6P1/P2R1PKP/3R4 b - - 9 24,d4f6 d2d5 d8d5 f4h6 c5c8 d1d5,2103,75,100,126,crushing long middlegame quietMove,https://lichess.org/ZHD4pDNs/black#48,
axkAM,8/8/8/1ppp4/5R2/pk6/8/1K6 w - - 0 59,b1a1 d5d4 f4f3 b3c2,2176,93,45,47,crushing defensiveMove endgame quietMove rookEndgame short,https://lichess.org/ZhGCO5qz#117,
axkaJ,r5k1/2q1pp1p/6p1/3P4/3QP3/2r4P/5PPN/5RK1 b - - 5 30,a8a2 h2g4 f7f6 d5d6 c7d6 d4c3,2106,150,78,16,crushing deflection endgame long quietMove,https://lichess.org/rc5QHN1t/black#60,
axoly,3r4/5pk1/p1pp1npp/q3p3/P1P1P2Q/3RPR1P/2P1N1PK/1r6 b - - 7 25,g6g5 h4f2 a5e1 f3f6 e1f2 f6f2,2104,75,86,1223,crushing long middlegame quietMove,https://lichess.org/ipirPg6i/black#50,
ayT9o,8/8/3p4/3Pp1kp/1p6/pP2KPpP/P5P1/8 w - - 1 53,e3e4 h5h4 e4e3 g5f5 e3d2 e5e4 d2e3 e4f3,2177,78,89,153,crushing endgame pawnEndgame quietMove veryLong zugzwang,https://lichess.org/Q8zqid1L#105,
ayazP,8/8/3k4/3b3R/p4pp1/8/5K1P/8 w - - 1 51,h5h4 d5e6 h4h5 a4a3 h5a5 a3a2,2150,91,76,23,advancedPawn crushing endgame long quietMove,https://lichess.org/SqPsUsS3#101,
aybkB,r2qk1nr/ppp2ppp/8/4n3/1bPp4/1P3P2/PB1N1PPP/R2QKB1R w KQkq - 0 9,a2a3 d8e7 f1e2 e5d3 e1f1 d3b2,2152,79,84,75,crushing long opening pin quietMove,https://lichess.org/9tGKe5WV#17,Queens_Gambit_Declined Queens_Gambit_Declined_Albin_Countergambit
azL3r,8/2p5/pp1p4/2bPp3/2P1K3/3N2Pk/7P/8 b - - 2 47,h3h2 g3g4 a6a5 g4g5 c5e3 e4e3,2199,83,90,1035,crushing endgame long quietMove,https://lichess.org/t1jTPxNH/black#94,
azUEM,r6r/ppq1k2p/3p1b2/2p1n3/4P3/1N1P2pQ/PPP5/RN3RK1 b - - 0 18,a8g8 b1c3 c7d7 c3d5 e7d8 h3d7 e5d7 d5f6 d7f6 f1f6,2141,75,93,4596,advantage middlegame quietMove veryLong,https://lichess.org/XgAKG7zs/black#36,Kings_Gambit_Accepted Kings_Gambit_Accepted_Fischer_Defense
azgTh,8/4q1k1/6P1/4pQ1K/1PP1P3/8/5b2/8 w - - 1 67,f5g4 e7d8 g4g5 d8d1,2153,81,85,51,crushing endgame quietMove short,https://lichess.org/b5XXNmcD#133,
azvBk,8/4k2p/4P1p1/p5P1/P1BR3P/1P2r3/7r/2K5 b - - 0 46,e3g3 d4d7 e7e8 c4b5 g3c3 c1d1,2102,75,91,2623,crushing endgame long quietMove,https://lichess.org/OjcrnDjZ/black#92,
azyAZ,4r1k1/pp1b1ppp/8/4n3/2Np1Bn1/1N1B1qP1/PPPQ1P1P/5RK1 w - - 5 21,c4d6 d7c6 d3e4 c6e4 d6e4 f3e4 f4e5 g4e5,2195,78,80,100,advantage middlegame quietMove veryLong,https://lichess.org/KIJ1u3Z1#41,
b0BDH,r1b2r2/p1p4k/3p3p/2p1Pp1Q/3q1P2/3BRR2/P1P4P/6K1 b - - 3 24,c5c4 f3g3 d4e3 g3e3,2151,82,85,99,crushing middlegame quietMove short,https://lichess.org/DnJy9XbH/black#48,
b0H0A,8/8/5pp1/p4p1p/2pPkP1P/p1P3P1/P3K3/2B1n3 b - - 11 40,e1f3 d4d5 f3e5 f4e5,2170,80,82,180,crushing endgame master quietMove short,https://lichess.org/9jz8PCMl/black#80,
b0TWT,8/8/6Rp/1rk1p3/7P/8/5KP1/8 b - - 2 51,b5b6 g6b6 c5b6 g2g4 b6c5 g4g5 h6g5 h4h5,2115,91,86,36,crushing defensiveMove endgame quietMove rookEndgame veryLong,https://lichess.org/A4DjPHES/black#102,
b0VOe,8/6pp/5p2/pp3P2/6P1/P6P/kPK5/8 b - - 2 35,b5b4 a3b4 a5b4 h3h4 b4b3 c2c3,2174,251,48,4,crushing endgame long master pawnEndgame quietMove,https://lichess.org/jF9UoE3y/black#70,
b10U4,3r1rk1/p2qbppp/4p3/1p1pPn1N/5PQ1/7R/PPP3PP/R1B4K b - - 5 19,d8c8 h5g7 f5g7 h3g3 e7g5 g4g5,2175,83,74,50,crushing long middlegame quietMove sacrifice,https://lichess.org/aFqdspPq/black#38,French_Defense French_Defense_La_Bourdonnais_Variation
b1DiH,1b2r1k1/ppq1rp1p/2p2p1Q/3p1P2/8/1P1P1RPP/P1R1P1BK/8 b - - 3 27,e7e2 c2e2 e8e2 f3f4 c7f4 g3f4,2182,77,89,472,crushing long middlegame quietMove,https://lichess.org/jUqX5KjE/black#54,
b1LiX,8/8/8/R5p1/8/7K/p2k3P/r7 w - - 14 53,a5g5 a1e1 g5g2 e1e2,2104,77,91,1733,crushing defensiveMove endgame quietMove rookEndgame short,https://lichess.org/YWxUITwE#105,
b1RQV,4r1k1/Q4bp1/p3q2p/8/1P4r1/P3B3/5PPP/R1R3K1 w - - 1 35,a7c5 e6e4 g2g3 f7d5 c5d5 e4d5,2100,75,86,139,clearance crushing long middlegame quietMove,https://lichess.org/VB7v9Ly1#69,
b2Msc,2r2r1k/p4Qpp/8/8/2p1R3/2P5/Pq3PPP/4R1K1 w - - 2 24,e4e8 c8e8 f7e8 b2f2 g1h1 h7h6 e8f8 f2f8,2138,74,93,9870,backRankMate crushing endgame quietMove veryLong,https://lichess.org/nD44nsVY#47,
b2iAN,8/p7/2k2R2/2N4p/3P4/1P2KP2/6r1/7r b - - 0 45,c6d5 c5d3 g2e2 e3e2,2127,179,68,4,crushing endgame quietMove short,https://lichess.org/JLW3cKXS/black#90,
b2pgi,8/7p/6pk/5p2/5P1P/6P1/4RK2/r7 w - - 8 40,e2e1 a1e1 f2e1 h6h5 e1f2 h5g4 f2g2 h7h6 g2f2 g4h3,2123,86,90,619,crushing endgame quietMove rookEndgame veryLong zugzwang,https://lichess.org/wrTtDuxh#79,
b36ih,R4bk1/3q1pp1/Rr2p2p/3p4/1n1P4/4PN1P/2Q2PP1/6K1 w - - 4 31,a6a7 d7a7 c2c8 a7e7 f3e5 b6b7,2175,75,91,2357,advantage defensiveMove long middlegame quietMove,https://lichess.org/ekwpOFN6#61,
b3QrJ,2r4k/4R2p/6p1/1P1P1p2/7q/1BP1QP2/1P4Pb/7K w - - 1 33,e3d4 h4d4 c3d4 h2g3 e7e1 g3e1,2195,77,75,61,advantage endgame long quietMove,https://lichess.org/N4uNQTvi#65,
b3apN,r5k1/pp3pp1/2p5/3p2QR/1q1Pr3/8/PPP2PP1/2KR4 b - - 0 22,e4d4 d1h1 f7f6 h5h8 g8f7 g5h5,2191,87,92,151,advantage endgame long quietMove,https://lichess.org/dewJBcTT/black#44,
b4esO,1n2k2r/5pp1/p3p2p/1p6/1P1P4/q1N1PN2/P4PPP/1RR3K1 b k - 1 19,e8g8 c1c2 b8c6 b1b3 a3b3 a2b3,2120,76,78,83,advantage long middlegame quietMove trappedPiece,https://lichess.org/N55HJW29/black#38,Queens_Pawn_Game Queens_Pawn_Game_Mason_Variation
b5Auo,8/8/1K4p1/p2k1p1p/P4P1P/1P6/8/8 w - - 0 38,b6a5 g6g5 f4g5 f5f4 g5g6 d5e6 b3b4 f4f3 b4b5 f3f2 g6g7 e6f7 b5b6 f2f1q,2169,75,93,2339,advancedPawn crushing endgame pawnEndgame promotion quietMove veryLong,https://lichess.org/8Yg2l6tW#75,
b5BcN,1B6/5p2/p1p1bNp1/2P1P2p/1P5P/K3k3/8/8 w - - 2 56,a3a4 g6g5 h4g5 h5h4 a4a5 h4h3,2196,75,88,558,advantage endgame long quietMove,https://lichess.org/QYaICow5#111,
b5KCh,8/4K3/3R4/3p1r2/2kP4/8/8/8 w - - 4 65,e7e6 f5h5 d6c6 c4d4 c6c1 h5h6,2156,79,90,542,crushing endgame long quietMove rookEndgame,https://lichess.org/31No3JUc#129,
b5T9U,4k1b1/6P1/p3pQ2/1p1p4/1P1PpP2/P6K/5qP1/8 b - - 2 41,e4e3 f6f8 e8d7 f8g8 f2f4 g8h7 f4f5 h7f5,2177,118,85,31,crushing endgame fork quietMove veryLong,https://lichess.org/uoa2gGp0/black#82,
b5a8M,8/1p6/p7/1PK5/P7/2k5/8/8 b - - 0 59,c3b3 b5a6 b7a6 a4a5 b3a4 c5b6 a4b4 b6a6 b4c5 a6b7,2142,76,96,989,crushing endgame pawnEndgame quietMove veryLong,https://lichess.org/OhYscUxD/black#118,
b5ldy,8/8/6R1/1p5p/5P2/4K1k1/1r4P1/8 b - - 0 47,g3h4 f4f5 b2c2 f5f6,2187,75,87,405,crushing endgame quietMove rookEndgame short,https://lichess.org/dtzQqFTp/black#94,
b60u6,2rq1rk1/pp5p/3p2p1/3Nbp2/2P1p3/7P/PP1QBPK1/2RR4 w - - 2 21,d2h6 f5f4 e2g4 e5g7 h6f4 f8f4,2186,75,93,801,advantage long middlegame quietMove trappedPiece,https://lichess.org/iqa9qbfV#41,
b62CC,6k1/4B1b1/6p1/P1p1p3/2P5/2n5/3p4/1R4K1 w - - 2 39,b1a1 c3e2 g1f2 e2c1 e7g5 d2d1q,2119,81,87,46,advancedPawn crushing endgame long promotion quietMove,https://lichess.org/lGwIdNPg#77,
b6Y1D,7k/p4p1p/1p3P1b/1N6/P1p3R1/7P/1P1r3r/R5K1 b - - 9 31,d2b2 a1e1 h2e2 e1e2 b2e2 b5d6 h6e3 g1h1 e2e1 h1h2 e3f4 g4f4,2186,130,82,16,crushing endgame quietMove veryLong,https://lichess.org/7yI6fV4e/black#62,
b6vfe,2r2r2/pp4k1/2p2p2/4p3/1P2Pq2/P1RP3Q/5PK1/5R2 b - - 3 34,g7f7 h3d7 f7g6 f1g1 f4g5 g2f1 g5g1 f1g1,2158,80,79,94,crushing endgame pin quietMove veryLong,https://lichess.org/DEoJl3Rr/black#68,
b71oN,8/p3pp1k/6pp/5q2/2P4Q/1P4PK/P4r1P/3RR3 w - - 6 35,h4g4 f5c2 e1h1 f7f5 g4d4 g6g5 d4f2 c2f2,2196,145,78,14,crushing endgame master quietMove veryLong,https://lichess.org/nP6l59AY#69,
b7CxG,8/3q1p1k/1R3Qpp/2pr4/5PP1/7P/1P4K1/8 b - - 0 36,c5c4 b6b8 d5d2 g2g3 d7d3 g3h4 g6g5 f4g5 h6g5 f6g5 d3g6 g5d2,2163,85,100,31,crushing defensiveMove endgame quietMove veryLong,https://lichess.org/93wM3ih8/black#72,
b7D84,8/8/p3pk1p/1p6/2pP2P1/P3PK2/1P6/8 w - - 1 40,f3e4 a6a5 d4d5 e6e5 d5d6 b5b4,2195,156,82,7,crushing endgame long pawnEndgame quietMove,https://lichess.org/52ysO958#79,
b7pcT,8/8/8/1P2kp2/3p4/6pP/4K1P1/8 w - - 1 53,e2d3 f5f4 b5b6 e5d6 b6b7 d6c7,2137,76,77,126,crushing endgame long master pawnEndgame quietMove,https://lichess.org/sCmY4usc#105,
b7xPT,rn3Bk1/pp2q3/3pP3/2p2p2/2P1p1n1/2P5/P1Q1PKB1/R2R4 w - - 1 19,f2g3 e7g5 f8d6 g4e3 g3f2 e3c2,2141,108,76,36,crushing discoveredAttack exposedKing fork long middlegame quietMove,https://lichess.org/0C6qnBfd#37,
b88EY,8/6kp/8/P2qPp2/1P4p1/4Q3/2r3PP/4R1K1 w - - 3 38,e3g3 h7h5 g3f2 c2f2,2134,75,89,234,crushing endgame master masterVsMaster quietMove short,https://lichess.org/vPBe72M4#75,
b8Bb9,r5k1/1pp2p2/p1bp2p1/3Nr1q1/2P1P2p/1P3Q2/P4PPP/R4RK1 b - - 0 19,g8g7 f3c3 h4h3 g2g3 c6d5 f2f4,2169,80,91,771,crushing long middlegame pin quietMove sacrifice,https://lichess.org/RuZV3mom/black#38,Nimzo-Larsen_Attack Nimzo-Larsen_Attack_Modern_Variation
b8lRF,r7/1pR5/6pk/5p1p/8/1b1RP1P1/Pr3P1P/6K1 w - - 0 30,a2b3 a8a1 g1g2 a1a2 h2h4 b2f2,2126,76,91,350,advantage endgame long quietMove rookEndgame,https://lichess.org/g1RdETG4#59,
b8rYj,8/1QP5/3n1pk1/7p/8/P5pP/6P1/2q3NK w - - 4 46,b7b6 d6e4 c7c8q c1c8,2117,76,98,103,advantage endgame master quietMove short,https://lichess.org/NCUIWk6H#91,
b8saY,2kr2r1/pp1b1p1p/4pp2/n2q4/3P4/2P2N2/PQ2BPPP/1R2K2R w K - 8 15,e1g1 g8g2 g1g2 d8g8 g2h1 d7c6 f1g1 d5f3 e2f3 c6f3,2132,76,97,233,attraction crushing kingsideAttack middlegame quietMove sacrifice veryLong,https://lichess.org/n5wO6F5M#29,Caro-Kann_Defense Caro-Kann_Defense_Panov_Attack
b8v9l,4r1k1/R4p1p/1r5b/4p1p1/2PpN1n1/3P1NPq/3QPP2/4R1K1 w - - 6 25,d2a5 g4e3 f2e3 g5g4 f3h2 h6e3 g1h1 b6h6 e4f6 h6f6,2122,91,79,31,crushing discoveredAttack middlegame quietMove sacrifice veryLong,https://lichess.org/K46QwtDx#49,
b9VOl,6r1/1b3p1k/p4p1p/1pq3r1/7Q/P5P1/BP3P1P/R3R1K1 w - - 0 28,a2f7 c5c6 f7g8 h7g8 h4e4 c6e4 e1e4 b7e4,2193,77,92,5951,advantage middlegame quietMove sacrifice veryLong,https://lichess.org/rKOXBaP2#55,
b9Yvo,r1b2rk1/ppBpq1bp/2n3p1/8/2P1P3/3B1N2/PP4PP/R2QK2R w KQ - 1 12,e1g1 d7d6 c4c5 e7c7 d3c4 g8h8,2182,85,76,51,crushing defensiveMove discoveredAttack long opening quietMove trappedPiece,https://lichess.org/BwcyADbx#23,Kings_Gambit_Accepted Kings_Gambit_Accepted_Kings_Knights_Gambit
b9pGr,5rk1/pp3ppp/3b4/5q1r/3pR2N/1P1P3K/P1P1QPP1/R1B5 w - - 5 27,e2g4 h5h4 h3h4 f5f2 h4h3 f7f5 g4g5 f8f6 e4e8 g8f7 g5h4 f2h4 h3h4 f7e8,2158,106,86,17,advantage attraction clearance exposedKing fork middlegame pin quietMove veryLong,https://lichess.org/lIIUKjHZ#53,
b9tZE,8/7p/p5p1/2k2p2/2Pp1P2/3K4/P5PP/8 w - - 0 34,h2h4 a6a5 a2a4 h7h6 h4h5 g6h5 g2g3 h5h4 g3h4 h6h5,2196,75,83,136,crushing defensiveMove endgame pawnEndgame quietMove veryLong zugzwang,https://lichess.org/oCWeJvsb#67,
bABJ2,r1b1r1k1/ppN3bp/3p1n2/3Pp3/6Pq/2N1p2P/PP2BPK1/R2Q1R2 w - - 1 18,c7a8 f6h5 f2e3 h4g3 g2h1 g3h3,2139,76,91,763,crushing deflection long middlegame quietMove,https://lichess.org/BSeYIyy9#35,Kings_Indian_Defense Kings_Indian_Defense_Other_variations
bAFtT,r1bqr1k1/ppp2pp1/5n1p/8/1bB4Q/2N1B3/PPP2PPP/R3K2R w KQ - 2 14,e1g1 b4c3 a1d1 c8d7 c4f7 g8f7,2164,77,91,835,advantage long middlegame quietMove,https://lichess.org/wQ1U8e5j#27,Philidor_Defense Philidor_Defense_Morphy_Gambit
bAKZH,r2r4/1p2p2k/pn3p1p/4Pq2/5P2/7N/PP2N1QP/K6R b - - 2 28,d8d2 h1g1 d2d1 g1d1,2102,75,93,4229,crushing middlegame quietMove short,https://lichess.org/lFFeWxa6/black#56,
bARgD,8/8/7p/1K4p1/8/P5P1/6kP/8 b - - 0 50,g2h2 g3g4 h2g3 a3a4 g3g4 a4a5 g4h3 a5a6 g5g4 a6a7 g4g3 a7a8q,2160,78,90,445,advancedPawn crushing endgame pawnEndgame promotion quietMove veryLong,https://lichess.org/MnHEQLdv/black#100,
bAnF6,8/8/p5p1/1pP1b1Bp/1Pk1p2P/P7/2K5/8 b - - 5 43,e5d4 c5c6 d4b6 g5f4 c4d5 c6c7 b6c7 f4c7,2179,76,90,696,advancedPawn bishopEndgame crushing endgame quietMove veryLong,https://lichess.org/JTDsqGcK/black#86,
bAo9j,8/5p2/5p2/7p/7P/1pk2PP1/bN6/2K5 b - - 0 47,c3d4 g3g4 h5g4 f3g4 f6f5 h4h5 f5g4 h5h6 d4e5 h6h7,2172,84,83,42,advancedPawn crushing endgame quietMove veryLong,https://lichess.org/tYw2Hv5d/black#94,
bB14Q,8/2p5/8/p1pKp3/P1P2k2/1P1P4/8/8 w - - 0 47,d5c5 f4e3 c5c6 e3d3 c6c7 e5e4 b3b4 a5b4,2167,79,82,68,crushing endgame pawnEndgame quietMove veryLong,https://lichess.org/MqHPrdDv#93,
bBD0A,5k2/8/2N1RpKp/3p3P/1ppPn1P1/5r2/8/8 b - - 4 65,c4c3 c6b8 e4d6 b8d7 f8g8 e6d6,2116,129,45,24,crushing endgame exposedKing long quietMove,https://lichess.org/cUHczgZH/black#130,
bBJms,6k1/p3pp1p/3p1bp1/3P4/2P3Q1/q3B2P/Pr3PP1/4R1K1 b - - 1 30,b2a2 e3h6 a3c5 e1b1 a2a1 b1a1,2135,108,38,26,crushing endgame long quietMove,https://lichess.org/1iULrUAk/black#60,
bBSEq,8/1p5p/p3k1p1/2R5/5pn1/4p3/PP4PP/6K1 w - - 0 37,h2h3 e3e2 c5c1 g4e5 c1e1 f4f3 e1e2 f3e2,2111,74,96,1184,advancedPawn crushing endgame quietMove veryLong,https://lichess.org/mUgKe1wT#73,
bBklr,8/pp6/2p5/P1P5/1P3p2/2K1k3/8/4B3 w - - 3 59,c3c4 a7a6 c4c3 f4f3 e1h4 f3f2 h4f2 e3f2,2104,336,100,2,advancedPawn bishopEndgame endgame equality quietMove veryLong,https://lichess.org/WFRB2Uph#117,
bBvWq,r3r1kb/pp5p/2b3pB/2Np4/6P1/2P2q2/PP1Q4/2K2R1R b - - 1 27,f3g4 d2f2 g4f5 f2f5,2131,77,91,1024,advantage master middlegame quietMove short,https://lichess.org/QCUAA5pi/black#54,
bCGkQ,8/8/Pk3Np1/5p1p/2K2P2/6P1/8/5n2 w - - 1 45,c4d5 f1g3 f6h7 g3e4 h7f8 h5h4 f8d7 b6a6,2162,76,93,2753,crushing endgame knightEndgame quietMove veryLong,https://lichess.org/LVLM6070#89,
bCRy3,4R3/kpr3p1/p3p3/P3b2p/3p3P/5R1K/1P6/8 b - - 2 44,c7c1 f3f8 b7b5 a5b6,2158,89,23,79,advantage enPassant endgame quietMove short,https://lichess.org/Rgdar9Vm/black#88,
bCr5u,R7/P1r4p/1k4p1/8/6P1/6K1/8/8 b - - 2 47,c7a7 a8a7 b6a7 g4g5 a7b7 g3f4,2179,76,91,7116,crushing defensiveMove endgame long quietMove rookEndgame,https://lichess.org/yHEGZRbi/black#94,
bD5H0,8/p5p1/2p1p3/P5kP/2P3P1/5K2/8/8 w - - 3 41,a5a6 c6c5 f3e4 g5g4,2135,75,78,70,crushing endgame pawnEndgame quietMove short,https://lichess.org/HIw3Ffgl#81,
bD9Me,8/7p/2p2pk1/3p4/8/PPP2PQ1/3q3B/5b1K b - - 1 36,g6h6 g3g4 d2g5 h2f4 h6g6 f4g5,2194,79,79,49,clearance crushing endgame long pin quietMove,https://lichess.org/gzx1R5yc/black#72,
bDL7T,r1b1k2r/1pp2ppp/p2q1n2/8/1b1Pp3/PPB1P3/2Q1BPPP/R3K1NR b KQkq - 0 12,b4a3 b3b4 a3b4 c2a4,2188,81,91,1912,advantage clearance master opening quietMove short,https://lichess.org/eXpYxlCJ/black#24,Nimzo-Larsen_Attack Nimzo-Larsen_Attack_Modern_Variation
bE1lr,1kq2b2/1b6/Q2p1p2/3Nnp2/1R2P3/PR6/KPr4r/8 b - - 1 29,h2h7 b4a4 c2b2 b3b2,2175,76,82,145,crushing middlegame pin quietMove short,https://lichess.org/0ucwD836/black#58,
bE71b,6k1/4nppp/p1r1q3/1p1rp3/8/PQ6/1PPN1PPP/3R1RK1 w - - 6 24,c2c3 c6d6 d2f3 d5d1 b3d1 d6d1,2197,76,80,79,crushing long middlegame quietMove,https://lichess.org/mRgdBzsW#47,
bEDLj,4Q1k1/1p4p1/4p2p/2PpPq2/P7/7P/6K1/8 b - - 4 39,f5f8 e8f8 g8f8 c5c6 b7c6 a4a5 f8e8 a5a6,2170,76,94,1588,crushing endgame queenEndgame quietMove veryLong,https://lichess.org/j1hM8ffg/black#78,
bEFXR,8/pp4p1/8/5k1p/2P1p3/4K1PP/PP6/8 b - - 0 39,g7g5 b2b4 g5g4 h3h4,2153,75,78,114,advantage defensiveMove endgame pawnEndgame quietMove short,https://lichess.org/TlYL31jN/black#78,
bEdPq,1R2BR2/6p1/4p2p/1P1p1p2/3PnP1k/4P2P/1r4PK/8 w - - 1 44,e8d7 e4g3 f8f5 e6f5,2177,78,90,662,crushing endgame quietMove short,https://lichess.org/fvoLCMbe#87,
bEmRB,5rk1/p2q1pp1/4p2p/1B2B1PP/P2Pp3/b3P1Q1/5P1R/2K5 w - - 1 30,c1b1 d7d5 f2f4 d5b3 b1a1 f8c8 g3g1 c8c1 g1c1 a3c1,2194,75,90,4032,advantage exposedKing fork middlegame quietMove veryLong,https://lichess.org/b7V8DRGT#59,
bFQQJ,2k4r/2pr4/p7/q4P1p/2P1n3/4PR2/PRQ3P1/6K1 b - - 2 28,e4c5 c2b1 c5b7 b2b7 d7d1 b1d1,2109,74,95,1893,crushing long middlegame quietMove,https://lichess.org/15ELL9XL/black#56,
bFurp,8/p7/7Q/4b1q1/2P1Pk2/3P4/2P3P1/6K1 w - - 6 50,g2g3 f4g4 h6g5 g4g5 g1f2 a7a5 f2e3 a5a4,2192,77,93,4374,crushing defensiveMove endgame quietMove veryLong,https://lichess.org/APSXuZNy#99,
bFxa4,6k1/6p1/1R6/6Kp/7P/1P4P1/pr6/8 w - - 0 46,g5g6 b2f2 b6a6 f2f6,2163,75,94,6017,crushing endgame quietMove rookEndgame short,https://lichess.org/sWO2gCia#91,
bFyru,4rr1k/2Q2p1p/p1pN2p1/3p2n1/1p1P2P1/4q2P/PP3RP1/R5K1 b - - 1 28,e8c8 d6c8 g5e4 a1f1 e4f2 f1f2,2155,89,70,27,advantage long middlegame quietMove,https://lichess.org/kdSlmAUy/black#56,
bGBK4,8/5p2/3kp1p1/1K4Pp/8/8/1P4P1/8 b - - 2 46,d6e5 b5c5 e5f4 b2b4 h5h4 b4b5 f4g3 b5b6,2101,74,85,212,crushing endgame pawnEndgame quietMove veryLong,https://lichess.org/1uijoq66/black#92,
bGRId,4r1k1/1N4p1/p1R1pp1p/1p1nP3/5q2/7P/PP2QPP1/6K1 w - - 2 28,c6a6 e8c8 g2g3 f4c1,2110,98,76,17,crushing endgame quietMove short,https://lichess.org/ubVzt487#55,
bGqY8,8/8/3Qp1B1/1p1qP3/2k5/7b/5P2/6K1 w - - 6 48,d6d5 c4d5 f2f4 b5b4 g1f2 b4b3,2172,83,89,1864,crushing endgame long master quietMove,https://lichess.org/zF5lrXL5#95,
bHDk3,8/2Pk4/8/2b1P1P1/1p2K3/p7/N7/8 w - - 1 60,e4d5 b4b3 g5g6 c5f8 e5e6 d7c7,2137,81,90,1139,crushing endgame long quietMove,https://lichess.org/SohaHoGC#119,
bHLNn,8/8/p1p1k1p1/4p1p1/PPP1K2p/6P1/5P2/8 w - - 0 34,g3h4 g5h4 e4f3 g6g5 f3g4 e5e4,2192,78,71,43,advantage defensiveMove endgame long pawnEndgame quietMove,https://lichess.org/AoNp1jU1#67,
bHsnT,r2q2kr/pppb3p/3p1pnB/5P1Q/4N3/2P5/P5PP/b3R1K1 b - - 0 19,g6e5 e1e3 d7e8 e3g3 e8g6 f5g6 h7g6 g3g6 g8f7 g6f6,2116,86,91,71,crushing doubleCheck kingsideAttack middlegame quietMove veryLong,https://lichess.org/zOXlEFBN/black#38,Russian_Game Russian_Game_Italian_Variation
bIeZN,Q3kb1r/3q1ppp/p3pn2/4R3/1p6/2N5/PPr2PPP/R1B3K1 b k - 3 17,e8e7 c1e3 c2c3 b2c3,2148,85,83,52,advantage master middlegame quietMove short,https://lichess.org/4xZar02E/black#34,Sicilian_Defense Sicilian_Defense_Moscow_Variation
bIu7u,r5k1/3p1pbp/2p3p1/2R1P3/1p6/1PnRP1BP/2N2PPK/2r5 w - - 5 30,c2b4 a8a1 g3f4 c1h1 h2g3 c3e4 g3f3 e4c5,2109,78,90,535,crushing fork middlegame quietMove veryLong,https://lichess.org/4RzXPobh#59,
bJH9S,1r4k1/5ppp/8/P7/8/1p4P1/2r2P1P/RR4K1 w - - 0 29,a1a3 b3b2 g1g2 c2c1 a3a1 b8c8 b1b2 c1a1,2127,86,88,66,advancedPawn advantage endgame quietMove rookEndgame veryLong,https://lichess.org/Bq2YqPti#57,
bK6Gy,5rk1/8/3Q2Kb/4p3/3nP3/1q2NP2/7R/8 b - - 0 37,h6g7 e3d5 b3b7 d5e7 b7e7 d6e7 f8f6 e7f6,2182,75,97,154,crushing exposedKing middlegame quietMove veryLong,https://lichess.org/PpyOpmOb/black#74,
bKDMN,2r3k1/3Q2p1/p3p2p/1p1pq3/8/5R1P/PPr3P1/6RK b - - 2 30,c8c7 d7e8 g8h7 f3f8 g7g6 g1f1,2197,74,93,1341,advantage defensiveMove endgame long quietMove,https://lichess.org/3QCg57sE/black#60,
bKILN,3r2k1/1b4pp/pq6/1pbp1Q2/8/PBN5/1PP3PP/5R1K b - - 1 23,b6c7 c3d5 b7d5 b3d5 g8h8 d5e4 g7g6 f5f6,2158,76,91,966,crushing kingsideAttack middlegame quietMove veryLong,https://lichess.org/t8fzw5WP/black#46,
bKv3G,7r/1pp4p/p7/4pQ1k/4Pn2/2P5/q1P4P/3K1R2 b - - 1 28,h5h6 f5f6 f4g6 f1f3 h8d8 f6d8,2167,86,87,46,advantage endgame fork long quietMove,https://lichess.org/Fjyol8P5/black#56,
bL2X9,5rk1/p2bb1pp/4p3/2p2p2/2QPq3/6P1/PP3P1P/R1B2RK1 w - - 0 16,c1e3 d7c6 d4d5 e4c4,2174,76,94,3115,advantage middlegame quietMove short,https://lichess.org/iuLXJKyG#31,Queens_Pawn_Game Queens_Pawn_Game_Symmetrical_Variation
bL57x,6k1/pp6/3q3p/3p2p1/1P1P1PR1/P2Q2R1/5rPK/2r5 w - - 3 39,f4g5 h6h5 g4h4 f2f1 d3f1 c1f1,2192,77,96,232,crushing endgame long quietMove,https://lichess.org/Ic40Ncfj#77,
bLDPq,2r3k1/4p1N1/p1n3pp/3p4/3P2Q1/2P1B2P/1q3r2/2R1K2R b K - 0 24,g8g7 h1g1 c6e5 d4e5,2138,75,94,758,advantage middlegame quietMove short,https://lichess.org/ssC0KeEI/black#48,
bLJgL,7k/1p2q1pp/p2r4/2Q5/8/2P1PN1b/P4PP1/5BK1 b - - 1 28,h7h6 f3e5 h8g8 e5c4,2118,250,-100,13,advantage endgame quietMove short,https://lichess.org/ApXMdyM5/black#56,
bLdaF,8/7p/p3k3/2P1p3/P3K2P/8/8/8 b - - 0 47,h7h6 a4a5 h6h5 c5c6 e6d6 c6c7,2134,133,88,29,advancedPawn crushing endgame long pawnEndgame quietMove,https://lichess.org/uhuGBbWj/black#94,
bLf5q,r4rk1/1b1nqppp/3p1n2/2p1p1N1/1p2P3/3PPQN1/BPP3PP/R4RK1 w - - 2 16,a2f7 f8f7 g3f5 e7f8 a1a8 b7a8,2142,181,8,15,clearance equality long middlegame quietMove,https://lichess.org/lew6jxgs#31,
bLmlf,5b1k/6p1/7p/8/4Q3/3P4/P1r2rPP/R5K1 w - - 0 27,a1f1 f8c5 d3d4 c5d4,2170,75,87,213,advantage endgame master masterVsMaster quietMove short,https://lichess.org/arDkvZdv#53,
bLsxK,r7/6p1/3k4/3p2p1/P2P2P1/1pp2P1N/8/R1K5 w - - 0 33,a1a3 b3b2 c1b1 a8c8 a3c3 c8c3,2197,76,89,759,advancedPawn crushing endgame long quietMove,https://lichess.org/XBB85DZQ#65,
bLvJJ,8/5b2/1p3k1p/p1p2P2/P2p1K1P/1P1B4/2P5/8 b - - 2 41,f7g8 d3c4 g8h7 c4e6 h7g6 f5g6,2187,75,98,208,bishopEndgame crushing endgame long quietMove,https://lichess.org/2lV1N0Lw/black#82,
bMIBu,8/p7/6kP/r2p1R2/2pP4/2P3P1/6P1/6K1 w - - 1 42,f5g5 g6g5 h6h7 a5a1 g1h2 a1a6 h7h8r a6h6 h8h6 g5h6,2183,84,89,172,crushing endgame hangingPiece quietMove rookEndgame veryLong,https://lichess.org/y6j022WC#83,
bMJPY,6k1/2p4p/1r2qpp1/8/P3pQP1/4P3/2r2PP1/R2R2K1 b - - 0 27,b6b2 d1d8 g8g7 a1d1 b2b1 d1b1,2159,79,90,1349,clearance crushing endgame long quietMove,https://lichess.org/ZUIKt7Yn/black#54,
bMlx4,r4rk1/pp2p2p/2qp2p1/2p1P3/4b1P1/2P4P/PP3P2/R1BQR1K1 w - - 0 19,c1h6 e4h1 f2f3 f8f3,2138,77,89,338,crushing middlegame quietMove short,https://lichess.org/jMVq7Rbj#37,
bMpEV,r1bq1rk1/p1p2ppp/2p5/3pP3/5Bn1/P1PB4/2P2PPP/R2QK2R b KQ - 0 11,g4e5 f4e5 f8e8 f2f4 f7f6 d1h5 g7g6 d3g6,2189,102,81,35,advantage hangingPiece middlegame quietMove veryLong,https://lichess.org/BGwyOmgx/black#22,Scotch_Game Scotch_Game_Schmidt_Variation
bN9vw,8/5p2/1p1k2pp/p7/P1PK4/5PPP/8/8 w - - 0 40,g3g4 g6g5 f3f4 g5f4,2148,77,92,7895,crushing endgame pawnEndgame quietMove short,https://lichess.org/vRusma2X#79,
bNqIP,7k/pp3rp1/6Qp/8/P4qP1/1P6/1BP2nP1/R5K1 w - - 9 30,g4g5 f2g4 g6f7 f4f7,2165,75,86,176,crushing endgame quietMove short,https://lichess.org/hCt2PGJX#59,
bO6oK,1k5r/2p2p2/Rp1p4/3P4/1Q1KP3/2P2qP1/5P1p/7R b - - 2 37,f3h1 b4a4 h1e4 d4e4 h2h1q e4d4 h8h4 g3h4,2178,75,81,331,crushing endgame quietMove veryLong,https://lichess.org/4DObvwG9/black#74,
bOgE6,r2q1rk1/2p4p/p2npppQ/1p1b4/3P3P/1P3NP1/P3PPB1/R4RK1 w - - 1 19,h4h5 g6g5 f3g5 f6g5 g2d5 e6d5,2122,84,80,39,advantage long middlegame quietMove,https://lichess.org/8WZoLLWu#37,Queens_Gambit_Accepted Queens_Gambit_Accepted_Other_variations
bPRHv,8/8/5K1p/6p1/8/8/4k1PP/8 b - - 0 60,e2f2 g2g4 f2f3 f6f5,2154,76,91,1506,crushing endgame pawnEndgame quietMove short zugzwang,https://lichess.org/W20YPLVK/black#120,
bQ4Z8,7k/5Qb1/7p/1pq1p3/7N/6PP/5P1K/8 b - - 15 49,b5b4 h4g6 h8h7 g6e7 c5e7 f7e7,2125,75,91,3373,crushing endgame long quietMove,https://lichess.org/tdskf84J/black#98,
bQ7Ns,5rk1/2p3pp/2p5/p2p4/8/4PrqP/PP2Q1B1/R5KR w - - 2 27,h1h2 f3e3 e2d2 f8e8 a1f1 e3e1,2169,188,81,6,crushing long middlegame quietMove,https://lichess.org/MFMCBAWA#53,
bQla2,2r2rk1/4bp1p/1q3npP/6B1/pPBppQP1/P7/2P2P2/2KR3R w - - 1 24,g5f6 e7f6 g4g5 f6h8 f4e4 c8c4,2195,146,55,14,crushing long middlegame quietMove,https://lichess.org/9XOKo4YR#47,
bQlyx,8/3k4/1r1p3P/2p1pN2/6P1/4PK2/8/8 b - - 0 45,c5c4 h6h7 b6b8 g4g5 c4c3 f3e2 b8b2 e2d1,2198,82,86,62,advancedPawn crushing defensiveMove endgame quietMove veryLong,https://lichess.org/hz5VwSgI/black#90,
bRFU2,r5rk/1b2Bppp/1q2p3/1p2P3/1pp1pP1Q/2n1P3/P1B3PP/4RRK1 b - - 5 25,a8a2 f1f3 a2a1 e1a1,2151,75,77,77,crushing master masterVsMaster middlegame quietMove short,https://lichess.org/V4KnkDXm/black#50,
bRNOU,7k/1Q3pp1/7p/4p3/5n2/1B5P/PPP2PPK/4q3 w - - 3 36,b7f3 f4e2 h3h4 e1g1 h2h3 g1h1 h3g4 f7f5 g4f5 e2d4,2141,93,45,43,advantage attraction endgame quietMove veryLong,https://lichess.org/llYl1f36#71,
bS355,8/4k3/1B1b4/4p3/2PpP2P/1p1P4/2n2K2/3B4 w - - 0 58,b6a5 c2a1 d1b3 a1b3,2109,75,93,3075,advantage endgame master quietMove short,https://lichess.org/n1hrGEZL#115,
bS9aR,3Q4/5pbk/p6p/2q1pN2/4n1p1/4N1P1/P4PKP/8 b - - 1 39,e4g5 f5e7 c5e7 d8e7,2165,79,91,2598,crushing endgame quietMove short,https://lichess.org/WocNhmWG/black#78,
bSFJn,8/5ppk/R7/1p3P1p/4P3/1P3K2/P4P2/6r1 w - - 2 35,a2a4 h5h4 a4b5 h4h3,2134,76,91,2073,crushing endgame quietMove rookEndgame short,https://lichess.org/7VWcxOBd#69,
bSXHw,4k3/4P2p/3K2p1/5p2/3N4/5P1n/8/8 b - - 0 47,h3g5 d4b5 g5f7 d6e6,2173,75,92,4613,crushing defensiveMove endgame knightEndgame quietMove short,https://lichess.org/aJhI66Oi/black#94,
bSb6Z,r1b3k1/ppq1r1b1/2p2RQp/8/2NP4/2P3P1/PP4PP/R5K1 b - - 0 19,c8d7 a1f1 d7e6 f6e6,2156,75,90,60,crushing middlegame pin quietMove short,https://lichess.org/RvjMYdxA/black#38,Indian_Defense Indian_Defense_Other_variations
bSgfg,8/1R4pp/6k1/3p1p2/3PpP2/b1q1P1BP/r5PK/1Q6 b - - 5 39,c3d2 b1b6 g6h5 g3f2 d2f2 b7g7,2114,78,81,50,crushing endgame long quietMove sacrifice,https://lichess.org/pWQrNHZO/black#78,
bSiu8,3r1rk1/pp2npp1/1q1b4/5PP1/2Bp4/P2Q4/1P2N3/2R2RK1 b - - 0 25,e7c6 g5g6 c6e5 d3h3 d4d3 f1f2 e5g6 f5g6,2194,81,91,1343,crushing defensiveMove middlegame pin quietMove veryLong,https://lichess.org/y2gvuiYS/black#50,
bT5C9,1rbr1nk1/2q1bp1p/p3p1pQ/3pP3/P1P2P2/2NB3R/2P3PP/R3B2K b - - 0 20,d5c4 c3e4 f7f5 e5f6,2115,89,67,29,crushing enPassant master middlegame quietMove short,https://lichess.org/Cjb5Hw6S/black#40,
bTE0u,2r1r1k1/1b3p1p/p2p2pB/1p1Pp1Q1/1Pn1P3/3q3P/P4PP1/R3R1K1 b - - 1 26,d3d2 g5h4 d2h6 h4h6,2163,137,50,24,advantage middlegame quietMove short,https://lichess.org/XTcB8s61/black#52,
bTnT3,8/8/pr5p/5KpP/R5P1/P5k1/8/8 w - - 3 61,a4a5 b6b5 a5b5 a6b5 f5g6 g3g4 g6h6 g4f5 h6g7 g5g4 h5h6 g4g3 h6h7 g3g2 g7f8 g2g1q h7h8q g1c5,2103,75,89,1474,advancedPawn crushing endgame promotion quietMove rookEndgame veryLong,https://lichess.org/rdf6dBGo#121,
bTnf0,2r5/4P3/4N2p/3p4/3k3P/8/7K/8 b - - 1 52,d4e5 e6d8 e5f4 e7e8q,2147,75,96,1422,advancedPawn crushing endgame master promotion quietMove short,https://lichess.org/MAhPEyND/black#104,
bU6ZW,6k1/5pp1/1NQ5/2Pp1n2/7p/2q4K/P4PP1/8 w - - 2 40,f2f3 c3e5 c6c8 g8h7 c8f5 e5f5,2122,75,95,7414,crushing endgame long quietMove,https://lichess.org/44oBGq9m#79,
bUCF7,5rk1/4Q1p1/qp2p1p1/1N1p3p/P3n3/1P6/5PP1/2R3K1 b - - 1 31,a6a5 c1c7 a5e1 g1h2 e1a1 b5c3,2114,76,91,4501,advantage endgame long master quietMove,https://lichess.org/nnodycfp/black#62,
bVcZo,r6q/p2kbQ1p/npp1p3/3p1p2/3P4/2N1P3/PPP2PPP/R4RK1 w - - 0 15,a2a3 h7h5 c3e2 a8f8 f7g6 f8g8 g6g8 h8g8,2122,73,93,8748,advantage middlegame quietMove veryLong,https://lichess.org/L8FbI2OC#29,Horwitz_Defense Horwitz_Defense_Other_variations
bVdOk,8/3r1ppk/4p2p/8/2pPP3/r7/1RK2PPP/3R4 w - - 9 27,d1d2 c4c3 d2d3 d7c7 b2b5 a3a2,2164,78,87,47,crushing endgame fork long quietMove rookEndgame,https://lichess.org/G9wJybi2#53,
bW3Qx,8/4kppp/2p5/2K1P3/5P2/8/6PP/8 b - - 4 30,e7d7 f4f5 g7g6 g2g4 g6f5 g4f5,2173,77,74,61,advantage endgame long pawnEndgame quietMove,https://lichess.org/FY7Ser2T/black#60,
bWOgA,8/1p6/p7/P2k1p2/NP1PpPbp/4P3/5K2/8 w - - 3 40,a4c3 d5c4 d4d5 g4h5 d5d6 h5e8,2145,80,86,39,crushing defensiveMove endgame long quietMove,https://lichess.org/GeH0loM8#79,
bWRAI,8/2R5/2N2p2/p1P5/Ppn1k1p1/8/2P2KPr/8 b - - 1 47,f6f5 c7d7 f5f4 d7d4 e4f5 d4c4,2157,76,91,358,advantage endgame fork long quietMove,https://lichess.org/QiCUqV6O/black#94,
bWZrS,2r2bk1/pp3p1p/q5p1/3Q2P1/4pP2/1P2P1BP/P4K2/3R4 w - - 1 31,d1d2 c8c1 d2e2 a6d3,2106,96,75,25,crushing endgame quietMove short,https://lichess.org/O5B30X3N#61,
bWbZJ,2b3r1/5k2/pq1p4/2pPp3/2P1Pp2/R2B1P2/1PQ3Kb/R7 w - - 0 37,g2h2 b6d8 h2h1 g8h8 c2h2 h8h2,2173,76,91,1294,crushing exposedKing long middlegame quietMove,https://lichess.org/0Wskz2kn#73,
bWv0A,r4k2/pp3ppB/2pq4/3p1Q2/PP1Pn3/2P1R2P/5PP1/7K w - - 3 25,f5f3 g7g6 h7g6 d6g6,2199,78,83,89,advantage endgame quietMove short,https://lichess.org/Q5Zkq67S#49,
bY1FE,8/6Kp/6p1/3k1p2/8/8/6PP/8 b - - 5 47,f5f4 g7h7 g6g5 h2h3 d5e4 h7g6 f4f3 g2f3,2134,140,89,12,crushing endgame pawnEndgame quietMove veryLong,https://lichess.org/mjrnMsTp/black#94,
bYGhh,8/3r4/p1p2k2/2B2p2/8/P4bP1/5P2/4RK2 w - - 11 38,c5b4 d7h7 b4e7 h7e7 e1e7 f6e7,2148,74,94,10217,crushing endgame long quietMove,https://lichess.org/y19VfrzZ#75,
bYRrM,8/1pp5/p1p1k3/4P3/8/P1KP4/2P5/8 w - - 2 40,c3d4 e6f5 c2c3 a6a5 c3c4 a5a4,2188,123,91,28,crushing defensiveMove endgame long pawnEndgame quietMove,https://lichess.org/bfKmBmeV#79,
bYSOA,3R4/5pk1/4p1b1/2BpP1Kp/6pP/8/5P2/7r b - - 13 43,h1h3 c5e7 h3f3 e7f6 f3f6 e5f6,2186,75,97,356,crushing endgame long quietMove,https://lichess.org/WKJawYWt/black#86,
bZKOs,5r2/pp3pk1/2p1rnpp/3pq3/3P4/2N2R1P/PP1Q2P1/5R1K b - - 0 24,e5h5 d2f2 g7g8 f3f6 e6f6 f2f6,2112,74,92,4050,advantage long middlegame quietMove,https://lichess.org/Pn16wrGf/black#48,
bZNIm,8/1r6/3k1p2/3Pp3/pP2K3/P7/2R5/8 b - - 1 46,b7c7 c2c7 d6c7 b4b5 c7d6 b5b6 d6d7 e4f5,2163,79,90,384,crushing endgame quietMove rookEndgame veryLong,https://lichess.org/24Xi8ECp/black#92,
bZTem,8/8/1p1K2k1/n1p3P1/B1P5/8/1P6/8 b - - 2 45,g6g5 b2b3 g5f4 d6c7 b6b5 c4b5,2124,74,94,9353,crushing endgame long quietMove,https://lichess.org/cIL4OsfD/black#90,
bZs4o,8/p7/6K1/5p1p/6k1/8/P5PP/8 w - - 2 35,a2a4 f5f4 g6f6 h5h4 h2h3 g4g3,2194,77,94,748,crushing endgame long pawnEndgame quietMove,https://lichess.org/wRTrTfDm#69,
bZxhn,8/B7/1Pk5/3p2p1/8/3K1P1P/8/6b1 b - - 6 41,g1b6 a7b6 c6b6 f3f4 g5f4 h3h4 b6c5 h4h5,2153,75,91,285,bishopEndgame crushing defensiveMove endgame quietMove veryLong,https://lichess.org/S0qMSjwu/black#82,
bb3Yv,r2q1knr/2pb2b1/ppn1ppQ1/3pP1pp/3P1P2/P1N1BN2/1PP1B1PP/R4RK1 w - - 2 14,f4g5 f6f5 f3h4 g8e7,2129,79,85,105,advantage middlegame quietMove short,https://lichess.org/fbYldHxX#27,Nimzowitsch_Defense Nimzowitsch_Defense_Mikenas_Variation
bbTgB,8/4p3/3pk1p1/p1pR1pP1/P1P2P2/1Pb2K2/8/8 w - - 18 54,f3e2 c3d4 d5d4 c5d4 e2d3 e6d7 d3d4 d7c6,2168,75,94,629,crushing defensiveMove endgame quietMove veryLong,https://lichess.org/xUuCqD5P#107,
bbaQk,1r6/5p1k/4p1p1/4Q2p/1p5P/1R2P1P1/5PK1/4q3 b - - 7 36,b8b7 b3d3 e1c3 d3c3,2132,75,91,1155,advantage endgame quietMove short,https://lichess.org/Tgvz1e2z/black#72,
bbz84,r2q2k1/2R1rppp/p7/Qp1b4/3Pp3/P3P1P1/5PBP/2R3K1 w - - 1 22,g2h3 d5c4 c1c4 b5c4,2144,78,86,575,advantage master middlegame quietMove short,https://lichess.org/T7zozKzq#43,
bc1pn,6k1/p5b1/4N1K1/2pNp3/1p2P3/r1P2P2/8/8 b - - 1 46,a3c3 d5e7 g8h8 e6g5 c3f3 g5f3,2175,79,92,3535,crushing endgame long quietMove,https://lichess.org/EJeH48gw/black#92,
bcffc,4r1k1/1p2Pp1p/p4Q2/n3R3/3P4/P7/b4PPP/2q1N1K1 b - - 12 34,h7h6 e5e3 c1e3 f2e3,2150,75,91,462,crushing master middlegame quietMove short,https://lichess.org/BMaxzPVq/black#68,
bcuZB,4r1k1/p2r2p1/1pN2p1p/1P1p2nP/P1pP4/2PqP3/1K3Q2/3R3R b - - 9 37,g5e4 f2e1 d3c3 e1c3 e4c3 b2c3,2194,76,96,95,advantage long middlegame quietMove,https://lichess.org/eJdEWWV7/black#74,
bdeWZ,r3qrk1/ppp5/3b3Q/3pp3/7P/3P1nN1/PPP2P2/2KR3R b - - 0 17,e8f7 g3h5 f7h7 h5f6 f8f6 h6f6,2158,80,86,98,crushing exposedKing fork long middlegame quietMove,https://lichess.org/7PNs7hkW/black#34,Four_Knights_Game Four_Knights_Game_Italian_Variation
bduu9,4r1k1/pp1b4/1q2p1N1/3p2P1/2p5/4n3/PP2Q2P/R4B1K b - - 2 26,d5d4 e2h5 b6c6 h1g1 e6e5 h5h8 g8f7 g6e5 e8e5 h8e5,2186,84,88,900,advantage defensiveMove exposedKing fork middlegame quietMove veryLong,https://lichess.org/xEuLU5uY/black#52,
beVD9,8/7P/R2k4/8/3PPb2/1K6/7r/8 b - - 2 42,d6c7 a6a8 h2h7 a8a7 c7b6 a7h7,2116,85,86,44,crushing endgame exposedKing long quietMove skewer,https://lichess.org/fcFZLsNZ/black#84,
behMk,2r3k1/3r1p2/7R/p2pB1N1/3P4/2pq2NK/P7/8 b - - 1 42,g8f8 e5f6 d3g6 h6h8 g6g8 g5h7 f8e8 h8g8,2142,75,93,4550,mate mateIn4 middlegame pin quietMove veryLong,https://lichess.org/MFpi6ZzT/black#84,
beiDM,8/8/1p6/p2k1ppp/P7/1P1K1PPP/8/8 w - - 0 45,g3g4 f5g4 f3g4 h5h4 d3e3 d5e5,2151,78,79,73,crushing defensiveMove endgame long pawnEndgame quietMove zugzwang,https://lichess.org/iqzzTAyN#89,
beqHY,8/1kp5/6P1/p2p1P2/Kb1P4/4P3/2B1R3/6r1 w - - 4 36,a4b5 g1a1 e3e4 c7c6,2103,77,93,2263,endgame mate mateIn2 quietMove short,https://lichess.org/Dzh3shCA#71,
bfQkC,3r1rk1/Rp3p2/4pQp1/8/8/2P4P/1q3PP1/4R1K1 b - - 0 23,b2b6 a7a4 d8d2 a4h4 b6f2 f6f2 d2f2 g1f2,2113,74,95,4248,crushing endgame master quietMove veryLong,https://lichess.org/pTmhF1yd/black#46,
bfRyk,R7/2r2ppk/1p4p1/1Pqpr3/8/2PR1P1P/3Q2P1/7K w - - 6 34,a8d8 c7e7 d3d4 e5e1 h1h2 c5c7 d2f4 c7d8,2101,76,89,1344,crushing endgame fork master quietMove veryLong,https://lichess.org/dNIaa1BD#67,
bfd2w,1q4k1/4Q1np/2p1p1p1/3pP3/1B1P4/P7/5K1P/8 b - - 2 33,b8e8 e7e8 g7e8 b4d6 g8f7 a3a4 e8g7 a4a5,2150,77,91,4938,crushing defensiveMove endgame quietMove veryLong,https://lichess.org/nTtME8JA/black#66,
bfrUR,8/8/3K1kpp/5p2/5P1P/6P1/8/8 b - - 2 45,g6g5 h4h5 g5f4 g3f4,2174,77,73,117,crushing endgame pawnEndgame quietMove short,https://lichess.org/k8NDMu0d/black#90,
bgIMj,8/2r5/3p2pk/3P4/2P3R1/1K3r2/8/6R1 w - - 3 39,b3b4 c7b7 b4a4 f3f8 g4g6 h6h7 g6g7 b7g7,2122,74,84,222,crushing endgame quietMove rookEndgame veryLong,https://lichess.org/pZwqAACl#77,
bgLMN,r2qk2r/p4pbp/5np1/1N1p4/8/4BP2/PP4PP/R2Q1RK1 b kq - 0 14,a7a6 e3c5 a6b5 d1e2,2192,80,75,65,crushing middlegame quietMove sacrifice short,https://lichess.org/jehzH4as/black#28,Sicilian_Defense Sicilian_Defense_Accelerated_Dragon
bgQRl,8/1p6/P3p3/1k4p1/5pP1/5K2/N7/8 b - - 0 57,b5a6 a2c3 b7b5 c3e4 e6e5 e4g5,2152,78,77,50,crushing endgame knightEndgame long quietMove,https://lichess.org/GUy8F0U9/black#114,
bgbf9,1r5k/5Qp1/5n1p/2qp4/5P2/1P4PP/4R1BK/8 b - - 0 34,b8b3 e2e7 c5e7 f7e7,2184,75,93,4093,crushing endgame master quietMove short,https://lichess.org/7JbUBENR/black#68,
bgd4T,2r5/pp1b2pk/3p3p/3Pqp1Q/1P6/P3PRPP/8/5RK1 w - - 2 26,f3f5 e5g3 g1h1 c8c2 f5f2 c2f2 f1f2 g3f2,2189,78,82,200,crushing endgame quietMove veryLong,https://lichess.org/aOaadJlP#51,
bgmAS,r3r1k1/5pp1/8/1Pq5/P2bR2B/2p4P/R1Q2PP1/6K1 w - - 4 33,e4g4 e8e1 g1h2 d4e5 h4g3 a8d8 g3e5 c5e5,2163,124,0,17,advantage middlegame quietMove veryLong,https://lichess.org/KTB9j9NB#65,
bh3bT,8/5r2/4R3/pN4k1/Pn5p/1P4K1/7P/8 w - - 0 53,g3h3 b4d3 h3g2 d3f4 g2f3 f4e6,2186,76,89,672,crushing discoveredAttack endgame exposedKing fork long quietMove,https://lichess.org/e40ZTlW9#105,
bhAHH,r3r3/pp3k1Q/3qp1p1/3p4/3PnP2/7P/PP4P1/R4RK1 b - - 0 22,f7f6 g2g4 e8f8 g4g5 e4g5 f4g5,2190,80,26,93,advantage doubleCheck long middlegame quietMove,https://lichess.org/l4QvMwhh/black#44,
bhdHV,r5k1/p3r2p/1q3ppQ/2nP4/2BBnP2/7P/PpP2P2/1K1R3R w - - 0 23,h1g1 c5a4 d5d6 g8h8 d4f6 e4f6,2171,75,95,791,crushing defensiveMove long middlegame quietMove,https://lichess.org/sSTsSrIe#45,
bhe2c,8/1b6/3qpk1p/2p1pppP/2P1P3/2P3P1/4QP2/5BK1 w - - 8 43,e4f5 d6c6 f2f3 c6f3 e2f3 b7f3,2120,78,91,537,crushing endgame long quietMove,https://lichess.org/SW4Yqz7W#85,
biMdM,4k3/1p3bp1/p1p1p1q1/2PpP1Bp/P2Pp2P/1P2P1Q1/6PK/8 b - - 0 36,g6f5 g3e1 f7g6 e1a5,2108,75,86,97,crushing endgame quietMove short,https://lichess.org/BpePaH5Z/black#72,
bihHp,8/8/6k1/3pKp1p/p1pPp3/P1P1P2P/8/8 b - - 3 43,g6g5 e5d5 g5h4 d5e5 h4h3 d4d5 h3g3 d5d6,2132,81,91,170,crushing endgame pawnEndgame quietMove veryLong,https://lichess.org/BlkHG7rJ/black#86,
biluQ,8/1p6/8/8/8/2k5/P4K2/8 w - - 3 63,f2e2 b7b5 e2d1 c3b2,2133,77,90,414,crushing endgame master pawnEndgame quietMove short,https://lichess.org/Ge6ka7cw#125,
bivx0,8/8/6N1/1p5p/4k3/2n3PP/5KP1/8 w - - 0 44,g6f4 b5b4 f4e2 e4d3,2137,75,93,3336,crushing endgame knightEndgame quietMove short,https://lichess.org/6dUww7wf#87,
bjTqN,8/7p/8/2P3p1/1Pk1pp2/7P/2r3P1/1R3K2 b - - 3 55,h7h5 b4b5 c4c5 b5b6,2121,77,89,114,crushing endgame quietMove rookEndgame short,https://lichess.org/5UPtZvxC/black#110,
bjefF,8/8/N1p5/P2k4/1P3K1p/8/7n/8 b - - 0 44,d5c4 a6c7 c4b4 a5a6,2157,137,58,15,crushing endgame knightEndgame quietMove short,https://lichess.org/RhZaFyrd/black#88,
bjmqM,r2qr1k1/pp2bpp1/2p2np1/3pR1B1/3P2P1/2N4P/PPP1QP2/R5K1 b - - 1 15,e7f8 a1e1 d8b6 g5f6 e8e5 f6e5,2150,75,93,3240,advantage long middlegame quietMove,https://lichess.org/dDcM93ZZ/black#30,French_Defense French_Defense_Exchange_Variation
bk71W,8/1r2k1pp/R7/1p6/2pp2P1/P7/1PP2PKP/8 w - - 0 30,g2g3 d4d3 c2d3 c4d3 g3f3 b7d7 a6a7 d7a7,2181,79,86,81,crushing endgame quietMove rookEndgame veryLong,https://lichess.org/KmaZLgIg#59,
bkT9i,5rk1/1Q3p1p/p2q2p1/b7/1P6/P2rB2P/2K2PP1/R3R3 w - - 2 28,e1d1 f8d8 d1d3 d6d3 c2b2 d3e2,2126,79,91,231,advantage exposedKing long middlegame quietMove,https://lichess.org/doRf5PIm#55,
bkg5q,8/8/pp6/8/2P2p2/1P6/Pk5K/8 b - - 0 52,b2a2 b3b4 a6a5 b4a5 b6a5 c4c5 a5a4 c5c6 a4a3 c6c7 a2b2 c7c8q,2129,76,95,2404,advancedPawn crushing endgame pawnEndgame promotion quietMove veryLong,https://lichess.org/YXwhhIrP/black#104,
bky0v,8/3p4/4p3/8/6K1/3k4/1P3P2/8 w - - 3 48,f2f4 d7d5 b2b4 d3c4 f4f5 e6f5,2132,83,87,350,crushing endgame long pawnEndgame quietMove,https://lichess.org/HrnMdOxw#95,
bkzoJ,6k1/p4p1p/1p4p1/1P6/P4P2/B1R1P2K/3r1P1P/6r1 b - - 0 25,d2d5 c3c8 g8g7 a3f8 g7f6 c8c6 f6f5 f2f3 g6g5 e3e4,2175,95,84,19,crushing endgame quietMove veryLong,https://lichess.org/EUBh8Qvr/black#50,
bl61h,8/4k3/1p3pK1/3p4/1P1Pb1B1/2P5/8/8 w - - 13 54,g4f5 b6b5 g6h5 e4f5,2154,75,93,920,bishopEndgame crushing endgame master masterVsMaster quietMove short zugzwang,https://lichess.org/ZJXiLPYP#107,
blFtC,r5k1/1qb2p2/p3pN1p/2p5/P7/4P2b/1P2BP1P/R1Q3K1 b - - 0 25,g8h8 e3e4 a8g8 f6g8,2100,74,92,1445,advantage master middlegame quietMove short,https://lichess.org/zQIcR5jL/black#50,
blkuM,r1q2r2/2p3kp/pp1p2p1/2nPpnN1/8/N1Q4P/P1P2PP1/3RR1K1 b - - 1 25,f5d4 d1d4 c8f5 d4g4 h7h5 g4g3,2144,75,92,5425,advantage defensiveMove long middlegame quietMove,https://lichess.org/EZcbztyS/black#50,
bmwpW,1r2r1k1/2q2pb1/pp1p1B2/2pPn2p/P3PQ2/2N4P/1P3P2/2R1K1R1 b - - 3 21,e5d3 e1d2 d3f4 g1g7 g8f8 c1g1 f4g6 g1g6 f7g6 g7c7,2151,284,85,4,crushing defensiveMove middlegame quietMove sacrifice veryLong,https://lichess.org/lZX5jju6/black#42,
bntiI,6k1/pb3ppp/4p3/P1p1P3/2P3PK/1P2B3/4QPq1/R7 w - - 1 36,e3f4 h7h6 e2f1 g7g5 h4h5 g2e4,2189,120,43,16,crushing endgame fork long quietMove,https://lichess.org/PioubmWO#71,
bnxYn,4r1k1/2R2p1p/6p1/5p2/P1PP4/3QP1Pq/5P1P/r4BK1 w - - 0 33,d4d5 e8b8 d5d6 b8b1,2196,76,84,304,crushing endgame pin quietMove short,https://lichess.org/pTIk0tOj#65,
boHst,6Bb/8/7P/p4Kp1/8/k1p4P/2P5/8 w - - 8 54,f5g5 a5a4 g8d5 a3b2,2192,79,91,136,bishopEndgame crushing endgame master quietMove short,https://lichess.org/8oOvVoKc#107,
bpKhM,8/p7/7p/5kp1/8/5K1P/PP6/8 w - - 4 54,a2a4 a7a5 f3g3 h6h5 h3h4 g5g4,2166,75,82,304,crushing defensiveMove endgame long pawnEndgame quietMove,https://lichess.org/uCLJgtqy#107,
bpNbi,8/1p3b2/2p5/2P3N1/1P5p/5K2/5P1k/8 b - - 5 41,f7d5 f3g4 h4h3 f2f4 h2g2 g5h3,2134,75,92,628,crushing defensiveMove endgame long quietMove,https://lichess.org/yxYWDNaz/black#82,
bpYbm,8/1p6/8/p1k3pp/P7/1PK3PP/8/8 w - - 4 44,h3h4 g5g4 c3d3 c5b4 d3c2 b4a3,2149,76,70,81,crushing endgame long pawnEndgame quietMove zugzwang,https://lichess.org/chz7pWXb#87,
bpjGt,2k5/8/1P4p1/2K2p1p/1P6/7P/5P2/8 w - - 1 53,c5c6 g6g5 b6b7 c8b8 c6d5 g5g4 h3g4 h5h4 g4g5 h4h3 f2f3 h3h2,2183,87,87,33,advancedPawn crushing endgame pawnEndgame quietMove veryLong,https://lichess.org/gPf3fr7L#105,
bpsQz,5R2/2R5/2P1p1k1/5n2/1K3Pp1/6P1/r6p/8 w - - 0 49,f8h8 f5h6 c7h7 h2h1q h7h6 h1h6 h8h6 g6h6,2157,76,94,6361,advancedPawn crushing endgame promotion quietMove veryLong,https://lichess.org/5695ttVZ#97,
brN9A,8/8/1k6/2p2K2/6P1/8/8/8 b - - 1 69,b6b5 g4g5 c5c4 f5e4 c4c3 e4d3,2106,80,90,1232,crushing endgame long pawnEndgame quietMove,https://lichess.org/e8ER0olG/black#138,
bs1UN,5r1r/1Q3pk1/pp1P4/3Np3/2P1P2p/5Bqn/PP4P1/5R1K b - - 3 30,h3f4 d5e3 h8h5 f3h5,2137,200,100,10,equality middlegame quietMove short,https://lichess.org/r5F1puBb/black#60,
bs1uY,b5k1/6p1/p3P1Bp/3p4/2p5/P6P/1r4P1/5RK1 b - - 0 29,b2e2 f1b1 g8f8 b1b8 f8e7 b8a8,2172,84,92,754,advantage endgame fork long quietMove,https://lichess.org/jeRYFcdP/black#58,
bs90k,8/1p2R3/p2P2k1/Pr3p1p/2K5/8/7P/8 b - - 0 50,g6f6 e7e8 b5b1 d6d7,2148,86,86,28,advancedPawn crushing endgame quietMove rookEndgame short,https://lichess.org/35nRWg8R/black#100,
bsXg4,8/Pk3P2/8/8/1PKB4/7p/2r5/8 w - - 1 53,c4d3 c2c8 d4e5 c8f8 d3e2 f8f7,2112,79,92,1889,crushing endgame long quietMove,https://lichess.org/9coKyt0q#105,
bsf42,5r2/4pq1k/p2pR1R1/3P1p1p/1pr2b1P/2P2P2/PPB2Q2/1K6 w - - 2 30,c3b4 f8c8 g6g2 c4c2 f2c2 c8c2,2139,74,93,8696,advantage long middlegame quietMove,https://lichess.org/sUYG6AYM#59,
bsiDT,5rk1/1bp1q1pp/p3p1r1/3p4/2n3N1/P1B1QPP1/1PP4P/2KR3R w - - 8 22,e3a7 c7c5 g4e5 f8a8 a7a8 b7a8,2199,77,79,409,advantage long middlegame quietMove trappedPiece,https://lichess.org/GLTGSFFS#43,
bstZy,8/p5Rp/4k3/1Pp1P3/5P2/r2p1K2/7P/8 w - - 0 44,g7h7 d3d2 f3e2 a3d3 e2d1 c5c4,2181,82,91,1399,advancedPawn clearance crushing defensiveMove discoveredAttack endgame long quietMove rookEndgame,https://lichess.org/5D5NHDad#87,
bswF2,2Q3k1/4prbp/3p2p1/pb4B1/5P2/5R1P/1q3NP1/7K b - - 3 28,g7f8 f2g4 b5e2 g4h6,2154,77,74,115,advantage middlegame quietMove short,https://lichess.org/lBKIUs0B/black#56,
bt5BL,r1bq1rk1/ppp2pp1/2n5/3Bp1P1/1b6/2NP1N2/PPP2PP1/R2QK2R b KQ - 0 10,d8d5 f3d2 d5g2 d1h5 g2h1 h5h1,2123,75,94,983,advantage clearance long opening quietMove,https://lichess.org/m6SzwLFt/black#20,Russian_Game Russian_Game_Three_Knights_Game
btqxo,r2r2k1/1p3p1p/p5p1/7q/3bPBn1/P1NB2Rb/1PP1Q2P/5R1K b - - 4 25,a8c8 f1f3 g4f2 f3f2,2175,74,58,132,advantage middlegame quietMove short,https://lichess.org/p61mlgXN/black#50,
btuj0,8/5p2/7p/p6k/1p4R1/5rnP/PP3N2/4K3 b - - 12 39,g3f5 f2e4 f5e3 e4g3 f3g3 g4g3,2199,75,76,101,advantage endgame long quietMove,https://lichess.org/QcTaqGwb/black#78,
bu5xd,8/5p2/3k1p1p/pp1b1P2/4B1P1/P3K2P/1P6/8 b - - 0 37,d5e4 e3e4 d6c5 b2b3 c5c6 e4d4,2124,76,91,500,crushing defensiveMove endgame long quietMove zugzwang,https://lichess.org/FTIIeiVJ/black#74,
buTlA,2b3k1/p2q1rpp/2pB1p2/1rPp1n2/Q2Pp3/6P1/P3PPBP/RR4K1 w - - 9 18,g2h3 d7b7 b1b5 c6b5 a4b3 f5d6 h3c8 d6c8,2176,75,92,5117,advantage middlegame quietMove veryLong,https://lichess.org/kJsPxErl#35,Kings_Indian_Attack Kings_Indian_Attack_French_Variation
buUiA,8/1p6/5pp1/p7/Pk3PP1/1P6/2K5/8 b - - 5 48,b4a3 c2c3 b7b6 c3c4 f6f5 g4g5 a3b2 b3b4,2131,75,94,4027,crushing endgame pawnEndgame quietMove veryLong zugzwang,https://lichess.org/eLbJR8Za/black#96,
buYSj,6rk/p3P3/1p6/2np1P2/7r/8/PP4P1/R4RK1 b - - 0 31,h4g4 f5f6 g4g2 g1h1 g2g6 f1f2 g6f6 f2f6,2158,79,91,2513,crushing endgame quietMove veryLong,https://lichess.org/ZkMV6mLo/black#62,
bursY,4Rrk1/5p1p/pp1q1np1/8/3P4/2B2Q1B/PPn3PP/R5K1 b - - 0 26,f8e8 a1f1 c2d4 f3f6 d6f6 f1f6,2156,77,86,325,crushing long middlegame quietMove,https://lichess.org/MgvxhyIG/black#52,
buy1L,6R1/8/pp2kp2/2p2b1P/P2p1P1P/8/3K4/8 w - - 0 44,g8h8 c5c4 d2e1 c4c3 h5h6 d4d3,2106,76,91,977,crushing endgame long quietMove,https://lichess.org/Ull85zKl#87,
bv04M,r5k1/1p6/2b1p1p1/p3P3/2P4R/8/R7/6K1 b - - 1 40,a5a4 a2h2 a8f8 h4h8 g8f7 h2f2,2189,83,86,44,advantage endgame exposedKing long quietMove,https://lichess.org/phRzySl1/black#80,
bvMmx,8/p2bQpkp/P2r2q1/1ppP1p2/7P/8/2B2PP1/4R1K1 b - - 0 30,h7h5 e1e3 g6f6 e3g3 g7h7 e7f8 f6a1 g1h2,2147,76,90,844,crushing defensiveMove endgame master quietMove veryLong,https://lichess.org/lH2dMWL3/black#60,
bvhIN,8/p1p2p2/5k2/2p2p1p/P4K1P/2PP2P1/8/8 b - - 0 27,c7c6 a4a5 c5c4 d3c4 c6c5 a5a6 f6e6 f4g5,2152,81,92,2865,advantage endgame pawnEndgame quietMove veryLong zugzwang,https://lichess.org/Uh6hTYUB/black#54,
bw12V,6k1/7p/4p3/N1R5/1P4p1/P3PnP1/3r1PK1/8 w - - 2 32,a5c4 d2d1 c5g5 f3g5,2146,76,96,1946,crushing endgame master quietMove short,https://lichess.org/bMCbSjoD#63,
bw8D3,8/1ppk3p/p1p3p1/1r3p2/R4P2/1P1PP2P/P1P2K2/8 b - - 0 25,b5c5 c2c4 c5d5 c4d5,2112,75,79,681,crushing endgame quietMove rookEndgame short,https://lichess.org/gWpGVMdG/black#50,
bwQqK,2r3k1/p4ppp/1p5q/3pP3/3P4/1P4R1/PB2Q1PP/2b3K1 w - - 1 25,e2g4 c8c7 h2h4 c1b2,2117,128,25,35,crushing endgame quietMove short,https://lichess.org/e5CrSZXH#49,
bwXXw,8/8/5p1p/1p5P/5P2/2k1KP2/P7/8 w - - 5 39,f4f5 b5b4 e3e4 c3b2 e4d5 b2a2 d5e6 b4b3 e6f6 b3b2,2184,82,52,34,advancedPawn crushing endgame pawnEndgame quietMove veryLong,https://lichess.org/yCxZDnPL#77,
bwYDN,5rk1/1p3pp1/p1r4p/b7/8/1P2P3/PB2RPPP/3R2K1 w - - 5 25,d1c1 c6c1 b2c1 f8d8 f2f4 d8d1 g1f2 d1c1,2179,81,81,190,advantage endgame fork quietMove veryLong,https://lichess.org/h3xfWPUt#49,
bwZPO,8/1k6/p3p2p/2P1Ppp1/1Pp2KP1/2P4P/8/8 w - - 0 40,f4f3 f5f4 f3e4 b7c6,2139,76,87,1107,crushing endgame master pawnEndgame quietMove short,https://lichess.org/WUnRyO7h#79,
bwv4M,8/7p/2b3p1/2P1K3/k4P2/P5P1/7P/8 b - - 3 49,a4a3 g3g4 a3b4 e5d6 b4b5 f4f5,2109,147,43,10,bishopEndgame crushing endgame long quietMove,https://lichess.org/xV7KVgbI/black#98,
bxLfk,r7/ppp3kp/3b1p2/8/3P1r2/2PQ1N1K/PqP2P2/6R1 b - - 1 25,g7h6 f3h4 a8g8 g1g8 f4h4 h3h4,2195,77,87,600,crushing long middlegame quietMove,https://lichess.org/UtM08FH6/black#50,
bxR6G,3R4/3P4/7p/6p1/1p4r1/8/1kPK4/8 b - - 0 52,g4d4 d2e3 d4d6 c2c4 b4c3 d8b8,2135,76,93,2120,crushing defensiveMove endgame long quietMove rookEndgame,https://lichess.org/Z1mkQh6t/black#104,
bxfJH,1k4r1/pP4q1/4p3/3pPp2/5P1p/7r/1PQ2RP1/R5K1 b - - 1 28,g7g3 a1c1 g3h2 g1f1 h2h1 f1e2 h1c1 c2c1,2104,202,82,6,advantage endgame quietMove veryLong,https://lichess.org/sDvFAh8L/black#56,
bxfkv,2k1r2r/4P1R1/p2p4/1p1Pp1Bp/8/P2B3q/1PP4P/2KR4 b - - 2 26,h8g8 g7g8 e8g8 d1f1 h3f1 d3f1,2189,78,94,2194,crushing long middlegame quietMove,https://lichess.org/yczCq5bx/black#52,
bxmZ7,6k1/p4p1p/1p1p2p1/2qP1r2/3Q1P2/1P4P1/7P/3R1K2 b - - 0 31,c5c2 d1e1 f7f6 g3g4 c2b3 g4f5,2119,85,73,57,crushing endgame long quietMove trappedPiece,https://lichess.org/Sr61bC96/black#62,
bzKuj,2kr4/p2b4/4p3/3pBpb1/P1pP2p1/2P1P1P1/R2NQ2q/4K3 b - - 8 31,h2h1 d2f1 h1e4 e2b2 e4e5 d4e5,2107,76,85,179,clearance crushing defensiveMove long middlegame quietMove,https://lichess.org/RYqUwZ65/black#62,
bzwXS,4k3/p1R1r1pp/1p2P3/2nP1p2/8/5N1P/PP3PP1/6K1 w - - 1 30,f3e5 e7c7 d5d6 c7b7 d6d7 c5d7,2124,81,92,2199,crushing endgame hangingPiece long quietMove,https://lichess.org/RlkXOfhy#59,
c0Gnu,3r1k2/p1q1ppb1/2p4p/8/2P3R1/4B2P/P1r3P1/3RQ1K1 b - - 0 23,c2a2 d1d8 c7d8 e1g3 d8d1 g1h2,2125,113,33,17,advantage long middlegame quietMove,https://lichess.org/Xen5iSaJ/black#46,
c0M8n,5k2/p4P2/8/7P/K1r5/P7/2rp4/3R1R2 w - - 1 39,a4b3 a7a5 a3a4 c4c3,2185,83,75,96,endgame mate mateIn2 quietMove rookEndgame short,https://lichess.org/CAjYCoeD#77,
c0pPU,5rk1/3p1ppp/4p3/p3P1q1/Q7/B2n1P2/5P1P/R3RK2 w - - 3 23,a4a5 d3f4 e1c1 g5g2 f1e1 g2g1 e1d2 g1f2,2125,86,65,32,advantage deflection middlegame quietMove veryLong,https://lichess.org/K3elRV6p#45,
c15xY,8/1p5p/2pk2p1/5p2/3K1P2/1P5P/P5P1/8 b - - 1 36,b7b5 b3b4 h7h6 h3h4 d6e6 d4c5 e6d7 c5b6,2101,236,33,4,crushing endgame pawnEndgame quietMove veryLong zugzwang,https://lichess.org/WWyWFA7w/black#72,
c1CPz,2r2rk1/pp1R2pp/8/q3bp1Q/4p3/1P2B2P/P4PP1/3R2K1 b - - 3 27,c8d8 b3b4 d8d7 b4a5 g7g6 h5e2 d7d1 e2d1,2135,84,69,53,advantage middlegame quietMove veryLong,https://lichess.org/9AWEcYlR/black#54,
c1Hyv,8/8/1p2r1kp/1Pb3p1/2P3P1/3p3P/3B2K1/5R2 w - - 2 51,f1e1 e6e1 d2e1 c5e3 g2f3 d3d2 e1d2 e3d2,2110,76,91,556,advancedPawn crushing endgame quietMove veryLong,https://lichess.org/pcD6jdFv#101,
c1rCj,8/3r3k/6p1/1Q3p2/2Br1R1P/1P2q1PK/8/8 b - - 19 58,d4f4 b5d7 h7h6 d7d8 f4h4 d8h4,2136,89,85,42,crushing endgame hangingPiece long quietMove,https://lichess.org/A2FwRt9B/black#116,
c1sAY,8/4k1p1/2K1Pp1p/p4P2/N7/7P/3b4/8 b - - 5 47,g7g5 a4b6 e7d8 b6d5 d2f4 d5f6,2114,165,72,10,crushing endgame long quietMove,https://lichess.org/tgtxX7la/black#94,
c2XBv,8/8/p7/2Nkn3/3p4/7P/4K1P1/8 w - - 6 47,c5d3 e5d3 e2d3 a6a5 g2g4 a5a4 g4g5 a4a3 g5g6 d5e6 g6g7 e6f7 g7g8q f7g8,2164,79,90,716,crushing endgame knightEndgame quietMove veryLong,https://lichess.org/SdfuK8YN#93,
c2chP,8/8/2p5/2Kb3P/5P2/2k5/8/8 b - - 0 49,c3d3 f4f5 d3e4 h5h6 d5g8 f5f6,2127,76,90,1442,bishopEndgame crushing endgame long quietMove,https://lichess.org/Yi7W6eDl/black#98,
c30tJ,8/4kp2/2pp4/1p5P/1P3K2/8/1P4P1/8 b - - 1 44,e7f6 g2g4 f6g7 g4g5,2116,74,85,445,crushing defensiveMove endgame pawnEndgame quietMove short,https://lichess.org/viQ84WM2/black#88,
c3mfA,4n3/p3R1b1/2kP4/6pr/P1P2p2/Q4P2/1r4K1/3R4 w - - 2 40,g2g1 b2h2 g1f1 h2h1 f1e2 h5h2 e2d3 h1d1,2123,76,91,640,crushing deflection exposedKing middlegame quietMove veryLong,https://lichess.org/dKOZQ2Ij#79,
c4OFg,r1b1r3/3k1Q2/2pp2p1/p3p1P1/4P3/KN1P1P2/5q2/1N5R b - - 0 43,d7d8 h1h7 a8a7 f7a7 f2a7 h7a7,2100,76,95,8097,crushing long middlegame quietMove,https://lichess.org/V0fnYpwV/black#86,
c4Szi,8/5pp1/7p/3k1K2/8/6PP/8/8 b - - 0 49,g7g5 g3g4 h6h5 g4h5 g5g4 h3g4,2156,82,86,83,crushing endgame long pawnEndgame quietMove,https://lichess.org/LZbmTGI6/black#98,
c4oWW,1r4k1/1p1q1p2/p3p1bQ/n2pP2p/3P4/2P2P1P/1R1B3N/6K1 b - - 0 43,a5c4 d2g5 f7f6 h6g6,2191,76,70,101,advantage kingsideAttack middlegame quietMove short,https://lichess.org/YsFmIigu/black#86,
c5Kpw,1rr2k2/2qp1ppQ/pp2pb2/8/2P5/1P1R2P1/P3PPKP/5R2 b - - 3 20,c7e5 d3d7 f8e8 f1d1 e5c5 d1d6 c5d6 d7d6,2145,74,93,634,advantage middlegame quietMove veryLong,https://lichess.org/RmUqhTDY/black#40,
c5WUC,8/8/1p2k3/pP6/3K4/2P5/8/8 w - - 2 52,d4c4 e6e5 c4d3 e5d5 c3c4 d5c5 d3c3 a5a4 c3d3 c5b4,2135,80,91,386,crushing defensiveMove endgame pawnEndgame quietMove veryLong zugzwang,https://lichess.org/ftBcOjlS#103,
c68lv,8/3nkr1Q/5p2/p1q1p3/4P1P1/N4P2/1KP5/7R w - - 2 30,h7f5 d7b6 h1h7 b6a4 b2a2 a4c3,2155,131,33,27,crushing endgame long quietMove,https://lichess.org/Cs31A089#59,
c6iCD,8/8/7p/6p1/p1k5/5P1P/1PK2P2/8 w - - 6 55,c2c1 c4d3 c1d1 h6h5 d1e1 d3c2,2118,84,86,42,crushing endgame long pawnEndgame quietMove,https://lichess.org/JEaaTQV7#109,
c7M1l,3qk2r/pp3pp1/4p1p1/2n1P3/2P2P2/1P1r1N2/P3Q1PP/R4R1K w k - 7 22,f1d1 c5e4 e2e4 d3d1 a1d1 d8d1,2118,112,75,34,advantage deflection kingsideAttack long middlegame quietMove,https://lichess.org/Qs2lsvxb#43,
c7UwW,1r2rk2/p1p2ppp/2p5/4nb2/B1p5/2N1RP2/PPP3PP/2KR4 b - - 1 18,b8b6 d1e1 f7f6 f3f4 e5d3 c2d3 e8e3 e1e3,2157,78,87,225,crushing middlegame quietMove veryLong,https://lichess.org/XMyhyTbi/black#36,Scotch_Game Scotch_Game_Classical_Variation
c7YfB,r2r4/5kp1/p2p1N1p/1p1Pp3/5pR1/1P1P4/P1R2P2/4K3 w - - 4 35,f6h5 g7g5 c2c7 f7g6,2103,85,68,45,advantage defensiveMove endgame quietMove short,https://lichess.org/tFDOVVoJ#69,
c7gEy,8/3r3k/4R1pP/5pP1/1b6/p7/3pKP2/1R6 w - - 0 53,e2d1 a3a2 b1a1 d7a7 e6b6 b4c3 a1a2 a7a2,2124,79,80,69,advancedPawn crushing endgame quietMove trappedPiece veryLong,https://lichess.org/1fyCxoT6#105,
c7hbP,8/pp4pk/2p1Qp2/3p2q1/4n3/2P2R1P/P5PK/8 b - - 11 32,e4d2 f3f5 g5g6 g2g4 d2f3 f5f3,2191,78,91,790,advantage endgame long quietMove,https://lichess.org/HFG1a2xk/black#64,
c7iBH,r1bq1r2/p1p2pbk/1p2p3/3n4/3P3P/2N1P1R1/PP2QPP1/R1B1K3 b Q - 1 16,d5c3 e2h5 g7h6 e3e4 d8f6 e4e5,2132,75,96,286,crushing long middlegame quietMove,https://lichess.org/0cHxF5R8/black#32,Queens_Pawn_Game Queens_Pawn_Game_Modern_Defense
c7lF2,8/6p1/1kP2pB1/1P6/5PKP/6P1/8/3r4 b - - 0 41,b6b5 g6e8 b5b6 g4f5 d1d3 g3g4,2115,93,76,25,crushing defensiveMove endgame long quietMove,https://lichess.org/vkHYodjJ/black#82,
c7pmS,8/8/1p6/p4k1p/P1P2P2/6K1/5P2/8 w - - 0 46,g3f3 h5h4 f3e3 f5g4 f4f5 g4f5,2155,76,96,683,crushing endgame long pawnEndgame quietMove zugzwang,https://lichess.org/RHSV3hJE#91,
c7ugl,8/p6p/1p1k4/1P2pp2/P1K4P/4P3/5P2/8 w - - 0 44,f2f4 h7h5 f4e5 d6e5,2198,75,83,216,crushing endgame master pawnEndgame quietMove short zugzwang,https://lichess.org/Sy0tmK9d#87,
c7xfi,r4rk1/3q1p1p/3p2pB/p1p4n/1p5Q/1P5P/1PP2PP1/R3R1K1 b - - 1 23,f8e8 g2g4 h5g7 h4f6 g7e6 f2f4 a8a7 f4f5 g6f5 g4f5 d7e7 f6e7,2187,99,84,21,advantage middlegame quietMove veryLong,https://lichess.org/9XDXg0Mw/black#46,
c8C60,r4rk1/2p2p1p/p1npqp1B/1p2n2Q/4PR2/P2P3P/1PPN2P1/6K1 b - - 3 20,g8h8 f4h4 f8g8 h6f8 g8g7 f8g7,2143,79,78,77,crushing kingsideAttack long middlegame quietMove,https://lichess.org/8Y5ELrOK/black#40,
c8GCK,r3r1k1/1pq1npp1/2p4p/p2p2n1/1P1P4/P3PP1P/2QB1P2/1BR1R1K1 w - - 1 21,g1g2 e7g6 e1h1 g6h4,2151,76,86,92,crushing middlegame quietMove short,https://lichess.org/4t4k3UmY#41,
c8IqS,8/8/1p1k1K2/pP1p4/P2P4/8/1b2N3/8 b - - 10 44,b2a3 e2g3 a3b2 g3f5 d6d7 f6e5,2126,75,91,676,crushing endgame long quietMove,https://lichess.org/iUmLyNmO/black#88,
c8fZx,8/p3rb1p/1p5p/1P1pkP2/3p2P1/P2K4/2R4P/5B2 b - - 8 34,h6h5 c2e2 e5d6 e2e7 d6e7 g4g5 e7d6 d3d4,2176,75,94,2257,crushing endgame quietMove veryLong,https://lichess.org/QEw79EFq/black#68,
c99QK,r1b1r1k1/1pq2pbp/p5p1/3pN3/8/2PBB2P/P4PP1/R1Q1R1K1 b - - 0 17,c7e5 e3d2 e5e1 d2e1,2167,75,82,126,advantage middlegame quietMove short,https://lichess.org/0pAyxsBf/black#34,Modern_Defense Modern_Defense_Other_variations
c9dZW,8/3Q2pk/p1rPpr2/1p1b3q/3P4/P1P3B1/4RPP1/2R3K1 w - - 1 36,c1e1 f6h6 f2f3 c6c3 d7f7 h5f7,2172,109,-15,21,crushing long middlegame quietMove,https://lichess.org/t2Oy9y06#71,
c9fZC,3r2k1/1p3p1p/3q2p1/r3p3/6P1/Pb1BQ3/1P3PP1/3RR1K1 w - - 1 26,d1c1 d6d3 c1c8 a5d5 e3d3 d5d3 c8d8 d3d8,2118,106,53,18,crushing middlegame quietMove veryLong,https://lichess.org/EHVB4yLw#51,
cABMB,R7/3k4/2p2P2/1p1p2pN/2nP2P1/bKP1r1B1/8/8 w - - 2 56,f6f7 e3e2 h5f6 d7e6 a8e8 a3e7 e8e7 e6e7 f7f8q e7f8,2172,80,91,250,advantage endgame master quietMove veryLong,https://lichess.org/uXyZ8Cr5#111,
cAchw,8/8/8/4kp1p/p1P4P/P2K4/8/8 w - - 0 51,d3c3 e5e4 c4c5 e4d5 c3b4 f5f4 b4b5 f4f3 b5b6 f3f2,2192,86,78,45,advancedPawn crushing endgame pawnEndgame quietMove veryLong,https://lichess.org/FSVIDsAx#101,
cApYi,8/2Pk2Kp/6p1/7r/5B1P/6P1/8/8 b - - 14 49,d7c8 f4g5 h7h6 g7g6 h6g5 g6h5,2134,80,69,64,crushing endgame long quietMove trappedPiece,https://lichess.org/2k1RJYYO/black#98,
cAvEJ,r4r1k/1p2q2p/2b1Bp2/3p1P2/3B3Q/1P4P1/7P/3R3K b - - 6 31,a8a2 g3g4 a2e2 g4g5,2164,104,78,14,crushing middlegame quietMove short,https://lichess.org/om4mmCmc/black#62,
cB01F,6rk/p4p1p/2p1pp2/3p4/3P1q2/2N1QP1P/PPP2P1b/R6K b - - 1 22,f4d6 c3e2 d6b8 f3f4,2193,77,90,708,advantage defensiveMove endgame master quietMove short,https://lichess.org/mY84ZnlX/black#44,
cBIUC,8/5k2/R7/2Pp4/1K1P4/5pr1/PP6/8 w - - 0 37,c5c6 f3f2 c6c7 g3g8 a6c6 f2f1q,2126,77,94,879,advancedPawn advantage endgame long promotion quietMove rookEndgame,https://lichess.org/Cm0Lp2kb#73,
cBKML,r1b1kb1r/pp3ppp/2n1p3/2PpP3/4q3/2P3B1/PP3K1P/RN1Q1BNR b kq - 2 12,e4h1 b2b4 h1e4 f1d3,2126,250,43,6,equality opening quietMove short,https://lichess.org/n8kGkwmA/black#24,
cBZft,8/8/p1k5/1p3K2/2p5/6P1/PP6/8 b - - 2 52,b5b4 f5e4 c6c5 g3g4 b4b3 a2b3,2121,76,92,124,crushing endgame long pawnEndgame quietMove,https://lichess.org/e6FUY2hV/black#104,
cBqvn,8/p7/1kp5/7p/2P1P3/P5K1/8/8 b - - 2 48,b6c5 e4e5 c5b6 g3h4 b6c7 h4h5,2139,85,91,5164,crushing endgame long pawnEndgame quietMove,https://lichess.org/WsnzM7HN/black#96,
cBwSF,r1b1k2r/1p1p1ppp/p4nq1/4p3/N2nPP2/P2BB2R/2P3P1/R2Q1K2 b kq - 0 19,f6g4 e3d4 e5d4 e4e5 g4e3 h3e3,2136,76,92,3539,advantage long middlegame quietMove,https://lichess.org/ZcnRcPkK/black#38,Sicilian_Defense Sicilian_Defense_Pin_Variation
cCCwq,8/1pK2k2/2p5/2P5/3r4/pr6/4R3/R7 b - - 3 44,d4c4 a1f1 f7g6 e2g2 g6h5 f1f8 c4g4 f8h8 h5g5 h8g8,2160,74,94,1199,advantage endgame exposedKing quietMove rookEndgame veryLong,https://lichess.org/pbvdaURQ/black#88,
cCXBW,8/6p1/p2kBp1p/1pb1p2P/1P4P1/P3P3/1K3P2/8 w - - 0 34,b4c5 d6e6 b2b3 a6a5 a3a4 b5b4,2171,97,82,24,crushing defensiveMove endgame hangingPiece long quietMove,https://lichess.org/OFA8N3YL#67,
cCgrP,2b5/8/1k5p/7K/1P6/7P/6P1/8 b - - 3 44,b6b5 h5h6 c8b7 g2g4 b7c8 h6g5,2167,81,88,1020,bishopEndgame crushing defensiveMove endgame long quietMove,https://lichess.org/CqiysoOU/black#88,
cCkeI,4r1k1/ppb4p/3q2p1/3p4/1P3p2/P6P/3QNPP1/R5K1 b - - 1 25,e8e2 d2e2 f4f3 e2e8 g8g7 g2g3 c7b6 g1f1,2142,132,81,15,crushing defensiveMove endgame hangingPiece quietMove veryLong,https://lichess.org/wwRqnqNh/black#50,
cCn5N,8/2k3p1/6B1/4p1PP/4P2r/6K1/8/8 b - - 4 51,h4f4 g6f5 f4f1 h5h6 g7h6 g5h6,2172,80,83,42,crushing endgame long quietMove,https://lichess.org/xDA5RM0n/black#102,
cCrjy,8/3b4/1p2k1p1/p1p2p1p/B1P1pP1P/K1P1P1P1/P7/8 b - - 7 34,d7a4 a3a4 e6d6 a4b5 d6c7 b5a6 c7c6 a2a4 c6c7 a6a7,2182,76,84,88,crushing endgame quietMove veryLong zugzwang,https://lichess.org/FjGN18RO/black#68,
cCtf8,8/2r5/p4p2/1p2pk2/8/P4PB1/2p3P1/2R3K1 w - - 0 38,g1f2 a6a5 f2e3 b5b4 e3d2 b4b3,2120,78,87,65,crushing endgame long quietMove,https://lichess.org/F9e4ztUk#75,
cDCqp,r1bqr1k1/pp3ppp/2np4/2b1P1N1/5P2/2NQ4/PPP1n1PP/R1B1K2R b KQ - 0 12,e2d4 d3h7 g8f8 c3d5 e8e5 f4e5,2140,83,90,2068,crushing kingsideAttack long opening quietMove,https://lichess.org/02alaUYA/black#24,Englund_Gambit Englund_Gambit_Other_variations
cDJu0,8/5pkp/p5p1/8/2pP2b1/2P3KP/PP1Br1P1/2R5 b - - 2 34,g4h3 c1c2 h3g2 d2h6 g7h6 c2e2,2189,75,65,101,advantage discoveredAttack endgame long quietMove,https://lichess.org/ok1hajNJ/black#68,
cDYp9,r3k2r/3qbp1p/n3p1p1/Q1ppP3/P4P2/1P6/2P3PP/RNB2R1K w kq - 1 17,b1c3 a6c7 a5b6 e8g8,2137,79,91,2224,advantage castling defensiveMove middlegame quietMove short,https://lichess.org/ZwF2JhBE#33,Sicilian_Defense Sicilian_Defense_Taimanov_Variation
cDdDp,r1b2r1k/p6p/1pp2qp1/2P1Rp2/2B5/2Q5/P5PP/4R2K b - - 4 27,c8b7 c3c1 a8d8 e5e6 f6d4 e6e7,2144,197,-47,11,advantage long middlegame quietMove,https://lichess.org/uFCZNTvo/black#54,
cDpk3,6rk/1R4p1/5p1p/3p3q/7P/2P5/PP3QP1/6K1 w - - 5 36,g2g3 g8e8 b7b4 h5d1 g1g2 e8e2,2133,80,83,46,crushing endgame exposedKing long pin quietMove,https://lichess.org/AW1trJfO#71,
cDsjZ,1k6/5ppp/P3p3/3pP3/1P1P4/8/2KN2qP/R7 b - - 0 33,g2e2 b4b5 b8a8 b5b6 e2b5 b6b7,2103,78,90,547,advancedPawn advantage endgame long quietMove,https://lichess.org/9YyUAI40/black#66,
cDwrD,r3k2r/ppp2ppp/2n5/3pPb2/3PqB2/2P2QP1/Pb2BK1P/3R2NR b kq - 9 14,b2c3 f3c3 e4h1 g1f3 h1d1 e2d1,2127,74,96,5908,advantage long middlegame quietMove sacrifice trappedPiece,https://lichess.org/OKZkXkdY/black#28,Vienna_Game Vienna_Game_Vienna_Gambit
cDx9F,8/k1p5/1pP3p1/p1pKp1p1/P3P1P1/2P4P/8/8 b - - 3 51,a7a6 c3c4 a6a7 d5e5 b6b5 c4b5,2184,75,85,122,crushing endgame long pawnEndgame quietMove,https://lichess.org/NHUpNKs6/black#102,
cE2gL,r2b3k/6pp/p7/1p6/3B4/7P/PRr2PP1/5RK1 b - - 2 28,a8c8 b2c2 c8c2 f1e1 h8g8 e1e8 g8f7 e8d8,2110,76,91,4179,advantage endgame fork quietMove veryLong,https://lichess.org/pASfnJ1X/black#56,
cEBHE,8/pp3k2/8/6Kp/2PP4/8/P7/8 b - - 3 38,b7b5 c4b5 f7e6 a2a4 e6d5 a4a5,2113,79,91,224,crushing defensiveMove endgame long master pawnEndgame quietMove,https://lichess.org/ZfzQKFNQ/black#76,
cETWT,5r2/6pk/R7/1p3p1p/3P1q2/PQ6/1P3P1P/6K1 w - - 2 28,b3b5 f8c8 a6c6 f4g4,2125,144,47,14,crushing endgame quietMove short,https://lichess.org/igk4MZdD#55,
cEyO4,7k/5P1P/5r2/4N3/8/8/P1P5/1K4n1 b - - 2 43,h8g7 e5g6 g7h7 f7f8q f6f8 g6f8,2190,76,93,8099,advancedPawn advantage endgame long promotion quietMove,https://lichess.org/FtYEAw8l/black#86,
cF8b0,8/6pp/8/1K1k1p2/p7/B4P2/1P4PP/4n3 w - - 5 45,g2g4 f5f4 a3b4 e1f3,2115,92,85,36,crushing endgame quietMove short,https://lichess.org/VU7eZUVK#89,
cFOT4,8/5pk1/2p5/p3P1NN/1n5P/1b2r3/5RP1/6K1 b - - 8 40,g7g6 g2g4 e3e1 g1h2,2189,76,94,817,crushing defensiveMove endgame master quietMove short,https://lichess.org/henjIQmK/black#80,
cFV3M,8/pp6/8/1KPk1pp1/P3p3/4P1P1/5P2/8 w - - 0 47,a4a5 g5g4 c5c6 b7c6,2117,88,85,46,crushing endgame master pawnEndgame quietMove short zugzwang,https://lichess.org/2dsETRAS#93,
cFj4x,r3r1k1/1bq2pbp/p1n1p1pn/1p1pP1B1/6P1/2N2N1P/PPBQ1P2/R3R1K1 b - - 2 18,d5d4 c3e4 h6g4 h3g4 c6e5 f3e5,2169,77,78,70,advantage long middlegame quietMove,https://lichess.org/oh8Kl53a/black#36,Sicilian_Defense Sicilian_Defense_Smith-Morra_Gambit
cFyU7,8/7p/5p2/3p1kp1/p1pP4/P1P2P1P/5KP1/1b2N3 b - - 1 35,f5f4 g2g4 f6f5 e1g2,2150,76,95,6174,endgame mate mateIn2 quietMove short,https://lichess.org/0w5FSaNs/black#70,
cGFm3,8/1p4p1/p1p4p/3p4/1k3PP1/3K3P/P1P5/8 b - - 0 30,c6c5 g4g5 h6g5 f4g5 b4b5 h3h4 b5c6 h4h5,2105,84,52,48,crushing defensiveMove endgame pawnEndgame quietMove veryLong,https://lichess.org/kiAOU7SE/black#60,
cGGtF,8/8/2p3K1/4p3/3kP3/6P1/8/8 w - - 1 41,g6f5 c6c5 g3g4 c5c4 g4g5 c4c3 g5g6 c3c2 g6g7 c2c1q g7g8q c1f1,2163,77,82,315,advancedPawn crushing endgame pawnEndgame promotion quietMove veryLong,https://lichess.org/gdg16fif#81,
cGVyd,8/2R5/6pk/3K2p1/8/P4pPP/1P6/4b3 w - - 4 49,g3g4 e1d2 c7c2 f3f2 c2d2 f2f1q,2171,75,93,6174,advancedPawn advantage endgame long promotion quietMove,https://lichess.org/qjkJUcrP#97,
cGfit,2R5/6pk/7p/8/2P1Pp2/5N1P/5bPK/1r6 w - - 0 37,h3h4 f2g3 h2h3 h6h5 f3g5 h7h6 g5f7 h6g6,2192,87,66,32,crushing endgame quietMove veryLong,https://lichess.org/NskLErlW#73,
cGvvs,2r3k1/6np/4pBp1/3pP3/q1rP2P1/1p1RQ3/5PK1/1B6 b - - 3 35,b3b2 e3h6 c4c7 d3h3 g7e8 b1g6 e8f6 e5f6,2199,77,91,866,clearance crushing discoveredAttack middlegame quietMove veryLong,https://lichess.org/RGK65uY9/black#70,
cHelk,2k2r2/pp3B2/2p1p3/2n5/3b2p1/P2P2Pp/R1P2P1P/4R1K1 w - - 4 30,f7e6 c5e6 c2c3 e6g5 c3d4 g5f3,2149,76,78,1118,advantage endgame long quietMove,https://lichess.org/xmAFWQnE#59,
cIQl6,8/8/5ppp/4k3/4P1PP/4K3/8/8 w - - 0 43,h4h5 g6g5 e3f3 e5d4,2112,80,90,604,crushing endgame pawnEndgame quietMove short zugzwang,https://lichess.org/rDKzDFKC#85,
cISf4,8/8/5p2/Pk2p1n1/1P6/1K5p/7B/4N3 w - - 5 49,h2g1 e5e4 e1c2 g5f3 c2a3 b5a6 b4b5 a6a5,2144,77,85,91,crushing endgame quietMove veryLong,https://lichess.org/FMBoczKO#97,
cIbXL,6k1/1pr1q1bR/p1pNp1Q1/3nP3/3P4/P3P3/1P3rP1/2KR4 b - - 2 25,d5e3 d1h1 f2f1 h1f1,2103,75,77,76,crushing master middlegame quietMove short,https://lichess.org/1VuLJJPm/black#50,
cIi9e,8/5pk1/R1p2npp/P1P5/8/2p4P/3r1PP1/4R1K1 w - - 1 34,a6c6 c3c2 c6d6 f6d5 g1h2 d2d1 e1d1 c2d1q,2106,80,73,55,advancedPawn crushing endgame promotion quietMove veryLong,https://lichess.org/UaofMkwf#67,
cIkCs,1r4k1/5pp1/7p/4p3/R1P5/5qPP/P2Q1P1K/8 w - - 1 41,a4a5 b8b1 a5a8 f3a8,2179,74,94,9193,crushing endgame quietMove short,https://lichess.org/snFQJB1K#81,
cIlra,8/1p5p/p5p1/3kp3/P3p2P/4K1P1/1P3P2/8 b - - 1 36,h7h5 a4a5 d5c5 e3e4,2109,81,86,66,crushing endgame master pawnEndgame quietMove short,https://lichess.org/wdsD2ltg/black#72,
cIxiP,Q2bk2r/2p5/p2p1p1p/1p4p1/4Pp2/2PP1P1q/PP3P2/R3R1K1 w k - 2 23,a8d5 g5g4 d5e6 e8f8 e6d7 h8g8 d7d8 f8g7 d8e7 g7g6 e7d7 g8g7,2153,137,-10,29,clearance crushing endgame quietMove sacrifice veryLong,https://lichess.org/2dTS45rS#45,
cJEn5,q4r2/p1b2p1k/4pBbp/7Q/2nP2P1/2N5/P4P1P/R3R1K1 w - - 1 23,h5h4 c4d2 e1e3 d2f3 e3f3 a8f3,2186,77,82,75,advantage fork long middlegame quietMove,https://lichess.org/jXs2oEQE#45,
cJHQ3,5rk1/1qr2pp1/2N1p2p/1p4n1/1P6/2Q3P1/2R1PPKP/3R4 w - - 2 26,d1c1 f8c8 h2h4 c7c6 c3c6 c8c6,2147,77,92,5930,advantage long middlegame quietMove,https://lichess.org/PfuEXl4N#51,
cJKur,3R4/5ppk/5n1p/p1p5/1rP3P1/R1K1p2P/2P5/8 w - - 0 34,a3a5 b4b1 c3d3 b1d1 d3e3 d1d8,2120,161,74,15,crushing endgame long quietMove skewer,https://lichess.org/NHFEP0b2#67,
cJhnN,4r1k1/1p3p2/p2p4/8/3B3N/PP1nP1pP/3n2P1/5RK1 w - - 3 33,f1f5 e8c8 f5g5 g8f8 d4g7 f8e8,2115,79,73,60,crushing defensiveMove endgame long quietMove,https://lichess.org/1NzXCEHv#65,
cKakE,5k2/5p2/p6p/3b4/1P6/1P1p2P1/2r5/RK4R1 w - - 0 36,a1a2 c2a2 b1a2 d5f3 a2b2 d3d2,2189,78,93,1326,advancedPawn crushing endgame long quietMove,https://lichess.org/xTc4h4nP#71,
cKgPa,b4rk1/7p/6pb/1B1p2qn/3Pp3/1NP1P2P/6PB/Q3R1K1 w - - 5 34,c3c4 h5g3 h2g3 g5g3,2130,90,44,44,advantage master masterVsMaster middlegame quietMove short,https://lichess.org/58GQBRbC#67,
cKgU4,4r2k/Qp2r2p/6p1/5p2/3R4/2P1q2P/PP4P1/3R2K1 w - - 1 29,g1h1 e3f2 d4a4 b7b6 a7e7 e8e7,2175,263,0,5,crushing endgame long quietMove,https://lichess.org/mfO3EkHs#57,
cLf7Q,3r3B/1bp2p2/3k4/2b1p3/2Pn4/1p1P1p1B/1P3P1P/1R1QK3 w - - 2 26,h8f6 d8g8 e1f1 d4e2 d1e2 f3e2 f1e2 g8g6,2185,120,54,10,advancedPawn advantage master middlegame quietMove veryLong,https://lichess.org/x3dtFVvB#51,
cLhZB,r7/1p6/8/4Bp1p/2P5/pPK2P2/P5k1/3B4 w - - 1 43,f3f4 h5h4 e5d6 a8h8,2180,263,25,4,advantage defensiveMove endgame quietMove short,https://lichess.org/o3PDeQkH#85,
cMNhM,8/6N1/8/4kp2/3n2pP/4K1P1/8/8 b - - 0 55,d4e6 g7e6 e5e6 e3f4 e6f6 h4h5 f6e6 f4g5,2110,76,95,3563,crushing endgame knightEndgame quietMove veryLong zugzwang,https://lichess.org/r7LgIRER/black#110,
cMpGI,8/4K1pp/8/p7/1k4P1/1P5P/1P6/8 w - - 2 52,e7f7 g7g5 f7g7 b4b3,2196,78,87,46,crushing endgame pawnEndgame quietMove short,https://lichess.org/9JHDOQaj#103,
cMz51,1k6/5p2/1P6/2p1n1r1/5n1N/2P5/1R4B1/7K w - - 1 41,b2a2 f4g2 h4g2 e5f3 a2a1 g5h5,2124,79,70,44,crushing endgame long quietMove,https://lichess.org/VKp9p6fY#81,
cNAvY,r4knr/p2Q1ppp/2p5/4q3/4N3/8/PPP3PP/R3K2R w KQ - 0 15,d7d3 a8e8 e1c1 e5e4 d3e4 e8e4,2110,78,92,1158,advantage long middlegame quietMove,https://lichess.org/7GwbBobb#29,Blackmar-Diemer_Gambit Blackmar-Diemer_Gambit_Zeller_Defense
cNRrO,8/8/2b5/4p3/1P1kP3/P2N1p2/3K4/8 w - - 5 57,d3c5 c6b5 c5e6 d4e4,2114,78,90,265,crushing endgame quietMove short,https://lichess.org/US7xbrXU#113,
cNWUU,6k1/1pR5/2nN2P1/8/p7/5P1K/1r6/8 b - - 2 39,b2b3 d6f5 b3f3 h3g4 c6e5 g4g5 f3f5 g5f5,2172,76,86,83,crushing defensiveMove endgame master quietMove veryLong,https://lichess.org/xmciosHX/black#78,
cOBb0,2b3k1/r5B1/1nn3Q1/p2pp3/1ppP3q/2P5/PPN1B2P/5R1K b - - 0 26,a7g7 g6e8 g8h7 f1f8 h4e4 e2f3,2143,76,92,215,advantage fork long middlegame quietMove,https://lichess.org/cR6lg4SO/black#52,
cOIF3,8/1p2Br1p/5P2/6P1/p1k4P/8/2K5/8 b - - 3 40,b7b5 h4h5 c4d5 g5g6 d5e6 g6g7 f7g7 f6g7,2143,77,78,174,advancedPawn crushing endgame quietMove veryLong,https://lichess.org/3F1QRZdu/black#80,
cOJZe,5rk1/p4ppp/7n/3B1Pq1/1p2P3/1Q4P1/PP2b1P1/2R2RK1 w - - 1 27,f1e1 h6g4 d5f7 g8h8 c1c6 g5d2,2123,333,67,2,crushing long middlegame quietMove,https://lichess.org/LK6KnDNh#53,
cOOs9,r3r1k1/1p5p/p2p2p1/2pn4/P3q3/1Q2BR2/1P4PP/5RK1 b - - 1 22,e8e7 e3h6 e4d4 g1h1,2159,76,82,65,crushing defensiveMove middlegame quietMove short,https://lichess.org/E8UQ01Sl/black#44,
cOVTk,8/p7/1p6/1Pp3kP/P1Pp1b1N/3K4/8/8 w - - 3 48,h4g6 f4d6 d3e4 g5h5 g6f4 d6f4,2155,78,84,125,crushing endgame long quietMove,https://lichess.org/DN2Wa2T3#95,
cOVkz,r2bk3/pp1n1p2/2pB1n2/5B2/4P3/5P2/PPP5/2KR4 b q - 11 22,a8c8 d1h1 d8e7 h1h8 d7f8 d6e7 e8e7 f5c8,2175,76,92,7691,crushing middlegame quietMove veryLong,https://lichess.org/QR3jyDor/black#44,
cOawx,8/1p6/2b5/2P5/5kp1/7p/7K/6R1 w - - 0 63,g1g3 c6f3 g3g1 f3g2 g1g2 h3g2,2151,78,92,6005,advancedPawn crushing endgame long quietMove zugzwang,https://lichess.org/4L6ZOrva#125,
cP9tU,8/5R2/kp1P4/2p1p1B1/b1P5/P1K1P3/r7/8 w - - 5 62,d6d7 e5e4 f7f2 a2f2 d7d8q f2c2,2155,73,95,9620,endgame long mate mateIn3 quietMove,https://lichess.org/NqLHtTlO#123,
cPQ9x,2r3k1/3P1ppp/p3p3/q3P1Q1/7P/1R6/P1p2PPK/8 b - - 0 29,c8d8 b3g3 g8f8 g5g7,2137,81,84,37,crushing endgame quietMove short,https://lichess.org/CiYYNvQp/black#58,
cPcEl,1k1r4/4Q2p/Bq4p1/2p1P3/1p3P1P/P3p1P1/1PP5/2K5 w - - 3 32,a3a4 c5c4 a6c4 e3e2 e7d8 b6d8,2169,126,41,22,advancedPawn crushing endgame long quietMove,https://lichess.org/L3BJuwJ5#63,
cPhHY,2rr4/5pk1/p5pp/8/8/P3RN2/2p2PPP/2R3K1 w - - 0 29,e3e2 d8d1 e2e1 d1c1 e1c1 c8d8 g1f1 d8d1 f1e2 d1c1,2194,76,94,290,crushing endgame quietMove veryLong,https://lichess.org/BwryJ3dV#57,
cQsmY,8/8/1kpq4/1pp3p1/p7/P1P3QP/1P5K/8 b - - 0 45,d6g3 h2g3 b5b4 c3c4 b6c7 g3g4,2190,79,92,2480,crushing endgame long quietMove,https://lichess.org/PT0TsuYm/black#90,
cQxMy,8/8/8/3k1ppp/8/4PKP1/5P2/8 w - - 0 52,f3g2 d5e4 f2f4 g5g4 g2f2 e4d3,2115,81,100,42,crushing endgame long pawnEndgame quietMove zugzwang,https://lichess.org/kjOn3d5v#103,
cRArx,r1b2r1k/pp2b1pp/1qp1pn2/3n2N1/3P4/3B3Q/PPP3PP/RNB2RK1 w - - 2 14,g5h7 b6d4 g1h1 e6e5 h7f8 c8h3,2166,77,90,142,advantage discoveredAttack kingsideAttack long opening quietMove,https://lichess.org/wmzVQZWW#27,Blackmar-Diemer_Gambit Blackmar-Diemer_Gambit_Blackmar_Gambit
cREkc,8/3B4/8/3p4/PKp1b3/2P5/2k5/8 b - - 6 62,c2b2 d7c6 e4c2 a4a5 d5d4 c3d4 c4c3 a5a6 c2g6 c6a4 c3c2 a4c2,2112,126,57,12,bishopEndgame crushing endgame quietMove veryLong,https://lichess.org/BGWSoQMb/black#124,
cRJcI,r6k/ppp3p1/2np1bQp/7P/1P1P4/2q1rN2/P4RP1/5RK1 b - - 2 26,f6d4 f3g5 h6g5 f2f8 a8f8 f1f8,2100,76,93,1500,clearance kingsideAttack long mate mateIn3 middlegame quietMove sacrifice,https://lichess.org/8REfZzer/black#52,
cRMoC,8/1rk2p2/2p2q2/2Pp4/6Q1/Pr6/5PP1/4RRK1 b - - 4 27,b3a3 e1e8 b7b8 e8b8 c7b8 g4b4 b8c8 b4a3,2190,76,95,1440,attraction crushing endgame fork quietMove veryLong,https://lichess.org/qkRMIIfx/black#54,
cRn1v,2r4k/5np1/5r2/p2P1bq1/1p1P1p2/1P3B2/PB3PP1/R2QR1K1 w - - 5 30,e1e7 f6h6 e7e6 f5e6,2144,101,44,27,crushing middlegame quietMove short,https://lichess.org/hEBXET0K#59,
cRq7M,8/7p/5p1k/4P2P/8/8/5K2/8 w - - 1 61,f2f3 f6e5 f3g4 e5e4 g4h4 e4e3 h4g3 h6h5 g3f3 h5h4 f3e3 h4g3,2148,75,81,156,crushing defensiveMove endgame master masterVsMaster pawnEndgame quietMove veryLong zugzwang,https://lichess.org/Was8bbsr#121,
cSNnW,4r1k1/1Q3p2/R1p3p1/8/4q3/1P2P1P1/5PKP/8 w - - 3 34,g2f1 e4h1 f1e2 e8d8 a6a1 h1a1,2180,87,91,174,crushing endgame long quietMove,https://lichess.org/rd98FgzX#67,
cSOO4,8/5p2/2k1p1p1/2Pp2Pp/3K1P2/2P5/7P/8 b - - 0 35,c6b5 h2h4 b5c6 c3c4,2186,75,88,105,crushing endgame pawnEndgame quietMove short zugzwang,https://lichess.org/hU8FkoiN/black#70,
cSe2M,8/p1nk4/8/3P4/2P3R1/1p4P1/5PK1/8 w - - 0 52,g4d4 a7a5 d4d1 a5a4 d1b1 c7a6,2160,74,91,1040,advantage defensiveMove endgame long quietMove,https://lichess.org/dsGpBfbm#103,
cT9Qa,8/8/2k3p1/3p1p2/1P1K1P2/8/8/8 b - - 0 56,c6d6 b4b5 d6e6 d4c5 d5d4 c5d4,2136,76,91,762,crushing endgame long pawnEndgame quietMove zugzwang,https://lichess.org/2qv9WXxZ/black#112,
cTBnF,6kb/8/4pPp1/1p4Pp/3KP2P/3P4/8/8 b - - 0 48,g8f7 e4e5 h8f6 e5f6,2113,75,96,649,bishopEndgame crushing endgame master quietMove short,https://lichess.org/gXCCsnhz/black#96,
cTYs9,1r3k2/p4pbp/1pp1q1p1/n4b2/4NP2/4P1P1/P1Q3BP/2RR2K1 w - - 2 25,h2h3 b8e8 d1d6 e6e7,2157,75,91,3691,advantage middlegame quietMove short,https://lichess.org/yJmFEcGh#49,
cTZVG,r1b1kb1r/pppp1ppp/5n2/4n1B1/1q1N4/2P5/PP2BPPP/RN1QK2R b KQkq - 0 8,b4b2 d4b3 f6e4 g5c1 e4c3 c1b2,2115,91,84,43,advantage long opening quietMove trappedPiece,https://lichess.org/DVTiAkI9/black#16,Russian_Game Russian_Game_Modern_Attack
cTkFV,8/8/2p5/1k5p/3K3P/6P1/8/8 b - - 5 61,b5b4 g3g4 c6c5 d4e3 h5g4 h4h5 c5c4 h5h6 g4g3 h6h7 g3g2 e3f2 c4c3 h7h8q g2g1q f2g1,2170,134,90,11,advancedPawn crushing defensiveMove endgame pawnEndgame promotion quietMove veryLong,https://lichess.org/2Pb8DEor/black#122,
cU3Zz,6k1/6p1/8/5R1p/4p3/4KP1r/P1P5/8 b - - 0 31,h3f3 f5f3 e4f3 a2a4 g8f7 a4a5,2176,75,92,5880,crushing defensiveMove endgame long quietMove rookEndgame,https://lichess.org/j893yLnl/black#62,
cUQzB,8/p4pk1/NpR5/5pp1/3P4/4P3/PP5r/2K5 w - - 0 35,d4d5 g5g4 c6c2 g4g3,2166,74,94,498,crushing endgame quietMove short,https://lichess.org/XlmGeqzq#69,
cUgbL,8/5p1p/8/1k2pp2/1Pp1P3/2K2P2/5P1P/8 w - - 0 37,e4f5 f7f6 f3f4 e5e4 h2h3 h7h6 h3h4 h6h5,2113,76,80,69,crushing defensiveMove endgame pawnEndgame quietMove veryLong zugzwang,https://lichess.org/BL0TCemC#73,
cUiVa,8/p7/3k1p2/2p4p/4KP1P/P3P3/8/8 w - - 2 43,e4d3 f6f5 e3e4 f5e4 d3e4 d6e6 a3a4 a7a5,2149,134,14,15,crushing defensiveMove endgame master pawnEndgame quietMove veryLong zugzwang,https://lichess.org/ds4IWI2K#85,
cUtDi,rnb3k1/pp1p1ppp/2p5/8/3Pq3/1PP3P1/PB2Q2P/RN2K3 b Q - 1 18,e4h1 e1d2 h7h6 c3c4 d7d5 b1c3,2135,113,48,18,crushing defensiveMove long middlegame quietMove,https://lichess.org/lAUj60ZN/black#36,Hungarian_Opening Hungarian_Opening_Other_variations
cUwdA,8/p7/2k3b1/p1p3p1/P2b1PP1/1P1N3p/4K3/2R5 w - - 0 37,d3e5 d4e5 f4e5 g6e4 e2e3 e4d5,2148,77,87,436,crushing endgame long quietMove,https://lichess.org/FaZmhi8b#73,
cV2yw,8/8/4p1R1/P1p5/7k/r7/3B3p/4K3 w - - 0 51,e1e2 a3h3 g6h6 h4g4 h6h3 g4h3,2102,76,91,233,crushing endgame long master quietMove,https://lichess.org/l2nBfQ4M#101,
cVGh8,8/8/pp2k2p/8/PP2K3/7P/8/8 b - - 0 42,a6a5 b4b5 e6d6 e4d4,2158,75,80,299,crushing defensiveMove endgame pawnEndgame quietMove short zugzwang,https://lichess.org/HlIXwNk1/black#84,
cVRg1,3Q1nk1/1p3ppp/2q5/p4PP1/5N2/4P1K1/5P2/8 b - - 1 35,a5a4 f4d5 c6d7 d5e7 d7e7 d8e7,2106,77,96,1470,crushing endgame long master quietMove,https://lichess.org/ejUjs2vW/black#70,
cVTJA,8/1p1k4/p7/3P4/1P4p1/1K2R1P1/P4r2/8 w - - 1 39,a2a4 f2f3 e3c3 d7d6 b3c4 f3c3 c4c3 d6d5 c3d3 b7b6 d3e3 d5c4 e3f4 c4b4,2194,80,90,772,crushing endgame quietMove rookEndgame veryLong zugzwang,https://lichess.org/IrOSA42q#77,
cVXvu,5k2/4p3/1p2PppP/p1q5/8/1P6/5PP1/1Q4K1 b - - 0 30,c5g5 b1d1 f8g8 d1d8 g8h7 d8e7,2156,78,91,2569,crushing endgame long master queenEndgame quietMove,https://lichess.org/UVKee8UU/black#60,
cVzWe,2r2r1k/pb3pp1/1p2n2q/3pPB2/7B/P4P1Q/4N1PP/R5K1 b - - 8 25,c8c2 f5c2 b7a6 e2g3 f8c8 g3f5,2179,78,86,122,crushing hangingPiece long middlegame quietMove,https://lichess.org/LKEUPCqa/black#50,
cWMhc,8/5p2/8/1pK1Pk1p/p6P/P1P3p1/1P4P1/8 w - - 4 47,c5b5 f5e5 c3c4 f7f5 c4c5 f5f4,2141,82,91,807,advantage defensiveMove endgame long pawnEndgame quietMove,https://lichess.org/axMzneob#93,
cWsi7,8/p6p/6p1/1Pk2p2/P1p5/2K1P1PP/8/8 b - - 0 35,h7h5 h3h4 c5d5 c3b4,2170,77,87,293,crushing endgame pawnEndgame quietMove short zugzwang,https://lichess.org/ouAynint/black#70,
cWw8C,1r6/1P2k3/4p3/3pK3/3P4/8/1R6/8 w - - 13 57,b2b1 b8f8 b1f1 f8f1 b7b8q f1f5,2160,74,94,8231,endgame long mate mateIn3 quietMove rookEndgame,https://lichess.org/N3UJKN7G#113,
cXBpa,3r1k2/7p/4B1p1/pp2PP2/2p1K3/2P3P1/PP5P/8 b - - 0 34,f8e7 g3g4 g6f5 g4f5,2122,78,87,319,crushing endgame quietMove short,https://lichess.org/xM9mOgdv/black#68,
cXjT4,8/1pp5/3p1kp1/p2P1p2/P1P2K1P/6P1/1P6/8 b - - 2 31,b7b6 b2b3 f6e7 f4g5 e7f7 h4h5,2183,75,98,262,crushing endgame long pawnEndgame quietMove zugzwang,https://lichess.org/QZkEZuD8/black#62,
cXmKb,8/8/3b2N1/p7/P4p2/1P2pP1k/4K3/8 w - - 2 60,g6h8 h3h4 h8f7 d6c7 f7h6 h4g5,2186,83,77,54,crushing endgame long master quietMove,https://lichess.org/YaPKNB8Z#119,
cXvrC,8/4k1BB/7P/1p2P3/2p5/p3KP2/8/6r1 w - - 0 50,h7f5 g1g7 h6g7 e7f7 f5b1 b5b4 e3d4 b4b3,2161,97,80,23,crushing endgame master quietMove sacrifice veryLong,https://lichess.org/L7mjvlK5#99,
cY1OB,5r1k/4Q1p1/7p/3B4/2P3b1/1P4P1/3q2KP/4R3 w - - 4 40,g2g1 d2f2 g1h1 g4h3 e7f8 f2f8,2174,84,84,30,advantage endgame long quietMove,https://lichess.org/BoBZixZA#79,
cYU57,5rk1/8/7R/p7/4p1p1/4PqPP/5P2/4Q1K1 w - - 0 50,h3g4 f8d8 h6a6 d8d1 e1d1 f3d1,2113,75,99,165,advantage endgame long pin quietMove,https://lichess.org/2eLiMAKj#99,
cZESV,8/ppp5/8/5p2/1P4kP/6P1/P4K2/8 b - - 0 44,b7b6 b4b5 f5f4 g3f4,2158,75,97,442,crushing endgame pawnEndgame quietMove short,https://lichess.org/VE3HsP6I/black#88,
cZIun,4b3/8/5P2/6Kp/2pk2p1/2N5/1P5P/8 b - - 1 44,d4d3 c3b5 e8b5 f6f7,2150,77,92,73,advancedPawn crushing endgame quietMove sacrifice short,https://lichess.org/kIyj4jDe/black#88,
cZMdl,r2q1r2/pppb1pk1/4pbP1/4Nn2/2PP2p1/2NBQ3/PP3P2/2KR3R b - - 0 17,f6g5 h1h7 g7g8 d1h1 g5e3 f2e3,2114,78,88,1147,clearance crushing long middlegame quietMove sacrifice,https://lichess.org/W57wIJqS/black#34,Queens_Gambit_Declined Queens_Gambit_Declined_Charousek_Variation
caH4v,r5k1/5pp1/b6p/1q1pQ3/8/4B1P1/P4P1P/2R3K1 b - - 1 24,a6b7 e3d4 f7f6 e5e6 g8h8 d4f6,2142,97,87,49,crushing discoveredAttack endgame long quietMove,https://lichess.org/0vSyiCRz/black#48,
caVXu,1k2r3/p1p5/1p1p4/2nP2q1/1QPB4/1P5R/P5P1/6K1 w - - 2 30,d4c5 e8g8 b4d2 g5d2,2116,262,-100,8,crushing endgame quietMove short,https://lichess.org/ccm3shmr#59,
caWac,8/5pp1/7p/5k2/7P/4K1P1/5P2/8 w - - 2 41,e3f3 h6h5 f3g2 f5e4 f2f3 e4e3,2176,79,91,329,crushing defensiveMove endgame long pawnEndgame quietMove,https://lichess.org/2Bywr7fn#81,
cadwo,8/8/3kpr2/1p1pNnR1/p2P4/P1P5/1P6/2K5 b - - 2 37,f5e3 g5g7 f6f1 c1d2 e3c4 d2e2 c4e5 d4e5 d6e5 e2f1,2131,76,87,56,crushing endgame quietMove veryLong,https://lichess.org/CxALj5O4/black#74,
cavoP,8/8/7p/5pp1/4k3/4P1PP/5K2/8 w - - 0 48,h3h4 g5g4 f2e2 h6h5 e2d2 e4f3,2105,75,95,3598,crushing endgame long master pawnEndgame quietMove zugzwang,https://lichess.org/mHbKhM7Z#95,
cbAdb,r5k1/1p4rp/2b2R2/p1P5/1qP2R2/2Q2P2/2P2KPP/8 w - - 2 31,c3d4 a8e8 f6f8 e8f8 f4f8 g8f8 d4d6 g7e7,2119,75,93,821,advantage defensiveMove middlegame quietMove veryLong,https://lichess.org/T4npG7gc#61,
cbSdw,8/3k4/1p4p1/1Kp4p/P4P2/7P/6P1/8 w - - 0 42,b5b6 c5c4 a4a5 d7c8,2162,75,85,105,crushing defensiveMove endgame pawnEndgame quietMove short,https://lichess.org/uDi6mPZo#83,
cbgoC,8/p6p/1p2k1p1/4p3/2P1K2P/1P4P1/P7/8 b - - 0 33,h7h5 b3b4 e6d6 c4c5,2132,83,89,972,crushing endgame pawnEndgame quietMove short,https://lichess.org/Y3jwiuag/black#66,
cc7H2,4k3/4P1p1/1pKB3p/8/5R1P/pq6/6P1/8 b - - 1 40,b3c3 c6b7 e8d7 f4f8 c3c6 b7a7 c6a4 a7b8 d7d6 e7e8q a4e8 f8e8,2172,102,79,34,advancedPawn crushing defensiveMove endgame master promotion quietMove veryLong,https://lichess.org/gtofZfox/black#80,
ccaiG,5r2/p4p1k/2R4p/2P1p3/2p1P3/4KPR1/r5PP/8 w - - 0 26,g3h3 f8b8 c6h6 h7g7 h6h7 g7f6,2150,94,63,38,crushing defensiveMove endgame long quietMove rookEndgame,https://lichess.org/5LhzomX6#51,
cdfPW,2r5/ppp1R1kp/3p2p1/3P1p2/3P1P2/Pr4P1/7P/2R3K1 b - - 1 24,g7f6 c1e1 b3b1 e7e6 f6f7 e1b1,2107,77,94,3921,crushing endgame long master quietMove rookEndgame,https://lichess.org/qe0fdAvi/black#48,
cepBp,8/p2k1p1p/6p1/1p2P3/1P3KP1/8/P6P/8 b - - 0 31,a7a6 g4g5 d7c6 f4e4,2173,83,79,36,crushing defensiveMove endgame pawnEndgame quietMove short,https://lichess.org/3h6FhoV9/black#62,
ceuaB,6rk/1Rr2p1p/B3p3/p2p1p2/P2P1q2/1RP1N2b/3QK2P/8 w - - 0 34,b7c7 g8g1 e2d3 f4e4,2198,155,83,14,crushing master middlegame quietMove short,https://lichess.org/gx5zfkyU#67,
cfIds,8/6p1/4k2p/6P1/p1p1K3/P1P3P1/8/8 b - - 0 46,h6g5 g3g4 e6d6 e4d4,2123,77,92,7089,crushing endgame pawnEndgame quietMove short,https://lichess.org/WGydo9HV/black#92,
cg6JF,8/1Pq3kp/p1P2rp1/5p2/B7/6PP/4RPK1/8 b - - 3 43,g7h6 e2e8 f6c6 b7b8q c7b8 e8b8,2153,80,90,162,advancedPawn advantage endgame long promotion quietMove,https://lichess.org/myW3uvtQ/black#86,
cgKqV,8/7k/p6p/1p2Pp2/2p2Q1P/P1P5/1P4K1/3q4 b - - 0 39,d1g4 f4g4 f5g4 h4h5 h7g7 g2g3 g7f7 g3g4,2168,110,35,19,crushing endgame queenEndgame quietMove veryLong,https://lichess.org/V0t6zqmb/black#78,
cga9v,r5k1/7p/2p1p1r1/2PpBppQ/2qPn2P/6P1/4R3/5R1K b - - 0 32,a8a2 f1b1 c4b5 b1b5,2105,74,81,190,advantage middlegame quietMove short,https://lichess.org/U1WrbfSi/black#64,
cgaG5,5B2/5k2/pR3b1p/3p2p1/3p4/P2P1P1P/1P1r2PK/8 w - - 2 35,f8h6 f6e5 h2g1 e5g3 g1f1 d2f2 f1e1 f2b2 e1d1 b2b6,2181,77,81,187,advantage discoveredAttack endgame quietMove veryLong,https://lichess.org/4tqhhhYr#69,
cgaiY,8/P4p2/3p4/3b4/3k1B2/6pP/8/6K1 b - - 1 46,f7f5 h3h4 d4e4 h4h5 e4f4 h5h6,2190,78,86,270,bishopEndgame crushing endgame long quietMove sacrifice,https://lichess.org/zFrAFMma/black#92,
cgcUG,8/4p3/4P3/p1kPp1p1/1pP2p2/5P2/P6r/2R3K1 b - - 5 49,h2a2 c1d1 a2e2 d5d6,2125,78,75,56,advantage endgame quietMove rookEndgame short,https://lichess.org/2yGdgUjP/black#98,
cgrjC,3b4/8/2B5/1P1pkp2/1K3p2/1P3P1P/6P1/8 w - - 5 59,b4c5 d8e7 c5b6 d5d4 b6a5 d4d3 b5b6 d3d2,2143,75,93,1304,advancedPawn bishopEndgame crushing endgame quietMove veryLong,https://lichess.org/KQQDik79#117,
ch2r1,1q2r3/1bbr3k/p1np1Q1B/1pp2P2/8/P1PP4/1P4PP/2R1R1K1 b - - 0 30,e8g8 f6h4 g8g2 g1g2,2174,76,86,209,crushing middlegame quietMove short,https://lichess.org/h3x6ICV6/black#60,
chAoX,r5k1/p1p2ppp/3p1q2/2pPrb2/2P2R2/2PB4/P2Q2PP/R5K1 b - - 1 20,f6g6 f4f5 e5f5 d2c2 g6h6 d3f5,2187,77,86,164,advantage long middlegame quietMove sacrifice,https://lichess.org/Bz0pwdYh/black#40,
chD0U,2q3k1/p4p1p/2p3p1/2Rp4/3Nrr2/P1B3KP/2Q3P1/7R w - - 1 34,c5c6 c8b8 c6c8 b8c8,2137,76,92,3298,advantage middlegame quietMove short,https://lichess.org/L35jDsLQ#67,
chFSB,rn4k1/1bp1pr2/p3qpN1/1p5p/3PP1P1/2P2P1P/P2Q4/R4RK1 b - - 2 18,h5g4 d2h6 f7g7 h6h8 g8f7 g6e5 e6e5 d4e5,2130,78,93,3440,crushing exposedKing kingsideAttack middlegame quietMove veryLong,https://lichess.org/9B3QzTfk/black#36,Queens_Pawn_Game Queens_Pawn_Game_Accelerated_London_System
chUdM,8/3R4/8/4p1p1/5bKp/5P2/5k2/8 w - - 24 74,d7d3 f2g2 d3c3 f4g3 g4g5 h4h3 g5g4 h3h2,2160,75,84,77,advancedPawn crushing endgame quietMove veryLong,https://lichess.org/RW0ZBiYt#147,
chpz5,8/2p5/1p2Bk1p/pPpPp1p1/6P1/3K3P/8/8 w - - 2 48,d3e4 c5c4 e6g8 c4c3,2157,133,85,12,advantage bishopEndgame endgame quietMove short,https://lichess.org/IGF5ieJG#95,
chu43,8/5N2/8/pk6/1n4P1/5K2/8/8 w - - 0 43,f7e5 a5a4 g4g5 a4a3 g5g6 b4d5,2147,76,97,326,crushing defensiveMove endgame knightEndgame long quietMove,https://lichess.org/xANGdADF#85,
ci8mv,3R4/1p5r/2p3pk/p1b2pp1/P3p3/1P6/1B2PPK1/8 b - - 0 34,f5f4 d8d1 f4f3 e2f3 e4f3 g2g3,2177,75,96,272,advantage endgame long quietMove,https://lichess.org/yN4pDdoa/black#68,
ciUba,4r1k1/2p4p/pp2p1p1/3p4/N3bb2/8/PPP4P/1K3Q2 w - - 2 28,f1f4 e8f8 f4c1 e4g2 a4c3 f8f1 c3d1 g2f3,2111,76,94,6250,crushing endgame pin quietMove veryLong,https://lichess.org/zOXvyjjm#55,
cidxC,4kr2/5pKP/1p2p3/1Pn5/p4P2/7R/8/8 b - - 0 40,c5e4 h3d3 e8e7 d3d7 e7d7 g7f8,2176,77,96,66,crushing deflection endgame long quietMove,https://lichess.org/uTkdeNai/black#80,
ciuWp,3r3k/p1p3qp/1p4p1/3B1bP1/8/5Q2/PP6/K2R4 b - - 2 30,g7d7 d5b3 d7d1 b3d1,2156,76,99,354,advantage endgame quietMove short,https://lichess.org/lH4Ggk4I/black#60,
cjU6T,1r3r1k/1p1n2pp/p1qb1p2/2pNp3/2P1Q3/1P1R2B1/P4PPP/5RK1 b - - 6 21,b8e8 d5c3 d7b8 e4c6 b8c6 d3d6,2181,78,82,63,advantage capturingDefender discoveredAttack long middlegame quietMove,https://lichess.org/pnyjDdQg/black#42,
cjZX6,5r2/P1N4p/8/3p4/3k4/8/1KP5/8 w - - 0 45,a7a8r f8a8 c7a8 h7h5 a8c7 d4e5,2119,74,93,7803,crushing defensiveMove endgame long quietMove,https://lichess.org/yhY6EtLb#89,
cjhWp,8/r3k3/4p1P1/p3K3/R7/8/8/8 b - - 2 41,a7a8 a4h4 e7d7 g6g7 a8g8 e5f6,2186,122,89,31,advancedPawn crushing endgame long quietMove rookEndgame,https://lichess.org/VDqX4Rnm/black#82,
cjr81,1r4k1/3R1pp1/p7/P5q1/4P1P1/2PQ1P2/6K1/8 w - - 3 52,d3d4 b8b2 g2g3 g5h6 d4f2 b2f2,2179,134,31,19,advantage endgame long quietMove,https://lichess.org/UNI2xrCy#103,
ck0xS,1q4r1/4kpPQ/pp1p4/2p5/2P1P3/N4P2/PP6/2K5 b - - 0 39,b8c8 a3c2 f7f6 c2e3,2187,123,84,18,advantage defensiveMove endgame quietMove short,https://lichess.org/JpDC93xW/black#78,
ckMcT,r1b2b1r/pp1pk2p/1q3p2/4p3/4P3/1B3Q2/P4PPP/1N1R2K1 b - - 5 15,d7d6 b1c3 b6b3 a2b3,2158,76,76,101,advantage master masterVsMaster middlegame quietMove short,https://lichess.org/NZ0XtQmA/black#30,Sicilian_Defense Sicilian_Defense_Open
ckiac,3Q4/4P1pk/7p/2p2r2/5P2/7P/1P4PK/1q6 b - - 3 40,b1c1 d8b8 c1f4 b8f4 f5f4 e7e8q,2161,140,87,15,advancedPawn crushing endgame long promotion quietMove,https://lichess.org/aotfGIKU/black#80,
ckmZX,r7/ppp2p2/3p1kp1/3Prbn1/PPP1p1pq/B3P1N1/4BPP1/R1RQ2K1 w - - 1 23,a3b2 a8h8 e2g4 f5g4 d1g4 h4g4,2109,76,91,1138,crushing long master middlegame quietMove,https://lichess.org/b9mD3OKl#45,
clCFb,5r2/p2k4/1pR2P1p/2n3pP/2P5/P4B2/5PP1/2K5 w - - 5 33,c1c2 c5e6 c6e6 d7e6,2121,116,73,26,advantage endgame master quietMove short,https://lichess.org/CVg44zUU#65,
clCta,2B5/1P3rkp/2p5/3p2p1/3Pp3/6qP/5rP1/Q5RK b - - 2 40,f7f3 a1a7 f3f7 b7b8q,2194,76,86,205,advancedPawn crushing endgame master promotion quietMove short,https://lichess.org/QEBSvSjf/black#80,
cld3y,rn1q1rk1/1b2bppp/p2p4/1ppP4/4B3/5N2/PPP2PPP/R1BQR1K1 w - - 1 12,f3g5 e7g5 d1h5 h7h6 c1g5 d8g5 h5g5 h6g5,2155,84,90,3032,advantage opening quietMove veryLong,https://lichess.org/X6FuVOT2#23,French_Defense French_Defense_St_George_Defense
clfUc,1r1bQ3/1p1B1pkp/4p3/p1r2P1b/P6P/8/1P4P1/5R1K w - - 1 32,f5e6 f7f6 e8h5 c5h5,2165,77,91,5148,advantage master middlegame quietMove short trappedPiece,https://lichess.org/XRWaeUub#63,
clhV2,8/8/1p3p2/pB4p1/1k2K1P1/8/8/8 w - - 2 66,b5d7 a5a4 d7e6 b4c3,2198,75,80,81,advantage bishopEndgame defensiveMove endgame quietMove short,https://lichess.org/AFKh3Rag#131,
cmIbe,r5k1/3PN1p1/5p1p/3pp3/pP6/Pn2P1BP/2p1bPP1/4R1K1 b - - 2 30,g8f7 e7c8 e2a6 d7d8q,2103,80,84,56,advancedPawn crushing endgame promotion quietMove short,https://lichess.org/DdSY3tPX/black#60,
cmkQQ,3k4/p6p/2p5/2P5/4P3/2N2Pp1/P3B1n1/2Kr4 w - - 0 31,e2d1 g2f4 c1d2 g3g2 d2e3 g2g1q,2102,75,84,63,advancedPawn crushing endgame long promotion quietMove,https://lichess.org/cECnuu7T#61,
cmn1m,2r5/p3p1k1/2P2b1p/2QP2pB/4pqP1/3b4/P4P2/2R1R1K1 w - - 1 36,c5a7 f6e5 a7e7 g7h8 e7e5 f4e5,2160,76,95,3736,crushing defensiveMove long middlegame quietMove,https://lichess.org/J1L8PcY3#71,
cmtZt,6k1/2R2p2/pp2b1p1/3pq3/1P2n3/P3P1Pp/4QP1P/6KB w - - 2 30,e2c2 e4c5 c2d1 e5c7,2117,81,76,45,advantage endgame interference quietMove short,https://lichess.org/Oa1JDFRn#59,
cnQPB,r4rk1/pbq2pp1/1p2p3/4P1bQ/3Pp3/PP4R1/1BP3PP/R5K1 b - - 1 20,c7c2 h5g5 g7g6 b2c3 e4e3 g5e3,2155,187,-4,12,advantage hangingPiece long middlegame quietMove,https://lichess.org/2Dn4UPQt/black#40,
cnmbF,8/8/8/p2kp3/p1p5/1PPP4/3K4/8 w - - 0 43,d3c4 d5c5 b3a4 c5c4 d2c2 e5e4 c2b2 c4d3,2133,77,87,83,crushing defensiveMove endgame pawnEndgame quietMove veryLong zugzwang,https://lichess.org/7FVzRCsz#85,
cnsrc,8/2p5/p7/1pKP1k2/1P2p1p1/P7/5PP1/8 b - - 1 38,f5e5 g2g3 e4e3 f2e3 e5e4 c5c6,2141,76,94,1621,advantage endgame long pawnEndgame quietMove zugzwang,https://lichess.org/dsb69Yb5/black#76,
cnvaU,3q4/1p1knp2/p3p3/3pPp1p/1P1P1PrP/P2Q3K/4N1r1/R3BR2 w - - 5 26,b4b5 d8g8 d3f3 e7g6 e1g3 g6h4 f3g2 h4g2,2179,322,-100,4,advantage middlegame quietMove veryLong,https://lichess.org/QoNpFNur#51,
co9iz,8/1p3k2/p1p5/P5p1/bPP3P1/2KB4/8/8 b - - 0 50,a4d1 d3f5 c6c5 b4c5,2107,82,83,40,bishopEndgame crushing endgame quietMove short,https://lichess.org/Os8AZssO/black#100,
coXXx,r7/p1Q1nk2/bp2p3/8/4PPq1/8/6PP/3R1RK1 w - - 1 28,f1f3 a8g8 c7c2 g4f3,2118,75,93,3419,crushing middlegame pin quietMove short,https://lichess.org/emnzmNos#55,
coZPi,5rk1/p3Qp1p/3p2pq/2pNp3/3nP3/Pr1P1P2/1P4PP/1K1R2NR w - - 1 22,e7f6 f8b8 d5e7 g8f8 f6h8 f8e7 h8b8 b3b8,2113,75,93,4073,crushing middlegame quietMove trappedPiece veryLong,https://lichess.org/dfSvf7Wg#43,
coo8z,r4rk1/pp2qpp1/1np1p2p/P7/3Pb3/1QP3B1/1P2NPP1/R4R1K b - - 0 19,e4d5 b3c2 b6c4 b2b3 d5e4 c2e4,2185,76,83,144,advantage long middlegame quietMove,https://lichess.org/psOJATAO/black#38,Caro-Kann_Defense Caro-Kann_Defense_Other_variations
couQy,3rk1r1/p2b1p1p/1ppQpq2/4N3/8/1B6/P1P2PPP/3R2K1 b - - 12 21,g8g5 e5d7 f6e7 d6c6 d8d7 b3a4 b6b5 a4b5 g5b5 c6b5,2149,89,73,29,advantage capturingDefender middlegame pin quietMove veryLong,https://lichess.org/mCYAoFYE/black#42,
cpZ3S,8/3Kb3/4P3/p1p3pp/Bk6/1P4P1/8/8 b - - 1 47,h5h4 d7e7 h4g3 a4c6 c5c4 b3c4,2188,84,72,36,bishopEndgame crushing endgame long quietMove,https://lichess.org/c3USSbTH/black#94,
cpwQ0,8/p7/4k3/3p1pKp/1p5P/1PP2PP1/P7/8 w - - 0 37,c3c4 d5c4 b3c4 a7a5 g5f4 a5a4,2128,74,93,7880,crushing defensiveMove endgame long pawnEndgame quietMove,https://lichess.org/q7MhxZ6h#73,
cq3Zu,r4rk1/p1qn1p1p/6p1/np1Rb3/2p5/2P1B2P/PPQ1BPP1/2KR4 b - - 3 18,f8d8 c2d2 a5c6 d5d7 d8d7 d2d7,2150,88,71,44,advantage long middlegame quietMove,https://lichess.org/Gw1nwq2p/black#36,Modern_Defense Modern_Defense_Other_variations
cqLZI,2r5/3k3r/4p3/3pB1R1/1p1P4/pPb5/P4PPP/3R2K1 w - - 4 36,g5g7 h7g7 e5g7 c3d2 h2h4 c8c2,2100,75,80,78,advantage clearance endgame long quietMove,https://lichess.org/w6lGVEia#71,
cqyzH,Q5k1/3q2b1/1p3p2/5P2/1rp5/3n4/6PP/3R1R1K b - - 1 38,g8f7 d1a1 b6b5 a1a7 d7a7 a8a7,2149,77,93,2549,crushing long middlegame pin quietMove,https://lichess.org/kGthZ693/black#76,
cr1HJ,8/1p6/1p2k3/2p1P2p/P3K2P/8/7P/8 w - - 6 38,h2h3 b6b5 a4b5 b7b6 e4f4 c5c4 f4e4 c4c3 e4d3 e6e5,2178,84,87,49,crushing endgame pawnEndgame quietMove veryLong zugzwang,https://lichess.org/eQ04eL4X#75,
crjas,r5r1/2qnP3/p1p1R1k1/5ppp/2NB4/1P1P3P/P1P2PP1/3R3K b - - 2 27,g6f7 d1e1 a8e8 c4d6 c7d6 e6d6,2115,75,94,196,advantage exposedKing fork long middlegame quietMove,https://lichess.org/XpBjtDpg/black#54,
cs96C,8/1R2Pk1p/8/p7/5P2/6PK/rp5P/8 w - - 0 48,h3g4 a5a4 f4f5 a4a3 f5f6 a2a1 b7b8 a1e1,2105,75,84,163,crushing endgame quietMove rookEndgame veryLong,https://lichess.org/JfBIi0Qi#95,
cslhj,8/8/4k1p1/6rp/3K1P1P/8/8/8 w - - 0 52,h4g5 e6f5 d4e3 f5g4 e3e4 h5h4 e4e5 h4h3 f4f5 h3h2,2189,80,96,139,advancedPawn crushing endgame master pawnEndgame quietMove veryLong,https://lichess.org/xmqRHVXy#103,
cstyE,r3kb1r/1p1q2p1/3ppnp1/2p5/NnP5/1Q2P3/PP1BBPPP/R4RK1 b kq - 2 16,a8a4 a2a3 b4a6 e2d1 a4c4 b3c4,2196,76,77,182,advantage long middlegame quietMove,https://lichess.org/jPaL5teI/black#32,Benoni_Defense Benoni_Defense_Hromadka_System
ct3QN,1r5r/1p1k2q1/p2p1p2/2pPbP2/P6p/1R1Q3P/6P1/4R1BK b - - 9 37,g7g3 d3b1 d7c7 b3g3,2123,78,91,1356,crushing discoveredAttack middlegame quietMove short,https://lichess.org/FysQt0ax/black#74,
ctjhJ,5rk1/pp4p1/5q1p/2b5/1nPp4/P2B4/1P3PPP/RN1Q2K1 w - - 1 17,f2f3 b4d3 d1d3 f8e8 b1d2 e8e3,2161,83,86,71,advantage long middlegame quietMove,https://lichess.org/7cZpuPcK#33,Queens_Gambit_Declined Queens_Gambit_Declined_Austrian_Attack
ctyL2,8/5p2/4p3/4qr1k/2Q3RP/8/6PK/8 w - - 7 46,h2g1 e5e1 g1h2 f5f1 g4g5 h5h6 c4f1 e1f1,2105,74,99,223,crushing endgame quietMove veryLong,https://lichess.org/nO5Qbjqa#91,
cu3Ki,r1b3k1/p1p1q1p1/1p1p3p/4p1BQ/2PPP3/2PB4/P5PP/5RK1 b - - 0 24,e7g5 h5e8 g8h7 f1f8 g5e3 g1h1 e3e1 d3f1,2116,75,94,8514,crushing endgame quietMove veryLong,https://lichess.org/1GWcxvjE/black#48,
cu7Bw,2R5/5P2/6K1/3p4/8/8/1p3r2/1k6 w - - 0 54,f7f8q f2f8 c8f8 d5d4 g6f5 d4d3 f5e4 d3d2,2184,77,90,943,advancedPawn advantage endgame quietMove veryLong,https://lichess.org/sGnXTqOC#107,
cuKfm,r1b1r3/p5p1/1np3k1/1p4qp/3PN3/1Q6/PPP1RPP1/1K2R3 b - - 0 21,g5g2 f2f3 g2e2 e1e2,2194,76,84,197,advantage middlegame quietMove short,https://lichess.org/I7XUPCLT/black#42,
cuOFh,2r5/8/3p3P/1p6/1k6/p5P1/4KP2/7R w - - 1 45,f2f4 a3a2 g3g4 b4a3 h6h7 b5b4 h7h8q c8h8 h1h8 b4b3 h8a8 a3b4,2162,122,57,16,advancedPawn crushing endgame quietMove rookEndgame veryLong,https://lichess.org/xRZTaE7q#89,
cubWQ,7R/8/6p1/2pB2kp/8/7P/5RPK/3q4 b - - 0 39,d1d5 g2g3 d5e5 h3h4 g5g4 f2f4 e5f4 g3f4,2140,80,93,5292,crushing endgame master queenRookEndgame quietMove veryLong,https://lichess.org/NZCwkgeX/black#78,
cuhI4,7R/8/5p2/5Kp1/1p6/1Pb5/5Pk1/8 w - - 2 57,f2f4 g5g4 h8g8 g4g3 f5g4 f6f5,2115,94,75,35,crushing endgame long quietMove,https://lichess.org/gMsrUx1F#113,
cumcT,2k5/1p6/2b5/B3QP2/2P1p3/4P1P1/1b6/7K w - - 1 60,f5f6 b2e5 f6f7 e5d6 a5c3 d6f8 g3g4 c6d7 g4g5 d7f5,2145,78,91,449,advantage defensiveMove endgame hangingPiece quietMove veryLong,https://lichess.org/5hvrlkgh#119,
cupay,5b2/8/7p/2P5/4k2P/5p2/5B2/5K2 b - - 1 55,h6h5 c5c6 f8d6 f2b6 e4f4 c6c7 d6c7 b6c7 f4g4 c7d8,2128,78,82,84,advancedPawn bishopEndgame clearance crushing defensiveMove endgame quietMove veryLong,https://lichess.org/HEcto965/black#110,
cvXiq,rn3rk1/2q2ppp/p1b5/1pNpb3/1P1Np1Q1/P1P1P3/1B3PP1/2R2R1K b - - 0 20,b8d7 d4c6 d7c5 c6e5 c5a4 b2a1 c7e5 c3c4,2105,120,81,26,advantage middlegame quietMove veryLong,https://lichess.org/ISR8st64/black#40,
cvccy,7k/1R6/5p2/7P/4PK2/r4P2/ppr5/6R1 w - - 2 47,g1d1 a3a8 b7b2 c2b2,2140,76,86,207,crushing endgame quietMove rookEndgame short,https://lichess.org/Vd6aFFwA#93,
cw6kq,8/7p/5P2/1k2K3/p7/2B5/2b4P/8 b - - 0 41,c2g6 e5e6 b5c4 c3e5 c4d3 f6f7 g6f7 e6f7,2184,80,74,63,advancedPawn bishopEndgame clearance crushing endgame quietMove veryLong,https://lichess.org/psbWwglG/black#82,
cwSnA,r5k1/p5pp/3B1p2/1Qpp4/4q3/2P5/PP3PPP/4N1K1 w - - 1 23,g1f1 a8e8 e1c2 a7a6,2168,88,78,44,advantage endgame quietMove short,https://lichess.org/dZ7zdimP#45,
cxB2X,1R6/1P1p1k2/5r2/3pnNp1/4p3/4P1K1/5P2/8 b - - 0 41,f6f5 b8c8 f5f3 g3g2,2175,132,79,12,advantage endgame master quietMove short,https://lichess.org/0YYCMIdH/black#82,
cxcas,8/5p1k/1rq3p1/7p/5Q2/6P1/5P1P/4R1K1 b - - 13 45,c6d6 f4f7 h7h6 e1e7 d6f6 f7h7,2148,116,60,19,crushing endgame long quietMove,https://lichess.org/zIMNnivQ/black#90,
cxfnl,6N1/5p1p/4p3/P2pP2k/3P4/2Pb1r2/8/4R2K w - - 0 39,e1a1 d3e4 h1g1 f3g3,2146,82,91,2148,crushing endgame quietMove short,https://lichess.org/4XHunJLQ#77,
cy7v2,2n5/8/P3p3/2BpP3/5PK1/7p/7k/8 w - - 0 44,c5f2 h2g2 f2g1 d5d4 g1d4 h3h2,2184,78,92,2232,advancedPawn crushing endgame long quietMove,https://lichess.org/SARR3tR0#87,
cyAE6,7r/2k3K1/5R1P/1p6/8/2p5/P7/8 b - - 1 39,h8c8 h6h7 c3c2 f6f1 c7b7 h7h8q c2c1q f1c1,2174,76,92,942,advancedPawn crushing endgame master promotion quietMove rookEndgame veryLong,https://lichess.org/gq1mcag3/black#78,
cyp1p,8/8/4ppk1/7p/4P3/2R1KPP1/1r6/8 w - - 9 37,e3f4 b2e2 g3g4 h5h4 g4g5 f6g5,2156,76,87,58,crushing endgame long quietMove rookEndgame,https://lichess.org/BNCgbIRE#73,
cz51d,2k3rr/2p2p2/p4p1p/3q4/Pp1N1Q2/3P3b/1PP2PPK/R3R3 w - - 2 22,h2h3 d5g2 h3h4 h6h5 e1e8 g8e8,2171,82,88,80,advantage long middlegame quietMove,https://lichess.org/nHVo0qYA#43,
czIWk,8/5ppk/4p2p/P1P3qr/3P4/1r6/4QPP1/3R1RK1 w - - 2 31,a5a6 b3h3 f2f4 g5g3 e2d3 g3d3 d1d3 h3d3,2174,83,76,50,advantage endgame pin quietMove veryLong,https://lichess.org/H5BTQyiU#61,
czpp5,8/8/6k1/5p2/pPK5/P7/8/8 b - - 1 48,f5f4 b4b5 g6f5 b5b6 f4f3 c4d3 f3f2 d3e2 f2f1q e2f1,2112,75,88,146,crushing endgame pawnEndgame quietMove veryLong,https://lichess.org/PGsZuLbD/black#96,
czwTX,8/6b1/6P1/8/8/8/3pKN2/2k5 w - - 4 51,f2d1 g7d4 g6g7 d4g7,2110,76,91,1249,crushing endgame master quietMove short,https://lichess.org/fvMtqTKZ#101,
czx6Z,1RR5/p4pkp/4pp2/rP6/6P1/4P2P/5PK1/1r6 b - - 6 34,f6f5 g4g5 g7g6 c8g8,2129,76,79,67,crushing endgame master quietMove rookEndgame short,https://lichess.org/i1HSpiiI/black#68,
d0aLu,1rbq1rk1/5pp1/p1pb1n1p/2p5/3p1B2/1P1P1N2/P1P1NPPP/R2Q1RK1 w - - 2 16,f3e5 d8c7 e5c4 d6f4 e2f4 c7f4,2113,75,89,825,crushing long opening quietMove,https://lichess.org/sL9R33c9#31,Sicilian_Defense Sicilian_Defense_Modern_Variations
d0uE8,8/6R1/2p1r3/1p3pkp/6p1/1P4P1/P4K1P/8 b - - 5 42,e6g6 g7g6 g5g6 a2a4 b5a4 b3a4 g6f7 a4a5 f7e6 a5a6 e6d6 a6a7,2167,75,96,1725,advancedPawn crushing endgame quietMove rookEndgame veryLong,https://lichess.org/Q3VCzW62/black#84,
d0vcW,6k1/8/8/p7/Pr1RK3/8/8/8 b - - 2 58,g8f7 d4b4 a5b4 a4a5 f7e6 a5a6 b4b3 e4d3 e6d6 a6a7 b3b2 d3c2 b2b1q c2b1,2113,74,81,89,advancedPawn crushing endgame master quietMove rookEndgame veryLong,https://lichess.org/gedY4oAt/black#116,
d1nfB,8/8/3k1p2/5Pp1/4P1n1/3N4/5K2/8 w - - 0 54,f2f3 g4e5 f3e3 e5d3 e3d3 d6e5 d3e3 g5g4 e3d3 e5f4 e4e5 f4e5,2147,75,93,4666,crushing endgame knightEndgame quietMove veryLong zugzwang,https://lichess.org/fYrhpM6B#107,
d1pT3,r2k3r/ppN2p1p/3p4/2bNn3/4P1bq/3B4/PPP3PB/R4Q1K w - - 2 18,c7a8 c5f2 f1f2 h4f2,2125,83,62,146,crushing middlegame quietMove short,https://lichess.org/0YoNcXfS#35,Scotch_Game Scotch_Game_Steinitz_Variation
d20PF,r5k1/5p1p/2pQ1p1q/3p4/3P4/2P3P1/r1PN1P1P/2KR3R w - - 2 22,d6c6 a8b8 c6e8 b8e8,2144,80,91,38,crushing middlegame quietMove short,https://lichess.org/GLEriAGg#43,
d251v,4rr2/p2k4/2pp2p1/1p5p/3bNP2/1P4P1/P1P1R2P/4R2K b - - 0 30,d7c7 e4g5 c7d7 g5e6 d4f6 e6f8,2194,79,82,127,crushing endgame fork long quietMove,https://lichess.org/7NnRbwnJ/black#60,
d2EZ9,8/4k2p/2b4P/2p1pBp1/2PrP3/pP2K3/P7/5R2 b - - 5 43,d4d6 f1h1 g5g4 f5h7,2149,80,86,65,advantage endgame master quietMove short,https://lichess.org/23d9YGmF/black#86,
d2KYX,8/7k/5ppp/4q3/7P/5Q1K/6P1/8 b - - 2 41,e5f5 f3f5 g6f5 h4h5 f5f4 h3g4 h7g7 g4f4 g7f7 f4f5,2115,84,79,45,crushing endgame queenEndgame quietMove veryLong,https://lichess.org/tWNUsyei/black#82,
d2eF3,8/p1K5/8/3P3p/4P3/P4Pk1/bP4P1/8 b - - 0 35,g3g2 d5d6 a2e6 f3f4 h5h4 f4f5,2134,79,83,53,bishopEndgame crushing endgame long quietMove,https://lichess.org/AD3vROCF/black#70,
d3Nqx,r7/pppbn1kp/3p1qp1/3P4/2P1PNr1/6Q1/PP4BP/R4RK1 w - - 1 22,g3f3 a8f8 f4e6 d7e6 f3f6 f8f6,2145,85,86,37,advantage long middlegame quietMove,https://lichess.org/danHEARm#43,
d3bwY,8/1kp2RR1/1p5B/p7/8/1PP1P2P/r1q2P1K/8 b - - 4 28,c2b3 f7c7 b7a6 c3c4 b3c4 c7c4,2136,90,79,26,crushing endgame long quietMove,https://lichess.org/V0UaKVN4/black#56,
d45ET,r5k1/p5pp/Q4p2/1R2B3/1P5P/1q3PP1/3pP1K1/8 w - - 0 29,a6b7 a8d8 b7e7 d2d1q,2101,75,91,4085,advancedPawn advantage endgame promotion quietMove short,https://lichess.org/308QHQfl#57,
d4JeV,6k1/p4p2/B1p3pp/3b4/1P3br1/P1B5/4R1P1/6K1 b - - 6 38,g8h7 e2e8 f4e3 e8e3 g4g2 g1f1,2171,76,94,1180,advantage endgame long master quietMove,https://lichess.org/xd6hWLQP/black#76,
d4SPs,8/2p1kp2/p1p5/1pP2P2/1P1P1K2/8/P7/8 b - - 2 33,e7f6 a2a3 f6g7 f4e5,2152,77,98,209,crushing defensiveMove endgame pawnEndgame quietMove short zugzwang,https://lichess.org/o3tnAhsq/black#66,
d4fg4,r4r1k/1pp2q1p/2n1bp2/p4p2/2P1p3/PQ2P3/1P1NBPPP/R4RK1 w - - 2 18,b3b7 f7d7 b7b5 f8b8 b5c5 a5a4 b2b4 a4b3 d2b3 b8b3,2131,138,6,19,advantage enPassant middlegame quietMove veryLong,https://lichess.org/izqiI1Yf#35,Dutch_Defense Dutch_Defense_Classical_Variation
d54ej,2r3k1/5pp1/1p2q2p/pP1pPb2/P2P3P/6Q1/3N3P/6RK b - - 3 31,f5g6 h4h5 c8c2 d2f3 c2c3 h5g6,2151,78,90,658,crushing endgame long quietMove,https://lichess.org/aAmo2X3c/black#62,
d56R2,6k1/p4ppp/2N1r3/3p4/1P1Pb3/2P3P1/P4P2/R5K1 w - - 1 29,c6a7 e4f3 g1f1 e6h6 f1e1 h6h1 e1d2 h1a1,2116,84,75,104,crushing endgame quietMove skewer veryLong,https://lichess.org/22YF8RYF#57,
d58KZ,8/8/pp5p/2p1k1p1/6P1/PP2KP1P/8/8 b - - 0 33,a6a5 a3a4 e5d5 f3f4 g5f4 e3f4,2104,77,90,465,advantage endgame long pawnEndgame quietMove zugzwang,https://lichess.org/sdaziqwC/black#66,
d58SC,8/p1P2r2/8/1P6/P6k/5pp1/2R5/5K2 b - - 1 39,f7d7 c2c1 g3g2 f1f2 d7d2 f2f3,2167,88,6,45,crushing defensiveMove endgame long quietMove rookEndgame,https://lichess.org/cIfoTGlJ/black#78,
d67T9,8/3b4/p2p2k1/1qpP4/N4pp1/P1Qn4/1P3P2/1K5R w - - 2 37,a4b6 d7f5 c3h8 d3f2 b1a2 f2h1,2170,79,100,84,advantage discoveredAttack endgame long quietMove,https://lichess.org/fq7tGzoq#73,
d68AS,r4rk1/ppp2pp1/2p3qp/4n3/1P4b1/2P1BNP1/P2N1P2/R2Q1RK1 w - - 0 18,e3f4 e5f3 d2f3 g6h5 f3h2 g4d1,2179,78,90,1263,advantage kingsideAttack long middlegame quietMove,https://lichess.org/P3QZ6n5y#35,Ruy_Lopez Ruy_Lopez_Berlin_Defense
d6QAS,8/8/p3p3/1p1k2pp/P2P4/1P2KP2/7P/8 w - - 0 37,a4b5 a6b5 e3d3 b5b4 d3e3 e6e5 d4e5 d5e5,2115,76,80,75,crushing endgame pawnEndgame quietMove veryLong zugzwang,https://lichess.org/qkow9hfe#73,
d6QPx,8/8/p1k1ppp1/P1p4p/2K1PP2/7P/1P4P1/8 b - - 0 32,h5h4 e4e5 f6e5 f4e5 g6g5 b2b3 c6d7 c4c5,2189,76,85,89,crushing endgame pawnEndgame quietMove veryLong zugzwang,https://lichess.org/GNusEv5r/black#64,
d6VJz,8/1K6/1p5p/1k4p1/P5P1/8/7P/8 b - - 0 47,b5a5 h2h3 b6b5 a4b5 a5b5 b7c7,2164,78,91,124,crushing defensiveMove endgame long pawnEndgame quietMove,https://lichess.org/Eu1n6z1i/black#94,
d6pqL,2B5/1p4k1/p4qp1/4p1Qp/1P1pP2P/P1nP2P1/6K1/8 b - - 6 36,c3b1 g5f6 g7f6 a3a4 b7b6 c8a6,2120,159,86,17,crushing endgame long quietMove,https://lichess.org/0toSLNFV/black#72,
d7Hn9,r5k1/5ppp/8/1p4Q1/1P1q3P/P2p1PP1/3RbPBK/8 w - - 3 35,g5e3 d4e3 f2e3 a8c8 h2g1 c8c2,2185,75,86,548,crushing endgame long quietMove,https://lichess.org/fZ06r7Yz#69,
d7Uyr,4r1k1/1p3pp1/p6p/3p1q2/3R1P2/P1P4P/1P3QP1/7K w - - 1 35,f2d2 f5b1 h1h2 b1f1 d4d5 e8e2 d5d8 g8h7 d2d3 g7g6 d3g3 e2e1 g3e1 f1e1,2186,117,69,34,advantage endgame quietMove veryLong,https://lichess.org/KLgx3QkV#69,
d7a0v,1k6/1p6/p7/2K5/1PR1P2r/2P5/8/8 w - - 9 56,c5b6 h4h5 c4c5 h5h6 b6a5 b7b6 a5a6 b6c5,2190,75,93,1404,crushing discoveredAttack endgame fork quietMove rookEndgame veryLong,https://lichess.org/B9AJYYZm#111,
d9GGw,8/5p1k/5Qpp/8/7K/5R1P/6rq/8 b - - 7 42,g6g5 h4h5 h2c7 f3a3 g2b2 f6b2,2153,167,72,10,crushing endgame long quietMove,https://lichess.org/xN6JaCO6/black#84,
d9eGe,6k1/pp3pp1/4r2p/3q4/3rp3/P5PP/1PQNRPK1/7R w - - 2 27,g2h2 e6c6 c2d1 c6d6 d1e1 d4d2,2147,86,65,73,advantage long middlegame quietMove,https://lichess.org/HZJfTNJ6#53,
dA6Jk,1k4r1/1p1BpR2/1Q6/2pp2qp/8/1P2P3/P3R1bP/6K1 w - - 0 27,f7f5 g5g7 b6d8 g8d8,2155,76,79,79,advantage middlegame quietMove short,https://lichess.org/eXFxDbwK#53,
dA7Dk,3r4/1pq4k/p2N2pb/2P3p1/3p1rBn/5P1Q/PP3P1P/2R1R1K1 w - - 3 31,e1e5 d8d6 c1e1 d6d7 g4d7 h4f3 h3f3 f4f3,2146,78,82,103,advantage deflection fork middlegame quietMove veryLong,https://lichess.org/cd8TMflO#61,
dA7m7,r2q1rk1/1b2bppp/p7/np1nR1N1/8/2P5/PPB3PP/RNBQ2K1 b - - 0 15,f7f6 c2h7 g8h8 d1h5 e7c5 g1h1,2126,79,33,174,crushing defensiveMove long opening quietMove,https://lichess.org/MJtURElt/black#30,Ruy_Lopez Ruy_Lopez_Closed
dAifV,6k1/5ppp/2N1b3/p7/4p3/8/PPP1r1PP/5RK1 b - - 1 23,e6a2 f1d1 f7f5 c6d4,2196,100,5,35,crushing endgame quietMove short,https://lichess.org/oukFCUE2/black#46,
dAmKS,6k1/2q2pp1/p2p1r1p/1p3P2/3R2P1/2P2Q2/PP3K1P/8 b - - 0 27,c7d7 f3a8 g8h7 d4e4 g7g6 e4e8 d7e8 a8e8,2156,82,72,59,advantage endgame quietMove veryLong,https://lichess.org/YuJy7k4G/black#54,
dAxqK,r1b3k1/3q3p/2pb1Qp1/3p3r/p2p1P2/P2P2P1/BBP4P/1R3R1K b - - 7 26,d7h3 f1f2 h3e6 f6d4,2181,83,85,52,crushing middlegame quietMove short,https://lichess.org/8bvlTQGU/black#52,
dAzNG,1k1r1b1r/1pp2Qpp/p1q1p3/3n4/8/1PN1P2P/PB1P1PP1/R3K2R w KQ - 1 13,e1g1 d5f6 c3e2 d8d7 e2d4 d7f7 d4c6 b7c6,2100,74,89,1080,advantage middlegame quietMove trappedPiece veryLong,https://lichess.org/hiATZ8R7#25,Nimzo-Larsen_Attack Nimzo-Larsen_Attack_Classical_Variation
dBFkU,2kr4/pp1n4/2p1N3/3P3p/PPP4P/6q1/2Q2pBb/2R4K w - - 2 30,e6d8 h2g1 c1g1 g3h4 g2h3 h4h3,2152,76,93,6718,exposedKing fork long mate mateIn3 middlegame quietMove sacrifice,https://lichess.org/kWhnmh17#59,
dC5P3,5r2/1pp4k/p1p3q1/6p1/1PP3P1/P1QR4/5KP1/8 w - - 1 29,f2g3 g6h6 d3d7 h7g8 d7g7 h6g7,2122,92,81,42,crushing defensiveMove endgame long quietMove,https://lichess.org/7yt397Lo#57,
dCDpa,8/1p6/1Pk3Kp/7P/8/8/3b1B2/8 b - - 0 68,d2f4 f2d4 c6d5 d4g7 f4e3 g7h6,2121,77,79,123,bishopEndgame crushing endgame long quietMove,https://lichess.org/kqlAacjl/black#136,
dCEPM,8/p7/1p3k1p/2p1r1p1/1PPpR1P1/P2P1K1P/8/8 b - - 0 32,f6e6 e4e5 e6e5 b4b5 e5d6 f3e4 d6e6 a3a4 e6f6 e4d5,2191,78,87,179,crushing endgame quietMove rookEndgame veryLong zugzwang,https://lichess.org/vyQnElwP/black#64,
dCQ1R,q5k1/5ppp/3Qb3/p7/2P3P1/6KP/8/5R2 b - - 0 30,e6c4 f1b1 h7h6 b1b8 a8b8 d6b8,2191,85,90,928,crushing endgame fork long quietMove,https://lichess.org/B4hxhZUI/black#60,
dCpMj,6k1/7p/p2p4/1p3p2/2Pp4/1P1P1QK1/P2q4/8 b - - 3 43,d2e3 f3e3 d4e3 c4b5 a6b5 a2a4 g8f7 a4a5 f7e6 a5a6,2193,84,91,807,crushing endgame master queenEndgame quietMove veryLong,https://lichess.org/aJoY4LAO/black#86,
dCrBP,8/7p/2p5/p3k1p1/4P3/P2K2P1/7P/8 w - - 0 39,h2h3 h7h5 a3a4 c6c5 d3e3 c5c4,2113,75,85,75,crushing defensiveMove endgame long pawnEndgame quietMove zugzwang,https://lichess.org/31TFSe7j#77,
dDmqY,8/p7/1p5p/1Pp1kpp1/2P4P/P2K2P1/6P1/8 b - - 0 38,f5f4 h4g5 h6g5 g3g4 e5d6 d3e4,2145,75,83,101,crushing endgame long pawnEndgame quietMove zugzwang,https://lichess.org/vxnn6Hrw/black#76,
dEKgo,rn2kbnr/pQpb1ppp/4pq2/8/2p3P1/4P3/PP1P1P1P/RNB1KBNR b KQkq - 0 6,f6d8 f1g2 g8e7 b7a8 d7c6 g2c6,2104,80,84,125,advantage long opening quietMove trappedPiece,https://lichess.org/4lXB8aBM/black#12,Grob_Opening Grob_Opening_Other_variations
dEfO4,2r1n2k/pp2P1pp/1b6/3R4/2N2P1P/6P1/PPP5/1K6 b - - 2 31,e8f6 c4b6 c8e8 d5d8 a7b6 g3g4 h8g8 g4g5 g8f7 g5f6,2134,77,90,1963,advantage endgame pin quietMove veryLong,https://lichess.org/NMZAnsQy/black#62,
dF8rY,r3qrk1/1bp2p2/p1np2pb/1p1Bp3/4P1Q1/3P2P1/PPP2PK1/R4R2 b - - 1 21,h6g7 f1h1 e8e6 d5e6,2174,83,81,275,advantage middlegame quietMove short,https://lichess.org/4qu353ec/black#42,
dFYjU,1r4k1/Q3B2p/4P1p1/3p4/p4PP1/1Pq5/2P5/1K2R3 b - - 1 31,c3e1 b1b2 b8c8 e7f6 a4a3 b2a3 e1c1 f6b2 c1b2 a3b2,2192,76,93,4407,crushing endgame quietMove veryLong,https://lichess.org/57lmGVGI/black#62,
dFzin,8/8/8/5k1p/5Pp1/4K1P1/8/8 b - - 0 58,h5h4 g3h4 g4g3 h4h5 g3g2 e3f2 g2g1q f2g1,2166,76,84,77,crushing endgame pawnEndgame quietMove veryLong,https://lichess.org/dy6uenAu/black#116,
dG3xv,8/1K6/5pk1/4p1p1/4P2p/P4P2/6P1/8 b - - 1 54,g6h5 a3a4 f6f5 a4a5 f5e4 f3e4,2167,75,86,481,crushing endgame long pawnEndgame quietMove,https://lichess.org/PYxcvmLq/black#108,
dGTlp,5rk1/3R1pp1/4p2p/1p5Q/3bPP2/1P2n1P1/Pq4BP/3R3K w - - 3 30,h5f3 e3d1 f3d1 f8c8 d7d4 c8c1,2104,77,78,74,advantage long middlegame pin quietMove,https://lichess.org/lyc6Vqmm#59,
dGrsr,8/p6p/6p1/p5P1/1kP1p3/1P6/3K1PP1/8 b - - 0 43,b4b3 c4c5 e4e3 f2e3 a5a4 d2c1 a4a3 c1b1,2175,86,90,1066,crushing defensiveMove endgame pawnEndgame quietMove veryLong,https://lichess.org/1fWBWLoY/black#86,
dH6YR,5k2/8/p7/5K1P/8/8/6P1/8 w - - 1 63,f5g6 a6a5 h5h6 f8g8 h6h7 g8h8 g6f7 a5a4 g2g4 a4a3 g4g5 a3a2 g5g6 a2a1q,2116,79,94,5341,advancedPawn crushing endgame pawnEndgame promotion quietMove veryLong,https://lichess.org/2renUgwz#125,
dHImt,8/8/5p2/5p2/1P1Pb3/4Pk2/2P3p1/2K3R1 w - - 1 43,c2c4 f3e3 d4d5 f5f4 d5d6 f4f3,2113,154,88,37,crushing endgame long quietMove,https://lichess.org/0Fc3JKz8#85,
dHL9r,r1bqk1nr/pp1p1ppp/2n1p3/2b5/1P3B2/P7/2P1PPPP/RN1QKBNR b KQkq - 0 5,a7a6 b4c5 d8f6 f4d2 f6a1 d2c3 a1a2 c3g7,2156,76,80,110,crushing hangingPiece opening quietMove sacrifice veryLong,https://lichess.org/UFb8MdTE/black#10,Benoni_Defense Benoni_Defense_Old_Benoni
dHWkM,4r2k/p4Qpp/1p6/4q3/3p4/8/PPP3PP/5R1K b - - 1 23,e5e1 h2h3 e1f1 f7f1,2159,75,91,913,crushing endgame master quietMove short,https://lichess.org/DqrsSYT6/black#46,
dHnX9,8/8/3k3p/pp1P2pP/3K1p2/1P6/P5P1/8 w - - 0 36,a2a3 g5g4 d4e4 f4f3 g2f3 g4g3 e4e3 d6d5 f3f4 g3g2,2184,86,81,31,advancedPawn crushing endgame pawnEndgame quietMove veryLong,https://lichess.org/7W6ew1yt#71,
dHtFk,5rk1/8/1p1P2B1/p7/Pn5Q/6P1/1P3PK1/2q5 b - - 0 49,g8g7 h4h7 g7f6 g6e4 f6e5 h7e7,2123,211,86,13,crushing endgame long quietMove,https://lichess.org/ZU9zPlH3/black#98,
dHtT4,8/8/Pb6/1P2pN2/2P1k1p1/8/1K4P1/8 w - - 0 47,b2b3 e4f5 b3b4 e5e4 c4c5 e4e3 b4c4 e3e2 c5b6 e2e1q,2156,83,79,68,advancedPawn crushing endgame hangingPiece promotion quietMove veryLong,https://lichess.org/eYJkSrfc#93,
dICWL,2r3k1/p3bppp/1np1p3/2pr4/2N5/1P2P3/PBP2PPP/2RR2K1 w - - 12 19,c4d2 c8d8 b2c3 e7f6 c3a5 c5c4 b3c4 d5a5,2162,108,85,34,crushing discoveredAttack middlegame quietMove veryLong,https://lichess.org/kALnQT4C#37,Nimzo-Larsen_Attack Nimzo-Larsen_Attack_English_Variation
dIcxd,8/1Kp1kp2/3p1p2/3Pp3/P3r3/1P6/8/1R6 b - - 1 37,e7d7 b3b4 f6f5 a4a5,2157,77,96,262,crushing defensiveMove endgame quietMove rookEndgame short,https://lichess.org/1KrbfOPz/black#74,
dIotH,3r4/p1kP4/1pp1q3/8/1Q4p1/2P3p1/PP4Br/3R1RK1 w - - 4 33,f1e1 e6h6 b4d6 h6d6 d1d6 c7d6,2162,76,91,303,crushing long middlegame quietMove,https://lichess.org/vPIBevYi#65,
dJ7Uw,4Qnk1/pr3ppp/2B3q1/6b1/3P4/N1P3P1/1P5P/R5K1 b - - 0 28,b7b2 a1e1 b2b8 e8b8,2149,76,90,1120,crushing middlegame quietMove short,https://lichess.org/uMAoWnHM/black#56,
dJFYH,r5rk/2R1R1p1/p2p2Qp/8/1p6/2P4P/q4PP1/6K1 b - - 1 30,a2a1 g1h2 a1c1 h3h4 c1f4 h2h3,2133,141,86,22,crushing defensiveMove endgame long quietMove,https://lichess.org/gUMOfl7n/black#60,
dJH2K,3r4/np5k/3q1p1p/pPp2P2/2P1Q2P/4P3/7P/2K3R1 b - - 2 32,b7b6 e4g2 d6f8 g2b7 h7h8 b7a7,2150,75,82,224,advantage endgame fork long quietMove,https://lichess.org/srWe7bHl/black#64,
dJIFf,5rk1/1B4pp/8/1P6/5p2/7P/P3P2K/8 b - - 0 37,f8b8 b7c6 g8f7 a2a4,2190,76,91,3582,crushing defensiveMove endgame quietMove short,https://lichess.org/ROyWTKx7/black#74,
dJxUW,8/6k1/p5pp/1p1PKp2/1N3P1P/1P5r/P4P2/8 b - - 0 40,h3h4 d5d6 g7f7 b4c6 h4h1 d6d7 h1e1 e5d6 e1d1 d6c7,2196,79,89,561,advancedPawn crushing defensiveMove endgame quietMove veryLong,https://lichess.org/eFM0H5ea/black#80,
dK6r5,3r4/1pk5/p2p1Q2/2pP1bP1/P7/2N5/1P1R2P1/2K2q2 w - - 5 34,d2d1 f1f4 d1d2 d8e8 f6f7 c7d8 f7e8 d8e8,2147,80,91,1550,crushing endgame master masterVsMaster quietMove veryLong,https://lichess.org/QbUlwpTs#67,
dKXwM,4rk1r/pQnq2bp/3p2p1/2p5/p7/2PbN1N1/1P1P1PPP/R1B1R1K1 w - - 0 22,b7a7 d3b5 d2d4 e8a8 a7b7 b5c6,2194,120,87,24,advantage long middlegame quietMove,https://lichess.org/Drc4LQMm#43,
dKe56,8/r4pp1/6p1/8/3k4/4RP1P/5KP1/8 w - - 12 47,g2g4 a7a2 e3e2 a2e2 f2e2 g6g5 f3f4 g5f4,2103,77,71,63,crushing endgame master quietMove rookEndgame veryLong,https://lichess.org/UGBrh8sJ#93,
dKfCx,3k4/2p2ppp/2Pn4/1pN1R1P1/8/7P/5PK1/3r4 b - - 10 36,b5b4 c5b7 d8c8 e5a5 c8b8 b7c5 d6c4 c5d7,2150,87,42,40,clearance crushing endgame quietMove veryLong,https://lichess.org/M5BxNFIl/black#72,
dKiJB,1r6/5Rpk/2p3rp/8/1P6/6Pq/2QR1P2/6K1 b - - 0 34,b8b4 d2d7 h3d7 f7d7,2140,77,100,89,crushing endgame master quietMove short,https://lichess.org/C7WcsFLE/black#68,
dKuKp,8/2p2k2/5P2/4K2p/1p5P/8/P7/8 w - - 0 35,e5f5 c7c5 f5e5 c5c4 e5d4 c4c3,2161,81,91,4719,crushing endgame long pawnEndgame quietMove,https://lichess.org/GWsfUzpr#69,
dLNFw,8/8/pp3n2/2Pkp1p1/1P2N3/P2K1P2/8/8 b - - 1 40,f6e4 f3e4 d5c6 c5b6 c6b6 a3a4 a6a5 b4b5,2122,98,63,42,crushing defensiveMove endgame quietMove veryLong,https://lichess.org/y3Kfpyye/black#80,
dLVMd,5rk1/5p1p/p5p1/1p6/8/PQ3RPP/1P1q4/1B2rR1K w - - 6 36,b1a2 e1e2 f1f2 e2f2 f3f2 d2f2,2104,78,86,75,crushing long middlegame quietMove,https://lichess.org/QZg65vq6#71,
dLf5R,8/7p/p4kp1/1pp1p3/3pPPP1/1P4P1/P1P1K3/8 w - - 0 34,e2d3 e5f4 g3f4 h7h5 g4h5 g6h5 b3b4 h5h4 b4c5 h4h3,2169,80,89,333,crushing endgame pawnEndgame quietMove veryLong,https://lichess.org/vAiEBCNQ#67,
dLkmy,8/Qb4pk/1p2p2p/3q4/3bpB2/P3P1P1/1P4BP/6K1 w - - 0 30,e3d4 d5d4 g1f1 b7d5 a7c7 d5c4 f1e1 d4d3 c7c4 d3c4,2189,102,76,23,crushing endgame quietMove veryLong,https://lichess.org/I5It8ZIp#59,
dLnuT,3R1bk1/p3r2p/1n4p1/5p2/1Br2PB1/P7/6PP/5R1K b - - 1 27,e7f7 g4d1 g8g7 d1b3,2153,81,90,685,advantage master middlegame quietMove short,https://lichess.org/DptICHAE/black#54,
dLoxI,8/6p1/4p3/1p2P2p/pP2kP2/P1K3P1/7P/8 w - - 0 35,h2h4 g7g6 c3d2 e4f3 d2d3 f3g3,2119,75,93,2224,crushing endgame long pawnEndgame quietMove,https://lichess.org/zw4irIwQ#69,
dMroQ,8/4R3/1kp1pp2/4p3/1pN5/1P2P1n1/1KP5/3r4 b - - 5 33,b6c5 e7a7 c5d5 a7d7,2190,76,90,1152,crushing endgame master quietMove short,https://lichess.org/fEOamNaQ/black#66,
dMxgl,5rk1/ppp1b1pp/3p1r2/3Pnp2/3N4/1B2BP1q/PPP1QR2/R5K1 w - - 3 17,e3f4 f6g6 f2g2 f8f6 f4g5 g6g5,2115,111,48,22,advantage clearance long middlegame quietMove,https://lichess.org/dle0ai3B#33,Four_Knights_Game Four_Knights_Game_Italian_Variation
dN8Yh,r7/pR6/3BR1kp/6p1/P7/3q4/2n2PPP/6K1 b - - 0 32,g6h5 h2h3 c2e3 f2e3,2159,79,81,205,crushing endgame quietMove short,https://lichess.org/SvvRu2pR/black#64,
dNFSs,3q1rk1/5ppp/pp2p3/2p1N3/2Pb4/P2P2P1/1P3PbP/1R1Q1RK1 w - - 0 21,e5f7 d8a8 f7g5 g2f1,2124,87,74,37,advantage middlegame quietMove short,https://lichess.org/sAass0Ie#41,
dNKCX,8/2kn4/p2p2pp/PppP1p2/N1P2P2/4K2P/1P4P1/8 w - b6 0 30,a5b6 d7b6 a4b6 c7b6 e3d2 b6a5 d2c3 a5a4 g2g3 h6h5 b2b3 a4a3,2169,76,91,2286,crushing endgame knightEndgame quietMove veryLong zugzwang,https://lichess.org/TTVKOv8p#59,
dNLmP,8/1p6/p7/P5K1/1k5P/6n1/8/8 b - - 3 67,g3e2 h4h5 e2d4 g5f6,2106,78,86,111,crushing defensiveMove endgame knightEndgame master quietMove short,https://lichess.org/dGQFL6xZ/black#134,
dNh42,5rk1/1b5p/p4pp1/1p2bPN1/5p2/2P4R/PPB2KPP/8 w - - 0 25,g5h7 f8d8 h3d3 d8d3,2119,76,84,583,advantage endgame quietMove short,https://lichess.org/aMGFPfeB#49,
dP89h,8/p4k2/2pqpr1p/6p1/3P2RP/P2Q2R1/P5PK/r7 w - - 1 33,h4g5 f6f1 d3f1 a1f1,2188,75,82,675,advantage endgame quietMove short,https://lichess.org/XlJx1mg4#65,
dPCr7,8/1p6/3p4/1p1k4/1P3P2/3K4/8/8 b - - 0 59,b7b6 d3e3 d5c4 f4f5 c4d5 e3f4,2180,78,91,1305,crushing defensiveMove endgame long master pawnEndgame quietMove,https://lichess.org/R7s6GJpa/black#118,
dPKSK,6k1/7p/6p1/4P3/3K2P1/8/8/8 b - - 0 38,g8f7 g4g5 f7e6 d4e4,2102,77,87,393,crushing defensiveMove endgame pawnEndgame quietMove short,https://lichess.org/JkdOExIL/black#76,
dQimk,6k1/5pp1/bp2p2p/p2qN3/1P2n3/P1P1Q1BP/5PP1/3rR1K1 w - - 1 28,e1d1 d5d1 g1h2 e4d2 e3b6 d2f1,2187,77,82,536,advantage kingsideAttack long master middlegame quietMove,https://lichess.org/0ytK2rqq#55,
dQrK1,5r1k/3R2p1/3p4/3Pp3/4P2p/qP3P1P/6P1/6QK w - - 2 42,g1b1 f8c8 h1h2 c8c1 b1c1 a3c1,2130,76,85,90,advantage endgame long quietMove,https://lichess.org/fF0FZ4p0#83,
dQyKW,2k5/p1q5/2p1p3/p1PPP1p1/4prP1/8/1R3P2/3Q2K1 b - - 0 52,c7e5 d1b3 e5b2 b3b2,2133,410,33,2,crushing endgame quietMove short,https://lichess.org/VXDrutG0/black#104,
dS0VD,r1b1k2r/pp1pqp1p/8/2p2pNQ/2Pb4/8/PPPB2PP/RN5K b kq - 5 14,d4b2 b1c3 b2a1 c3d5,2161,76,89,1055,crushing middlegame quietMove sacrifice short,https://lichess.org/JzFgYPds/black#28,Sicilian_Defense Sicilian_Defense_McDonnell_Attack
dS2UL,8/6p1/4k2p/ppp5/P2pPK1P/1P1P4/2P5/8 b - - 0 36,b5b4 h4h5 g7g6 h5g6 e6f6 g6g7,2152,78,88,60,advancedPawn crushing endgame long pawnEndgame quietMove,https://lichess.org/Z4PbRMsC/black#72,
dSSjX,8/3k4/pp6/2p5/P7/6PK/7P/8 w - - 0 40,h3g4 b6b5 a4b5 a6a5 g4f5 a5a4,2104,75,94,1829,crushing defensiveMove endgame long pawnEndgame quietMove,https://lichess.org/k39CyI2P#79,
dSfXs,1k1n2r1/p7/Pp1qp2p/8/3r4/2R2QP1/5P2/R5K1 b - - 1 32,g8f8 a1c1 d4d1 f3d1 d6d1 c1d1,2178,79,100,44,advantage long middlegame quietMove,https://lichess.org/An4odfzL/black#64,
dSosu,8/7k/4K1pp/8/7P/6P1/8/8 b - - 0 51,h7g7 g3g4 g6g5 h4h5 g7f8 e6f6,2125,89,78,31,crushing endgame long pawnEndgame quietMove,https://lichess.org/U0aXjaQa/black#102,
dT46z,3B4/5k1p/8/2p5/P1Pb4/4p2K/2P5/8 w - - 0 37,d8h4 d4c3 h3g4 e3e2 a4a5 c3a5 c2c3 a5c3,2142,74,96,1434,advancedPawn bishopEndgame crushing endgame quietMove veryLong,https://lichess.org/pKsoPTrC#73,
dTGJZ,R7/1r6/3p2k1/P1pPb2N/2P3Pp/8/6K1/8 w - - 1 50,a5a6 b7b3 g2f2 h4h3,2108,117,87,24,crushing endgame master quietMove short,https://lichess.org/1IIGHdna#99,
dTJh1,2r3k1/5ppp/R1p5/1pQ1Nbq1/2pP4/2P1P3/5PPP/6K1 w - - 3 21,a6c6 c8a8 h2h3 f5h3 g2g4 h3g4,2159,75,91,666,crushing endgame long pin quietMove,https://lichess.org/x1FKNmtQ#41,
dTyDL,4r2k/5Rp1/p6p/1pq4r/8/2P4Q/PP3PP1/3R2K1 w - - 0 30,h3d7 c5e5 g2g3 e5e4 f7f3 e4f3 d7e8 h8h7 e8h5 f3h5,2118,77,91,1445,advantage endgame quietMove veryLong,https://lichess.org/lfDenL2i#59,
dUh0n,8/p7/1p6/5r1p/PkP1R1p1/1P4P1/2K4P/8 w - - 5 39,e4f4 f5f4 g3f4 h5h4 f4f5 b4c5,2144,116,77,33,crushing endgame long quietMove rookEndgame,https://lichess.org/qLmVhJz9#77,
dUlUb,8/8/p6p/1p2kp2/8/PP3KP1/7P/8 b - - 0 54,h6h5 b3b4 e5d5 f3f4,2164,75,83,244,crushing endgame pawnEndgame quietMove short,https://lichess.org/kInZSDVU/black#108,
dUmjn,r4k1r/3Q2bp/pp3pp1/3p4/5PPq/7P/PP6/R1B2K1R b - - 0 26,a8e8 c1d2 f6f5 d2b4,2133,85,91,1066,crushing master middlegame quietMove short,https://lichess.org/GQPYpT0k/black#52,
dUruX,r7/6R1/r3pp1p/7k/1B6/P4P2/2P1K1P1/8 b - - 0 45,e6e5 b4e1 f6f5 g2g4 f5g4 f3g4,2173,78,90,494,endgame long mate mateIn3 quietMove,https://lichess.org/PaUcZgvJ/black#90,
dV0eU,6r1/4P2R/8/5p1P/8/8/5k2/7K w - - 3 46,h5h6 g8g4 e7e8q g4h4,2199,78,91,3910,endgame mate mateIn2 quietMove rookEndgame short,https://lichess.org/BYetwijh#91,
dVAnT,8/8/1p1q4/p3k3/Q5P1/7P/8/6K1 w - - 1 38,h3h4 d6d4 a4d4 e5d4 g1f2 a5a4 h4h5 d4e5 f2e3 a4a3,2138,76,93,3503,crushing endgame queenEndgame quietMove veryLong,https://lichess.org/sf4N9gN0#75,
dVEKa,8/pp6/2p4p/3k2p1/PP1P2P1/3K1P2/8/8 w - - 0 36,d3c3 b7b6 b4b5 c6c5 d4c5 d5c5,2187,220,82,6,crushing endgame long pawnEndgame quietMove zugzwang,https://lichess.org/T3TN78eB#71,
dVRz8,3r4/Qbk2p2/1p1b1p1p/6r1/8/8/PPP3PP/3R1RK1 w - - 2 28,f1f6 d6c5 g1f1 d8d1 f1e2 d1d7 a7b7 c7b7,2186,80,85,1179,crushing discoveredAttack middlegame quietMove veryLong,https://lichess.org/v6jDZaZa#55,
dVk9W,8/p7/5pK1/3kb3/5pPP/5P2/P7/8 b - - 0 42,d5d4 h4h5 d4e3 h5h6 e3f3 h6h7 f3g4 h7h8q,2197,76,85,153,advancedPawn advantage bishopEndgame endgame promotion quietMove veryLong,https://lichess.org/NVjOl5Z1/black#84,
dVkM6,r3k2r/1p5p/pq1p2pB/3Pp3/3Pp3/8/PP3PPP/R2Q2K1 b kq - 0 18,b6d4 d1g4 d4d5 a1c1 h8f8 c1c8 a8c8 g4c8,2102,130,48,25,advantage endgame exposedKing quietMove veryLong,https://lichess.org/FZJIVoor/black#36,Sicilian_Defense Sicilian_Defense_Modern_Variations
dW4gY,r4R1k/3P2p1/4q2p/8/6P1/8/7P/5RK1 b - - 1 38,e6g8 f8g8 h8g8 f1c1 g8f7 c1c8,2134,76,91,645,crushing endgame long quietMove,https://lichess.org/sqTVoZlW/black#76,
dWQzo,3r1rk1/p2n1ppp/2Qp4/7q/5P2/4P3/PPPB2PP/R4RK1 w - - 0 16,c6d6 d7c5 d6e5 h5e5 f4e5 d8d2,2158,74,91,409,advantage long middlegame quietMove,https://lichess.org/85nOC64d#31,Englund_Gambit_Complex Englund_Gambit_Complex_Hartlaub-Charlick_Gambit
dWjXZ,rn3bnr/ppk2p1p/4P3/3Qp2q/2B2Bp1/8/PPP3PP/R4K1R b - - 1 16,f8d6 a1d1 g8f6 d5d6,2198,74,93,7194,crushing middlegame quietMove short,https://lichess.org/kDYevjP1/black#32,Kings_Gambit_Accepted Kings_Gambit_Accepted_Bishops_Gambit
dXNbY,3r4/4bkp1/1n3n1p/8/3N4/p2N4/Rp3PPP/4R1K1 w - - 8 35,d3e5 f7g8 d4c6 d8e8 c6e7 e8e7,2144,83,74,53,advantage defensiveMove long master middlegame quietMove,https://lichess.org/UutsiEoY#69,
dXeC2,8/6k1/p4rp1/R6p/5PKP/6P1/8/8 w - - 0 40,g4g5 f6b6 f4f5 b6b5 a5b5 a6b5,2187,89,83,39,crushing endgame long quietMove rookEndgame,https://lichess.org/0oy74iCy#79,
dXkrj,8/R5k1/6p1/2P2p1p/5P2/2n2N1P/p5PK/2r5 b - - 4 43,g7f6 f3g5 c1h1 h2h1 a2a1q a7a1,2176,76,88,167,crushing endgame long quietMove,https://lichess.org/qrBkJJjs/black#86,
dY4It,8/7p/p5p1/8/1p3PP1/1k6/8/1K6 b - - 0 47,h7h5 f4f5 g6f5 g4g5 b3c3 g5g6,2116,74,84,391,crushing endgame long pawnEndgame quietMove,https://lichess.org/jGPkRVoL/black#94,
dYjRg,6k1/6p1/p2q3p/2p5/Pp3P2/3P4/1PP1rPKP/R1Q5 w - - 1 30,g2f3 e2e6 f4f5 d6d5 f3g3 d5f5,2176,88,76,36,crushing endgame long quietMove,https://lichess.org/hbao0HBZ#59,
dYrJ2,6k1/Qpp2p2/3p2p1/3P4/2P4n/1P5P/P3r2K/8 w - - 1 29,h2g3 g6g5 g3g4 e2g2,2198,75,82,117,advantage endgame master quietMove short,https://lichess.org/33HuyZpo#57,
dYshe,8/8/3pnk2/4p3/4P1P1/5K1N/8/8 b - - 4 51,e6g5 h3g5 f6g5 f3g3 g5f6 g3h4 f6e6 g4g5 d6d5 e4d5,2163,80,85,63,crushing endgame knightEndgame quietMove veryLong zugzwang,https://lichess.org/9yLeg2hD/black#102,
dYxVz,6k1/5p1p/2bN4/p1P1p3/P4p2/7K/6rP/1R6 b - - 1 32,f4f3 d6f5 h7h5 f5e7 g8g7 e7c6,2157,163,100,15,endgame equality fork long quietMove,https://lichess.org/LF7sxPOB/black#64,
dZ4hS,r1r3k1/pp3p1p/1qb1pPpB/3pP1P1/3Q3b/2P5/PP5P/RN3R1K b - - 0 17,b6b2 b1d2 h4f2 d4f2,2137,403,100,5,equality middlegame quietMove short trappedPiece,https://lichess.org/i0qVPMLj/black#34,
dZPLF,1r2rk2/p1p2p2/3p1P2/2pP2R1/4Pn2/2P5/PPBK4/3R4 b - - 0 32,b8b2 d1h1 f4g6 g5h5,2130,76,91,1571,crushing defensiveMove endgame quietMove short,https://lichess.org/0oE5ThBW/black#64,
dZW1l,5r1k/pbr2ppp/4p2B/3qP3/3p3Q/3P3P/PP3RP1/5RK1 b - - 2 23,g7h6 h4f6 h8g8 f2f3 d5f3 g2f3,2167,76,79,159,advantage long middlegame quietMove,https://lichess.org/Msi0kHom/black#46,
dZYXj,8/5p1p/p5p1/1p1k2P1/1P3P1P/3K4/P7/8 b - - 1 40,d5e6 d3d4 e6f5 d4c5 f5f4 c5b6 f4g3 b6a6 g3h4 a6b5 h4g5 a2a4 h7h5 a4a5 h5h4 a5a6,2170,115,83,35,crushing endgame master pawnEndgame quietMove veryLong,https://lichess.org/HeLuKdlH/black#80,
dZwl8,2kr3r/Qp6/2p1p2p/3qP1p1/4N2n/P1P5/1P4PP/R4RK1 w - - 1 21,e4d6 d8d6 f1f2 d6d8 a7a8 c8c7 f2f7 d8d7 f7d7 c7d7,2155,82,73,46,advantage middlegame quietMove veryLong,https://lichess.org/gwu8cANg#41,
daRMi,2kN4/ppp3pp/2n5/3p4/3qp3/5bP1/PPPP2K1/RNB1Q2R w - - 1 16,g2h2 c6e5 g3g4 e5g4 h2g3 d4e5 g3h3 e5h5,2176,116,43,20,crushing middlegame quietMove veryLong,https://lichess.org/fY8hl9qN#31,Italian_Game Italian_Game_Two_Knights_Defense
daWIC,6k1/6p1/p1p5/P3p2Q/1PP5/2q3P1/3r4/5R1K w - - 3 40,h5g5 c3c2 g5h4 d2d6 h1g1 d6h6 h4h6 g7h6,2114,110,25,29,crushing endgame quietMove veryLong,https://lichess.org/QiCRrMe3#79,
dajKT,8/2k1b3/4P1p1/2P1K1p1/4P3/5PpP/6P1/8 b - - 0 63,e7c5 e5f6 c7d8 f6g5 d8e7 g5g6 e7e6 f3f4 c5e7 g6h5,2182,132,76,13,bishopEndgame crushing defensiveMove endgame quietMove veryLong,https://lichess.org/kpKSDGDK/black#126,
daoiU,8/6k1/1p1p2p1/2PP2Kp/1P5P/6P1/8/8 b - - 0 40,b6c5 b4b5 c5c4 g5f4,2148,75,80,97,crushing defensiveMove endgame pawnEndgame quietMove short,https://lichess.org/O3Tn0tWO/black#80,
darKL,8/8/4N2p/1p6/8/2n5/3k1KPP/8 w - - 0 47,h2h4 c3e4 f2f3 b5b4 f3e4 b4b3,2155,89,75,41,crushing endgame knightEndgame long quietMove sacrifice,https://lichess.org/F0Raoe31#93,
datdz,6k1/5p1p/8/4P1p1/8/3p4/1P3K1P/8 b - - 1 39,g8g7 b2b4 g7f8 f2e3 f8e7 e3d3,2191,76,94,385,crushing endgame long pawnEndgame quietMove,https://lichess.org/nf8Nl1ks/black#78,
db3Vx,8/8/5pk1/3R1ppp/3P4/4P1P1/5PK1/2r5 w - - 3 57,d5c5 c1c5 d4c5 g6f7 f2f4 g5g4 g2f2 f7e6,2185,78,63,109,crushing defensiveMove endgame master quietMove rookEndgame veryLong,https://lichess.org/MsqC9SCt#113,
dbPiK,8/5p2/1k4p1/pP1p3p/K2P4/5PPP/8/8 w - - 0 44,f3f4 f7f6 g3g4 h5h4 f4f5 g6g5 a4a3 b6b5,2197,75,85,96,crushing endgame pawnEndgame quietMove veryLong zugzwang,https://lichess.org/wUOsKJTG#87,
dbct6,5k1r/4R1bp/5pp1/p1q5/2B2Pn1/P1Q5/1P4PP/4R1K1 w - - 1 32,e7e3 f6f5 c3a5 g7d4 a5c5 d4c5,2177,75,80,186,advantage clearance long middlegame pin quietMove,https://lichess.org/iEX8REQp#63,
dbzZj,8/p1k5/2p1b3/p1P1Pp2/1P1K1Pp1/6P1/6B1/8 w - - 0 40,b4b5 c6b5 g2d5 e6d5 d4d5 a5a4 e5e6 a4a3 c5c6 a3a2 e6e7 a2a1q,2143,83,89,442,advancedPawn bishopEndgame crushing endgame promotion quietMove veryLong,https://lichess.org/G5TKVuCr#79,
dcKdw,8/2p3k1/p1p3pp/P1PpPP2/1P3KP1/8/8/8 w - - 1 39,g4g5 h6h5 b4b5 c6b5,2120,79,92,2248,crushing endgame pawnEndgame quietMove short,https://lichess.org/TQ1xYU8p#77,
dcYHr,8/ppK5/5k2/5p1p/1P3p2/P7/6PP/8 b - - 1 40,f6e5 c7b7 h5h4 h2h3 f4f3 g2f3,2147,76,91,478,crushing endgame long pawnEndgame quietMove,https://lichess.org/rM35kWGl/black#80,
dckSV,5R2/3r2pk/7p/p3bP2/1pR3P1/8/P1P4K/8 w - - 1 33,h2h3 d7d2 g4g5 h6h5 g5g6 h7h6 f8h8 h6g5 h8h5 g5h5,2115,86,72,33,crushing endgame quietMove veryLong,https://lichess.org/2Uoh5jg5#65,
dd0tb,8/8/5pk1/3p4/8/1P2p2P/P7/5K2 b - - 1 42,f6f5 a2a4 d5d4 f1e2 f5f4 a4a5 d4d3 e2d3,2111,80,90,1781,crushing endgame pawnEndgame quietMove veryLong,https://lichess.org/PRb6jADt/black#84,
de3Fs,5R2/8/6pk/6p1/6r1/4BbPK/5P2/8 b - - 3 39,f3d1 f8d8 d1e2 e3d4 g4d4 d8d4,2177,103,86,19,advantage endgame long quietMove,https://lichess.org/uUeK0cu3/black#78,
de4Mi,8/pk6/1pp1Q3/5p2/4p3/7P/P4PPK/3q4 b - - 2 45,d1d5 e6d5 c6d5 h3h4 d5d4 h2g1 d4d3 g1f1 b7c6 h4h5,2187,80,92,3350,crushing defensiveMove endgame queenEndgame quietMove veryLong,https://lichess.org/cbww84gC/black#90,
deE7f,r1b3k1/p1R3bp/1p4p1/nR2B3/4P3/3K4/P4PPP/8 b - - 3 24,c8a6 c7g7 g8f8 a2a4 a6b5 a4b5,2138,78,92,1414,advantage long middlegame quietMove,https://lichess.org/k4VpdZko/black#48,
dekBF,3r2k1/R5pp/8/2p1q3/5R2/1P1p2QP/P3rPPK/8 w - - 0 30,f4g4 e5g3 g4g3 g7g6 g3d3 d8d3,2100,90,100,24,advantage endgame long quietMove,https://lichess.org/POEgz62x#59,
df7nx,r1b1r1k1/pppq1ppp/3p4/3N4/1P2nP2/3P1Q2/P5PP/R1B2RK1 b - - 0 14,e4f6 d5f6 g7f6 f4f5 d7f5 f3f5 c8f5 f1f5,2114,79,77,120,advantage kingsideAttack middlegame quietMove veryLong,https://lichess.org/NVok3a7Z/black#28,Lion_Defense Lion_Defense_Anti-Philidor
dfIHO,8/2N5/6pp/2KPkp2/2P5/1P5r/1P6/8 b - - 0 41,h3d3 b3b4 f5f4 b4b5 f4f3 b5b6 f3f2 b6b7 f2f1q b7b8q f1f2 c5c6 f2f6 c7e6,2119,76,87,353,advancedPawn crushing defensiveMove discoveredAttack endgame promotion quietMove veryLong,https://lichess.org/SRq9O3E5/black#82,
dffom,1B4k1/1R6/p4ppp/P3p3/4PnPP/1Pr2PK1/8/8 w - - 1 45,b7b6 c3c2 b8e5 f6e5,2187,75,93,2350,crushing endgame master quietMove short,https://lichess.org/USTkuFl9#89,
dfj6k,8/8/5p2/p1pk4/5KP1/1P5P/8/8 w - - 0 48,f4f5 a5a4 b3a4 c5c4 a4a5 c4c3,2168,80,88,107,crushing endgame long pawnEndgame quietMove,https://lichess.org/6rXFtk5n#95,
dfzNR,8/7p/3kP3/5P2/p1rp4/3K3P/3R4/8 b - - 1 47,c4b4 d2e2 b4b3 d3d4 a4a3 e6e7,2135,78,91,2679,advancedPawn crushing endgame long quietMove rookEndgame,https://lichess.org/1CLVtJAF/black#94,
dg40H,r4rk1/pp3ppp/8/1bq1p3/1P1N1Q2/2P2P2/P5PP/R2R2K1 b - - 0 23,c5c3 d4b5 c3a1 f4d2 a1d1 d2d1,2198,77,91,1098,advantage long middlegame quietMove sacrifice trappedPiece,https://lichess.org/s3L41qN1/black#46,
dgF9v,4Q2k/1pq3b1/2p4p/p1P3p1/P7/1BP4P/5r2/3R3K b - - 0 40,g7f8 d1d6 c7g7 d6g6 f2e2 b3e6 e2e1 h1g2,2148,120,76,35,crushing endgame pin quietMove veryLong,https://lichess.org/j0ccBVtJ/black#80,
dgMZC,8/7p/2k1ppp1/2P5/3K1P1P/6P1/8/8 b - - 2 42,h7h6 g3g4 c6b5 g4g5,2126,76,66,170,crushing endgame pawnEndgame quietMove short,https://lichess.org/plcpeQhy/black#84,
dgU6F,8/8/p3kp2/8/3Pp3/1PK5/P7/8 w - - 1 31,c3c4 f6f5 d4d5 e6e5,2174,87,90,2137,crushing defensiveMove endgame pawnEndgame quietMove short,https://lichess.org/Zlmnasro#61,
dh14J,7k/1r5p/p2q2p1/3Pbb2/2P2p2/5P2/P3Q1PP/B1R4K b - - 0 31,b7e7 c1e1 e5a1 e2e7 d6e7 e1e7,2126,75,97,134,advantage long middlegame quietMove,https://lichess.org/ghNhp9uE/black#62,
dh2Me,1r1q1rk1/4p2p/p1pp1bpB/2p5/8/3P4/PPP3PP/R3QRK1 b - - 1 17,f8e8 e1e6 g8h8 f1f6 e7f6 e6f7 e8g8 a1e1 d8f8 h6f8,2177,81,80,136,crushing kingsideAttack middlegame quietMove sacrifice veryLong,https://lichess.org/aUNKuxv1/black#34,Sicilian_Defense Sicilian_Defense_Closed
dh7rS,8/p6p/3K1kp1/5p2/8/7P/8/4B3 w - - 1 47,h3h4 f5f4 d6d5 f6f5,2149,75,87,213,bishopEndgame crushing defensiveMove endgame master quietMove short,https://lichess.org/rYklK2CX#93,
dhMpL,8/2k5/2P4p/p2K2pP/P5P1/4p3/1b6/3B4 b - - 0 47,b2g7 d1f3 g7a1 d5e6,2116,108,70,20,bishopEndgame crushing defensiveMove endgame master quietMove short,https://lichess.org/zQ5eQPnU/black#94,
dhqHu,6k1/6pp/2p5/2QP1p1q/P6n/3P1PP1/3N1RKP/4r3 w - - 1 29,g3h4 h5g6 g2h3 e1g1 c5c4 h7h5,2172,125,68,16,crushing defensiveMove endgame long quietMove,https://lichess.org/gZjc67JX#57,
diCPT,2k5/3b3p/p6p/1pp1b3/3nP3/P2P2qP/1PPN2P1/R2Q1RK1 w - - 2 23,d2f3 d7h3 f1f2 h3g2 f2g2 d4f3 g1f1 g3h3 c2c3 e5f6 d1e2 f6h4 e2e3 f3h2 f1e2 h3g2,2101,117,15,41,advantage deflection kingsideAttack middlegame pin quietMove veryLong,https://lichess.org/b8GIg5X0#45,
diJRM,5rk1/2R2p1p/1p4p1/p7/3P4/2P2Q1P/2q2PP1/6K1 w - - 0 27,c7c6 a5a4 c6b6 a4a3 g1h2 a3a2 b6a6 c2b1,2105,79,91,3704,advancedPawn crushing defensiveMove endgame quietMove veryLong,https://lichess.org/ZLdEH8Xu#53,
diME0,7r/1p2b1pp/r1kp1p2/4p3/pPP2P2/3R4/PK3BPP/4R3 b - - 0 23,b7b5 c4b5 c6b5 e1c1 a6c6 d3d5,2183,107,87,32,crushing endgame long quietMove,https://lichess.org/DFvluCxy/black#46,
diP9k,5k2/7p/6p1/Q1bq1p2/8/6PK/4pP1P/5R2 w - - 0 34,f1e1 g6g5 e1e2 g5g4 h3h4 c5e7 e2e7 d5a5,2189,79,86,263,crushing discoveredAttack endgame quietMove veryLong,https://lichess.org/TXOAGMzN#67,
diUmW,8/p3b1pk/p3p2p/3pP2P/1P1P2K1/P7/3N1P2/8 b - - 1 30,g7g6 d2b3 g6h5 g4h5,2112,99,81,16,advantage endgame quietMove short,https://lichess.org/ltrZPmDF/black#60,
diYWp,3k4/1pp5/4Bp1R/p3pP1P/n3P3/2KP1P2/P5r1/8 w - - 7 38,c3b3 b7b5 h6h8 d8e7 h8h7 e7d6,2146,79,90,692,crushing endgame long quietMove,https://lichess.org/G9FyZqCm#75,
diaz2,r1b2rk1/pp3pp1/2p4p/q2p3N/3P2P1/3NPQ2/PP1b1PB1/1K5R b - - 1 21,a5b5 h5f6 g7f6 g2f1 g8g7 d3f4 b5f1 h1f1,2117,182,43,12,crushing middlegame quietMove sacrifice veryLong,https://lichess.org/xTXio7sQ/black#42,
dicnQ,r6r/2pp4/2k1p3/2q1bp2/2N3p1/1QP3Pp/5P1P/R4RK1 w - - 0 27,a1a8 h8a8 f1b1 a8a7 c4e5 c5e5,2134,77,88,862,crushing long middlegame quietMove,https://lichess.org/nrQJikhl#53,
dilqi,8/p1K5/Ppb5/8/2P2k2/1P6/8/8 b - - 0 58,c6e4 c7b8 e4c2 b3b4 c2b3 b8a7 b3c4 a7b6,2123,134,85,17,bishopEndgame crushing endgame quietMove veryLong,https://lichess.org/yBxmw0jf/black#116,
divxQ,1r1r1bk1/N4pp1/1p3q1p/3b4/2pP4/P3QN2/1P3PPP/2RR2K1 w - - 1 21,f3e5 b6b5 a7b5 b8b5,2109,94,64,27,crushing middlegame quietMove short,https://lichess.org/5WqlOFqH#41,
dj1a4,7k/1b5p/pb2p1pP/1p1pP1N1/1Pr5/3K2R1/2P3P1/8 b - - 11 39,c4b4 g3f3 b4d4 d3e2,2170,78,91,597,advantage defensiveMove endgame quietMove short,https://lichess.org/3SK5E39g/black#78,
dj2WG,8/6B1/p3p3/1p1pPp1p/1P1P1K2/P7/6k1/8 w - - 0 65,f4g5 f5f4 g5f4 h5h4,2159,81,92,7725,bishopEndgame crushing defensiveMove endgame quietMove short,https://lichess.org/3z3A5ggs#129,
djALM,2b2rk1/1p3pp1/2p1p2p/3pP3/2PP1q2/1P1B4/4KPR1/Q7 b - - 3 22,f7f6 a1g1 f8f7 g2g4 f4g4 g1g4,2122,74,94,5501,advantage endgame long master quietMove trappedPiece,https://lichess.org/5snrwRQB/black#44,
djkJs,r1bq1r1k/pp2b1pp/2np4/2pN1p1Q/3p1P2/1B3R2/PPPB2PP/4R1K1 b - - 2 15,e7f6 f3h3 h7h6 h5g6,2110,82,77,51,crushing master middlegame quietMove short,https://lichess.org/s07nbshX/black#30,Four_Knights_Game Four_Knights_Game_Scotch_Variation
djwDp,5rk1/1p4pp/p2p2q1/3Pp3/5n1r/1P3PN1/P2Q2PP/2R2RK1 w - - 0 26,c1c7 g6h6 g3e4 h4h2,2127,75,78,76,crushing master middlegame quietMove short,https://lichess.org/G2HKVWLN#51,
dk5qJ,8/8/6p1/8/6K1/3k3P/8/8 b - - 1 68,d3e4 h3h4 e4d5 g4g5 d5e6 g5g6 e6e7 g6g7,2126,75,78,95,crushing defensiveMove endgame pawnEndgame quietMove veryLong,https://lichess.org/bsDISl1o/black#136,
dk6VN,3r1r1k/1pp1b1pp/p4p2/n2Bp3/1P6/2P1B1P1/P3PP1P/R2R2K1 b - - 0 18,c7c6 d5e6 d8d1 a1d1,2136,76,96,125,crushing middlegame quietMove short,https://lichess.org/gFENqvEk/black#36,English_Opening English_Opening_Kings_English_Variation
dkE9S,8/8/1pppkp2/7p/pPP1K2P/P1P5/5P2/8 b - - 0 36,f6f5 e4f4 e6f6 c4c5 d6c5 b4c5 b6c5 c3c4 f6e6 f4g5,2171,83,90,617,crushing defensiveMove endgame pawnEndgame quietMove veryLong,https://lichess.org/NwqW2NHb/black#72,
dkPCc,r6k/1p2q1pp/2p5/5r2/P7/1QP1p3/4R1PP/RN4K1 w - - 0 22,c3c4 e7f6 b1c3 a8f8 b3d1 f6c3,2120,81,75,56,advantage long middlegame quietMove,https://lichess.org/NBm0qkfA#43,
dkRGr,5r2/5p1k/1q3Ppp/p4b2/3p3Q/1P4R1/P4PPP/1R4K1 b - - 0 31,f5b1 g3h3 h6h5 h4g5 h7g8 h3h5 b6f6 g5f6,2149,125,0,14,advantage discoveredAttack endgame pin quietMove veryLong,https://lichess.org/eNfcmo3Q/black#62,
dknHD,8/2p2p2/p1k1p1p1/1p2P1Pp/1PP1pP1P/2K1P3/P7/8 b - - 1 31,b5c4 c3c4 c6b6 a2a3 a6a5 b4a5 b6a5 c4c5 a5a4 c5c6 a4a3 c6c7,2113,141,48,25,crushing endgame exposedKing pawnEndgame quietMove veryLong zugzwang,https://lichess.org/CqrTlRb6/black#62,
dl4QW,r3kb1r/ppp2ppp/4pq2/3p4/3PnBQ1/3BPP1P/PPP5/RN2K3 b Qkq - 0 12,e4d6 f4g5 h7h5 g4g2 f6g5 g2g5,2195,87,81,41,crushing long middlegame quietMove trappedPiece,https://lichess.org/XTxrnYmo/black#24,Queens_Pawn_Game Queens_Pawn_Game_Accelerated_London_System
dm1fM,8/p7/7p/1PK3p1/k7/6PP/8/8 b - - 0 41,a4a5 g3g4 a5a4 b5b6 a7b6 c5b6,2102,76,85,288,crushing endgame long pawnEndgame quietMove zugzwang,https://lichess.org/rqDMAwfU/black#82,
dm56y,3r1rk1/ppB2ppp/8/3P1q2/2P1p1b1/PP4P1/5P1P/RN1QR1K1 w - - 0 20,d1d2 g4f3 d2e2 f3e2,2108,75,93,1295,advantage middlegame quietMove short,https://lichess.org/iUrJUTPn#39,
dm7QH,r6k/4n1r1/3R1b1p/p1pPp3/2P1Pp2/P1N2P1q/3BQ1B1/R5K1 w - - 0 32,g1f1 a8g8 d6f6 g7g2 f6h6 h3h6 e2g2 g8g2,2118,76,95,220,advantage middlegame quietMove veryLong,https://lichess.org/pR3Y6TUL#63,
dmDHh,3q1r2/3r2nk/pp1b2pp/2pR1p2/P1P2P2/1PQ5/1B2B1PP/R5K1 b - - 0 23,d6f4 a1d1 f8f7 d5d7 d8d7 d1d7,2168,75,85,314,crushing long middlegame quietMove,https://lichess.org/3DUl1Xh0/black#46,
dmaet,8/7p/p6P/1p2k1p1/5p2/3K1p2/P7/6R1 w - - 0 47,g1f1 g5g4 f1e1 e5f5 e1e8 g4g3,2104,76,84,225,crushing defensiveMove endgame long quietMove rookEndgame,https://lichess.org/eVwuTUKv#93,
dmbQ4,2k2r2/ppp2q2/8/4P1p1/1n1rp2p/2Q4P/PP3PPB/R4RK1 b - - 7 23,f7c4 a1c1 c4c3 b2c3 d4d2 c3b4,2152,79,91,205,crushing fork long middlegame quietMove,https://lichess.org/8KYJuUMy/black#46,
dmsvE,8/3Q1ppk/p1p3p1/1q6/6P1/P6P/1P6/7K b - - 4 36,b5d5 d7d5 c6d5 b2b4 h7h6 a3a4,2131,76,93,1698,crushing defensiveMove endgame long queenEndgame quietMove,https://lichess.org/TzI9Ik7c/black#72,
dnMB5,2r2rk1/pp3b2/1q1b2p1/3p2N1/3P2Q1/4B2P/PPn5/R3R1K1 b - - 1 24,c2a1 g4h4 g8g7 h4h7 g7f6 g5f7 d6f4 e3f4,2186,102,82,44,crushing exposedKing kingsideAttack middlegame quietMove veryLong,https://lichess.org/9epTdXxq/black#48,
dnN2g,8/pb3ppp/1k6/2p1PP2/2P2r2/1PK1R2P/5N2/8 w - - 1 33,e5e6 f4f2 e6e7 b7c6 e7e8q c6e8,2167,78,92,2758,crushing endgame hangingPiece long quietMove,https://lichess.org/x6CFgMhn#65,
dnTJf,3r4/p1q3k1/6p1/7p/8/5r1P/P2pQPP1/3R2K1 w - - 0 38,e2f3 d8e8 g2g3 e8e1,2146,79,86,64,crushing endgame master quietMove short,https://lichess.org/5UsA8oms#75,
dnYea,r2q1rk1/1p1n4/p2p3p/2pP2p1/2P2p2/5RP1/PPBQ3P/5RK1 b - - 2 21,f4g3 d2d3 d8e7 d3g6 e7g7 g6e6 g8h8 f3f7,2141,75,85,92,crushing exposedKing middlegame quietMove veryLong,https://lichess.org/Xh3uLhz5/black#42,
dnoLh,3rr1k1/3q1p1p/1pp1b1pQ/8/2P1BN2/3P2PP/2P4K/5R2 b - - 1 23,e6c4 f4h5 g6h5 e4h7,2115,72,93,7728,crushing master middlegame quietMove sacrifice short,https://lichess.org/wZEbSnxb/black#46,
dnuBU,r1r3k1/pp2qpb1/3R2p1/4p2p/1Q2P2P/P3B3/1PP2PP1/1K5R w - - 4 21,e3c5 c8c5 b4c5 g7f8 d6g6 f7g6,2162,80,93,2010,advantage long middlegame quietMove sacrifice,https://lichess.org/6IQv0jHC#41,
dnz6D,2r3k1/6p1/2p1pq1p/7P/1p1PpPQ1/p1B1P3/R5RK/1r6 w - - 0 45,c3d2 c8a8 d2b4 b1b4,2164,103,71,28,advantage middlegame quietMove short,https://lichess.org/BjGNZqj8#89,
do1Xq,8/6pp/8/p1k2PP1/7P/2K5/8/8 b - - 0 47,c5d5 h4h5 d5d6 f5f6 g7g6 h5g6,2195,81,88,1016,crushing endgame long pawnEndgame quietMove,https://lichess.org/DM17I8V4/black#94,
do5AW,2krq2r/1pp1b3/p4p2/3p2p1/3P2b1/4PN2/PPQ2P1B/2R2RK1 b - - 1 20,d8d7 h2c7 h8h1 g1h1 g4f3 h1g1 f3e4 c2c3 e7b4 c3b4,2187,93,79,25,crushing middlegame quietMove veryLong,https://lichess.org/4rfDVgMY/black#40,
dok4C,6k1/5pp1/r7/1p4p1/1BpPP3/1nP5/6P1/3R2K1 b - - 0 31,a6a1 d1a1 b3a1 d4d5 a1c2 b4c5 c2e1 d5d6 e1d3 d6d7,2119,97,78,43,advancedPawn crushing endgame quietMove veryLong,https://lichess.org/jUpEdmgR/black#62,
donYV,2k5/2P2ppp/8/3qP3/B7/1pR3P1/1P5P/1K6 b - - 1 36,d5d4 a4b5 d4e4 b5d3 e4d3 c3d3,2129,124,86,26,crushing defensiveMove endgame long quietMove,https://lichess.org/ojeXicFU/black#72,
dpCHX,rn1q4/1p5p/8/ppbp2kP/8/PPPPP3/4K3/R2QB3 b - - 1 25,d8f8 e1h4 g5h6 d1g1 c5e7 a1f1,2122,76,85,147,clearance crushing long middlegame quietMove,https://lichess.org/DccIJ09o/black#50,
dpDvx,r1bqr3/pp1p1Q2/7k/6p1/4PBP1/5P2/Pb5P/RN2K2R b KQ - 0 20,g5f4 h2h4 d8a5 b1d2,2194,91,76,30,crushing defensiveMove middlegame quietMove short,https://lichess.org/4HMLr6gn/black#40,
dpGNj,r7/p4rk1/1nB3p1/1p1p2qp/3P4/P1P1P2P/5P1K/R1Q2R2 w - - 1 27,c6b5 f7f3 b5e2 a8f8 e2f3 f8f3 c1d1 g5f5 d1f3 f5f3,2173,77,90,335,advantage middlegame quietMove sacrifice veryLong,https://lichess.org/Ns0X77wQ#53,
dpSbp,3r1rk1/pp1q1pb1/2p1bnpp/4p3/4P3/2N1B2P/PPP1BPP1/R2Q1RK1 w - - 2 16,e3a7 d7c7 d1c1 b7b6 a7b6 c7b6,2103,75,95,6172,crushing long middlegame quietMove trappedPiece,https://lichess.org/ehAlypES#31,Pirc_Defense Pirc_Defense_Classical_Variation
dplpg,r1q1r3/4bk1p/2p2n2/p1Pp1p1p/Q2P4/P1N2P1P/5P1B/1R3R1K w - - 0 24,b1b6 f5f4 a4c6 c8h3 c6e6 h3e6 b6e6 f7e6,2168,79,90,320,advantage discoveredAttack middlegame pin quietMove veryLong,https://lichess.org/3WOxcFW9#47,
dpzBW,8/5pk1/5bp1/q1p2p1p/2P2P1P/4QKP1/2P1B3/8 w - - 9 47,e2d3 f6d4 e3e8 a5a1 c2c3 a1h1,2128,258,67,4,crushing endgame long quietMove,https://lichess.org/i7F5xxZC#93,
dqkjG,r3r1k1/p4p2/2p1p1bQ/4P2P/1P1p4/P4PB1/6PK/3q4 b - - 0 30,g6f5 g3h4 d1c1 h6c1,2103,79,82,81,crushing endgame quietMove short,https://lichess.org/lMGxNypc/black#60,
dr1X8,8/p4p2/4k2p/2pr1p2/1PB1p2P/2K1P1P1/P4P2/8 b - - 0 35,e6d6 c4d5 d6d5 b4b5 c5c4 c3b4 c4c3 b4c3,2198,80,90,326,crushing endgame master masterVsMaster quietMove veryLong,https://lichess.org/mdNpa6lQ/black#70,
dr532,8/p6p/5k2/6p1/1P2Pp2/5KP1/7P/8 b - - 1 42,f6e5 g3f4 g5f4 b4b5 h7h6 h2h3 e5d4 f3f4,2120,78,88,70,crushing endgame pawnEndgame quietMove veryLong zugzwang,https://lichess.org/qwc5wXQX/black#84,
dr7Na,8/2p5/p7/1p1K4/1P6/P1P5/4k3/8 b - - 0 39,e2d2 c3c4 d2c3 c4c5 a6a5 b4a5,2199,76,85,120,crushing endgame long pawnEndgame quietMove,https://lichess.org/N3MOTaXR/black#78,
drIA4,4b1k1/1p5p/2p1pPpB/2PpP3/8/6N1/1p3qPP/Q6K w - - 0 46,a1b1 g6g5 f6f7 e8f7,2156,75,92,2755,crushing endgame quietMove short,https://lichess.org/G0Q3wLKv#91,
drO64,r1bq1rk1/pppp1pp1/1n5p/1N6/P2Q4/5NP1/1PP2KP1/R6R b - - 0 18,a7a6 h1h6 d7d5 a1h1 g7h6 h1h6 f7f6 d4h4,2158,75,94,304,clearance crushing middlegame quietMove sacrifice veryLong,https://lichess.org/uilsxS6Y/black#36,Kings_Gambit_Accepted Kings_Gambit_Accepted_Cunningham_Defense
drWaJ,1r2kb1r/pb1q1ppp/5n2/4p3/3p4/1QN3P1/PP2PPBP/R1BR2K1 w k - 0 13,e2e3 f8d6 g2b7 b8b7,2161,77,87,232,crushing opening quietMove short,https://lichess.org/EyTH3VKI#25,Kings_Indian_Attack Kings_Indian_Attack_French_Variation
ds5aw,r3r2k/pp1PB1bp/4Q1pn/qP4N1/8/8/5PPP/5RK1 b - - 0 25,e8e7 e6e7 a5d8 f1e1 d8e7 e1e7,2136,79,68,53,advantage hangingPiece long middlegame quietMove,https://lichess.org/5ZuyQEeZ/black#50,
dsI1s,4r1k1/p5p1/3r2p1/8/2Pp3P/1P1R2PK/P3p3/4R3 w - - 2 35,h3g4 d6f6 d3d4 f6f1 e1e2 e8e2,2124,74,98,230,advantage endgame long quietMove rookEndgame,https://lichess.org/1SttDJfF#69,
dsNaE,2k5/5pp1/pB2p1q1/1p6/2r1P2r/5PPp/P1PQ3P/R5K1 b - - 2 30,g6f6 a1d1 c8b7 b6a5,2132,137,44,13,crushing defensiveMove endgame quietMove short,https://lichess.org/BPmOb4Tk/black#60,
dsanO,8/1p5p/p3k1p1/8/2P1p1P1/PP5P/4K3/8 b - - 1 36,g6g5 e2e3 e6e5 b3b4 b7b5 c4c5 e5d5 c5c6 d5c6 e3e4,2160,118,86,14,crushing deflection endgame pawnEndgame quietMove veryLong zugzwang,https://lichess.org/lxgY6Qus/black#72,
dt9X4,2k5/P1n5/1K6/2N3p1/7p/1P6/7P/8 w - - 0 42,c5a6 c7a8 b6c6 g5g4 b3b4 g4g3 h2g3 h4h3 a6c5 h3h2 c5e4 h2h1q,2144,75,92,2809,advancedPawn crushing endgame knightEndgame pin promotion quietMove veryLong,https://lichess.org/71yXa9cD#83,
dtBmf,8/1p6/p1p5/8/3P1k1p/2P2p2/PP3K1P/8 b - - 0 48,b7b6 c3c4 f4e4 d4d5 c6d5 c4d5,2166,75,81,134,crushing endgame long pawnEndgame quietMove,https://lichess.org/6ESUkxT9/black#96,
dtJAd,8/6p1/1p2k1p1/p3p3/P1P1K1PP/1P6/8/8 b - - 0 32,g6g5 h4h5 e6d6 e4f5 d6c5 f5e5,2100,77,91,66,crushing endgame long pawnEndgame quietMove zugzwang,https://lichess.org/mkjJcRgQ/black#64,
dtOnk,r5k1/pp1b1ppp/4p3/8/8/P2rPN2/1P2KPPP/2R4R b - - 1 17,d7b5 a3a4 b5a6 b2b4 d3b3 b4b5,2160,76,92,2860,advantage defensiveMove endgame long quietMove,https://lichess.org/UnELPDYJ/black#34,Queens_Pawn_Game Queens_Pawn_Game_Colle_System
dtPiH,3r4/k1P4p/p4pp1/4p3/P3K1P1/5P2/1R5P/8 b - - 0 41,d8c8 b2c2 a7b7 e4d5 c8c7 c2c7 b7c7 d5e6 c7b6 e6f6,2125,75,87,196,crushing endgame quietMove rookEndgame veryLong,https://lichess.org/HrdHkSdE/black#82,
dtzcR,8/8/4k2p/6pr/R6P/7K/6P1/8 b - - 3 45,e6d5 g2g3 g5g4 h3g4,2142,75,91,1226,crushing endgame quietMove rookEndgame short,https://lichess.org/AlOzYbRx/black#90,
duDJN,2qb2k1/1p6/2p3B1/p3p3/2P2Pp1/4B2b/PP2Q2P/6K1 b - - 0 26,e5f4 e3d4 d8f6 d4f6,2154,77,89,912,crushing endgame quietMove short,https://lichess.org/9CCzPl7E/black#52,
duEp5,8/5p1k/p3b1pp/1pR5/1P5P/P3Q1P1/5P1K/5q2 w - - 7 46,c5c1 f1h3 h2g1 e6d5 f2f3 h3g3 g1f1 d5c4 c1c4 b5c4,2166,77,85,646,crushing endgame quietMove veryLong,https://lichess.org/NOBEOIPW#91,
duOzX,1r2k3/1b1r2p1/pQnp1q1p/1p2p3/4P3/2P2N2/PPNR1PPP/2K4R w - - 4 20,c2e3 b7a8 b6a6 d7a7 a6a7 c6a7,2115,78,94,11450,advantage clearance long middlegame quietMove trappedPiece,https://lichess.org/P9Tw50PL#39,
duc5I,R7/3N1ppk/3b2np/8/P3p3/4B1PP/5P1K/3r4 b - - 0 31,g6e5 d7e5 d6e5 a4a5 d1a1 a5a6,2134,76,90,592,crushing endgame long quietMove,https://lichess.org/xlFdUgys/black#62,
duw2s,5k2/2p4p/2p2p2/2Pr4/p4qP1/P1Q1R3/1P5P/2K5 w - - 0 36,c1b1 d5d1 b1c2 f4f1 c3d2 d1d2,2107,84,91,3215,crushing endgame long quietMove,https://lichess.org/Unh8fvrq#71,
dv99k,2b2rk1/2p3pp/1p1p1bq1/pP1Pp3/2P1P3/8/P3Q1PP/2B2RNK w - - 3 29,e2f3 f6e7 f3e2 f8f1 e2f1 g6e4,2105,79,90,520,crushing discoveredAttack long middlegame quietMove,https://lichess.org/IGu9YPuO#57,
dvCYS,7k/1bp3p1/pp2Q2p/3Pp3/1b6/5R2/PP2KP2/5Bq1 b - - 5 30,g1g5 e6e8 h8h7 f1h3 b7d5 h3f5,2142,140,67,29,advantage endgame long quietMove,https://lichess.org/D15FUbzg/black#60,
dvRJX,2kr1bnr/pppb1ppp/2nq4/3Np3/1PQ3P1/B7/P2PPPBP/R3K1NR b KQ - 2 9,c6e7 b4b5 d7b5 c4b5,2153,79,85,340,crushing opening quietMove short,https://lichess.org/9CDuopwu/black#18,Grob_Opening Grob_Opening_Grob_Gambit
dvYej,2r1r1k1/1p4p1/q5p1/3P2Pn/nP1Q1p2/P1p1P2P/5PB1/B1KR3R w - - 2 27,g2f1 b7b5 f1b5 a6b5,2192,97,83,20,advantage middlegame quietMove short,https://lichess.org/XB6ZnZOh#53,
dvrgo,8/1p6/8/k3p3/2K5/1P6/P7/8 b - - 0 56,e5e4 a2a3 e4e3 c4d3 e3e2 d3e2,2144,74,93,1650,crushing endgame long pawnEndgame quietMove,https://lichess.org/0sBGMsx5/black#112,
dvrsZ,4r1k1/1p4pp/p2p1b2/2pP4/8/3P1Q2/PP4PP/6K1 w - - 0 23,g1f1 f6h4 f3d1 e8e1 d1e1 h4e1,2138,76,84,261,advantage endgame fork long quietMove,https://lichess.org/yPcRp1t4#45,
dvsCS,4k3/7R/2K5/p1P5/5P2/8/7p/7r w - - 0 41,f4f5 a5a4 f5f6 e8f8 h7h3 f8f7,2179,117,100,26,crushing endgame long quietMove rookEndgame,https://lichess.org/ycUIFet5#81,
dw4Vj,3k1r2/7R/2pp2Q1/1p2q3/4P3/3B1P2/2P1K3/r7 b - - 5 40,a1a6 g6g4 e5e7 h7e7,2188,108,44,16,crushing endgame quietMove short,https://lichess.org/wWMHpoxP/black#80,
dwCdH,2b5/8/1K6/p7/k1P1N1p1/6P1/8/8 w - - 0 59,c4c5 a4b4 e4d6 c8e6 d6b7 a5a4,2147,89,82,33,crushing defensiveMove endgame long quietMove,https://lichess.org/glPrwQY9#117,
dwHoR,r4rk1/pp2p1n1/1n1p1pQ1/2pPPp2/q1P2P2/2P2R2/P2B2PP/R5K1 b - - 1 19,f6e5 f3g3 f8f7 f4e5 d6e5 d2h6,2118,76,90,1179,clearance crushing intermezzo long master middlegame quietMove,https://lichess.org/rkbZ3o4U/black#38,Modern_Defense Modern_Defense_Averbakh_System
dwIDh,2r5/R6p/3K2k1/2p3p1/2Pp4/7P/P1P5/8 w - - 2 33,a7c7 c8c7 d6c7 h7h5 a2a4 g5g4 h3g4 h5h4,2148,76,90,419,crushing defensiveMove endgame quietMove rookEndgame veryLong,https://lichess.org/zPQsHUoN#65,
dwSSG,8/1B3ppp/P7/1R2p3/3b2Pk/r6P/5PK1/8 b - - 2 39,a3h3 b7f3 f7f5 g4f5,2159,81,82,81,advantage endgame quietMove short,https://lichess.org/EjVCRyv4/black#78,
dwmLv,r7/p2R2pk/1p1R4/2p5/2P1pqrP/2Q3P1/PP3P2/6K1 w - - 1 28,g1h2 f4f2 h2h3 a8f8 c3e5 f8f5,2142,253,39,4,crushing endgame long quietMove,https://lichess.org/YSiGhUWH#55,
dwpl3,2kr2r1/Qpp2p2/3p1q2/3Pp2p/1PB3b1/P2P4/1BP2PP1/2R3K1 b - - 0 22,g4h3 c4b5 g8g2 g1h1 g2h2 h1h2 f6f4 h2h3,2148,84,81,34,crushing middlegame quietMove veryLong,https://lichess.org/a0lEILiG/black#44,
dxh8Y,8/7p/8/5pk1/8/3N1K2/2p5/8 w - - 0 44,f3g3 h7h5 g3f3 h5h4 d3c1 f5f4 c1e2 h4h3,2113,94,78,23,crushing endgame knightEndgame quietMove veryLong,https://lichess.org/FkBdZUWL#87,
dygmt,r2q4/ppp1r3/5knQ/5b1P/2Bn3R/8/PPP2PP1/RN3K2 b - - 2 23,d4c2 b1c3 e7h7 h6h7,2145,82,77,66,crushing middlegame pin quietMove short,https://lichess.org/ZlTrC1xD/black#46,
dyyvn,3r1rk1/pp3p1p/2p1p1p1/8/1nP1NP2/1P1P3P/P2R2P1/R5K1 b - - 2 24,b4d3 a1d1 d8d4 e4c5 d3c5 d2d4,2123,82,90,1097,crushing endgame long quietMove,https://lichess.org/l3wANdKX/black#48,
dz3Vf,5rk1/p1P3b1/3p2b1/3pp3/1P5p/P3Q1Pq/1B2PP2/R4RK1 w - - 0 25,a1c1 g6e4 f2f3 h4g3,2122,77,84,57,advantage middlegame quietMove short,https://lichess.org/j7xV7vjR#49,
dzFzJ,r5rk/1p5p/p1q2pn1/P1p5/2P2P2/1Q4BP/1PN2P2/R3R1K1 w - - 3 28,g1h2 g6h4 e1g1 h4f3 b3f3 c6f3,2164,74,100,221,advantage fork long middlegame quietMove,https://lichess.org/6zRSqVCv#55,
dzYWI,8/1R6/2Bp1rpk/3P1p1p/5P1P/2n2KP1/8/8 b - - 10 46,c3d1 b7b3 f6f7 f3e2 f7a7 e2d1,2106,104,80,32,crushing endgame long quietMove trappedPiece,https://lichess.org/vagADxhS/black#92,
dzqcp,8/8/8/r7/6PP/5PK1/pk6/7R w - - 0 49,f3f4 a5a3 g3f2 a3c3 g4g5 c3c1 h1c1 b2c1,2179,75,93,806,crushing endgame quietMove rookEndgame veryLong,https://lichess.org/uaRlXIy0#97,
dzvcD,8/8/3kb3/1p3p2/pP1Kp2p/P3P2P/5P2/3B4 w - - 0 39,f2f4 e6c4 d1a4 c4f1 a4c2 f1h3,2161,78,89,982,bishopEndgame crushing endgame long quietMove,https://lichess.org/wwXINYYZ#77,
dzzad,8/8/6p1/p3K2k/P4P2/8/8/8 b - - 1 43,g6g5 f4f5 g5g4 f5f6 h5g6 e5e6 g4g3 f6f7 g6g7 e6e7,2177,75,96,354,advancedPawn crushing defensiveMove endgame pawnEndgame quietMove veryLong,https://lichess.org/iMkAjhXC/black#86,
e0KW1,8/p7/3k2pp/3P1p2/2K5/7P/P5P1/8 w - - 0 33,c4d4 g6g5 a2a4 a7a5 g2g3 h6h5,2174,79,84,50,crushing defensiveMove endgame long master pawnEndgame quietMove,https://lichess.org/U0s7OSwL#65,
e0sM9,1r4k1/ppp2pp1/2n4Q/8/3P4/P3PK2/1q3P2/6R1 b - - 0 30,g7g6 g1h1 c6d4 e3d4 b2c3 f3g2 c3d4 h6h7 g8f8 h7h8 d4h8 h1h8 f8e7 h8b8,2187,75,92,3412,advantage endgame quietMove skewer veryLong,https://lichess.org/O3ZJce8J/black#60,
e1DlE,8/5p2/R1p3k1/1pN3n1/1P4P1/P5Kr/5P2/8 w - - 3 46,g3f4 f7f6 f2f3 h3f3,2115,77,91,430,endgame hookMate mate mateIn2 quietMove short,https://lichess.org/tqOoCb6m#91,
e1G7x,r2q1rk1/3nbpp1/p2p1n1B/Ppp5/3PP3/2N2R2/1PPQ2PP/R5K1 b - - 0 17,g7h6 d2h6 f6h7 f3h3 e7h4 h3h4 d8h4 h6h4,2155,78,84,73,crushing middlegame quietMove veryLong,https://lichess.org/cu6hUCaB/black#34,Kings_Gambit_Declined Kings_Gambit_Declined_Queens_Knight_Defense
e1m9g,3r4/1p6/p6k/2PN2pp/1PP1Kp2/P2B4/1b6/6R1 w - - 2 51,e4f5 d8e8 d5f4 e8e5,2175,91,66,46,advantage endgame quietMove short,https://lichess.org/Od3vgrlz#101,
e1o6t,2r4k/6p1/7p/2p5/3p2P1/R6P/PP3PK1/8 w - - 0 33,a3f3 c5c4 a2a4 c4c3 b2c3 d4c3,2186,76,92,1058,crushing endgame long quietMove rookEndgame,https://lichess.org/4L2WOktR#65,
e257m,8/4k1p1/1p2p2p/4K3/PpP3PP/1P6/8/8 b - - 0 32,g7g5 h4h5 e7d7 e5f6 d7d6 f6g6 d6e7 g6h6,2138,79,92,1158,crushing endgame pawnEndgame quietMove veryLong zugzwang,https://lichess.org/cjQbhMo2/black#64,
e2qkT,6B1/7p/2b2kpP/2p2p2/8/P1K1P1P1/8/8 w - - 6 40,g8h7 c6d5 a3a4 f6g5,2199,78,89,576,bishopEndgame crushing endgame master quietMove short,https://lichess.org/KufLuRAV#79,
e35jx,r4rk1/p1p2p1p/3q2pQ/6B1/3p1P2/1PbB1R2/6PP/6K1 b - - 2 22,a8e8 f3h3 e8e1 g1f2 d6f4 g5f4,2116,76,100,83,crushing long middlegame quietMove,https://lichess.org/tr3G7Bhc/black#44,
e3IzW,8/5p2/4p1p1/4P3/4KPP1/1k6/8/8 w - - 0 50,f4f5 g6g5 e4d3 b3b4 f5e6 f7e6 d3d4 b4b5,2160,140,100,40,crushing defensiveMove endgame pawnEndgame quietMove veryLong,https://lichess.org/wDaI13QR#99,
e3TN3,Q7/6pk/p2b1p1p/1p5P/3P4/8/3r2P1/6K1 w - - 5 36,a8a6 d6g3 a6a1 d2e2 a1b1 h7h8,2164,78,92,281,crushing defensiveMove endgame long quietMove,https://lichess.org/iNse3EwE#71,
e3zf5,5rk1/1r3p2/1q3RnQ/3p2P1/2np4/2p5/5BK1/R7 b - - 1 31,b6b2 a1h1 c4e3 g2g3 e3f5 f6f5,2107,110,75,18,crushing defensiveMove long middlegame quietMove,https://lichess.org/m5FZRy6c/black#62,
e428y,8/1p5p/8/2k5/1pP5/3K2P1/7P/8 w - - 4 40,h2h4 h7h5 g3g4 h5g4 h4h5 g4g3 h5h6 g3g2 h6h7 g2g1q,2146,76,98,312,advancedPawn crushing endgame pawnEndgame promotion quietMove veryLong,https://lichess.org/t9l9Rlos#79,
e4Ba3,8/8/k3p1N1/P2pPp1p/1K3P1P/8/4n3/8 w - - 1 55,b4a4 d5d4 a4b3 d4d3 g6f8 e2f4,2142,80,66,79,crushing endgame knightEndgame long quietMove,https://lichess.org/z5uv2YSY#109,
e4OEL,8/5pk1/7p/5PrP/8/4PK2/6R1/8 b - - 2 46,g5g2 f3g2 g7f6 e3e4 f6e5 g2f3 e5d4 f3f4 f7f6 f4f3,2138,77,93,2208,crushing defensiveMove endgame quietMove veryLong,https://lichess.org/ZyryiZX4/black#92,
e4jhd,3r4/8/8/4B3/PPK4p/7k/8/8 b - - 5 57,h3g2 b4b5 d8a8 c4b4,2110,78,89,675,crushing defensiveMove endgame master masterVsMaster quietMove short,https://lichess.org/mhRXUgRv/black#114,
e4lPq,7k/p1p2p2/5p2/4p2p/2B1PP2/N1P4b/PP1q3P/6QK w - - 1 24,c4f7 h3g4 g1f1 d2e3,2129,77,91,1593,crushing endgame master quietMove short,https://lichess.org/X2r8YTeU#47,
e59wr,1R1r2k1/5ppp/2p1b3/r1q5/2P1p2P/4PQP1/5PB1/1R4K1 b - - 1 28,e4f3 b8d8 c5f8 b1b8 g7g6 d8f8,2105,85,81,43,crushing hangingPiece long middlegame pin quietMove,https://lichess.org/WQcm1iNY/black#56,
e5ai8,4k3/8/3p4/3p3P/4p3/6PK/5P2/8 w - - 3 61,h3g4 d5d4 g4f4 d6d5,2178,78,89,92,crushing defensiveMove endgame pawnEndgame quietMove short,https://lichess.org/ApeS3xUg#121,
e5q0N,8/8/6k1/1Kp5/2Pb4/6Bp/P7/8 b - - 1 47,g6f7 a2a4 f7f6 a4a5 d4e5 a5a6 e5g3 a6a7 h3h2 a7a8q,2164,78,88,736,advancedPawn bishopEndgame crushing endgame promotion quietMove sacrifice veryLong,https://lichess.org/lGj55nxO/black#94,
e61k1,1r1q1rk1/Qppbbppp/3p1n2/8/2P5/2N3P1/PP2PPBP/R1B2RK1 w - - 3 11,g2b7 c7c6 c1e3 d8c7 b7c6 c7c6,2158,75,95,7572,advantage clearance long opening quietMove,https://lichess.org/5B3iQNg0#21,English_Opening English_Opening_Other_variations
e65c6,3r4/P1kN4/2P5/2K5/5p2/5P1p/2Pn3P/8 b - - 0 46,d2f3 d7b6 f3e5 b6d5 d8d5 c5d5,2130,84,84,40,crushing endgame exposedKing long quietMove,https://lichess.org/vCrDlvIN/black#92,
e6SVf,2rq3r/1b3pk1/p3p3/1p1pPn1p/3P2p1/2N3P1/PPBQ1PK1/R6R b - - 1 25,b5b4 c3e2 c8c2 d2c2,2183,84,81,38,advantage middlegame quietMove short,https://lichess.org/tzZ7Gp7x/black#50,
e6okY,4rrk1/5ppp/pp1b1n2/8/2P5/1P1PpNqP/PB4B1/R2Q1RK1 w - - 5 22,d1e2 f6h5 e2e1 e3e2,2175,76,76,186,advancedPawn advantage middlegame quietMove short,https://lichess.org/YHDvRYiF#43,
e72ce,k2r4/p5PR/5P2/8/2P5/1P1p4/P2r4/2K5 b - - 1 50,d2c2 c1b1 d3d2 h7h1 c2c3 f6f7 d2d1q h1d1,2114,167,56,19,advancedPawn crushing endgame quietMove rookEndgame veryLong,https://lichess.org/76i5SVrX/black#100,
e7TbE,5r1k/3R2b1/7p/2p3pq/4Q3/5p2/P4P2/5BK1 b - - 1 36,h5e8 d7e7 e8c8 f1d3 c8f5 e4f5,2110,75,77,135,crushing endgame long master quietMove,https://lichess.org/Hg7jw5rl/black#72,
e7enx,3r1k2/4b3/4Q1p1/1NpPP1Pp/2P4P/3q1K2/6RB/8 w - - 7 50,f3f2 d8a8 e6c8 a8c8,2102,76,83,81,crushing master middlegame quietMove short,https://lichess.org/GQYM8Whs#99,
e7peW,r1b2rk1/p1qn2p1/6QB/1pp5/2PpN3/PP3N1P/5PP1/R5K1 b - - 0 27,d7f6 f3g5 c8f5 g6f5,2125,75,87,402,crushing middlegame pin quietMove short,https://lichess.org/PRHSpCQU/black#54,
e8Aik,8/4N3/6p1/4p2p/5n1P/3k1K2/8/8 b - - 7 55,e5e4 f3f4 e4e3 e7g6 d3d4 g6e5 e3e2 e5f3,2140,83,73,31,crushing endgame hangingPiece knightEndgame quietMove veryLong,https://lichess.org/dyZSfkWa/black#110,
e8DMI,8/8/7p/3pKp1k/3P3P/8/8/8 w - - 6 39,e5d5 f5f4 d5e4 h5g4,2156,76,90,1017,crushing endgame pawnEndgame quietMove short,https://lichess.org/ISazRrZl#77,
e9MgF,8/8/7p/5pp1/r7/P1k4P/5PP1/R1K5 w - - 2 48,c1b1 a4e4 a3a4 c3b3 b1c1 e4e1 c1d2 e1a1,2161,74,94,5866,crushing endgame exposedKing master quietMove rookEndgame skewer veryLong,https://lichess.org/SWLU6nYc#95,
e9QMY,1r1qr3/6bk/3p1n2/3PnR1p/1p1B4/1P4PP/P2Q2BK/5R2 b - - 0 28,g7h6 d2c2 b8c8 c2b1,2168,122,67,14,crushing defensiveMove master middlegame quietMove short,https://lichess.org/loPLlUAb/black#56,
e9jcn,6k1/r1p1qpp1/2Q1p2p/3p4/3P4/p3PN2/5PPP/1R4K1 w - - 1 21,c6c5 e7c5 d4c5 a3a2 b1a1 a7b7 f3d2 b7b2,2182,77,97,160,advancedPawn advantage endgame quietMove veryLong,https://lichess.org/jspFI1uz#41,
e9yqw,2b5/5p2/7p/pk6/8/1NP3P1/2K4P/8 b - - 3 47,c8e6 b3d4 b5c5 d4e6 f7e6 g3g4 c5d5 h2h4,2192,94,88,28,crushing defensiveMove endgame quietMove veryLong,https://lichess.org/XiUx86Z5/black#94,
eAjet,r7/5Npp/8/8/P2k4/2p5/3n1PPP/1r1RR1K1 w - - 1 28,d1d2 c3d2 e1b1 a8c8 b1d1 c8c1,2184,79,90,639,advancedPawn crushing endgame long pin quietMove,https://lichess.org/jyW9c6vP#55,
eArPm,8/8/2k5/3p4/1P1Rr3/1KP5/8/8 b - - 3 44,e4d4 c3d4 c6b5 b3a3 b5c4 a3a4 c4d4 b4b5 d4c5 a4a5 d5d4 b5b6 c5c6 a5a6 d4d3 b6b7 c6c7 a6a7 d3d2 b7b8q,2132,78,90,375,advancedPawn crushing endgame promotion quietMove veryLong,https://lichess.org/CMX5mLm7/black#88,
eB05M,8/8/1p6/pP6/8/2P2k1p/1P6/6K1 b - - 3 57,f3g3 c3c4 h3h2 g1h1 g3f4 c4c5 f4e5 c5c6,2101,75,96,330,crushing endgame pawnEndgame quietMove veryLong,https://lichess.org/qX9v7X8u/black#114,
eBOPK,r5k1/pp3ppp/2p3r1/3pP2n/3P4/1PQ1N1Pq/P4P1P/4RR1K w - - 5 23,e3g2 g6h6 g2h4 h5f4 g3f4 h3c3,2135,96,76,23,crushing long middlegame quietMove,https://lichess.org/nubcqb8i#45,
eBOwd,3rr1k1/4bp2/p3bqpB/1p1p4/3P4/2P3Q1/P1R2PPP/2N2RK1 w - - 1 25,c1d3 g6g5 g3g5 f6g5 h6g5 e7g5,2171,76,93,4399,advantage long middlegame quietMove,https://lichess.org/xFHoByUt#49,
eCNjR,3qr3/6k1/p5p1/1pp4r/4P3/1PP3Q1/1P1K1P2/R4R2 w - - 1 32,d2e3 h5d5 f1g1 d5d3,2173,106,67,16,crushing endgame pin quietMove short,https://lichess.org/EfG2MWTW#63,
eD1Hd,8/4Rpk1/7p/6pr/P7/5P2/6K1/8 b - - 1 42,h5h4 e7e4 h4h5 a4a5 g5g4 e4g4,2132,80,92,1933,crushing endgame long quietMove rookEndgame,https://lichess.org/TpsPIEgb/black#84,
eDGFC,r1b1k3/ppp4p/2n1pqrP/5p1Q/3Pp3/B1P1P3/P1P3RP/R6K b q - 0 20,e8d7 a1g1 c6e7 a3e7,2158,89,69,40,advantage middlegame quietMove short,https://lichess.org/IBaCKA5j/black#40,
eDo0w,8/p7/3n4/1p5N/4k2p/1P3p2/PB5r/K4R2 w - - 0 39,b2c1 f3f2 c1f4 h2g2 f1f2 g2f2,2153,76,93,6194,advancedPawn crushing endgame long quietMove,https://lichess.org/aQjfrsoZ#77,
eDop2,7r/p6r/2k5/2b3p1/2p1p1b1/4P1P1/P1RN1P2/1R3NK1 w - - 5 36,c2c4 g4f3 d2f3 e4f3 c4h4 g5h4,2170,75,96,2850,crushing long middlegame quietMove,https://lichess.org/ObXoDUoO#71,
eDqqO,8/8/7R/3n3p/4k1p1/5pP1/4bK1P/2B5 w - - 10 49,h6h5 d5b4 f2e1 b4d3 e1d2 d3c1,2162,78,84,115,crushing endgame fork long quietMove,https://lichess.org/obi7ywKD#97,
eDrlC,8/8/7K/3p1k1p/6p1/5P2/3B3P/8 w - - 0 68,h6h5 g4f3 d2e1 d5d4 h5h4 f5f4,2178,76,86,60,bishopEndgame crushing defensiveMove endgame long quietMove,https://lichess.org/cWg6TfML#135,
eE3Sx,6k1/6p1/p3P2p/rpB1P3/2n5/6PP/6B1/7K b - - 0 38,c4e5 g2d5 a5a1 h1g2,2119,80,91,1441,advantage defensiveMove endgame quietMove short,https://lichess.org/dCJ6qqAn/black#76,
eEPQK,r4rk1/pbq2p1p/1p2pp2/2b5/6N1/3B4/PPP1QPPP/R4RK1 b - - 1 14,c7e7 d3h7 g8h7 e2d2 h7g8 d2h6,2141,147,58,15,crushing long middlegame quietMove sacrifice,https://lichess.org/LsNdEYc0/black#28,French_Defense French_Defense_Rubinstein_Variation
eEv71,8/1p6/pQnk4/P2p4/2p4q/2P2p2/2P2P2/4R1K1 w - - 2 41,e1b1 h4h3 b6d8 c6d8,2105,75,91,722,crushing endgame quietMove short,https://lichess.org/0XnPPbec#81,
eEzQo,4R3/8/1p6/p7/7P/PP1Kpr2/5k2/8 w - - 4 51,h4h5 f3f6 a3a4 f6d6,2182,138,18,15,crushing endgame master quietMove rookEndgame short,https://lichess.org/xe9X2tXM#101,
eF3EK,1r3rk1/1p2qppp/p2pb3/n2p4/3Pn3/1QN1PN2/PP2BPPP/1R3RK1 w - - 2 15,c3d5 e7d8 b3d1 e6d5,2177,78,78,73,advantage middlegame quietMove short,https://lichess.org/41IWdYzP#29,Queens_Gambit_Declined Queens_Gambit_Declined_Harrwitz_Attack
eFM2q,6r1/p2kb1Q1/b4n2/3p4/5B2/2P2P1P/PP4P1/6K1 w - - 1 30,g7f7 a6d3 f4e3 d3g6 f7g8 f6g8,2108,75,95,228,advantage endgame long quietMove trappedPiece,https://lichess.org/PRFtXefX#59,
eFQgo,r4rk1/1p4p1/p1p4q/3nQp2/4p3/4P2R/PPP2KP1/5R2 b - - 10 27,h6g5 e5e6 f8f7 f1h1 g5e3 h3e3,2159,75,92,2580,crushing long middlegame quietMove,https://lichess.org/H9UsYIts/black#54,
eFvnh,r1b3k1/p2p1p1p/3bqPp1/1Np5/8/8/PPP1BPPP/R1B1R1K1 b - - 2 14,e6f6 e2f3 a8b8 e1e8 g8g7 c1d2 c8a6 d2c3,2193,141,0,15,advantage clearance middlegame pin quietMove veryLong,https://lichess.org/7GHCIJEu/black#28,Scotch_Game Scotch_Game_Other_variations
eFyjR,8/1p4p1/6Bk/p2R3P/5K2/P3rp2/1P4r1/8 b - - 1 44,g2e2 d5d8 e3e8 d8e8 e2e8 g6e8 f3f2 e8b5,2167,75,99,102,crushing defensiveMove endgame quietMove veryLong,https://lichess.org/E1Iyg573/black#88,
eG8V8,8/7p/2bBk1p1/1pK1P1P1/2p4P/7R/2r5/8 b - - 9 44,c6d7 h3f3 d7e8 f3f6 e6d7 e5e6 d7d8 f6f7,2101,114,86,19,advantage endgame exposedKing quietMove veryLong,https://lichess.org/uI3jc2iY/black#88,
eGzJq,1b1r4/p2r2pp/1p1P1p1k/2p1P3/7B/3B1R2/PP5P/6K1 b - - 3 37,b8d6 f3h3 g7g5 h4g3,2167,77,87,635,advantage discoveredAttack endgame master masterVsMaster quietMove short,https://lichess.org/KA6xU8lt/black#74,
eH0Ej,8/6k1/1K3p1b/pB6/P1P5/8/8/8 b - - 1 64,h6d2 c4c5 d2e3 b6c6,2187,86,92,132,advantage bishopEndgame defensiveMove endgame master quietMove short,https://lichess.org/do0dqvl2/black#128,
eH2Hb,6k1/1p3p2/4r3/8/1Q4PP/PP6/6r1/1K6 w - - 3 39,a3a4 e6e2 b4c3 g2g1,2131,88,83,40,crushing endgame master queenRookEndgame quietMove short,https://lichess.org/PXLRJv93#77,
eHGUC,8/pk6/1p3p1p/2p1pPp1/2P1P1P1/2P1K2P/P7/8 w - - 1 38,e3f3 b7a6 f3e3 a6a5 e3d3 a5a4 d3c2 a4a3 c2b1 a7a6 b1a1 b6b5 a1b1 b5b4,2115,75,91,4006,crushing endgame pawnEndgame quietMove veryLong,https://lichess.org/pUwZsG3U#75,
eHjBk,8/p7/8/1p3pk1/1PpK4/P1P2P2/8/8 w - - 0 53,d4e3 a7a6 e3f2 g5f4 f2e2 f4g3,2169,77,93,11134,crushing endgame long pawnEndgame quietMove zugzwang,https://lichess.org/ZW0ZINuC#105,
eIO4C,8/5k2/R7/8/3P3p/p6r/2PK4/8 w - - 0 53,d4d5 h3g3 d2e2 h4h3,2150,80,90,1413,crushing endgame quietMove rookEndgame short,https://lichess.org/E37sgu8Z#105,
eJ9aF,r4r2/4n2k/p3q2p/1p3p2/4p3/P5N1/1Q3PPP/3RR1K1 b - - 1 25,a8d8 g3h5 e6f7 h5f6 f7f6 b2f6 f8f6 d1d8,2162,93,78,32,advantage master middlegame quietMove veryLong,https://lichess.org/QTTpjE9X/black#50,
eJOIg,8/8/1rPk4/1P3pp1/2K4P/6P1/6B1/8 b - - 0 48,g5h4 g3h4 b6b8 g2f3 b8h8 h4h5,2109,247,-38,5,crushing defensiveMove endgame long quietMove zugzwang,https://lichess.org/wOMFvlqS/black#96,
eKa3n,8/8/1p3p2/p1p1kPp1/P1P3P1/1P2K3/n1B5/8 w - - 12 56,c2d1 a2b4 d1e2 b4c2,2182,75,95,287,crushing endgame master quietMove short zugzwang,https://lichess.org/eCCAKp5k#111,
eKkHa,8/5kp1/2p1b3/2p1P2p/2P1KN2/1P5P/8/8 b - - 1 48,g7g6 f4e6 f7e6 h3h4 g6g5 h4g5,2157,78,91,1472,crushing endgame long quietMove,https://lichess.org/hD7S9D04/black#96,
eKzpQ,8/7p/4k1p1/2p2P2/1p1p1P2/3K2PP/PP6/8 b - - 0 41,e6f5 a2a4 b4a3 b2a3,2179,80,90,2615,crushing endgame pawnEndgame quietMove short,https://lichess.org/5GJzVGG1/black#82,
eLwJV,r3kb2/1q1b1p1r/2n2B1p/p7/1p2P3/3Q1B2/PP4PP/2R4K b q - 1 28,d7e6 e4e5 c6e5 f6e5,2116,77,90,915,advantage middlegame quietMove short,https://lichess.org/4sXTsgbL/black#56,
eM66s,8/p1k3p1/np5p/2p2PP1/7P/8/8/5K2 b - - 0 44,h6g5 f5f6 g7f6 h4h5 a6b4 h5h6,2185,77,93,8313,advantage endgame knightEndgame long master masterVsMaster quietMove,https://lichess.org/83lya1op/black#88,
eMFTc,8/1k6/p5p1/K1B1p3/P1Pn1p2/7P/5P2/8 w - - 6 45,c5d4 e5d4 a5b4 b7c6 a4a5 g6g5 f2f3 c6d6 c4c5 d6d5,2160,114,-22,24,crushing endgame master quietMove veryLong,https://lichess.org/cegw6dWK#89,
eMGR0,1r4k1/5pp1/8/3p1Q1p/1P1q4/7P/6BK/1R6 b - - 0 43,b8b4 b1f1 d4a7 g2d5,2164,103,80,21,crushing endgame quietMove short,https://lichess.org/zoMl2WWP/black#86,
eMi2f,2r2k2/1Q3p2/3b1P1p/6p1/P7/6RP/1P4PK/2r5 w - - 5 38,a4a5 h6h5 b7d7 c1c6,2199,112,79,24,crushing defensiveMove endgame pin quietMove short,https://lichess.org/6tzXAkfv#75,
eMtcM,6k1/5pp1/4bn1p/8/1Np4P/2P1QBP1/5P1K/5q2 w - - 6 34,e3d4 e6h3 d4d8 g8h7,2182,92,88,26,crushing endgame master quietMove short,https://lichess.org/Er1Fwolg#67,
eN2iI,8/6pk/1b1P1pqp/4pN2/2p1P3/1rP4P/3Q1PP1/6BK b - - 1 41,g6g5 f2f4 g5f4 d2f4 e5f4 g1b6 b3b6 d6d7 b6b1 h1h2 b1b8 f5d4 b8d8 d4e6 d8d7 e6f8 h7g8 f8d7,2172,85,91,3748,advancedPawn advantage endgame fork quietMove sacrifice veryLong,https://lichess.org/w9wMNjxa/black#82,
eNpwr,5rk1/5pb1/2p3p1/p6R/4P3/P1Nr1P1Q/1q3P1P/6RK b - - 0 29,g6h5 h3g3 b2c3 e4e5 c3e5 g3e5,2108,76,96,937,advantage long middlegame pin quietMove sacrifice,https://lichess.org/wLMfcSfY/black#58,
eO3VX,r5k1/pp3ppp/2b1r3/3pPQN1/3R4/PP2q3/6PP/5B1K b - - 2 23,e6g6 f5f7 g8h8 d4f4 e3f4 f7f4,2113,74,93,8735,crushing kingsideAttack long middlegame quietMove,https://lichess.org/8Fucscwv/black#46,
eOEqA,8/p7/7R/5pk1/3p3R/1P1B1bKP/P2r2P1/2r5 w - - 0 39,d3f5 c1f1 h6g6 g5f5 g6f6 f5f6,2195,111,86,26,crushing endgame intermezzo long master quietMove,https://lichess.org/3jUNNW9O#77,
eOYrE,6k1/p4p1p/3Rp1p1/2P1P3/2P5/1r4PK/7P/8 b - - 1 39,b3c3 d6d4 f7f6 c5c6,2130,75,95,2227,crushing endgame quietMove rookEndgame short,https://lichess.org/xMralYuE/black#78,
eOmMJ,r1b3k1/1pq3pp/p3p3/2p5/3pN3/P2P1Q2/1PPB2Pb/R6K b - - 0 19,h2e5 a1f1 c7e7 f3h5,2184,159,41,10,advantage middlegame quietMove short,https://lichess.org/pR6ny93N/black#38,French_Defense French_Defense_Pelikan_Variation
eOyqI,8/8/4pk2/2K5/3P2p1/R5Pr/8/8 w - - 2 44,c5d6 h3h5 a3d3 h5d5 d6c6 f6f5 d3e3 d5d4,2126,81,77,42,crushing endgame quietMove rookEndgame veryLong,https://lichess.org/p3EdpigB#87,
eP3KX,8/p7/1pk5/6p1/P3K1P1/8/2P5/8 b - - 0 43,b6b5 a4a5 c6c5 e4f5 c5b4 f5g5,2104,80,91,2780,crushing endgame long pawnEndgame quietMove,https://lichess.org/KNDIQIvE/black#86,
eP5JC,3r1b1k/6p1/6Qp/p1pq4/3pN3/PP1Pn1P1/6BP/4R1K1 b - - 1 31,d5b3 e4f6 g7f6 g6f6 h8g8 f6d8,2103,77,85,545,advantage fork long middlegame quietMove sacrifice,https://lichess.org/RPCdK3SL/black#62,
ePIGD,6k1/5pp1/2Pqp2p/1Q6/2B1b3/4P1PP/5P1K/8 w - - 1 37,c6c7 d6d1 c7c8q g8h7 b5b1 d1b1,2198,79,87,405,advantage endgame long quietMove,https://lichess.org/lgIpaUq1#73,
ePo9e,8/1p4kp/p3prp1/1b1pQ3/1q1P4/3B4/PP4PP/5R1K b - - 5 28,b4f8 d3b5 a6b5 g2g4 h7h6 h2h4 g6g5 h4g5 h6g5 e5g5,2154,74,92,5893,crushing endgame pin quietMove veryLong,https://lichess.org/zWBLY4Li/black#56,
eQH6h,r7/1b1kbQ1p/3pp3/6PP/pqr1P3/1Np2PN1/P1P5/1KBR3R w - - 0 27,g5g6 a4b3 a2b3 c4c6 g3f5 e6f5,2113,175,88,28,crushing long middlegame quietMove,https://lichess.org/5uduwqga#53,
eQRCz,2r3k1/5qr1/2p1pn1p/1pR1B3/3PP3/2Q2P2/5K1P/2R5 w - - 3 33,c5c6 f6e4 f2e3 c8f8 c1f1 e4c3,2117,136,71,8,crushing long middlegame pin quietMove,https://lichess.org/OIidG2gD#65,
eQhB8,r1bq3r/ppp2Qpp/2n1k3/4N3/8/3P4/PPP3PP/RN4K1 b - - 2 13,e6e5 b1c3 d8d4 g1h1,2148,81,91,975,advantage defensiveMove middlegame quietMove short,https://lichess.org/WFHPlr1G/black#26,Italian_Game Italian_Game_Giuoco_Pianissimo
eQmMi,2r3k1/5pp1/7p/1P2b3/P5q1/Q2p2P1/5P1P/3RR1K1 w - - 0 35,e1e5 g4d1 g1g2 c8c1 e5e8 g8h7 e8e1 d1e1,2167,165,62,8,crushing endgame hangingPiece quietMove veryLong,https://lichess.org/OP5mbT77#69,
eQsRA,8/5rkp/8/r1p1Q1P1/1p5N/1P5P/P2q1PB1/6K1 b - - 6 35,g7f8 h4f5 f7f5 e5f5,2181,80,79,426,crushing endgame master quietMove short,https://lichess.org/xveT449J/black#70,
eRrJK,1r4k1/p4ppp/4qb2/8/4p1PP/1P3Q2/P1P2P2/2K2B1R w - - 0 19,f3f5 e6e7 f1c4 b8d8,2166,129,44,22,advantage defensiveMove endgame quietMove short,https://lichess.org/iW8V7V03#37,
eS47h,1k1r4/4p3/2qp4/1p3QP1/1p6/1P6/P1P2Pb1/R2R2K1 w - - 0 25,g5g6 d8h8 f2f3 g2f3,2174,131,82,11,crushing endgame quietMove short,https://lichess.org/5OhcAWwW#49,
eSQrU,r4rk1/p1p5/1p1p1p2/2nPq1pR/8/8/PP1QB1PP/4R2K b - - 3 22,g8g7 e2d3 c5d3 e1e5,2159,79,92,2273,advantage discoveredAttack middlegame quietMove short,https://lichess.org/maHRlQki/black#44,
eST9I,6k1/p2r3p/6pQ/4pp1P/7q/1P1nP3/P4PP1/B2R2K1 w - - 3 29,d1d2 d7c7 a1b2 d3b2 d2d8 h4d8,2126,78,90,358,crushing endgame long quietMove,https://lichess.org/EIkQD9mC#57,
eTEXW,2r1r3/b1pR2p1/p1P3k1/1p3p2/1P3B2/P2R1K1P/8/8 b - - 2 32,a7b6 d3d2 g6f6 d2g2 e8e1 f4g5,2110,203,65,16,crushing endgame long quietMove,https://lichess.org/qfupafcG/black#64,
eTSkb,2r5/3k1ppp/4p3/p5n1/1p1p4/PPn2PP1/1BR3KP/2R5 w - - 0 29,c2d2 e6e5 a3b4 a5b4,2156,76,82,75,advantage endgame quietMove short,https://lichess.org/QFXGGwS0#57,
eTe8Z,8/p4p2/6p1/1p1k3p/1P5P/3K1PP1/P7/8 w - - 1 41,d3c3 f7f6 c3d3 g6g5 h4g5 f6g5,2169,81,90,1081,crushing endgame long master pawnEndgame quietMove zugzwang,https://lichess.org/YSF0lPNr#81,
eUFNa,8/p7/2K3p1/1P2kp2/P2R3P/8/8/r7 w - - 4 46,d4b4 f5f4 a4a5 a1a5,2192,76,90,327,advantage endgame quietMove rookEndgame short,https://lichess.org/uqB8M6cX#91,
eUGTh,8/1k6/8/5ppp/2p5/2P1P2P/3K2P1/8 w - - 0 45,e3e4 f5f4 d2e2 g5g4,2190,85,94,8768,crushing endgame pawnEndgame quietMove short,https://lichess.org/FxslQUmM#89,
eUb6x,8/8/4pQp1/7p/8/pP4qk/P3K3/8 b - - 1 59,g3h4 f6h4 h3h4 b3b4 h4g3 b4b5 g3f4 b5b6 f4e5 b6b7,2107,78,99,246,advancedPawn crushing endgame queenEndgame quietMove veryLong,https://lichess.org/gwCx3m85/black#118,
eUmjK,8/8/1p6/2p2kp1/PpP1p2P/1P2P3/5K1b/6N1 w - - 0 46,h4h5 h2g1 f2g1 g5g4 g1g2 f5g5 g2g3 g5h5 g3f4 h5h4,2112,77,91,5340,crushing defensiveMove endgame master quietMove veryLong,https://lichess.org/bFIDHBvd#91,
eUzS3,1Qbr4/p4ppk/1p1n2qp/8/8/4PB2/PP3PPP/2RR2K1 w - - 8 27,f3e2 c8h3 e2d3 f7f5 d3f5 d6f5,2157,81,87,817,advantage long middlegame pin quietMove,https://lichess.org/2yZzAuo9#53,
eVU0X,8/6pk/1p2p2p/5P2/8/P2Q3K/1P3q1P/8 b - - 0 41,f2f5 d3f5 e6f5 a3a4 h7g6 b2b4 g6f7 a4a5 f7e6 a5a6,2123,77,81,134,crushing endgame queenEndgame quietMove veryLong,https://lichess.org/kC9GYUIw/black#82,
eVioo,R7/3b1pk1/4p3/P2pP3/2pP4/4P3/1b3KP1/8 w - - 0 42,a5a6 c4c3 a6a7 c3c2 a8b8 d7c6 b8b2 c2c1q,2101,75,93,4570,advancedPawn crushing endgame master masterVsMaster promotion quietMove veryLong,https://lichess.org/ki9rOxa0#83,
eVuE5,r5k1/ppb3pp/2pp2p1/8/1P3q2/P1B4P/2P2P1K/R2Q1R2 w - - 0 20,h2g1 d6d5 f1e1 f4h2 g1f1 h2h3,2180,78,91,582,crushing kingsideAttack long middlegame quietMove,https://lichess.org/eQvQTRbJ#39,
eW2if,8/7p/2k3p1/p1Pp1p2/P2Kp3/4P1P1/5P1P/8 b - - 0 31,h7h6 h2h3 g6g5 g3g4 f5f4 e3f4 g5f4 h3h4 e4e3 f2e3 f4f3 d4d3 f3f2 d3e2,2154,77,93,4994,crushing endgame pawnEndgame quietMove veryLong zugzwang,https://lichess.org/nuppylDl/black#62,
eWRJZ,2rq1rk1/pb3p2/1p2pbpp/4P3/8/2PBQ1B1/P4PPP/2RR2K1 b - - 0 21,d8d5 d3f1 f6g5 f2f4 g5e7 d1d5,2153,75,90,2367,advantage long middlegame quietMove,https://lichess.org/NTSRY4pU/black#42,
eWs2g,1k1r4/1p4p1/1P1p4/p4pq1/P3Pp2/5P1r/2PQ2P1/3RR1K1 w - - 0 30,e4e5 d8h8 d2d6 b8a8 d6d8 h8d8,2109,75,87,149,crushing endgame long pin quietMove,https://lichess.org/NQVy26SI#59,
eWtu3,8/R4Qbk/6p1/7p/7P/4PpPb/1q3P2/6K1 w - - 4 47,a7c7 b2a1 g1h2 h3g2 f7g7 a1g7 c7g7 h7g7,2149,75,86,98,crushing endgame quietMove veryLong,https://lichess.org/WuQhG1ho#93,
eWuWF,8/4b3/8/1p6/P3k3/2PN1p2/3K4/8 w - - 0 43,a4a5 e7g5 d2c2 g5e3 a5a6 f3f2 d3f2 e3f2,2190,83,86,118,advancedPawn crushing endgame quietMove veryLong,https://lichess.org/VLD9V3I4#85,
eXcYO,r2q1rk1/p4p2/1p3bp1/2pp4/3P4/4P1PQ/PP3R2/3K3R b - - 0 27,f8e8 h3h7 g8f8 h1f1 e8e6 f2f6 d8f6 f1f6 e6f6 h7h8 f8e7 h8a8,2151,77,85,65,crushing fork middlegame quietMove skewer veryLong,https://lichess.org/cGYSPc1y/black#54,
eY9cC,8/8/p2Q1p2/1p2p3/k1r5/P5P1/1PK3P1/8 w - - 0 34,c2d3 c4d4 d6d4 e5d4 d3d4 a4b3 d4c5 b3b2 c5b4 f6f5 g3g4 f5g4,2141,75,98,617,crushing endgame fork queenRookEndgame quietMove veryLong zugzwang,https://lichess.org/HuUx7wWF#67,
eYHXU,r4rk1/pppbqpp1/2np2n1/2b1p1P1/P1B1P1P1/2PP1Q2/1P3P2/RNB1K2R b KQ - 0 12,d7e6 f3h3 f7f6 h3h7 g8f7 h1h6,2176,222,-67,34,advantage clearance fork long middlegame pin quietMove,https://lichess.org/uEZCFv9w/black#24,Bishops_Opening Bishops_Opening_Boi_Variation
eZ7BM,r1b2rk1/1p4b1/n2p2q1/3Pp3/1PN1Ppn1/2N5/4BBP1/1R1Q1RK1 w - - 0 25,c4b6 g6h5 e2g4 c8g4,2148,85,86,37,advantage master middlegame quietMove short,https://lichess.org/Q5hr1Rth#49,
eZBlJ,Q7/1p1bkr2/pb2p3/4P2p/4B3/PP3P2/1B2q2P/2R4K w - - 1 28,a8b7 f7g7 f3f4 e2b2 c1d1 b2d2 b7d7 d2d7 d1d7 e7d7,2188,130,76,16,advantage middlegame quietMove veryLong,https://lichess.org/CF7H32Pk#55,
eZJCD,4r2k/p1p4P/1p6/3R4/4pq2/1B6/P4PP1/1K1R4 b - - 3 27,f4f2 d5g5 f2h4 g5g8,2111,74,79,288,crushing endgame quietMove short,https://lichess.org/MxgWQBri/black#54,
eZRA0,r1b2rk1/pp3ppp/2n5/3q4/1b1Np3/4B1P1/PP2PPBP/R2Q1K1R w - - 5 14,h2h4 f8d8 d1b3 c6d4 b3d5 d8d5,2126,81,89,976,advantage long opening quietMove,https://lichess.org/3HZlYK3B#27,Queens_Gambit_Declined Queens_Gambit_Declined_Semi-Tarrasch_Defense
eZdZD,5r2/p7/P1k5/1pP1B3/1P1K1P2/8/8/8 b - - 1 50,f8d8 e5d6 d8h8 f4f5 h8h1 f5f6,2134,78,91,1435,crushing defensiveMove endgame long quietMove,https://lichess.org/XGf6NT0J/black#100,
ea8iK,r2qr1k1/pp2bppp/2n5/2pN2P1/7Q/P7/1PPP2PP/R1B2RK1 w - - 1 16,d5f6 g7f6 g5f6 e7f8 h4g5 g8h8,2197,83,80,44,crushing long middlegame quietMove,https://lichess.org/G6H8esUY#31,Sicilian_Defense Sicilian_Defense_Closed
ebHoP,4q1k1/p4ppp/8/1p1R4/2p5/1P4P1/P4P1P/2R3K1 b - - 0 26,c4b3 c1d1 g8f8 d5d8 b3a2 d8e8,2106,77,95,1851,crushing endgame long pin queenRookEndgame quietMove,https://lichess.org/lEX308ub/black#52,
ebVdR,6k1/4Qpp1/4p2p/P7/4P3/5PqP/3rr1P1/2R3RK w - - 3 37,c1c8 g8h7 e7c7 e6e5 c8h8 h7h8 c7c8 h8h7,2188,77,86,90,crushing endgame quietMove veryLong,https://lichess.org/s825SZFY#73,
ebrYN,8/p4k2/1p6/5K2/6P1/8/P7/8 b - - 8 45,a7a5 a2a4 b6b5 a4b5 a5a4 b5b6 a4a3 b6b7 a3a2 b7b8q,2118,75,89,1240,advancedPawn crushing endgame pawnEndgame promotion quietMove veryLong,https://lichess.org/Y3z9BKoX/black#90,
ebzZ9,8/8/1p6/1ppK4/8/2P5/PPk5/8 w - - 8 51,b2b4 c5c4 d5c6 c2c3,2175,76,93,7359,crushing endgame pawnEndgame quietMove short,https://lichess.org/ZMzjeSNE#101,
ec0ko,8/5p1k/p6p/1pr3r1/3Q4/Pq1P4/1P2R1P1/K3R3 b - - 4 34,c5c2 e2e8 b3b2 d4b2 c2b2 a1b2,2110,74,80,233,advantage endgame long quietMove,https://lichess.org/8nBXUitC/black#68,
ec3PE,8/p7/8/3Bn3/3p3p/6k1/PP1K2P1/8 w - - 3 35,d2e2 e5g6 e2d2 g6f4,2164,118,74,13,crushing endgame quietMove short,https://lichess.org/OpsNZMAq#69,
ec5fC,r4rk1/p3Rp1p/1q1p2p1/2pQ4/8/1N6/PbP2PPP/1R4K1 b - - 1 18,b2e5 b3d2 b6b1 d2b1,2190,80,84,58,advantage middlegame quietMove short,https://lichess.org/PypbgaNl/black#36,Sicilian_Defense Sicilian_Defense_Nyezhmetdinov-Rossolimo_Attack
edN1L,8/7B/8/p1ppk1pp/8/PbP3P1/1P1K2P1/8 w - - 6 41,h7c2 b3c2 d2c2 c5c4 b2b4 c4b3,2120,133,78,10,bishopEndgame crushing enPassant endgame long quietMove,https://lichess.org/LHcMPUlR#81,
edeLU,8/1bp3k1/5p2/1pnPp1p1/4P1P1/2p2K1R/1q1rB1P1/4Q3 b - - 3 32,c5d3 e1h1 d3e1 f3g3 d2d3 e2d3,2186,125,85,18,advantage defensiveMove long middlegame quietMove,https://lichess.org/cIE8VXin/black#64,
ee6jY,8/8/3k4/1p1Np3/1Pn1P3/3K4/8/8 b - - 4 68,c4a3 d5e3 d6e6 d3c3,2185,75,93,154,crushing defensiveMove endgame knightEndgame master quietMove short,https://lichess.org/uNsQrxOo/black#136,
ee8lx,8/6pK/R6p/5k1P/5Pr1/8/8/8 w - - 4 51,a6g6 g4g6 h5g6 f5f6 f4f5 h6h5 h7g8 h5h4 g8f8 h4h3,2155,74,94,2870,crushing endgame quietMove rookEndgame veryLong,https://lichess.org/UXtMcdVt#101,
eeB0y,2r3k1/R2R1pp1/8/4PP2/7p/7P/Pr4P1/6K1 w - - 1 30,d7f7 c8c1 g1h2 b2b1 f7g7 g8f8,2112,77,93,2885,advantage endgame long quietMove rookEndgame,https://lichess.org/3DQ9Tp04#59,
eeIsr,3r3r/Bpk2pp1/1Npb2p1/7n/8/1P3qP1/P1Q2P1P/R3R1K1 w - - 2 22,a1d1 h5f4 b6d5 f4d5,2104,81,74,40,crushing middlegame quietMove short,https://lichess.org/Q6BJF95y#43,
eegrk,3r4/3P4/R5k1/5p2/6pp/4P3/P4K2/8 b - - 2 43,g6g5 a6d6 g4g3 f2f3 g3g2 f3g2,2122,76,81,170,advantage defensiveMove endgame long master quietMove rookEndgame,https://lichess.org/IRvMcW9h/black#86,
eeza0,2qr2k1/5p2/5Pp1/1R1NP1P1/p2b4/8/PPP5/1K2R3 b - - 4 36,c8c4 d5e7 g8f8 e1h1 f8e8 b5b7,2142,77,86,114,crushing defensiveMove endgame long quietMove,https://lichess.org/GOgZitFW/black#72,
efTUt,8/3n1ppk/4p2p/8/1PPK4/7P/5PP1/8 b - - 0 38,h7g6 c4c5 g6f6 c5c6 f6e7 c6d7,2117,79,91,1347,advancedPawn crushing endgame knightEndgame long quietMove,https://lichess.org/MFluVY7n/black#76,
efY6s,r4qk1/1p2rp2/p2p1Q2/2pP4/2P1N3/8/5PPP/2R3K1 b - - 8 31,a8e8 c1c3 f8g7 c3g3,2192,88,87,40,advantage endgame pin quietMove short,https://lichess.org/YUOJn6O2/black#62,
eg2EP,8/8/8/4pp2/PK4k1/8/5P2/8 b - - 0 53,g4f3 a4a5 e5e4 a5a6 f3f2 a6a7 e4e3 a7a8q e3e2 a8a7 f2f1 a7a6,2194,80,89,80,advancedPawn crushing endgame pawnEndgame promotion quietMove veryLong,https://lichess.org/DZoHnic6/black#106,
eg2y3,1r6/p1R2Rp1/4p1kp/3p4/5P2/3KP3/Pr4P1/8 b - - 1 26,b2a2 f7g7 g6h5 c7c1 b8b3 d3d4 a2a4 d4e5 b3e3 e5d6,2140,128,82,20,advantage endgame quietMove rookEndgame veryLong,https://lichess.org/6cgAHfHU/black#52,
eg920,8/R7/5pk1/P1p5/2P4p/1P1p3b/3N4/2K3b1 w - - 0 46,a5a6 h3g2 a7d7 h4h3 d7d3 h3h2,2173,77,91,3665,advancedPawn crushing endgame long quietMove,https://lichess.org/pmCh46XB#91,
egLfk,8/5p2/pp1k1pp1/8/3K1PP1/PP5P/8/8 b - - 0 37,d6e6 h3h4 f6f5 h4h5 f5g4 h5h6,2116,154,100,9,crushing endgame long pawnEndgame quietMove,https://lichess.org/fOQPxo9Y/black#74,
egOiB,8/p7/5kP1/7K/3p4/1P3n2/3B4/8 w - - 1 44,d2h6 d4d3 h6c1 d3d2 c1d2 f3d2 h5h6 d2e4 g6g7 f6f7 h6h7 e4f6,2154,79,83,153,advancedPawn crushing endgame quietMove veryLong,https://lichess.org/YfwuwT8k#87,
egczL,4rbk1/2r3p1/1p2qB2/p2p2Q1/P5RP/6P1/5P2/3R2K1 w - - 0 36,d1d5 e6e1 g1g2 c7c1 g5c1 e1c1,2185,74,93,238,advantage long middlegame quietMove,https://lichess.org/6SRj6Q1M#71,
egw6d,8/8/6pp/1p6/2k3P1/4K3/P4P2/8 b - - 0 36,c4c3 f2f4 c3c4 e3e4,2156,75,94,7941,crushing defensiveMove endgame pawnEndgame quietMove short,https://lichess.org/3cEs7M3H/black#72,
eh6Ug,8/3k2B1/3b3p/3K1Pp1/6P1/p6P/8/8 w - - 0 44,g7h6 d6e5 d5e5 a3a2,2145,82,86,46,advancedPawn advantage bishopEndgame endgame quietMove sacrifice short,https://lichess.org/jaUCtb6m#87,
ehIkW,1q5k/4Q1p1/3p3p/2p1p3/B1Pn2P1/1P1P4/7P/5K2 b - - 0 33,d4b3 a4e8 h8h7 e7f8 b3d4 e8g6 h7g6 f8b8,2165,77,90,982,crushing discoveredAttack endgame quietMove veryLong,https://lichess.org/0sGMiH2q/black#66,
ehmGw,8/6pk/pB2p1r1/4K3/1PP2P2/6n1/P6p/3R4 w - - 2 40,c4c5 g3f1 d1f1 g6g1 f1g1 h2g1q,2170,77,49,122,advancedPawn advantage clearance endgame long promotion quietMove sacrifice,https://lichess.org/Qd7KpgzI#79,
ehxTV,1r4k1/2p2p2/p1q1pP1p/6pB/P1r4n/3RPP2/2Q3PP/5RK1 w - - 0 28,c2f2 c4c2 d3d2 b8b2 d2c2 b2c2,2116,319,-50,3,crushing long middlegame quietMove,https://lichess.org/GPUOZ49p#55,
eiTxU,8/8/8/5p2/P4Nk1/6pp/1P6/6K1 w - - 2 59,f4e2 f5f4 e2d4 f4f3,2107,76,87,117,crushing endgame knightEndgame quietMove short,https://lichess.org/XQFHTXLx#117,
eiYJT,8/p7/4QK2/8/8/3q3P/4k3/8 b - - 7 64,d3e3 h3h4 a7a5 h4h5 a5a4 h5h6 a4a3 h6h7 a3a2 e6a2,2191,91,88,54,advancedPawn crushing endgame pin queenEndgame quietMove veryLong,https://lichess.org/drL5CqTG/black#128,
ejYgL,6rk/3r1p1p/5p2/2Q5/4q3/1P2P3/P1R2PPP/5RK1 w - - 1 27,c5c6 g8g2 g1h1 d7d5 c6d5 e4d5,2167,83,91,1411,advantage endgame long quietMove,https://lichess.org/aMCqvIZK#53,
ek4Ot,5r2/6k1/p2pB2p/1p1P3P/1Pp3P1/P1P5/4K1P1/8 b - - 0 43,f8f4 e6f5 g7f6 g2g3 f4f5 g4f5 f6f5 e2f3,2117,75,97,781,crushing defensiveMove endgame quietMove trappedPiece veryLong,https://lichess.org/N9xjJ22x/black#86,
ek8gx,8/8/8/pp1p3p/3P2k1/PP4P1/5K2/8 b - - 10 46,g4h3 f2f3 b5b4 a3a4 h3h2 g3g4 h5g4 f3g4,2160,91,91,1597,crushing endgame pawnEndgame quietMove veryLong zugzwang,https://lichess.org/Y9pROve4/black#92,
ekrj1,8/6p1/4ppp1/1p1pP3/p1kP1PP1/P1P4P/2K5/8 b - - 0 32,f6f5 g4g5 b5b4 a3b4,2135,81,91,2363,crushing endgame pawnEndgame quietMove short,https://lichess.org/WXXOPGyI/black#64,
ekwex,r1b2qk1/p2nb1pp/2N1R3/2pp4/5r2/3P3P/PPPN1PP1/R2Q2K1 b - - 0 14,f4f7 d1e2 e7h4 e6e8,2124,79,92,1212,crushing middlegame pin quietMove short,https://lichess.org/XFDG5fe8/black#28,Sicilian_Defense Sicilian_Defense_Nyezhmetdinov-Rossolimo_Attack
el3O6,8/8/8/8/R1n3p1/2k3P1/3pK3/8 w - - 1 57,a4a1 c4b2 a1b1 d2d1q b1d1 b2d1 e2d1 c3d3 d1e1 d3e3,2193,87,88,53,advancedPawn crushing defensiveMove endgame exposedKing promotion quietMove veryLong,https://lichess.org/i3QMjIVW#113,
elFeV,5r1k/6p1/7p/p1p5/Rr2R3/4P2P/5PP1/6K1 w - - 1 31,e4b4 a5b4 a4a5 c5c4 a5b5 b4b3,2183,78,90,994,crushing endgame long quietMove rookEndgame,https://lichess.org/g1NrLWno#61,
elS1I,r4k1r/6pp/p1p1Bpn1/1p5Q/3q4/8/PP3RPP/3R2K1 b - - 3 24,d4b6 d1d7 a8a7 h5d1 a7d7 d1d7 g6e5 d7c8 f8e7 c8h8,2135,132,47,18,advantage clearance middlegame quietMove skewer veryLong,https://lichess.org/F2gIbqu1/black#48,
elcl3,3q1r1k/2p3p1/2n1b1p1/3pP1BP/2nP4/p1P3Q1/P1r3B1/R4RK1 b - - 1 28,d8e8 f1f8 e8f8 h5g6 h8g8 g3h4 f8f2 h4f2 c2f2 g1f2,2119,75,93,5553,crushing middlegame quietMove veryLong,https://lichess.org/2TNZhDlb/black#56,
em0y9,5r2/4k2p/Qp1q1p2/p3p3/8/P5P1/1PR4P/4K3 b - - 6 32,f8f7 a6c8 d6d7 c2c7 e7d6 c7d7,2118,125,86,24,crushing endgame long pin quietMove,https://lichess.org/Nauwo519/black#64,
embxn,2r4k/3R2Rp/p4n2/1pB5/1P4PP/8/r7/6K1 w - - 1 34,d7a7 c8d8 c5f2 d8d1 g1g2 d1d2,2114,74,93,8682,advantage endgame exposedKing long quietMove,https://lichess.org/yPE7rKtE#67,
eo9DJ,5R2/6p1/1R6/P3r3/4n1k1/7p/5p1K/8 w - - 0 59,a5a6 e4f6 b6b1 e5e1,2102,75,85,61,clearance crushing endgame master quietMove short,https://lichess.org/wyQ14KrS#117,
eoIRu,8/8/7p/6p1/1K3k2/1P6/7P/8 b - - 0 45,f4g4 b4c5 g4h3 b3b4 g5g4 b4b5 h3h2 b5b6 g4g3 b6b7 g3g2 b7b8q,2105,77,91,552,advancedPawn crushing endgame pawnEndgame promotion quietMove veryLong,https://lichess.org/tWS3Yld2/black#90,
eoVyM,3b4/8/2P5/2K4k/1P4p1/3B4/5p2/8 b - - 1 54,g4g3 d3f1 h5g4 f1g2 f2f1r g2f1,2190,77,91,1547,bishopEndgame crushing endgame long quietMove,https://lichess.org/hZpXjT3e/black#108,
eoosP,1n6/1p1PBk2/p1p3pK/2P3P1/1P6/1P6/8/8 b - - 0 61,b8d7 e7d6 b7b6 h6h7 d7f6 g5f6,2113,75,85,144,crushing endgame long quietMove,https://lichess.org/X4pg9Eg1/black#122,
eopjg,4R3/5pkp/p2p4/6r1/P7/1P2K3/7P/8 b - - 0 35,g5e5 e8e5 d6e5 b3b4 g7f6 b4b5 a6b5 a4a5 b5b4 e3d3,2180,134,80,12,crushing defensiveMove endgame quietMove rookEndgame veryLong,https://lichess.org/yyV4hejK/black#70,
eorZy,8/4K2k/5P2/6rp/8/7R/8/8 b - - 2 68,h7g6 h3f3 g5a5 f6f7 a5a7 e7e6,2133,174,88,7,advancedPawn crushing defensiveMove endgame long master quietMove rookEndgame,https://lichess.org/WqwgbKDo/black#136,
eoyHq,8/8/4B3/2Kp2kp/2bPp3/4P3/8/8 w - - 0 46,e6d5 c4d5 c5d5 h5h4 d5e4 g5g4 d4d5 h4h3 d5d6 h3h2 d6d7 h2h1q,2113,79,85,50,advancedPawn bishopEndgame crushing endgame promotion quietMove veryLong,https://lichess.org/ZHwXujRk#91,
epQE8,8/R3pk1p/4p1p1/pR2P3/3P1P2/4K3/r4b2/8 w - - 4 36,e3e4 a2a3 a7e7 f7e7,2100,79,86,50,crushing endgame master quietMove short,https://lichess.org/B1SVIEPK#71,
eq0X1,8/P7/6p1/2K2p1p/2N2P2/5bP1/7k/8 w - - 0 61,c4a5 f3a8 c5b6 h2g3 b6c7 h5h4 c7b8 h4h3 b8a8 h3h2 a8b7 h2h1q,2181,75,97,340,advancedPawn crushing endgame promotion quietMove sacrifice veryLong,https://lichess.org/qRDmFuyF#121,
eq5Ty,r7/1p2k3/2pR1p2/N1Pp3p/pP1P1P1P/8/8/6K1 b - - 1 42,a8a5 b4a5 a4a3 f4f5 a3a2 d6e6 e7d7 e6e1,2180,77,95,1845,crushing defensiveMove endgame hangingPiece quietMove rookEndgame veryLong,https://lichess.org/QoD4IoyH/black#84,
eqGJf,r1bqr1k1/3nbp1p/p5p1/3Q4/5P2/1B6/PPP3PP/R1B1R1K1 b - - 0 18,a8b8 d5f7 g8h8 c1d2 d7f6 d2c3,2145,78,88,75,advantage long opening quietMove,https://lichess.org/AogPX2kx/black#36,Italian_Game Italian_Game_Hungarian_Defense
eqSTc,8/8/1R2p3/p4k2/8/P4KP1/1pr2P2/8 w - - 0 46,f3e3 a5a4 e3d3 c2f2,2178,77,91,1181,crushing endgame master quietMove rookEndgame short,https://lichess.org/SWhxaNdO#91,
eqdtt,8/4q1k1/3p2p1/2p1p2r/2P1PbQP/1P3R2/5PK1/7R w - - 1 35,h1g1 h5h4 g4c8 h4h2 g2f1 e7a7 g1g6 g7g6,2188,76,83,506,advantage endgame quietMove veryLong,https://lichess.org/52OXpL6g#69,
eqf3x,7r/6p1/3R4/3P2k1/4Pp2/1P3P2/2R3K1/1r6 w - - 1 44,d6d7 b1h1 d7g7 g5f6 g2f2 f6g7,2185,74,97,1388,crushing defensiveMove endgame long quietMove rookEndgame,https://lichess.org/6sYPhcbI#87,
eqkTr,2r3k1/4pp2/3p1bp1/1p1P3p/8/1p2BP2/P1P3PP/1KR5 w - - 0 30,a2b3 f6c3 e3d4 c3d4,2125,76,95,2730,crushing endgame master quietMove short,https://lichess.org/5TIf0Fyv#59,
eqmrB,8/2B5/8/p7/P3k2p/P1b3p1/4K1P1/8 w - - 0 56,c7d8 h4h3 g2h3 c3d4 d8c7 g3g2,2132,77,95,1445,advancedPawn bishopEndgame crushing endgame long master quietMove,https://lichess.org/71jkrod2#111,
er4VZ,2Q5/3r2pk/p3p2p/1p1qBp2/3P3b/PP3P1P/6P1/3R2K1 w - - 4 30,c8a6 d5e5 d4e5 d7d1 g1h2 f5f4 g2g4 f4g3 h2g2 d1d2,2101,75,89,1494,crushing discoveredAttack enPassant endgame master quietMove veryLong,https://lichess.org/dO8VeUrA#59,
erCTL,r1q2rk1/1pp1p1b1/4P1p1/3p1nP1/p2P1P2/3P3R/PP2QB2/1K5R b - - 3 26,a4a3 f2e1 f8e8 h3h8 g7h8 e2h2 h8g7 h2h7 g8f8 h7g6 c8e6 g6e6,2191,107,14,32,crushing exposedKing kingsideAttack middlegame quietMove sacrifice veryLong,https://lichess.org/Oz31GpOH/black#52,
erZNN,r5k1/ppp3pp/8/3n3q/6r1/3Bp3/PPQ3P1/RN3RK1 w - - 0 20,b1c3 g4h4 d3h7 g8h8,2101,75,96,533,crushing middlegame quietMove short,https://lichess.org/0hol3aHm#39,
erZRe,r5k1/1p3bpp/2p5/3p1P2/3q1P2/pPNP3P/K5BR/2Q5 w - - 0 28,c3e2 d4d3 g2f1 d5d4 e2d4 d3d4,2192,77,86,395,advantage long middlegame quietMove,https://lichess.org/MLknzjhC#55,
eriHn,8/5pk1/p5p1/5b1p/P1Bp4/1PpP1P2/6P1/4K3 b - - 0 39,f5e6 c4e6 f7e6 b3b4 g7f6 b4b5 a6b5 a4a5,2103,75,91,605,advantage bishopEndgame defensiveMove endgame quietMove veryLong,https://lichess.org/O5uyIYtE/black#78,
erm9e,5rk1/bprb1p1p/p3p1p1/3pP3/1q1N3Q/1P4R1/P1P1NPPP/5RK1 b - - 1 20,c7c2 g3h3 h7h5 d4c2 b4h4 h3h4,2139,80,90,3441,advantage intermezzo long middlegame quietMove,https://lichess.org/hku0KJLF/black#40,
esDZK,rn1q4/3brpkp/6p1/1ppQ4/p7/P4N1P/BPP2PP1/R4RK1 w - - 2 20,d5a8 d7c6 f1d1 d8c7 a2d5 c6a8,2144,75,92,2891,advantage long middlegame quietMove trappedPiece,https://lichess.org/zQ9ZK3yf#39,
esRps,8/8/P1R2p2/2p3kp/3b4/5pPK/r7/5R2 w - - 0 38,f1f3 d4g1 c6c5 g1c5,2100,114,80,22,crushing endgame master quietMove short,https://lichess.org/dPH1yXc3#75,
estAH,8/1R6/1p2k1p1/3pBp2/P2PbP2/2r5/1r3P2/4R1K1 w - - 3 33,a4a5 c3h3 e1e4 f5e4 b7b6 b2b6 a5b6 h3b3,2170,91,86,31,crushing endgame quietMove veryLong,https://lichess.org/w1o7NsOt#65,
et1Ld,k7/8/p4r2/4p3/1P4PP/2P2P2/6K1/8 b - - 0 51,f6f4 g2g3 f4c4 g4g5 c4c3 g5g6,2169,133,-3,12,crushing endgame long quietMove rookEndgame,https://lichess.org/rPyDEJvq/black#102,
et2EJ,8/3r4/1p4kP/p2p1pP1/P3bK2/1P6/8/2R5 b - - 1 54,d7d6 c1c7 d6d8 c7g7 g6h5 h6h7 d8h8 g5g6 e4c2 g7g8,2116,75,94,10821,advancedPawn crushing endgame quietMove veryLong,https://lichess.org/nrrcx5yX/black#108,
etUfp,r1b2r1k/7p/p1Np1p2/3P4/1Q2pp2/2P3Pq/PP3P1P/R4RK1 w - - 0 19,b4d6 c8g4 f2f3 g4f3 f1f2 f4g3,2176,82,89,867,crushing long middlegame quietMove,https://lichess.org/UdNoQvwF#37,Ponziani_Opening Ponziani_Opening_Spanish_Variation
etaly,8/5k2/pb4p1/1p1R1prp/8/1P3P1P/P1B3PK/8 b - - 1 36,f7e8 f3f4 b6c7 g2g3 g5g3 h2g3,2112,76,63,72,crushing endgame long quietMove trappedPiece,https://lichess.org/CijDQUzU/black#72,
ethO4,3r1k2/5ppQ/p1p1p2p/1p1r4/5Bnq/2PB4/PP4P1/R4RK1 w - - 6 28,d3e4 d5h5 f4d6 d8d6 f1f7 f8f7,2137,79,87,97,crushing long middlegame quietMove,https://lichess.org/csPMlkrv#55,
ethgr,4r1k1/2n2p1p/2P3p1/pB6/P7/1P6/2p2PPP/3R2K1 w - - 0 29,d1c1 c7b5 a4b5 e8d8 g1f1 d8d1 f1e2 d1c1,2198,75,93,6163,crushing endgame quietMove veryLong,https://lichess.org/YwXZWbUF#57,
etxTU,8/8/1p2pkp1/p1p5/P1P3pP/1P4P1/5PK1/8 w - - 2 39,f2f3 f6f5 g2f2 e6e5 f3f4 e5f4,2142,77,89,427,crushing endgame long pawnEndgame quietMove,https://lichess.org/OiezdY2L#77,
eu0N7,8/1p3p2/2p3p1/2k3Pp/P4P1P/1P2K3/8/8 w - - 1 40,e3d3 c5b4 d3d4 b4b3 d4e5 c6c5 e5f6 c5c4 f6f7 c4c3 f7g6 c3c2 f4f5 c2c1q,2109,79,89,1263,advancedPawn crushing endgame pawnEndgame promotion quietMove veryLong,https://lichess.org/Ia2mjyaH#79,
eu6ta,4rrk1/p1p2ppp/3b4/7q/3P1Pn1/2N1P1Q1/PP3P1P/R1B2RK1 w - - 7 17,e3e4 e8e6 f2f3 e6g6 f3g4 g6g4,2192,78,90,176,advantage long middlegame pin quietMove sacrifice,https://lichess.org/1fqNqbsa#33,Queens_Gambit_Declined Queens_Gambit_Declined_Marshall_Defense
euQJj,8/7b/5K1P/3pN3/3k4/8/8/8 b - - 0 61,d4e4 f6g7 h7f5 e5g6 d5d4 h6h7 d4d3 h7h8q,2109,78,90,851,advancedPawn crushing endgame promotion quietMove veryLong,https://lichess.org/KyW3JYEP/black#122,
euhMy,1r2qrk1/Q1p2pp1/1pbb1n1p/8/8/2N1BB2/PPP2PPP/R3R1K1 w - - 7 19,e3h6 e8d7 f3c6 d7c6,2198,77,87,441,advantage middlegame quietMove short,https://lichess.org/xdBOzgQY#37,Philidor_Defense Philidor_Defense_Exchange_Variation
eummC,8/p5B1/1p4p1/7p/3p1p2/P1k1pP1P/2P1K2P/8 w - - 2 42,h3h4 b6b5 e2d1 a7a5 g7e5 b5b4 a3a4 e3e2 d1e2 c3c2,2163,160,82,30,advancedPawn bishopEndgame crushing deflection endgame quietMove veryLong,https://lichess.org/B7eTHISH#83,
eutx7,1r4k1/p1r4p/3p1pNQ/2nPp3/2P1P1P1/4R3/q4P1P/2R3K1 b - - 0 28,h7g6 e3h3 b8f8 h6h8 g8f7 h8h7 f7e8 h7c7,2110,75,96,698,crushing exposedKing middlegame quietMove skewer veryLong,https://lichess.org/AMhzaYJt/black#56,
evFrb,8/1R4k1/6p1/5pN1/7P/1p4K1/br3PP1/8 b - - 1 43,g7f6 f2f4 b2g2 g3g2,2104,78,79,114,crushing endgame quietMove short,https://lichess.org/hu2dOUTN/black#86,
evnNm,r4rk1/pp3pb1/8/6N1/7Q/P7/2q1nPPP/4RR1K b - - 3 26,e2c3 e1e4 c2e4 g5e4 c3e4 h4e4,2123,80,75,63,advantage long middlegame quietMove,https://lichess.org/A8x0x0Qg/black#52,
ewGdJ,8/r5R1/7P/8/3p4/7k/5K2/8 b - - 2 70,a7a6 h6h7 a6h6 f2g1 d4d3 g7g2 h6h7 g2h2 h3g3 h2h7,2103,149,75,25,advancedPawn crushing endgame quietMove rookEndgame skewer veryLong,https://lichess.org/WfVMcmeA/black#140,
ewYq1,8/8/r7/2pk1p1P/p1R3p1/Kp1PP1P1/5P2/8 w - - 1 48,c4f4 a6b6 f4f5 d5e6 f5c5 b3b2 c5c6 b6c6,2148,76,91,1147,advancedPawn crushing defensiveMove endgame master quietMove rookEndgame sacrifice veryLong,https://lichess.org/NUOBWlq0#95,
ewfI4,r5k1/1bQ2p2/3p1p1p/1p2pP2/4P3/q2PB2P/6P1/5RK1 b - - 3 31,a3d3 f1f3 d3d1 g1h2 d1f3 g2f3,2124,77,74,67,crushing defensiveMove endgame long quietMove,https://lichess.org/r2rnZTfe/black#62,
exKjb,8/7p/1p6/p3p2P/5p2/1PK1k3/P1P5/4B3 w - - 2 40,e1h4 f4f3 c3c4 e5e4 c4d5 e3f4 d5d4 e4e3,2197,84,88,611,bishopEndgame crushing endgame quietMove veryLong,https://lichess.org/9OMQ2xOV#79,
exct3,8/8/8/1p6/8/k7/P1rR1PP1/4K3 b - - 11 55,c2d2 e1d2 a3a2 g2g4 b5b4 g4g5 b4b3 g5g6 b3b2 g6g7 b2b1q g7g8q,2116,79,87,162,advancedPawn crushing endgame promotion quietMove veryLong,https://lichess.org/7N2Fkf0v/black#110,
exibp,8/8/2p5/2Pp1k2/3P2n1/2N3K1/8/8 w - - 0 39,c3d5 c6d5 c5c6 g4f6 c6c7 f6e4 g3f3 e4d6,2121,114,85,25,crushing defensiveMove endgame exposedKing hangingPiece knightEndgame quietMove veryLong,https://lichess.org/GATiIyYE#77,
exkic,6k1/5pp1/4p2p/1Q1p4/P2P2P1/5PKP/8/3q4 w - - 2 36,b5b4 d1g1 g3f4 f7f6 b4b8 g8h7 b8b1 g1b1,2160,147,75,28,crushing endgame queenEndgame quietMove veryLong,https://lichess.org/tDHr91zh#71,
ey5SF,3r4/5p2/2B1p3/p1b3p1/2Pp2Pp/rP2kP1P/P3R3/1R3K2 b - - 13 39,e3f4 f1g2 f7f5 b1e1 a3a2 e2a2,2178,78,89,1082,advantage endgame long quietMove,https://lichess.org/iT7H7Go8/black#78,
eyFrm,r4rk1/1ppb3p/3p2p1/3Pb3/p1P3Pq/P2Q3P/3B1P1N/1R3RK1 w - - 2 24,b1b7 e5h2 g1h2 f8f2 h2g1 a8f8 b7b1 d7g4,2110,89,84,42,advantage attraction kingsideAttack middlegame quietMove veryLong,https://lichess.org/OIeC5ghF#47,
eyHsE,r1k2b1r/pp3Rp1/3p4/3n3p/3B4/P2P3P/1PP3P1/R5K1 b - - 1 23,d5f6 a1e1 c8d8 f7f6 g7f6 d4f6 d8d7 f6h8,2141,79,87,362,advantage fork middlegame quietMove veryLong,https://lichess.org/mjmKR5Yp/black#46,
eyMv9,8/8/5k2/4p1p1/2n1P1Pp/1pP2N1P/3K4/8 w - - 2 51,d2d3 c4a3 c3c4 b3b2,2177,107,80,22,advancedPawn crushing endgame knightEndgame master quietMove short,https://lichess.org/45IWmjN9#101,
eySa8,5k2/R7/5p2/P4P1K/r7/7p/8/8 w - - 2 55,h5g6 a4h4 a7b7 h3h2,2154,76,92,2184,advancedPawn crushing endgame master quietMove rookEndgame short,https://lichess.org/4tPev1lU#109,
ez3MD,8/1B5p/P7/1pb1p3/2kp2P1/4p3/2P1K2P/8 b - - 0 34,h7h6 h2h4 e5e4 b7e4 d4d3 e4d3,2136,80,91,968,bishopEndgame crushing endgame long quietMove,https://lichess.org/svbPZaXC/black#68,
ezQez,8/8/4Pk1r/p1pp1PR1/P6p/2P1K2P/8/8 w - - 3 49,g5g6 h6g6 f5g6 f6g6 e6e7 g6f7 e3f4 f7e7 f4e5 d5d4 c3d4 c5c4 e5e4 e7d6,2193,75,94,1591,crushing defensiveMove endgame quietMove rookEndgame veryLong zugzwang,https://lichess.org/5QPVYf5X#97,
ezSQj,8/6p1/7p/3k1p2/1P1p1P2/1K4P1/7P/8 b - - 2 43,d4d3 b3c3 d5e4 c3d2 e4d4 b4b5 d4c5 d2d3,2141,75,90,517,crushing endgame pawnEndgame quietMove veryLong,https://lichess.org/unTdTvVB/black#86,
f0BTp,1k1rr3/p2p4/1p2p2p/4Q3/1qPP1R2/6P1/1P5P/R5K1 b - - 2 27,d7d6 e5g7 a7a5 f4f7 b4c4 f7b7 b8c8 b7a7,2151,81,91,90,crushing endgame quietMove veryLong,https://lichess.org/7zCXIMNX/black#54,
f0OcZ,8/8/6pp/4k3/5pKP/5P2/5P2/8 w - - 4 43,h4h5 g6g5 g4h3 e5f5 h3h2 g5g4,2168,80,89,522,crushing endgame long pawnEndgame quietMove zugzwang,https://lichess.org/9hzlY7ZI#85,
f0Ycp,8/p1p5/1p5p/5p1P/2Pk1K2/P5P1/8/8 b - - 2 43,d4c4 f4f5 c4d3 g3g4 c7c5 g4g5 c5c4 g5h6,2166,74,67,101,advantage endgame pawnEndgame quietMove veryLong,https://lichess.org/1HaF3hpy/black#86,
f0awI,8/8/4kp2/7p/3R1P1P/2r4K/3p2P1/8 w - - 0 41,g2g3 c3c2 g3g4 c2c3,2134,75,77,112,crushing endgame quietMove rookEndgame short,https://lichess.org/ujMbqfYP#81,
f0cqS,8/5kp1/1N3p2/1p4p1/1P6/P5P1/1R1n1PKP/3r4 w - - 13 39,b2a2 g5g4 h2h3 f6f5 h3g4 f5g4 a2d2 d1d2,2113,76,91,535,crushing endgame quietMove veryLong,https://lichess.org/BmLlTJ8a#77,
f0tjo,8/p2nkppQ/2p1p3/8/2B3n1/3P4/PqP1NbPP/R4K1R w - - 0 19,a1c1 b2f6 h7e4 g4e3 e4e3 f2e3,2148,76,71,168,crushing discoveredAttack long middlegame quietMove,https://lichess.org/pRpaMxbI#37,
f1Gfs,2qb1nk1/2r2ppp/1p2p3/pP1pP2Q/P1bP4/4N1P1/3B1PK1/1BR5 b - - 12 30,c4b3 b1h7 f8h7 c1h1 b3c2 e3c2 c7c2 h5h7,2131,75,84,173,crushing kingsideAttack master middlegame quietMove sacrifice veryLong,https://lichess.org/4UnJjCmO/black#60,
f1Hz8,r4k2/ppp5/3p1B2/2b2P2/2B2q2/P1NP4/1PK1R3/8 b - - 3 27,a8e8 e2g2 f4f2 g2f2,2159,76,93,394,advantage middlegame quietMove short,https://lichess.org/mANCNsWZ/black#54,
f1N3C,8/p1R5/1p4rk/3P3p/2P5/P7/1r6/4KR2 w - - 0 35,c7a7 g6g2 f1f6 h6g5,2165,75,93,284,crushing endgame quietMove rookEndgame short,https://lichess.org/uh7UPL7x#69,
f1PN5,2r2b1r/1p5p/p2p1n2/5kB1/5P2/1P5P/1PPR4/2K1R3 b - - 0 25,f6e4 d2d5 f5e6 c2c4 e6f7 e1e4,2142,203,45,12,equality long middlegame pin quietMove,https://lichess.org/2WhcwroK/black#50,
f1gpK,3r2k1/3P1p2/6p1/7q/3R4/3Q2P1/6K1/8 b - - 4 39,h5g5 d4e4 g8g7 e4e8 d8d7 d3d7,2137,127,73,17,crushing endgame long quietMove,https://lichess.org/FdHKpPhx/black#78,
f2NBI,5r2/1Q5p/7k/p1P1ppq1/3p4/1P1RbP1P/P5P1/1R5K w - - 1 35,c5c6 e3f4 g2g4 g5h4 g4g5 h6g6,2181,103,73,31,crushing defensiveMove endgame long quietMove,https://lichess.org/TMeuGTx3#69,
f2eQ6,8/8/p2R3K/r5P1/2kp4/5PP1/2n5/8 b - - 1 46,a5d5 d6d5 c4d5 g5g6 c2e3 g3g4 d4d3 g6g7 d3d2 g7g8q,2181,79,91,306,advancedPawn advantage endgame promotion quietMove veryLong,https://lichess.org/ujhxo5jJ/black#92,
f2lK4,8/6kp/p1P5/5p2/PP3b2/5P2/7P/7K b - - 0 49,f4c7 a4a5 c7b8 b4b5 a6b5 a5a6,2192,81,86,38,bishopEndgame crushing endgame long quietMove,https://lichess.org/kQWEFk46/black#98,
f3Cx5,8/6pp/8/1K2N1P1/7k/8/P7/4b3 w - - 1 48,g5g6 h7h5 e5f3 h4g3 f3e1 h5h4,2105,77,92,1640,crushing defensiveMove endgame long quietMove sacrifice,https://lichess.org/WZKfcQDA#95,
f3IOE,8/3k4/p3p2p/1p1pP2P/1P1K1P2/P7/8/8 w - - 1 39,f4f5 e6f5 d4d5 d7e7 e5e6 f5f4 d5e4 e7e6 e4f4 e6f6,2177,76,95,76,crushing defensiveMove endgame pawnEndgame quietMove veryLong zugzwang,https://lichess.org/xBBbFqUL#77,
f3JDd,r1b3k1/pp4rp/3Q1pq1/3P4/2P1p1P1/5N1P/P2B1P2/5RK1 b - - 0 27,e4f3 d6d8 g8f7 f1e1 g6g4 h3g4,2163,79,96,613,crushing long middlegame quietMove,https://lichess.org/BaqoR1jD/black#54,
f3aLp,r1b5/pp1k3P/1q2p1Q1/3p4/n2ppB2/bP2P3/2P2PP1/2KR1B1R w - - 0 20,c1b1 a4c3 b1a1 b6a5 f1b5 c3b5,2130,75,94,875,crushing fork long middlegame quietMove,https://lichess.org/0iWOfJ21#39,
f3s00,1n2r1k1/p2qn1b1/1p2N3/3p3p/8/2PQ2BP/PP3PP1/4R1K1 b - - 7 28,b8c6 e6g5 e7g6 e1e8 d7e8 d3d5,2107,113,57,21,crushing discoveredAttack exposedKing kingsideAttack long middlegame quietMove,https://lichess.org/VnBEe4I0/black#56,
f3xzs,8/2qk2pp/1rn2p2/3p4/Q1pP4/Pp2PN2/3B1PPP/5RK1 w - - 0 21,d2c3 c7b7 f3d2 b6a6 a4a6 b7a6,2140,75,94,315,advantage long middlegame quietMove trappedPiece,https://lichess.org/N3uPb1EG#41,
f46tj,4rbk1/2r2p2/bq2nB1p/p2pPQpP/1p1P1pN1/1P4P1/P3NP2/3RR1K1 b - - 2 30,a6c8 f6h8 e6d8 g4f6 b6f6 f5f6,2154,135,69,29,crushing fork long master masterVsMaster middlegame quietMove,https://lichess.org/3ysDybZ9/black#60,
f4jKY,4r3/pp2r1kp/2p1q1p1/3p3n/3P4/2PBP1QP/PP2R1P1/5R1K w - - 10 22,g3f3 e6d6 h1g1 h5g3 f1f2 g3e2,2185,86,85,32,crushing fork long middlegame quietMove,https://lichess.org/mnZmscSH#43,
f4sqh,r7/1pp2k1p/p1pqbnr1/5p2/7Q/3P4/PPP2PPP/RNB1R1K1 w - - 1 14,c1g5 a8g8 g5f6 g6g2,2148,78,72,54,advantage master middlegame quietMove sacrifice short,https://lichess.org/B5omiUD6#27,Ruy_Lopez Ruy_Lopez_Exchange_Variation
f52cx,8/8/6kP/1p2Pb2/2pp1B2/2P5/3K4/8 w - - 0 50,c3d4 b5b4 e5e6 c4c3 d2e2 b4b3,2179,85,66,53,bishopEndgame crushing endgame exposedKing long quietMove,https://lichess.org/NRHOr35R#99,
f5Bqh,1r1n4/5pkp/R1B2pp1/1PpP4/4P1P1/5P1P/8/7K w - - 1 37,a6a8 b8a8 c6a8 c5c4 h1g2 c4c3,2181,80,81,94,advantage endgame long quietMove,https://lichess.org/LCf0dU7O#73,
f5U3j,2k5/6p1/5p1p/1BP1p1n1/8/P4KP1/2Pr3P/5R2 w - - 7 36,f3g4 g7g6 f1f6 d2d4 f6f4 e5f4,2166,76,94,1032,crushing endgame long quietMove,https://lichess.org/tRD1axPo#71,
f5Z3w,8/8/p2k4/5P1p/6PP/7K/8/8 b - - 0 51,h5g4 h3g4 a6a5 h4h5 d6e7 g4g5,2164,99,91,1441,crushing defensiveMove endgame long pawnEndgame quietMove,https://lichess.org/t80FyYxl/black#102,
f5Z5f,8/p5p1/4k1p1/np2P1K1/4PP2/8/8/3B4 b - - 0 42,b5b4 g5g6 b4b3 g6g7 b3b2 g7f8 e6d7 d1c2 a5c6 f8f7 c6d8 f7f6,2179,154,83,18,crushing defensiveMove endgame quietMove veryLong,https://lichess.org/UTYO4xs6/black#84,
f5e1L,5rk1/4q2p/4p1p1/p3R1r1/1p3n1Q/1P3PN1/P6P/3R3K b - - 0 31,e7f6 h4g5 f6g5 e5g5 f4h3 g3e4 h3g5 e4g5,2175,108,67,27,crushing middlegame quietMove veryLong,https://lichess.org/nUh3kFo7/black#62,
f69WJ,rrq3k1/3b1ppp/pb1Qp3/4P1B1/4N3/8/PPP3PP/R4R1K w - - 10 21,f1f7 g8f7 a1f1 f7g8 e4f6 g7f6 e5f6 d7e8 g5h6 e8g6,2185,297,85,5,equality hangingPiece middlegame quietMove veryLong,https://lichess.org/W3wvpHqt#41,
f6BC0,8/7p/8/p3kn2/P1p2p2/2P2P2/4K2P/2B5 w - - 2 41,e2f2 f5e7 c1a3 e7d5,2156,77,91,375,crushing endgame quietMove short,https://lichess.org/TXfuPjn0#81,
f6JQn,5r2/p5k1/b1p1prp1/3p3Q/8/1B6/P1P4P/6RK w - - 0 30,c2c3 a6d3 h2h4 d3e4 h1h2 f6f2,2140,75,95,437,advantage endgame long quietMove,https://lichess.org/LHITvml9#59,
f6O7F,rn3k1r/2qpbPp1/p7/1p5p/8/1B2Bb2/PPPQN1R1/3R3K b - - 1 22,h5h4 e2f4 c7c6 b3d5,2196,118,54,20,advantage middlegame quietMove short,https://lichess.org/Wv6YK2jv/black#44,
f6e5f,4k3/p6R/2p1P3/7p/8/Pp5P/1P1r2P1/6K1 w - - 0 43,h7a7 d2b2 g1h2 c6c5 a7c7 b2c2,2133,99,73,49,advantage endgame long quietMove rookEndgame,https://lichess.org/kor7wVy5#85,
f6gR8,8/3R4/2P3k1/3Np3/4P2n/8/1r3p2/5K2 w - - 0 45,c6c7 h4f3 d7h7 g6h7,2129,133,79,45,crushing endgame quietMove short,https://lichess.org/7DLcaIFq#89,
f7J41,6k1/p3Q1pp/1q2p3/1p1bP3/2pp2B1/P5PK/8/8 b - - 3 31,h7h6 e7e8 g8h7 g4h5 d5g2 h3g2,2148,79,91,1361,crushing endgame long master quietMove,https://lichess.org/lR41n5BG/black#62,
f7QRH,r7/P1P4p/8/1p6/1P4P1/3pp2P/2k5/3RK3 w - - 6 47,h3h4 a8f8 d1a1 e3e2,2191,98,71,30,advancedPawn crushing endgame quietMove rookEndgame short,https://lichess.org/ubJAIf0Z#93,
f7cf5,r1b2rk1/pp3p2/4p1p1/6Qp/1qBP4/8/P2N2PP/5RK1 b - - 2 20,b7b5 d2e4 b4c4 e4f6 g8g7 f6h5 g7g8 h5f6,2169,83,86,43,advantage kingsideAttack middlegame pin quietMove sacrifice veryLong,https://lichess.org/0oOXD9Gt/black#40,
f7g0V,1q3r1k/5Pb1/1p1p2Qp/1PpP2n1/p1P3PP/P7/6B1/5RK1 b - - 0 30,g5f7 g2e4 f7g5 h4g5 f8f1 g1f1,2113,75,92,1819,crushing long middlegame quietMove,https://lichess.org/vngvqogn/black#60,
f7ljW,1k6/1p1r2p1/pP1pN2p/2p1p3/4P2q/2PPQ3/P5rP/2K4R b - - 0 23,g2h2 h1h2 h4h2 e3f3 h2h4 f3f8,2197,80,89,923,crushing endgame long quietMove,https://lichess.org/APHC3Nfq/black#46,
f8aPI,8/p1p5/4k3/1p2Pp1p/5K2/1PP3P1/P7/8 b - - 0 47,c7c6 b3b4 e6d5 f4f5,2102,79,90,67,crushing endgame pawnEndgame quietMove short zugzwang,https://lichess.org/zol8LMCh/black#94,
f8aRP,2bqr1k1/1p5p/5pp1/r2nb3/3N4/1QN1B3/PP4PP/3R1RK1 b - - 3 20,g8h8 d4b5 d5e3 d1d8,2166,77,89,882,advantage discoveredAttack middlegame quietMove short,https://lichess.org/RqIlSZ9E/black#40,
f9DKU,8/8/3pk3/P4p2/2R5/3K4/1P6/2r5 b - - 2 57,c1c4 d3c4 e6d7 c4d5 d7c7 b2b4 c7b7 b4b5,2148,112,20,26,crushing defensiveMove endgame quietMove veryLong,https://lichess.org/I1TPURET/black#114,
f9N5r,8/5k2/8/1K4p1/4pp2/P1P3P1/5P2/8 w - - 0 42,g3f4 e4e3 f2e3 g5g4 a3a4 g4g3 a4a5 g3g2 a5a6 g2g1q,2149,83,87,36,advancedPawn crushing endgame master pawnEndgame promotion quietMove veryLong,https://lichess.org/TF81xdBD#83,
f9b0N,2r2r1k/3Q2pp/pb2P3/1pp5/8/P1N3qP/1P2R1P1/3R3K w - - 0 31,e6e7 b6c7 d7c7 g3c7,2180,78,81,90,crushing middlegame quietMove short,https://lichess.org/ffIO3pQH#61,
f9fSG,8/5p2/6p1/2k4p/1pPp3P/pB1K2P1/8/8 w - - 2 51,d3e4 f7f6 e4d3 g6g5,2155,77,90,1323,bishopEndgame crushing endgame master quietMove short,https://lichess.org/zPpxA5bs#101,
f9p9R,r3r1k1/pbpp2pp/1p6/4q3/2P1P3/P2BQ3/1P4PP/R4RK1 b - - 0 17,b7e4 f1e1 e4d3 e3e5 e8e5 e1e5,2171,80,85,58,advantage long middlegame quietMove,https://lichess.org/fHnHivO0/black#34,Indian_Defense Indian_Defense_Budapest_Defense
fAtOa,8/1Pk5/7p/4p3/3bKP2/1N4P1/p6P/8 b - - 0 43,a2a1q b3a1 d4a1 f4f5 c7b7 f5f6 a1c3 f6f7 c3b4 e4e5,2186,81,86,189,advancedPawn crushing endgame quietMove veryLong,https://lichess.org/uszCTciR/black#86,
fAvYk,2r3k1/1p2bp2/4p1p1/q2pP3/1NbP1PP1/P3B3/1Q6/6KR b - - 4 37,e7b4 b2h2 g8f8 h2h8 f8e7 h8c8,2198,76,94,4992,crushing long middlegame quietMove skewer,https://lichess.org/ALL6KEX5/black#74,
fAypI,8/7p/3kpp2/8/4KPP1/3P4/8/8 b - - 0 51,h7h6 d3d4 d6e7 f4f5,2195,86,88,179,crushing endgame pawnEndgame quietMove short zugzwang,https://lichess.org/8DD0JMKP/black#102,
fB8vG,8/8/8/1p3q2/k7/4QPK1/8/8 w - - 5 56,e3e4 f5e4 f3e4 b5b4 e4e5 a4b5 g3f2 b4b3 e5e6 b5c6 e6e7 c6d7 e7e8r d7e8 f2e1 b3b2,2161,83,83,64,advancedPawn crushing endgame queenEndgame quietMove veryLong,https://lichess.org/yTxKNzh6#111,
fBZz0,8/8/8/3k2pp/1Pp4P/6p1/1P3P1K/8 w - - 0 41,f2g3 g5g4 h2g2 d5c6 g2f1 c6b5 f1e2 b5b4,2108,77,92,2298,crushing endgame pawnEndgame quietMove veryLong,https://lichess.org/39adgNB9#81,
fBiKz,3rr1k1/5ppp/pp2p3/2p3Q1/N1Pq1P2/3PnR2/PP4PP/4R2K b - - 15 25,d4d3 a4c3 d3c4 f3e3,2134,142,55,20,advantage middlegame quietMove short,https://lichess.org/ia24Ppld/black#50,
fC4bW,2rb2k1/1p3p2/p3p1p1/3NP2p/6QP/8/1q3PP1/4RBK1 w - - 0 27,g4h3 b2d2 d5f6 d8f6 e1e2 d2d1 e5f6 c8c1 g1h2 d1f1,2155,78,86,169,crushing fork middlegame quietMove veryLong,https://lichess.org/DRKMJzOz#53,
fC8UP,1r1k3r/p2bb3/4ppBp/q2p4/P5PP/1PN2Q2/2P5/2KR3R b - - 0 20,b8c8 c3d5 e6d5 d1d5 c8c5 h1d1 c5d5 d1d5,2107,77,90,959,advantage middlegame quietMove veryLong,https://lichess.org/T30J9cyq/black#40,
fCMSv,3r3k/ppp2Bp1/4Qb1B/q3p3/4b3/6P1/PP3P1P/R5K1 b - - 0 25,e4d5 e6h3 d5f7 h6d2 h8g8 d2a5,2191,126,82,13,crushing discoveredAttack long master middlegame quietMove sacrifice,https://lichess.org/JuDTCB5z/black#50,
fCRdb,2kr3r/pppq2pp/8/4p3/1n4p1/2P3P1/P2N1KBP/R1BQN3 w - - 0 16,c3b4 d7d4 f2e2 h8f8 e1d3 d4d3,2155,78,86,62,advantage fork long middlegame quietMove,https://lichess.org/egJhTzVQ#31,French_Defense French_Defense_Kings_Indian_Attack
fCuQQ,8/2pk1p2/8/4K1pp/PPP2r2/8/2R2P1P/8 w - - 1 34,a4a5 c7c6 c2d2 d7e7 d2d6 f7f6 d6f6 f4f6,2117,75,91,959,crushing endgame quietMove rookEndgame veryLong,https://lichess.org/RJNSsIp7#67,
fDY1D,rnb2rk1/ppp2qp1/1b6/5pB1/3P4/2PB4/P1P1Q1PP/R4R1K b - - 3 17,c8e6 a1e1 b8d7 e2e6 f7e6 e1e6,2112,109,75,19,advantage long middlegame quietMove,https://lichess.org/aTPMrpb0/black#34,Kings_Gambit_Accepted Kings_Gambit_Accepted_Modern_Defense
fE1z1,8/8/8/6pp/2R2p1k/4r2P/1PR2KP1/7r w - - 3 48,c4c3 e3e1 g2g3 f4g3,2106,75,92,7600,crushing endgame quietMove rookEndgame short,https://lichess.org/ofVaaDgC#95,
fEKP2,8/8/6p1/1pk4p/5p1P/PP1Kp3/6P1/8 b - - 0 46,c5b6 g2g3 b5b4 a3a4 e3e2 d3e2,2144,77,94,2143,crushing endgame long master pawnEndgame quietMove,https://lichess.org/Lwn59ug1/black#92,
fEo1H,3k4/3b4/3p2n1/N1p1p1p1/2P1PpP1/3P1P2/5K2/5B2 w - - 5 37,f1e2 d7a4 f2e1 d8c7 e2d1 c7b6 d1a4 b6a5,2165,82,80,72,crushing endgame quietMove veryLong,https://lichess.org/iuwRDJZY#73,
fFEoC,7r/5p1p/4p1k1/5p2/8/1Q5P/3p1PP1/Q1r3K1 w - - 2 36,b3d1 c1a1 d1a1 h8c8 g1h2 c8c1 a1h8 d2d1q,2127,79,91,5456,advancedPawn crushing endgame pin promotion quietMove veryLong,https://lichess.org/PDPp8wEu#71,
fFKlc,r1b1k3/1pp1qp2/p3pbpQ/8/3N1P2/6P1/PPP3P1/2KR1B2 b q - 2 17,c7c5 d4b5 a6b5 f1b5,2114,77,81,66,advantage middlegame quietMove sacrifice short,https://lichess.org/RMxM1opx/black#34,Indian_Defense Indian_Defense_Other_variations
fFNKx,3r3k/pp5p/2p2p1q/4pP2/P3P1R1/1P2P3/1P1r4/2K1R1Q1 w - - 5 34,g1g3 h6f8 g4g8 f8g8 g3g8 h8g8,2145,77,91,3123,crushing endgame long quietMove,https://lichess.org/4hg90x2W#67,
fFTj5,8/p7/3p4/1K1P4/4k3/P7/8/8 w - - 4 53,b5c6 e4e5 a3a4 a7a5 c6b6 e5d5 b6b5 d5d4,2198,77,88,57,crushing defensiveMove endgame master pawnEndgame quietMove veryLong zugzwang,https://lichess.org/k56aoTtC#105,
fFYnf,8/8/2pk1p2/4p1p1/4P3/p1K2PP1/p1N5/8 b - - 3 62,d6c5 g3g4 a2a1q c2a1,2141,146,89,14,crushing endgame knightEndgame master quietMove short zugzwang,https://lichess.org/FmRxLEd7/black#124,
fFamx,3Q4/5ppk/p5n1/1p5p/3P2n1/P4qP1/1P3P1P/3R1RK1 w - - 0 28,d8a5 g6f4 g3f4 f3h3 f1e1 h3h2 g1f1 h2f2,2166,77,92,3089,endgame mate mateIn4 quietMove sacrifice veryLong,https://lichess.org/2RbADpkX#55,
fFigA,8/8/p2B4/6PP/2p5/2kb4/4rR1K/8 w - - 3 44,f2e2 d3e2 h5h6 e2d3 h2g3 c3b3,2118,164,78,11,crushing defensiveMove endgame long quietMove,https://lichess.org/xGsV00WC#87,
fGUsE,r4rk1/6pp/2N1p3/p1Pp1p2/PP2nP1q/3QP3/6PP/1RR3K1 w - - 1 23,b4b5 h4f2 g1h1 e4g3 h2g3 f8f6 d3f5 e6f5,2161,77,92,565,crushing middlegame quietMove sacrifice veryLong,https://lichess.org/g4di4wTT#45,
fGyo0,2rr2k1/p3qp1p/4n1pQ/3pP3/2n5/P4NN1/5PPP/R3R1K1 b - - 7 22,d5d4 g3e4 c4e5 f3e5,2125,83,90,1000,crushing master middlegame quietMove short,https://lichess.org/Zi2hLeeX/black#44,
fHASF,8/p7/1p6/1P1NK3/3P4/k4b2/8/8 b - - 0 50,a3a4 d5c7 a4b4 d4d5,2102,75,99,251,crushing defensiveMove endgame master quietMove short,https://lichess.org/0Gliuxs4/black#100,
fHJ4T,3k4/3P4/2P5/5p2/1b1N2p1/6P1/p4P2/5K2 w - - 0 54,d4b3 b4c3 f1e2 d8c7 e2e3 c3e5,2108,134,22,20,advantage endgame long quietMove zugzwang,https://lichess.org/xOKHzzP2#107,
fHqDL,8/2q5/8/p5Q1/1k4P1/6PK/8/8 w - - 1 57,g5f4 c7f4 g3f4 a5a4 f4f5 b4c5,2174,87,78,47,crushing defensiveMove endgame long queenEndgame quietMove,https://lichess.org/m8CDZdMl#113,
fICY0,QQr1k3/3b3p/q2P4/5p2/5Bp1/6P1/6PK/8 b - - 0 52,a6a8 b8b3 c8c4 b3c4,2113,78,96,3779,crushing endgame quietMove short,https://lichess.org/RntJuT13/black#104,
fIhfK,5rk1/ppp2ppp/1b2n3/4NR2/2B5/8/PP4PP/5K2 b - - 2 21,e6d4 c4f7 f8f7 f5f7 d4c6 f7f5 g7g6 f5g5,2169,78,90,568,advantage endgame quietMove veryLong,https://lichess.org/wDYJDKyD/black#42,
fJ6pr,6k1/6p1/6Kp/8/6PP/8/8/8 b - - 0 55,g8f8 g6h7 h6h5 g4g5 f8f7 h7h8,2172,126,92,57,crushing endgame long pawnEndgame quietMove zugzwang,https://lichess.org/TXlsrLDW/black#110,
fJEVr,4r1k1/6p1/2p1P2p/1pPp4/pP6/P4KP1/7P/4R3 b - - 0 36,g7g6 f3f4 g8f8 f4e5 f8e7 e1f1 e8f8 f1f8 e7f8 e5d6 f8e8 d6c6,2123,76,91,890,crushing endgame quietMove rookEndgame veryLong,https://lichess.org/8chE6doh/black#72,
fJH6j,5r2/2P2P1B/6R1/8/1K6/8/5np1/7k b - - 1 64,g2g1q g6g1 h1g1 h7f5 f8f7 c7c8q,2183,80,91,1090,advancedPawn clearance crushing endgame long promotion quietMove,https://lichess.org/6auPSxS5/black#128,
fJSc6,3k4/2p2p1r/pqp4P/1p3P2/4P2Q/3P4/R5KP/8 b - - 4 32,d8c8 h4g5 c8b7 g5g7 h7h6 g7h6,2129,75,91,1484,crushing endgame long quietMove,https://lichess.org/FTDMT4jL/black#64,
fJh3q,8/2k2p2/P1P5/5p2/8/1R6/3Kpr2/8 b - - 0 54,c7c6 b3a3 f2g2 a6a7 e2e1r d2e1,2137,117,85,32,advancedPawn crushing endgame long quietMove rookEndgame,https://lichess.org/TbmlW48T/black#108,
fKBvm,r1bq1nkr/pp1pn1p1/1b2P2p/1P5Q/3pP3/P2B4/2P3PP/RNB2RK1 b - - 0 14,d7e6 h5f7 g8h7 f1f6 e7f5 e4e5 d8f6 e5f6,2175,138,81,39,advantage kingsideAttack opening pin quietMove veryLong,https://lichess.org/7R2JE8jp/black#28,French_Defense French_Defense_Franco-Sicilian_Defense
fKzYa,r2r2k1/pb3Npp/1p2pb2/8/1q6/3B1P2/PPP1Q1PP/R3R2K b - - 0 22,g8f7 e2e6 f7f8 d3c4 b4c4 e6c4,2165,80,85,238,advantage long master middlegame quietMove,https://lichess.org/QIcScGzq/black#44,
fL0Lk,8/2k5/4p3/P3Kppp/2P5/5P1P/8/8 b - - 1 52,c7b7 c4c5 b7c6 a5a6,2114,75,93,2233,crushing endgame pawnEndgame quietMove short,https://lichess.org/Xu9qsTAy/black#104,
fLK6j,1r2r2k/1p3Qpp/p1p5/4p1b1/P2qPpN1/5P1P/2P3P1/RR5K w - - 4 25,b1b7 d4a1 h1h2 e8g8 b7b8 g8b8,2116,75,88,272,advantage hangingPiece long middlegame quietMove,https://lichess.org/atR4J3gj#49,
fLRDL,3r2k1/p4pp1/1qp5/8/1P2Q1P1/2P4P/P4K2/7R w - - 2 29,e4e3 d8d2 f2f3 b6d8 h1e1 d2d3,2184,77,86,521,advantage clearance endgame long pin quietMove,https://lichess.org/0q89WKHQ#57,
fLqef,r1bq4/pp2r1pk/4p3/2ppQ1P1/3p4/2P3R1/P1P2PP1/R3K3 b Q - 0 21,h7g8 g5g6 g8f8 g3h3 f8e8 h3h8 e8d7 h8d8,2118,76,93,6579,advantage middlegame quietMove skewer veryLong,https://lichess.org/Q8yfyeEC/black#42,
fLskg,1kb1r3/p3b1q1/1p5R/1Pp1P3/P4P2/4PQ2/6PP/3R2K1 w - - 1 32,f3h5 e8g8 d1d2 c8g4 h6h7 g4h5 h7g7 g8g7,2184,77,75,77,advantage middlegame quietMove veryLong,https://lichess.org/LutouZ2i#63,
fMBVa,r7/6k1/5n2/1p1p1Pp1/3P2Pp/4K2P/3NR3/8 w - - 1 49,d2f3 a8a3 e3f2 f6e4 f2g2 b5b4 e2b2 b4b3,2164,80,90,1508,crushing endgame quietMove veryLong,https://lichess.org/HDVOps9r#97,
fMITc,3r1knQ/p3pp1p/6p1/8/5q2/5P2/P4P1P/R4RK1 w - - 1 19,h8h7 d8d5 h7h3 d5h5,2140,75,93,3555,advantage endgame quietMove short,https://lichess.org/IFeqnbEE#37,
fMrcC,2kb3R/1b1n2Q1/2q1p3/4P3/5P2/1pp5/P1P2B2/2K5 w - - 0 30,a2b3 c6a6 h8d8 c8d8 f2b6 a6b6,2171,129,100,13,crushing long middlegame quietMove,https://lichess.org/n4SYKmrR#59,
fN4j8,r4r2/pp1q1p1k/2n2b1p/4nP1Q/3pPR2/3P3P/PP1B1RB1/6K1 b - - 4 25,f8g8 f4h4 g8h8 h5h6 h7g8 h6f6,2113,76,90,1318,crushing fork long middlegame quietMove,https://lichess.org/JwZQUZ0d/black#50,
fNILA,8/1p6/p3k3/3r4/P4R2/5P2/6K1/8 b - - 0 46,d5f5 f4f5 e6f5 a4a5 f5f4 g2f2,2180,75,92,2250,crushing defensiveMove endgame long quietMove rookEndgame,https://lichess.org/9Rd0g2K7/black#92,
fNfkc,r2qr1k1/1pp1npp1/1p4P1/3Np2Q/3pP3/3P4/PPP2PK1/R4R2 b - - 0 21,e7g6 f1h1 d8d5 h5h7 g8f8 e4d5,2182,85,90,1421,advantage intermezzo long middlegame quietMove sacrifice,https://lichess.org/5n98TEi6/black#42,
fNloo,1k1r3r/Nb1p1q2/1Pp4p/2Q3p1/4p3/5N1P/5KP1/1R5R b - - 1 28,e4f3 c5d6 b8a8 b1a1 f3g2 f2g2 f7d5 d6d5 c6d5 a7c6,2132,76,80,53,crushing discoveredAttack middlegame quietMove veryLong,https://lichess.org/SDhFsLIn/black#56,
fNxgb,7R/1p2kpp1/p3p2p/3p3Q/1n6/NP4qP/P6N/6K1 w - - 0 26,g1h1 b4d3 h5f3 d3f2 f3f2 g3f2,2191,257,-100,8,crushing endgame exposedKing long quietMove,https://lichess.org/Kq6bWhHK#51,
fO8BR,7k/2K5/7r/1P2p3/3pBp1p/3Pn1p1/2P5/7R b - - 0 46,e3c2 b5b6 c2b4 h1a1 h6b6 c7b6,2182,187,100,11,endgame equality long quietMove,https://lichess.org/aqUZ3RrH/black#92,
fOQGU,8/8/p3p1P1/4Pp2/7k/P3BK2/1P6/1r6 b - - 0 48,b1d1 g6g7 d1d8 e3c5 h4h5 c5f8,2106,81,91,581,advancedPawn crushing defensiveMove endgame long quietMove,https://lichess.org/OBMAY528/black#96,
fOa8v,1kr5/1p5p/4p1p1/pq1rP3/2p1R1P1/P1R1Q3/N1P2P2/2K5 w - - 1 31,f2f4 c8d8 e3f3 d5d1 f3d1 d8d1 c1d1 b5d5 d1c1 d5e4,2147,76,94,8704,attraction crushing fork middlegame quietMove veryLong,https://lichess.org/zf7Nlair#61,
fOlay,6k1/p2b3p/3K1RpP/1p1P4/2r1P3/8/6P1/8 b - - 1 36,d7c8 e4e5 c8g4 e5e6,2170,76,59,52,crushing endgame quietMove short,https://lichess.org/SP7rfK2t/black#72,
fOnGv,8/2k3p1/6p1/1p6/PPp1K3/7P/6P1/8 w - - 0 40,a4b5 c7b6 e4d4 b6b5 d4c3 g6g5 g2g3 g5g4 h3g4 g7g5,2103,76,94,2464,crushing defensiveMove endgame pawnEndgame quietMove veryLong zugzwang,https://lichess.org/RYx0Ibj7#79,
fP1xM,2k3r1/pp2qp1r/2p1p3/3pNb2/2PB2p1/4P3/PP2BPP1/R1Q2RK1 w - - 0 21,g2g3 f5e4 f2f3 g4f3 f1f3 e7g5,2170,199,-100,11,crushing long middlegame quietMove,https://lichess.org/5x1X0YgX#41,
fP2Lz,r4k2/pp5p/4q1pN/R4p2/5R2/2B2P2/KP3P1P/8 w - - 6 30,a2a1 a8d8 a1b1 e6b3 f4f5 g6f5,2195,76,95,243,advantage endgame long quietMove,https://lichess.org/8wRU148j#59,
fP6MQ,5R2/1r3p2/4p2p/3pPk2/5P1p/4PK2/6P1/8 b - - 11 44,h6h5 f8g8 f7f6 g8f8 f5g6 f8f6 g6h7 f6e6,2194,87,54,32,crushing endgame master masterVsMaster quietMove rookEndgame veryLong,https://lichess.org/LCJjc41t/black#88,
fP6vZ,8/8/4p2p/5p1P/P1k2K2/2P5/8/8 b - - 2 52,c4d5 a4a5 d5c6 c3c4 c6c5 f4e5,2135,90,82,30,crushing endgame long pawnEndgame quietMove,https://lichess.org/mLzJUteu/black#104,
fPEF0,8/1p6/2p1np2/p5p1/Pk1P2P1/1P3N2/1K3P2/8 b - - 2 42,e6f4 f3e1 c6c5 e1c2,2100,81,72,75,endgame knightEndgame mate mateIn2 quietMove short,https://lichess.org/wZx8zRy6/black#84,
fPL00,4k3/1pK5/2p5/8/2P5/8/8/8 b - - 5 57,e8e7 c4c5 e7e6 c7b7 e6d5 b7b6,2148,75,96,2692,crushing endgame long pawnEndgame quietMove zugzwang,https://lichess.org/jJrkjtFj/black#114,
fPhgV,6k1/1p3pp1/1K6/P6p/1P6/6r1/8/2R5 b - - 0 32,g3b3 c1c4 b3a3 b6b7,2170,80,79,80,advantage endgame master quietMove rookEndgame short superGM,https://lichess.org/TNKXYNE9/black#64,
fPijw,1r3rk1/1p3pp1/p2p3p/q5b1/2PB3P/NP3Q2/P7/1K4R1 b - - 0 21,a5a3 h4g5 h6h5 f3h5 a3a5 h5h3 b8e8 d4c3 a5c3 h3c3,2110,116,76,18,crushing middlegame quietMove veryLong,https://lichess.org/iYq4dSfK/black#42,
fPmfx,5r2/1R2ppk1/3p4/2pP4/4P1pq/3BP3/2Q3K1/8 w - - 0 38,c2f2 h4h3 g2g1 f8h8 f2b2 g7g6 b2h8 h3h8,2196,77,98,66,crushing endgame quietMove veryLong,https://lichess.org/KpKHW1RR#75,
fPnZP,8/6p1/4p1p1/3pPpP1/3P1P1P/1k1K2n1/5N2/8 b - - 16 47,g3h5 d3e3 b3c4 f2d3 h5g3 d3c5,2194,78,57,65,crushing endgame knightEndgame long quietMove,https://lichess.org/7hs3Yz0t/black#94,
fQRJk,6B1/8/8/3pP3/2b5/1pK1k3/8/8 b - - 0 73,d5d4 c3c4 d4d3 c4c3 b3b2 c3b2 d3d2 g8b3 d2d1r b3d1,2104,78,86,70,bishopEndgame crushing endgame hangingPiece quietMove veryLong,https://lichess.org/gVPBqDMf/black#146,
fQu6q,5rk1/5ppp/4p3/5P2/1b5r/1P2QBqP/6P1/R1BR1b1K w - - 1 29,d1f1 b4d6 h1g1 h4h3,2140,96,73,30,crushing middlegame pin quietMove short,https://lichess.org/Mtaw0UaS#57,
fR0fM,8/pp6/4k2p/5p1P/P4K2/2P5/1P6/8 w - - 0 41,c3c4 a7a5 c4c5 e6f6 c5c6 b7c6 b2b4 a5b4,2156,78,91,438,advantage endgame pawnEndgame quietMove veryLong,https://lichess.org/etm2UZSJ#81,
fR2if,8/1p6/p1p1k1p1/2PpP3/1P3K1P/P7/8/8 w - - 0 47,f4g5 d5d4 g5f4 d4d3 f4e3 e6e5,2165,77,91,911,crushing endgame long pawnEndgame quietMove,https://lichess.org/XWOZmAIy#93,
fR3zo,2rq2k1/1Qp1rppp/p2p4/1b1P4/1P6/2R1P1P1/P4PBP/2R3K1 w - - 1 21,g2h3 c8b8 b7c7 e7c7 c3c7 b5e8 c7c8 b8c8 c1c8 d8e7,2118,79,83,127,advantage middlegame quietMove veryLong,https://lichess.org/E4wE2IAB#41,
fRIbu,8/5kp1/3p4/r5P1/3P3P/p1n2K2/R2N1P2/8 w - - 4 52,d2c4 c3a2 c4a5 a2c1 a5c4 a3a2,2148,76,92,2994,advancedPawn crushing endgame long quietMove,https://lichess.org/piuHmpoh#103,
fRo0m,8/8/1P4p1/2B4p/2K1kp1P/8/5P2/1r6 b - - 1 54,b1b2 c5b4 b2c2 b4c3,2178,121,71,11,advantage defensiveMove endgame quietMove short,https://lichess.org/NS3x1Rdf/black#108,
fS4G5,4R3/8/5r1p/1p2k1p1/p1p1P3/P1P3PP/4K3/8 b - - 7 47,e5d6 e4e5 d6d7 e5f6 d7e8 g3g4 e8f7 e2e3 f7f6 e3d4 h6h5 g4h5 f6g7 d4c5 g7h6 c5b5 h6h5 b5c4,2196,130,43,13,crushing endgame fork quietMove rookEndgame veryLong,https://lichess.org/MHaslf3F/black#94,
fSJVt,6k1/pp1q1p2/3P2p1/7p/3Q1N2/1P4P1/P4P1K/4r3 b - - 2 26,d7c6 f4d5 c6d6 d5f6 d6f6 d4f6,2151,79,89,446,advantage endgame long master quietMove,https://lichess.org/nuBHp7NJ/black#52,
fSQG5,8/3r4/R3kpp1/7p/5P1P/6K1/5P2/8 b - - 12 60,d7d6 f4f5 g6f5 a6d6 e6d6 g3f4 d6e6 f2f3 e6e7 f4f5,2187,75,95,1953,crushing endgame master quietMove rookEndgame veryLong zugzwang,https://lichess.org/4VWKFKIc/black#120,
fSenq,2rr3k/1b3p1p/p7/1p1P1N2/8/P1N4Q/1PP2qPP/3R3K b - - 4 32,f2c2 h3g4 c2f5 g4f5,2164,77,91,440,crushing master masterVsMaster middlegame quietMove short,https://lichess.org/Jpq8u1WO/black#64,
fTUhQ,8/2p5/2p1k3/3pP1Kp/P2P2bP/1Nb5/5B2/8 b - - 0 47,g4d1 a4a5 c3a5 b3a5,2171,76,92,4875,crushing endgame master quietMove short,https://lichess.org/uzAaLSKv/black#94,
fTaU1,2r3k1/p4pp1/8/7p/4Q3/5PPq/PrP1R2P/4R1K1 b - - 0 24,b2a2 e4d3 c8f8 e2e8 h3c8 e8c8,2160,76,85,366,clearance crushing endgame long quietMove,https://lichess.org/0GhhgT8T/black#48,
fTdOy,r1b1k2r/pp3pp1/3p4/2pPp2p/2P1P2q/2N5/PP2BP2/R2Q1RK1 w kq - 0 15,d1d3 h8h6 d3g3 h6g6 g3g6 f7g6,2130,80,90,917,crushing long middlegame pin quietMove,https://lichess.org/W7pmDASD#29,Benoni_Defense Benoni_Defense_Czech_Benoni_Defense
fTi8m,r1b2r2/1pp1qpk1/pbp5/4P2Q/3P4/2N5/PP3PPP/3R1RK1 b - - 3 17,c8e6 d1d3 e6f5 h5f5,2138,76,28,115,crushing middlegame quietMove short,https://lichess.org/ss7N3Wml/black#34,Ruy_Lopez Ruy_Lopez_Classical_Defense
fU4xs,4kbnr/pQBn1ppp/4p1b1/8/3q4/6P1/PPP4P/R3KBNR w KQk - 0 12,a1d1 d4e4 b7e4 g6e4 f1b5 g8f6 g1h3 e4h1,2184,91,84,73,advantage opening quietMove trappedPiece veryLong,https://lichess.org/rhpCmurp#23,Blackmar-Diemer_Gambit Blackmar-Diemer_Gambit_Zeller_Defense
fU9WJ,8/8/6p1/5p1p/6k1/R3p1P1/4K1P1/6b1 w - - 4 52,e2f1 g1f2 a3a6 g6g5 a6a4 g4g3,2176,74,95,1639,crushing endgame long quietMove,https://lichess.org/yjYA6UE6#103,
fUEYV,8/p7/N1P1kp2/p1P2ppp/3K4/5P1P/6n1/8 b - - 1 45,a5a4 a6b8 a4a3 c6c7,2158,95,69,28,advancedPawn crushing endgame knightEndgame quietMove short,https://lichess.org/v8OQ8BPf/black#90,
fURqA,8/pp1k1p2/6p1/3KP1P1/8/1P6/P7/8 b - - 0 38,b7b6 b3b4 a7a6 a2a4 d7c7 e5e6 f7e6 d5e6,2108,77,92,175,crushing endgame pawnEndgame quietMove veryLong zugzwang,https://lichess.org/IIlTH7ni/black#76,
fUuwl,r3r1k1/pbq2pb1/1p1p2P1/2p5/2Q5/2P2N2/PPn3PP/RNB2RK1 b - - 0 17,c2a1 f3g5 d6d5 c4h4 g7d4 c3d4,2109,78,84,89,crushing long middlegame pin quietMove,https://lichess.org/gK8YhJcT/black#34,Sicilian_Defense Sicilian_Defense_McDonnell_Attack
fUzSW,8/1p4p1/8/3k2P1/4q3/2Q3K1/Pp6/8 w - - 4 37,c3b2 e4e5 b2e5 d5e5 g3g4 g7g6 a2a4 b7b6 g4f3 e5f5,2159,80,91,1766,crushing endgame queenEndgame quietMove veryLong,https://lichess.org/VC6w9J9e#73,
fVq0D,1R6/2R2ppk/8/6Pp/4b2K/8/6r1/8 w - - 0 48,h4h5 e4f5 h5h4 g2g4,2100,82,79,48,crushing endgame quietMove short,https://lichess.org/vQoeJ5lF#95,
fVsfl,8/8/3ppk1p/6p1/1pP2PP1/1P2K2P/8/8 w - - 1 50,f4g5 f6g5 e3f3 g5h4 f3g2 e6e5 g2f2 h4h3 c4c5 d6c5,2135,76,99,378,crushing endgame pawnEndgame quietMove veryLong,https://lichess.org/w4W6M2Oz#99,
fVwPt,r5kr/6p1/3q4/2pNpBp1/p1P2p2/P4P2/R7/2B1Q1K1 w - - 1 29,c1b2 d6h6 d5e7 g8f7 f5g6 f7f8,2189,76,99,153,crushing long middlegame quietMove,https://lichess.org/dn0UcsKP#57,
fWiib,r4rk1/p1qn1p1p/1p1p1Bp1/5n2/8/2PR3Q/PP3PPP/RN4K1 w - - 5 21,h3f5 f8e8 b1a3 g6f5,2119,74,93,2148,crushing intermezzo middlegame quietMove short,https://lichess.org/9gew0zVr#41,
fWmzC,4k3/1r5p/6pP/N1KP2P1/8/P7/8/8 b - - 0 56,b7c7 a5c6 e8d7 a3a4 c7c8 a4a5,2101,74,75,88,crushing defensiveMove endgame long quietMove,https://lichess.org/AqbBOt2T/black#112,
fWpQi,r4rk1/pb2b1p1/1p2p2p/3q4/3PP3/3QB3/P5PP/1BR2RK1 b - - 0 20,d5a5 e4e5 f8f5 f1f5,2100,78,91,1452,crushing middlegame quietMove short,https://lichess.org/wZkjiWVT/black#40,
fXGBY,8/6pk/6q1/8/6PQ/3p1P2/5K2/8 b - - 4 58,g6h6 h4h6 h7h6 f3f4 d3d2 f2e2 d2d1b e2d1,2184,76,93,1439,crushing endgame queenEndgame quietMove veryLong,https://lichess.org/6QyQoWJ0/black#116,
fXIIq,rn1q1rk1/1bpp2pp/1p1bp3/p2PN3/4pB2/1B2P3/PPP1QPPP/2KR3R b - - 0 13,e6d5 d1d5 a5a4 b3c4 b7d5 c4d5,2176,77,87,677,crushing long middlegame quietMove,https://lichess.org/sCWvH5o3/black#26,Dutch_Defense Dutch_Defense_Other_variations
fXNmq,3r3r/pk6/1p6/1P6/8/Q2q4/5PP1/1R3RK1 w - - 7 34,a3a6 b7a8 b1a1 d3h7 a6a7 h7a7 a1a7 a8a7,2138,80,84,52,advantage defensiveMove endgame quietMove veryLong,https://lichess.org/MJVNoYgP#67,
fYATv,8/8/p3p3/1p2k3/1P2p1pP/P3P1P1/3K4/8 b - - 4 39,e5d5 h4h5 d5e5 d2c3 e5f6 c3d4,2134,77,94,2497,crushing endgame long pawnEndgame quietMove,https://lichess.org/uPcytIvJ/black#78,
fYdum,r4rk1/2q2p2/4p1pQ/3p4/8/6P1/P3NPK1/4R3 b - - 2 35,a8a2 e1h1 f7f5 h6h8 g8f7 h8h7,2113,75,99,127,crushing endgame long quietMove,https://lichess.org/NJqGQU4v/black#70,
fYlRF,8/4k3/4p3/pPp1Ppp1/2K5/5P1P/8/8 w - - 0 32,c4c5 e7d7 b5b6 a5a4 c5b4 d7c6,2147,74,86,187,crushing endgame long pawnEndgame quietMove,https://lichess.org/cYeqW2iD#63,
fZIdd,r2qk2r/pp3ppp/2nbpB2/3p4/6b1/1B1P2Q1/PPP2PPP/RN2K1NR b KQkq - 0 9,d6g3 f6d8 g3e5 d3d4 c6d4 d8a5 d4b3 a2b3,2133,79,80,75,advantage middlegame quietMove veryLong,https://lichess.org/xsUFhOVg/black#18,Caro-Kann_Defense Caro-Kann_Defense_Hillbilly_Attack
fZV6y,6k1/3p1pp1/p3p1qp/3bQ3/P2R4/5P2/2r3PP/4R2K w - - 2 30,e1e2 c2c1 e2e1 g6b1 e5b8 b1b8,2173,75,93,6287,advantage clearance endgame long quietMove,https://lichess.org/yJKk0uLW#59,
fZVQl,r3r1k1/p6p/2pp2n1/1p2p1Q1/3PP3/6Nq/PPP2P2/R4RK1 w - - 0 22,g5h5 g6h4 h5h4 h3h4,2179,75,89,840,crushing master middlegame quietMove short,https://lichess.org/PQEShmHP#43,
fZzfp,8/2k5/1R4R1/p7/8/5Krr/8/8 w - - 0 50,g6g3 h3g3 f3g3 c7b6 g3f2 a5a4 f2e1 a4a3,2138,76,93,5664,crushing endgame quietMove rookEndgame veryLong,https://lichess.org/xTkc4W7F#99,
faDVi,6k1/p4p2/1bp3p1/1p3B1p/7P/5QPK/P2rr3/5R2 w - - 3 33,f1h1 b6g1 f3e2 d2e2,2101,109,80,19,crushing endgame master quietMove short,https://lichess.org/cUYZajdk#65,
faKMu,8/8/6K1/5p1p/5Pk1/8/8/2B5 w - - 2 64,g6h6 h5h4 c1e3 h4h3 e3g1 g4f4 g1h2 f4g4,2150,79,89,617,bishopEndgame crushing defensiveMove endgame quietMove veryLong,https://lichess.org/AMMsf3sx#127,
faXgY,8/p7/3p2Np/4k3/4n1P1/P3K2P/8/8 b - - 0 46,e5f6 e3e4 f6g6 h3h4 h6h5 g4g5,2198,79,90,909,crushing defensiveMove endgame knightEndgame long quietMove,https://lichess.org/QeJ19Ult/black#92,
falYg,8/7p/p7/k1N3p1/NpqP3b/8/PP1R3P/1K6 b - - 7 42,h4e1 c5b7 a5a4 b2b3 a4a3 b3c4 e1d2 d4d5 g5g4 d5d6 h7h5 c4c5 h5h4 b1c2 d2g5 c5c6 g4g3 h2g3,2196,220,68,8,endgame equality fork quietMove sacrifice veryLong,https://lichess.org/Kvmhzreq/black#84,
fapmM,8/8/p5p1/4kp2/2K4P/P7/1P6/8 w - - 1 41,b2b4 e5e4 a3a4 f5f4 c4c3 e4e3 b4b5 a6b5,2138,76,93,1162,crushing endgame pawnEndgame quietMove veryLong,https://lichess.org/wznesn0m#81,
fb1A2,6k1/R5pp/1r3p2/1pN5/1QnP4/5qP1/5P1P/6K1 w - - 1 35,a7d7 f3d1 g1g2 c4d2 b4d2 d1d2,2135,76,95,1498,crushing endgame long quietMove,https://lichess.org/G1tz35VB#69,
fbZ9i,4r1k1/3RBp1p/6p1/p2P4/8/1pb2N1P/5PP1/6K1 w - - 0 33,d5d6 e8b8 f3d2 c3d2,2112,86,86,43,advantage endgame quietMove short,https://lichess.org/vdvYLjIR#65,
fbmFS,3k4/3P2pp/1N1R4/p7/8/8/5PPK/1q6 b - - 4 44,b1b4 d6c6 b4f4 h2g1 f4c7 c6c7,2165,75,94,3825,crushing defensiveMove endgame long master quietMove,https://lichess.org/tnNeKIjl/black#88,
fc6zd,8/6pk/p4p1p/4pPbP/2Q1P1P1/1P2q3/P1P1B3/1K6 w - - 5 31,a2a4 e3c1 b1a2 g5e3 c4f7 c1c2,2140,139,71,20,advantage clearance endgame long queensideAttack quietMove,https://lichess.org/7qUv9ztf#61,
fct8V,8/8/7p/1k2Kpp1/8/6PP/8/8 b - - 1 53,g5g4 h3h4 f5f4 e5f4,2121,75,88,193,crushing endgame pawnEndgame quietMove short,https://lichess.org/7mDgPnil/black#106,
fcuA3,r4k2/2q3bQ/3pPr2/2p1p3/8/PR5P/5PP1/5RK1 b - - 0 28,a8e8 f1b1 c7e7 b3b7 f6h6 h7f5,2149,74,90,867,crushing long middlegame quietMove,https://lichess.org/QigHt1AO/black#56,
fdKUQ,8/8/5pp1/4p3/4PPP1/3k1K2/8/8 b - - 0 45,e5f4 g4g5 f6g5 e4e5 d3d4 e5e6 d4e5 e6e7,2139,79,95,1508,advancedPawn crushing endgame pawnEndgame quietMove veryLong,https://lichess.org/32jP2OgT/black#90,
fdYwT,3r3r/k3b1pp/1p3p2/1Q1P1q2/PP2p3/8/5PPP/R2R2K1 b - - 0 22,d8d6 a4a5 f5d7 a5b6 a7b8 b5a6 d7b7 a6b7 b8b7 a1a7 b7b6 a7e7,2178,77,78,79,advantage attraction doubleCheck middlegame quietMove skewer veryLong,https://lichess.org/CQFYYE9T/black#44,
fdlRd,r4r1k/p1q3bp/1p6/2p1N3/5P2/1Q2R3/PP5P/4R1K1 b - - 0 29,f8f4 e5g6 h7g6 e3h3 g7h6 h3h6 h8g7 b3h3 c7d6 h6h7,2124,131,70,19,crushing middlegame quietMove sacrifice veryLong,https://lichess.org/47LfOGPo/black#58,
fdmcX,1R6/1P6/5k2/K3p2p/5p2/8/7P/1r6 b - - 0 51,b1b7 b8b7 f4f3 b7b1 f6f5 a5b4,2175,115,88,20,crushing defensiveMove endgame hangingPiece long quietMove rookEndgame,https://lichess.org/bXDEHxV1/black#102,
feJ5B,5rk1/ppp3pp/4P3/3P4/2P5/1PB1bB2/P4qPP/3Q3K w - - 5 31,h2h3 f8f3 g2f3 e3f4 d1g1 f2f3,2164,75,93,2666,crushing endgame kingsideAttack long quietMove sacrifice,https://lichess.org/xK5w5u6k#61,
feNtF,8/1p4pp/2k5/6PP/5P2/1K6/8/8 b - - 0 42,c6d5 f4f5 d5e5 f5f6 g7f6 g5g6 h7g6 h5h6,2104,75,93,1621,crushing endgame pawnEndgame quietMove sacrifice veryLong,https://lichess.org/XKgH3LSm/black#84,
fee5q,5rk1/5p1p/3Qp1pP/6N1/8/6P1/1q3PK1/8 b - - 4 39,b2f6 d6f8 g8f8 g5h7 f8e7 h7f6 e7f6 f2f4 g6g5 f4g5,2185,77,91,1463,attraction crushing endgame fork quietMove sacrifice veryLong,https://lichess.org/N1wB3k7A/black#78,
feo1G,8/8/p5k1/5R2/1r3pK1/6P1/8/8 w - - 0 40,f5f4 a6a5 g4f3 b4f4 f3f4 a5a4 f4e3 a4a3,2146,79,92,545,crushing endgame quietMove rookEndgame veryLong,https://lichess.org/QKsbMhCj#79,
ffDhD,8/8/3kp1pp/5p2/3K1P2/3P1P1P/8/8 b - - 1 44,d6d7 d4e5 d7e7 h3h4 e7d7 e5f6,2116,112,100,22,crushing endgame long pawnEndgame quietMove zugzwang,https://lichess.org/PfPYOku7/black#88,
ffJ7I,1k6/2p5/K2p4/1P2p3/4P3/5P2/8/8 w - - 3 44,b5b6 c7c6 a6a5 b8b7,2120,78,93,9395,crushing endgame pawnEndgame quietMove short zugzwang,https://lichess.org/7NZ9ornX#87,
fflbM,4r2k/p1p3p1/1p6/6p1/6q1/1QP5/PP3PP1/3R2K1 w - - 0 26,d1d3 e8e1 g1h2 g4f4 d3g3 g5g4 b3d5 f4h6 g3h3 g4h3,2144,75,100,85,clearance crushing endgame quietMove veryLong,https://lichess.org/tDKGpnFM#51,
fgDS9,8/8/8/2p1p1p1/2P1P1Bp/5P2/4kbK1/8 b - - 1 62,f2g3 f3f4 e2d3 f4f5 d3e4 f5f6,2120,78,75,57,bishopEndgame crushing discoveredAttack endgame long quietMove,https://lichess.org/Vwcw1lZs/black#124,
fgTKH,7r/1p3n2/pN3k2/P2P1b2/4pP2/4R1P1/4B2p/7K w - - 1 38,e2c4 f7h6 c4e2 h6g4 e2g4 f5g4 b6d7 g4d7,2175,119,13,14,crushing endgame quietMove veryLong,https://lichess.org/tIdo7s9S#75,
fgTQ6,8/8/p3k1Bp/1p6/2pP1pPP/P1P1rP2/1P3K2/8 b - - 0 40,e6d6 g6e4 a6a5 g4g5 h6g5 h4g5,2111,75,91,2041,crushing endgame long quietMove,https://lichess.org/2XPCSMMy/black#80,
fgZof,2r3k1/5pp1/1B1P4/6Pp/p1p4P/4P3/3K1P2/8 b - - 0 46,c8c6 b6c7 c6c5 e3e4,2191,93,87,23,advantage defensiveMove endgame master quietMove short,https://lichess.org/8a2Oxa3s/black#92,
fgbyE,8/8/3kp3/1K4pp/8/2P2P2/7P/8 w - - 0 38,h2h3 e6e5 c3c4 e5e4,2124,76,91,1044,crushing endgame pawnEndgame quietMove short,https://lichess.org/eLBSKVu7#75,
fgeeT,4r1k1/pp3ppp/8/1Np5/6n1/6Bq/PPP4P/3Q2KR w - - 7 27,b5c7 g4e3 d1f3 e8e5 c7d5 e3d5,2152,138,68,10,crushing long master middlegame quietMove,https://lichess.org/LeFbbSw7#53,
fgjWU,8/5k2/5p1p/3Pp1p1/6P1/1PK4P/8/8 b - - 0 69,f7e7 b3b4 f6f5 g4f5,2179,79,81,70,crushing endgame pawnEndgame quietMove short,https://lichess.org/Fd2ox6QT/black#138,
fhG79,2K5/3P2kp/p3n1p1/5p2/P4PP1/7P/8/8 w - - 0 48,d7d8q e6d8 g4f5 d8c6 c8b7 c6b4,2147,77,91,979,crushing defensiveMove endgame long quietMove,https://lichess.org/dkbfPgaY#95,
fhgDg,8/8/1pp1kpp1/p6p/P1P1KP2/5P1P/1P6/8 b - - 0 32,c6c5 f4f5 g6f5 e4f4 h5h4 b2b3 e6e7 f4f5,2109,75,90,727,crushing endgame pawnEndgame quietMove veryLong zugzwang,https://lichess.org/KEM3uHh8/black#64,
fhhR5,8/7p/5pp1/3k4/5KPP/5P2/8/8 w - - 1 47,g4g5 f6f5 f4e3 d5c4 e3d2 c4d4,2144,76,85,115,crushing defensiveMove endgame long pawnEndgame quietMove zugzwang,https://lichess.org/pHa8bsmj#93,
fhi2z,r1k5/P1P4r/8/8/6K1/4B3/2R4P/8 b - - 12 62,h7c7 c2c7 c8c7 e3f4 c7d8 f4b8 a8a7 b8a7,2144,75,91,1599,attraction crushing endgame exposedKing quietMove veryLong,https://lichess.org/L1QMAJhX/black#124,
fhxOk,8/8/pp2k2p/2p1p1pP/P1P1K3/4PP2/1P6/8 w - - 0 38,f3f4 e5f4 e3f4 g5g4 f4f5 e6f6,2173,79,74,59,crushing endgame long master pawnEndgame quietMove,https://lichess.org/PF6or9AO#75,
fiGWy,8/8/5p2/1k4p1/2pK4/p5P1/8/2N5 w - - 0 57,c1a2 f6f5 d4d5 f5f4 g3f4 g5f4,2154,78,87,524,crushing endgame knightEndgame long quietMove,https://lichess.org/Ydn7TYNV#113,
fiKRm,2b1kr2/4npBQ/4p3/q1Pp4/8/r2BP3/2P2PPP/2KR3R w - - 5 22,c5c6 f7f6 h7h5 e8d8 g7f6 f8f6,2143,79,91,696,advantage defensiveMove long middlegame quietMove,https://lichess.org/b2ANDG8T#43,
fibN3,4Q3/r6p/8/5pp1/6k1/P3PqP1/5P1P/5RK1 w - - 4 34,e8e6 h7h5 f1e1 g4h3,2118,74,82,174,crushing endgame quietMove short,https://lichess.org/pYaMdzRS#67,
fixFs,5r2/p5p1/1p2p3/3pPk2/1Pb2B1P/P4KP1/8/2R5 b - - 6 35,f8c8 h4h5 c4e2 f3e2 c8c1 f4c1,2122,81,80,36,crushing endgame long quietMove,https://lichess.org/61uyIB61/black#70,
fj7qR,1r4r1/2kb1p2/2pp3p/8/2Q1PN1q/2P5/PP3PpP/R3R1K1 w - - 3 23,f4d3 b8b5 c4f7 b5h5 f7h5 h4h5,2190,141,100,23,advantage long middlegame quietMove,https://lichess.org/TyTppmsr#45,
fjFeB,8/8/5k1p/pppp1P1P/5K2/PP1P4/2P5/8 w - - 0 37,a3a4 b5b4 f4g4 f6e5 f5f6 e5f6,2105,76,92,758,crushing endgame long pawnEndgame quietMove zugzwang,https://lichess.org/fTWS8L5r#73,
fjNon,6k1/5pp1/3q3p/p1pN4/1pP1QP2/3P3P/6P1/b6K b - - 5 31,b4b3 e4e8 g8h7 d5e7 d6e7 e8e7,2130,76,85,99,advantage endgame long quietMove,https://lichess.org/icOr2VOL/black#62,
fjPYP,3r2k1/1p3ppp/3P4/2p5/2P5/1P1Pq1Pb/1Q2B2P/4R2K w - - 1 24,b2b1 d8e8 d6d7 h3d7,2198,86,49,47,crushing endgame quietMove short,https://lichess.org/OoSi5rYK#47,
fjQ4t,1rb4r/p1b3Q1/1nR5/4pqBk/7P/4P3/5PP1/K7 b - - 2 32,c8e6 f2f3 b6c4 g2g4 f5g4 f3g4,2146,122,88,34,advantage fork long middlegame quietMove,https://lichess.org/krikalpb/black#64,
fjTjH,1k5r/pp4pp/8/5B2/5P2/5nP1/PPP4P/R2K4 w - - 2 22,h2h3 h8e8 c2c3 e8e1,2171,76,94,2382,advantage endgame quietMove short,https://lichess.org/idm2vaqF#43,
fjlNP,3r4/8/5k2/4p1pp/p1N1K3/2p2PPP/2N5/8 b - - 1 39,d8d4 c2d4 e5d4 c4a3 d4d3 e4d3,2158,79,90,910,crushing endgame long quietMove,https://lichess.org/hO4Yp8MM/black#78,
fjro9,r4rk1/p3pp1p/Bp4pP/8/8/2Q5/P4K1P/3R2Nq b - - 0 21,f7f6 c3b3 g8h8 g1f3 h1d1 b3d1,2116,79,86,44,crushing long middlegame quietMove trappedPiece,https://lichess.org/y8nWkTQy/black#42,
fk5HA,8/8/2kpK3/p1p4p/2P4P/PP6/8/8 w - - 3 42,e6e7 a5a4 b3a4 d6d5 c4d5 c6d5 e7d7 c5c4 a4a5 d5c5 a5a6 c5b6,2177,121,76,18,crushing endgame pawnEndgame quietMove veryLong,https://lichess.org/HRQtK63W#83,
fkB6F,4r3/6R1/1p6/p1p2p2/2P3k1/1P5N/P4KP1/4r3 b - - 4 41,g4h4 h3f4 e1e3 g2g3 e3g3 g7g3,2185,75,94,4572,crushing endgame long quietMove,https://lichess.org/G0NVeHpW/black#82,
fkPav,k7/1p6/p1pN3P/8/rP1P2K1/8/8/8 b - - 0 51,a4b4 d6f5 b4b1 h6h7 b1h1 f5h4,2120,78,86,70,advancedPawn advantage defensiveMove endgame long quietMove,https://lichess.org/n1TONNT9/black#102,
fkeDI,5r2/p6R/2N5/2P5/1P2P3/4Knk1/7p/8 w - - 3 46,c6d4 f3h4 d4e2 g3h3 e2f4 f8f4 e3f4 h2h1q,2156,78,90,1599,advancedPawn crushing defensiveMove endgame master promotion quietMove veryLong,https://lichess.org/3cz1nNTI#91,
fkg4v,6k1/q5p1/3p3p/p2rpN1P/5b2/PR6/1P2Q3/1K6 b - - 0 34,d5d2 e2c4 g8h7 f5e7 a7a8 b3b7,2185,129,87,19,crushing defensiveMove endgame long quietMove,https://lichess.org/FsnYCCtp/black#68,
fkqeX,3k4/6pp/4P3/pp1p4/2pK1p2/7P/PP3PP1/8 b - - 1 32,d8e7 d4d5 a5a4 a2a3 b5b4 d5c4 b4a3 b2a3,2163,85,77,28,advantage endgame pawnEndgame quietMove veryLong,https://lichess.org/dZgiq2NX/black#64,
fl4jQ,r4rk1/3R1p1p/4p1p1/p1q1P3/2P2Q2/7P/5PP1/1R4K1 b - - 1 27,a8c8 b1b7 c5c4 f4f6,2102,84,82,43,crushing endgame quietMove short,https://lichess.org/XuJ2HWcE/black#54,
fltGP,2Q5/4bp1k/4r1pp/4q3/PP6/3B1P2/5P1P/3R2K1 w - - 0 34,b4b5 e7d6 d3e4 e5h2 g1f1 h2h3 f1e2 e6e4 f3e4 h3c8,2118,79,73,63,advantage discoveredAttack endgame quietMove veryLong,https://lichess.org/pPBrNb50#67,
flvL3,r1q3k1/1p3p2/p1b2p2/3P3Q/8/P6P/1P3PP1/4R1K1 b - - 0 22,c6b5 e1e3 c8c1 g1h2,2123,115,63,17,crushing defensiveMove endgame quietMove short,https://lichess.org/M9lW1MPC/black#44,
fnDNm,2r1r1k1/2nR2p1/4pp1p/pp2N3/5PP1/1P4KP/P1q5/4Q1B1 b - - 3 31,f6e5 e1e5 c2g6 g1d4 e8e7 d7e7,2110,78,86,63,advantage long middlegame quietMove,https://lichess.org/wxFDgf6J/black#62,
fnNGf,8/5p1p/6p1/1p1kP1PP/3P1P2/2K5/8/8 b - - 0 43,g6h5 f4f5 h5h4 e5e6 f7e6 g5g6,2191,77,82,67,crushing endgame long pawnEndgame quietMove,https://lichess.org/8e16IXJH/black#86,
fnQ4f,2r2r1k/ppq1bppB/8/4pQ2/2b5/2P1B2P/PP4P1/R4RK1 b - - 2 22,c4f1 f5h5 f1e2 g2g4 e7g5 e3g5 c7b6 g1g2 b6h6 g5h6,2182,75,89,3293,crushing middlegame quietMove veryLong,https://lichess.org/oAbVzxRf/black#44,
fnkMT,8/6Bb/7P/4Kpk1/2p1p3/2P5/5P2/8 w - - 19 61,e5d4 f5f4 d4c4 e4e3 f2e3 f4f3 e3e4 f3f2,2176,79,93,1293,advancedPawn bishopEndgame crushing endgame quietMove sacrifice veryLong,https://lichess.org/yrBed3xi#121,
fnv04,8/1p3k2/2p5/1PPp1p2/P2P2p1/3nK3/3B4/8 b - - 4 50,d3b2 b5c6 b7c6 a4a5 b2c4 e3f4 c4d2 a5a6 d2e4 a6a7,2182,81,71,38,advancedPawn crushing endgame master quietMove sacrifice veryLong,https://lichess.org/7Qg7jd9T/black#100,
fofoC,8/1p3r1k/2p5/3p3p/2qBr3/P5Q1/4RP1K/4R3 b - - 0 37,e4e2 e1g1 f7f2 d4f2 c4g4 g3c7,2198,82,80,53,crushing endgame long master quietMove,https://lichess.org/x10Hxrra/black#74,
fogfV,8/3k2p1/1p3p2/pP5P/6P1/4KP2/8/8 b - - 0 42,a5a4 e3d4 d7d6 f3f4 a4a3 d4c3 a3a2 c3b2 a2a1q b2a1,2156,75,93,1495,crushing endgame pawnEndgame quietMove veryLong,https://lichess.org/7sjsSzTM/black#84,
foks3,r3b1k1/2n2pp1/3N3p/2pP4/1p3B2/3P1QPP/4R1K1/1q6 w - - 2 26,d6e8 a8a1 f4c1 b1c1,2105,75,95,393,crushing middlegame quietMove short,https://lichess.org/UYCsbF9b#51,
fou55,8/p4ppp/1p1k4/3p1P2/1P1K4/8/P4P1P/8 b - - 0 26,f7f6 b4b5 g7g6 h2h4 g6f5 f2f4,2155,209,86,11,defensiveMove endgame equality long pawnEndgame quietMove,https://lichess.org/9Wslhzpf/black#52,
fp0TF,5r2/1b3p1k/p2p4/1p2p1QP/2rP4/P1N4q/1P2NR2/6K1 b - - 3 28,b7c8 f2g2 h3g2 g5g2 f8g8 e2g3,2108,147,76,7,advantage defensiveMove long middlegame quietMove,https://lichess.org/118F5pWD/black#56,
fp919,3q1r2/6kp/3pQbp1/8/8/1P1BBP2/r1P3PP/2KR3R w - - 1 23,e6h3 f6c3 e3d4 c3d4 h3h7 g7h7,2133,75,90,1694,crushing long middlegame quietMove,https://lichess.org/dfCRGWf7#45,
fpEAX,5r2/R2R1pk1/5bp1/7p/4p3/1P1p2P1/5PK1/8 w - - 4 41,f2f3 e4e3 d7d3 f8e8 a7c7 e3e2,2175,142,86,9,advancedPawn crushing endgame long master quietMove,https://lichess.org/EeZ7MD8m#81,
fpQ3A,8/pp5p/8/4p1p1/1PPpK3/6Pk/P4P1P/8 b - - 0 31,h3h2 c4c5 a7a6 a2a4 h2g2 b4b5 d4d3 e4d3,2148,76,95,1045,crushing endgame pawnEndgame quietMove veryLong,https://lichess.org/WmCwTMyq/black#62,
fpVAe,8/8/1p2r1kp/p2R1p2/P4P1P/1P1K4/8/8 w - - 3 42,d5e5 e6e5 f4e5 g6f7 d3d4 f7e6 h4h5 f5f4 d4e4 f4f3,2124,78,90,1358,crushing endgame master quietMove rookEndgame veryLong,https://lichess.org/ROwa4pc6#83,
fpaM1,8/1q4k1/5p1p/ppQ1pPp1/2b2r2/P1P1N3/1P1R2P1/6K1 b - - 5 44,c4f7 d2d8 f4f5 e3f5,2122,76,92,4630,crushing endgame master quietMove short,https://lichess.org/TcFSIzcE/black#88,
fpcqY,q2kbb1r/1p3p1p/1pnp1np1/1B4N1/1P6/P7/5PPP/RQ2R1K1 w - - 2 22,e1e8 d8e8 b1b3 d6d5 a1e1 f8e7,2198,78,91,2784,advantage hangingPiece long middlegame quietMove,https://lichess.org/TyJqpPDi#43,
fpf2M,r2k3r/pb1q1ppp/3b1n2/2p5/3p1N2/3P1N2/PPP2PPP/R1BQR1K1 w - - 11 16,f3e5 d7c7 f4e6 f7e6,2113,102,80,38,advantage master masterVsMaster middlegame quietMove short,https://lichess.org/preaot30#31,Scandinavian_Defense Scandinavian_Defense_Blackburne-Kloosterboer_Gambit
fpq3p,8/1P6/8/2P1b2k/8/7p/KP4p1/2R5 w - - 1 47,c5c6 e5c7 b7b8r c7b8 c6c7 b8c7,2160,76,92,1289,crushing endgame long master quietMove,https://lichess.org/PvUlZFSq#93,
fprVA,8/8/3k4/p1p5/P1K1P3/8/8/8 b - - 0 41,d6c6 e4e5 c6b6 c4d5 c5c4 d5c4 b6c6 c4d4,2179,78,91,772,crushing defensiveMove endgame pawnEndgame quietMove veryLong zugzwang,https://lichess.org/T5KISIDe/black#82,
fq0YX,8/4k3/1pp5/4p2p/1P4pP/P1P3P1/4K3/8 b - - 0 47,e7e6 a3a4 b6b5 a4a5,2182,75,87,134,crushing defensiveMove endgame pawnEndgame quietMove short,https://lichess.org/ycnIIDMq/black#94,
fqDUp,4k3/R7/8/3Kp2p/4N1p1/2r5/8/8 b - - 1 48,c3d3 d5e6 e8d8 e4d6 d3d6 e6d6,2196,76,86,521,crushing defensiveMove endgame long master quietMove,https://lichess.org/DUlq70sn/black#96,
fqI9f,7r/2pk3p/2p1pp2/8/P5P1/3PQ2P/q1K3B1/3R3R w - - 1 26,c2c1 h8b8 e3d4 d7c8 d4a1 a2a1,2194,78,84,230,crushing defensiveMove endgame long quietMove,https://lichess.org/taif6USe#51,
fqLPf,6b1/8/6P1/p3k3/1p6/4K3/P7/1B6 b - - 2 49,e5d5 b1c2 d5e5 c2b3 e5f6 b3g8,2167,77,90,407,bishopEndgame crushing endgame long master quietMove,https://lichess.org/ttUP8fZy/black#98,
fqkZv,2kr4/p1pb2B1/2pp4/8/3PP1nq/2N3p1/PPPQ4/R4RK1 w - - 2 23,f1f8 d8f8 g7f8 g4h2 f8e7 h2f3 g1g2 h4h2 g2f3 h2d2,2115,117,13,16,crushing exposedKing fork middlegame quietMove skewer veryLong,https://lichess.org/QRWlVi3F#45,
fqtes,8/4p2p/3r1kp1/1P6/2Q2p1P/3KbP2/6P1/8 w - - 3 45,d3e4 e7e5 c4d5 d6d5,2119,74,94,1160,crushing endgame master quietMove short,https://lichess.org/ZLgPemR9#89,
fqvep,1k6/p6p/K2p4/P4p2/1P6/5P2/6PP/8 w - - 0 33,b4b5 d6d5 b5b6 d5d4 b6a7 b8a8,2104,74,79,371,crushing defensiveMove endgame long pawnEndgame quietMove,https://lichess.org/yKOBnW1j#65,
frSi2,8/5k2/p1B2p2/2p1pP2/3pPpP1/Pb6/3K4/4N3 w - - 2 47,c6d5 b3d5 e4d5 e5e4 e1g2 f4f3,2153,78,90,125,crushing endgame long quietMove,https://lichess.org/H28k8BSL#93,
freMD,8/1p6/8/p3k3/7p/1PP4P/6P1/7K w - - 0 36,h1g1 b7b5 g1f2 a5a4 b3a4 b5a4,2122,77,90,188,crushing endgame long pawnEndgame quietMove,https://lichess.org/kfxHRKwN#71,
freuf,4k3/1bP5/3B4/1p5K/6pP/2p3P1/8/8 b - - 0 58,c3c2 d6f4 b7c8 h5g6,2114,76,85,120,bishopEndgame crushing defensiveMove endgame quietMove short,https://lichess.org/UJGlCIyk/black#116,
fry5c,1r6/4kp2/1pR5/1K1Pp1p1/4P2p/7P/6P1/8 w - - 9 46,c6b6 b8b6 b5b6 e7d6 b6b5 f7f5 e4f5 d6d5 b5b4 e5e4 f5f6 d5e6 f6f7 e6f7,2100,77,91,668,crushing deflection endgame quietMove rookEndgame veryLong,https://lichess.org/teSsSVE8#91,
fs0mx,2r3k1/4Bp1p/p2pb1p1/qp6/8/P1R1Q1P1/2P2P1P/1K5R b - - 0 21,c8c3 e3h6 e6a2 b1a1 c3c8 e7f6 a5c3 f6c3,2128,117,77,14,crushing defensiveMove endgame quietMove veryLong,https://lichess.org/AzvaH03B/black#42,
fsUno,8/8/6kp/1p3q2/5P2/3Q4/P1P3K1/8 w - - 0 41,d3f5 g6f5 g2g3 b5b4 g3f3 h6h5,2130,75,94,2482,crushing defensiveMove endgame long quietMove,https://lichess.org/6kxacXKK#81,
fspqe,7k/3PNppp/8/8/2r1P3/p6P/2p2PPK/B1r5 b - - 1 35,c1d1 e7d5 d1d5 e4d5 h7h6 d7d8q h8h7 d8f8 f7f6 a1f6,2119,77,86,94,advancedPawn advantage endgame promotion quietMove veryLong,https://lichess.org/7WGaEjgf/black#70,
fsszv,4r3/p5k1/6pp/1p1P1p2/3Np3/1B4K1/PP4P1/8 b - - 1 28,a7a6 d5d6 g7f6 d4c6 e8h8 d6d7,2147,75,91,1040,advancedPawn advantage endgame long quietMove,https://lichess.org/zp3ITdoL/black#56,
ft78l,8/p4p2/1p4kP/1P1Kp3/P3P3/8/8/8 w - - 3 52,d5c6 g6h6 c6b7 f7f5 e4f5 e5e4 b7a7 e4e3 a4a5 e3e2,2151,76,94,4031,advancedPawn crushing endgame pawnEndgame quietMove veryLong,https://lichess.org/VExh5NVZ#103,
ftGcw,r2r2k1/p3Qp1p/4b1p1/n7/1p2P3/PqP1B1P1/5PBP/5RK1 b - - 0 19,b4a3 e7f6 a5c6 e3h6 b3c3 f6c3,2143,79,87,72,advantage long master middlegame quietMove,https://lichess.org/xTPDMXW2/black#38,
ftIfI,8/1p6/pk1K4/4P1p1/8/P3r3/1PR5/8 b - - 1 53,g5g4 c2d2 g4g3 e5e6 g3g2 d2g2,2198,106,65,18,crushing endgame long master quietMove rookEndgame,https://lichess.org/QlWAs6TE/black#106,
ftZbh,5nk1/1pp2p2/p1n3pQ/4pN2/4P3/2P3NP/5qPK/8 b - - 1 28,g6f5 g3h5 f2f4 h5f4,2133,75,98,269,crushing endgame master quietMove short,https://lichess.org/hMUoWWWR/black#56,
ftqUs,1R6/5p1p/4rk2/2P5/5K2/8/6P1/8 b - - 0 58,e6c6 b8b6 c6e6 g2g4 h7h6 b6e6,2190,134,50,11,crushing endgame long pin quietMove rookEndgame,https://lichess.org/ArYRV4c9/black#116,
ftwxq,8/8/p2k1ppp/1p6/1P1K1PPP/P7/8/8 b - - 0 36,f6f5 g4f5 g6f5 h4h5 d6e6 d4c5,2177,79,90,717,crushing endgame long pawnEndgame quietMove zugzwang,https://lichess.org/m86VGFVD/black#72,
fu3QF,8/8/8/K3p2p/4k2P/P7/8/8 w - - 0 48,a5b5 e4d4 a3a4 e5e4 a4a5 e4e3 a5a6 e3e2 a6a7 e2e1q a7a8q e1b1,2103,127,83,12,advancedPawn crushing endgame pawnEndgame promotion quietMove veryLong,https://lichess.org/DGqIYOhn#95,
fv2IX,8/5p2/p3p2p/Pp2Pk2/1PpP4/2P2K1P/8/8 b - - 2 39,h6h5 h3h4 f5g6 f3e4 g6g7 d4d5,2144,77,92,231,crushing endgame long pawnEndgame quietMove zugzwang,https://lichess.org/Rp7DEjWa/black#78,
fv2p7,2r2r1k/pp3p2/1np1pbp1/2Q1B3/4B3/6P1/q3PP1P/1R2R1K1 b - - 1 21,b6d7 e5f6 d7f6 c5e5 h8g7 g3g4 g7g8 e5f6,2175,76,91,1877,clearance crushing kingsideAttack middlegame pin quietMove veryLong,https://lichess.org/K26E19ag/black#42,
fv4IG,8/8/6bP/pp1p1kP1/3P1P2/P1P3K1/8/8 b - - 2 43,f5e4 g3g4 g6h7 f4f5 h7f5 g4h5 e4f4 g5g6,2134,136,54,13,bishopEndgame crushing defensiveMove endgame quietMove veryLong,https://lichess.org/cVIKk7v6/black#86,
fvOuT,6k1/5pp1/1pn4p/p3PK2/5P1P/P5P1/1P4r1/2BR4 w - - 3 30,g3g4 g2e2 d1d7 g8f8 g4g5 h6h5 g5g6 c6e7 d7e7 f8e7,2162,105,76,62,advantage endgame quietMove veryLong,https://lichess.org/EA635g8c#59,
fwV2T,5k2/5ppp/p3p3/2K1P3/PP3n2/8/6PP/8 b - - 0 34,f4g2 b4b5 a6b5 a4a5 g2e3 a5a6,2190,76,94,3026,advantage endgame knightEndgame long quietMove,https://lichess.org/TgYJe4uf/black#68,
fxRPI,8/4k3/2B3p1/K4p2/Pp3n1p/1P3P1P/8/8 b - - 0 57,e7d6 a5b6 f4h3 a4a5 h3f4 a5a6 h4h3 a6a7 h3h2 a7a8q,2156,85,85,1288,advancedPawn crushing endgame promotion quietMove veryLong,https://lichess.org/sqooYqdH/black#114,
fxac8,5k2/3R3R/8/p5pp/P7/6P1/5r1r/4K3 b - - 11 35,f8e8 d7b7 f2e2 e1d1 e2d2 d1c1,2125,77,89,375,crushing endgame long quietMove rookEndgame,https://lichess.org/yIr1uC3b/black#70,
fxwDB,7r/2R2pk1/r3p3/1N1p1pK1/P7/1P2PbPP/8/2R5 w - - 3 36,h3h4 e6e5 c7f7 g7f7 c1c7 f7e6,2194,77,92,9601,crushing defensiveMove endgame long quietMove,https://lichess.org/1K1zlwGO#71,
fyisD,r2qk2r/pbp1bppp/1p2pn2/6N1/3P4/2PB4/P1P3PP/R1B1QRK1 b kq - 3 12,e8g8 f1f6 e7f6 d3h7 g8h8 e1h4 f6g5 c1g5 d8g5 h4g5,2106,77,91,2482,advantage kingsideAttack master opening quietMove veryLong,https://lichess.org/sk8cLxdN/black#24,Indian_Defense Indian_Defense_Paleface_Attack
fz9QE,5b2/3R4/8/2p5/2P4P/P3k1P1/3p4/6K1 w - - 2 49,g1f1 f8g7 d7d2 e3d2 a3a4 g7c3 g3g4 d2d3 g4g5 d3c4,2155,113,81,27,crushing endgame quietMove veryLong,https://lichess.org/mIBrzm7M#97,
fzLfs,8/6pp/5p2/1p2kP2/2p3P1/P1P1K2P/8/8 w - - 0 39,h3h4 h7h5 g4h5 e5f5 e3d4 f5g4 d4c5 f6f5 c5b5 f5f4 h5h6 g7h6,2158,74,93,6809,crushing deflection endgame pawnEndgame quietMove veryLong,https://lichess.org/u9TXOnqL#77,
fzc1b,1k6/2p1q1p1/1p2P2p/8/p1Q5/2b2N2/5PPP/6K1 b - - 6 34,c3b4 f3e5 e7d6 e5c6 b8b7 c6b4,2117,76,92,295,advantage endgame long quietMove,https://lichess.org/0oSvaYut/black#68,
fzvPj,5rk1/1Q3p1p/p5p1/2P5/P4q2/1B2n2P/2P3P1/6RK w - - 0 33,c5c6 e3f1 g1f1 f4f1,2146,75,100,131,crushing endgame quietMove short,https://lichess.org/kYF87va6#65,
g0jMH,8/8/1np2kp1/1p2p1Np/1P2P2P/P2R2P1/5r2/2K5 b - - 2 35,b6c4 d3d7 f2f1 c1c2,2123,96,90,39,crushing endgame quietMove short,https://lichess.org/LobhRVti/black#70,
g0lMk,r6r/5kpp/p3pp2/2Pp1n2/1P4b1/2N4R/P2B1P2/R3KB2 w Q - 5 21,h3h2 f5d4 f1e2 g4e2,2161,78,84,52,advantage master middlegame quietMove short,https://lichess.org/jid5GyXT#41,
g0pEc,2r1r1k1/Qp3ppp/8/8/8/2N1n1qb/PPP1R1P1/R4BK1 b - - 0 20,b7b5 a1e1 h3g4 e2e3 g3e1 e3e1,2157,76,91,1518,crushing long middlegame quietMove,https://lichess.org/qW7gQ3oY/black#40,
g16Xu,1r6/6k1/3p4/2pP4/2P1pqP1/5P2/1PQ3K1/7R w - - 0 44,h1f1 b8h8 c2c3 g7g8 c3h8 g8h8,2173,75,90,176,crushing defensiveMove endgame long master quietMove,https://lichess.org/WVyKbqOA#87,
g1SS7,8/1p6/p7/8/P1Kp4/3Pk3/1P6/8 w - - 4 47,b2b4 b7b6 b4b5 a6a5 c4d5 e3d3,2167,82,91,2005,crushing endgame long master pawnEndgame quietMove zugzwang,https://lichess.org/09B63Hs4#93,
g1VkC,8/6pp/8/1p1k1P2/3p2PP/P2K4/8/8 b - - 0 36,d5e5 g4g5 e5f5 d3d4,2112,82,90,1596,crushing endgame pawnEndgame quietMove short,https://lichess.org/0F5ewv7V/black#72,
g1dfF,1r1q1rk1/bpp1nppp/p2p4/Pb1PP1B1/8/1Q3N2/1P1N1PPP/R3R1K1 b - - 0 16,d6e5 e1e5 f8e8 a1e1 a7c5 d2e4,2199,76,83,243,crushing long middlegame quietMove,https://lichess.org/L0IuGDaX/black#32,Ruy_Lopez Ruy_Lopez_Classical_Variation
g24wl,8/p1b5/1P6/2P1k3/7p/4NK2/5P2/8 b - - 0 53,a7b6 c5b6 c7b8 e3c2 b8d6 b6b7,2196,168,-100,12,advancedPawn crushing endgame long quietMove,https://lichess.org/TOqwGizG/black#106,
g2bno,r2q1rk1/pp3ppp/2n1pb1B/2p5/2B1N3/3P1PQ1/PPP4P/R6K b - - 2 16,f8e8 h6g7 f6g7 a1g1 d8d4 c2c3,2181,78,87,264,advantage long middlegame pin quietMove sacrifice,https://lichess.org/OWCIbEVX/black#32,Rat_Defense Rat_Defense_Harmonist
g3AvS,r1bqk2r/pp1n1ppp/2n1p3/2ppP1P1/8/3P2P1/PPPNB2P/R1BQ1RK1 b kq - 0 11,d8g5 d2c4 g5e7 c4d6,2102,76,85,163,crushing opening quietMove short,https://lichess.org/Lay9qLOI/black#22,Sicilian_Defense Sicilian_Defense_McDonnell_Attack
g3Szg,8/8/7P/3K1Np1/6P1/8/2k1r3/8 b - - 5 68,c2d3 f5g7 e2f2 h6h7,2120,99,75,23,advancedPawn advantage endgame quietMove short,https://lichess.org/UdQJvvjl/black#136,
g3d3l,8/4k1r1/8/3pp1r1/4q1RQ/8/PP6/K4R2 b - - 13 44,e4e2 f1g1 e2g4 g1g4,2193,209,-87,6,crushing endgame quietMove short,https://lichess.org/V4OOo6Ip/black#88,
g3hgd,8/p4pp1/1p6/8/PPKP2kP/6P1/5P2/4n3 b - - 0 40,g4f3 d4d5 f3e4 d5d6 e1f3 c4b5 f3d4 b5a6,2126,77,85,290,crushing endgame knightEndgame quietMove veryLong,https://lichess.org/HJ3oy1jb/black#80,
g3xYK,Q1b2r2/1p3ppk/4p3/1p1p1nB1/8/P4qP1/1P3P1P/R2R2K1 w - - 0 20,d1c1 f5d4 c1c8 d4e2,2143,172,56,14,crushing master masterVsMaster middlegame quietMove sacrifice short,https://lichess.org/J31OyPsm#39,
g4RE6,b1r2rk1/p6p/P3pq2/1Pp3p1/2P1p3/1N2Pp2/2Q2PPP/3R1RK1 w - - 0 25,g2g3 f6f5 g1h1 f5h3 f1g1 f8f6,2103,76,92,1855,crushing defensiveMove long middlegame quietMove,https://lichess.org/8jczyaJI#49,
g4dOT,r1b1kb1r/pp3ppp/1qn1p3/3pP3/N2n4/P3B3/1P1Q1PPP/R3KBNR b KQkq - 1 10,b6a5 d2a5 c6a5 e3d4 c8d7 a4c3 a5b3 a1d1 b3d4 d1d4,2125,79,91,798,advantage opening quietMove veryLong,https://lichess.org/HrJoU8dV/black#20,Sicilian_Defense Sicilian_Defense_Alapin_Variation
g4fJ6,rn3br1/ppp1k1q1/3p1p1n/3PpP1Q/4P2p/2P1B1pP/PP1N2P1/R3N1RK w - - 2 20,h5h4 g8h8 d2f1 h6f5 h4h8 g7h8,2170,94,86,55,advantage long opening quietMove,https://lichess.org/UIRaV6kN#39,
g4x9R,3r3k/p1r1n1pp/3b4/Q6N/7B/5P2/PP3P1P/5bK1 w - - 0 25,h4e7 f1h3 a5c7 d6c7 e7d8 c7d8,2140,81,91,6753,advantage long master middlegame quietMove,https://lichess.org/YqeOtBQ9#49,
g6H3A,Q5r1/4k2p/R1R5/3pp3/1b2p1b1/1P6/4KP1P/8 w - - 3 38,e2e3 g8a8 a6a8 g4f3 c6c7 e7d6 a8d8 d6c7,2190,76,86,150,crushing endgame quietMove veryLong,https://lichess.org/RkpBQlY9#75,
g6ldp,r1br2k1/pp2bppp/2p1pn2/q3P3/5B2/2N3P1/PPP2PBP/R2QR1K1 w - - 1 14,e5f6 d8d1 f6e7 d1e1 a1e1 c8d7 e1d1 d7e8 b2b4 a5b6 a2a3 e6e5,2148,155,100,22,equality opening quietMove veryLong,https://lichess.org/U4HVrVOe#27,
g7Rgy,7k/4N1pp/p2p4/6P1/1p5P/3qB3/P4R2/K2b4 b - - 5 33,g7g6 e3c1 d3c3 c1b2,2107,79,86,44,crushing defensiveMove endgame pin quietMove short,https://lichess.org/5LSMNEy3/black#66,
g7fy3,2Bq1kr1/7Q/8/3pP1p1/p1pP1P2/1nP5/4NBK1/8 b - - 0 36,d8c8 f4f5 g8g7 h7h8,2139,75,90,1497,crushing endgame master masterVsMaster quietMove short,https://lichess.org/ouSHqOql/black#72,
g7lEn,8/8/8/1p5p/5pk1/PP6/2P5/1K2B3 w - - 0 42,a3a4 h5h4 a4b5 h4h3 b5b6 h3h2 b6b7 h2h1q b7b8q h1e1,2134,77,92,2536,advancedPawn advantage bishopEndgame endgame pin promotion quietMove veryLong,https://lichess.org/uCWjvyGI#83,
g850c,8/1p3p1k/4pqp1/1P6/2P1bP2/r6P/P2R1QPK/8 b - - 6 39,f6c3 f2h4 h7g7 d2d8 g6g5 h4h8 g7g6 d8g8 g6f5 g8g5,2195,77,92,1435,advantage endgame master quietMove veryLong,https://lichess.org/WzhZV6vO/black#78,
g87En,2r3k1/1R3p1p/p3p1pb/Pb2P3/3P4/2p3N1/2R2KPP/8 w - - 0 34,g3e2 h6d2 b7b5 a6b5,2193,76,93,433,advantage endgame quietMove short,https://lichess.org/kBNE3OVf#67,
g8J1M,8/3b4/3k2p1/1K1P2P1/2P2P2/8/8/8 w - - 6 69,b5b4 d7e8 b4c3 d6c5 f4f5 g6f5,2165,80,82,41,bishopEndgame crushing endgame long quietMove,https://lichess.org/YkeT2nFh#137,
g8vDV,4q1k1/1p1r1pp1/2bP3p/p7/5B2/PB1Q4/1b3PPP/3R2K1 b - - 0 25,b2a3 b3c2 e8e4 d3e4 c6e4 c2e4,2196,76,93,3912,crushing long middlegame quietMove,https://lichess.org/lhitFvlh/black#50,
g964j,8/1p6/7p/1pk3p1/6P1/1PK5/P5P1/8 w - - 1 39,a2a3 b5b4 a3b4 c5b5 g2g3 b7b6 c3c2 b5b4,2175,76,91,3650,crushing endgame pawnEndgame quietMove veryLong zugzwang,https://lichess.org/NGXLij5V#77,
gAThj,5r1k/pp1n3P/2p1bq2/4p3/2PbP3/1P1P1r2/PB2N1Q1/1K2R2R b - - 10 30,d4b2 e1g1 f3f1 g1f1 f6f1 h1f1,2178,78,95,1940,crushing long middlegame quietMove,https://lichess.org/QcOaN5ig/black#60,
gAmMP,2rq1r1k/pp1B1p2/3p1b1P/3n4/3Np3/2N3Q1/PP2PP2/2KR3R b - - 0 21,d8d7 d1g1 f6g5 g3g5,2197,93,82,31,crushing master middlegame quietMove short,https://lichess.org/KZMqrd78/black#42,
gApO7,8/P7/1Bpk4/2p3p1/2P5/4ppp1/1P6/5K2 b - - 0 43,g3g2 f1g1 e3e2 b6a5 f3f2 g1f2,2103,78,92,959,bishopEndgame crushing endgame long quietMove,https://lichess.org/wXYjKPxY/black#86,
gAy3A,r3k2r/1b1p1pp1/p3p3/1p5p/4P3/P2BBPbq/1PPKQ1R1/6R1 b kq - 1 22,h5h4 e2f1 g3c7 g1h1 h3h1 f1h1,2185,80,86,151,advantage long middlegame quietMove trappedPiece,https://lichess.org/DoIQzdfg/black#44,
gB9tp,2r4k/pp1b2rp/4p3/q2pP2Q/3N2P1/P1PB4/KP5P/7R b - - 4 28,c8c3 h1f1 c3d3 f1f8 g7g8 h5h6 d3a3 b2a3 a5d2 h6d2,2103,103,37,31,crushing middlegame pin quietMove sacrifice veryLong,https://lichess.org/ZBUIzLp5/black#56,
gCDeJ,8/8/p3k3/5R2/1p4P1/5PK1/r6P/8 w - - 2 46,h2h4 b4b3 f5f8 a2a5 f8b8 a5b5,2178,74,94,3764,crushing endgame long quietMove rookEndgame,https://lichess.org/QGxaVbmQ#91,
gCRQ1,8/1pB4p/1p4k1/6p1/nP2K1P1/7P/8/8 b - - 1 40,h7h5 c7e5 h5g4 h3g4,2149,77,92,2510,crushing endgame quietMove short,https://lichess.org/veuPRVBz/black#80,
gCRyQ,2k3r1/1q5r/Q1p1p3/2PpP1p1/P2P2p1/6p1/6PP/R4RK1 w - - 1 29,a6e2 h7h2 e2g4 g8h8 f1f8 h8f8,2179,85,81,34,crushing endgame long quietMove,https://lichess.org/6mC26ttg#57,
gCUCP,8/p3b1k1/P1p3P1/1p2P2K/3P4/8/1PP5/8 w - - 1 53,b2b3 b5b4 h5g4 g7g6,2113,75,81,67,bishopEndgame crushing endgame quietMove short,https://lichess.org/yO0CnJ8A#105,
gCcSP,8/8/2p2k2/p4P1p/5K1P/8/1P6/8 w - - 0 54,f4e4 a5a4 e4f4 c6c5 f4e4 c5c4 e4d4 f6f5 d4c4 f5g4,2113,74,83,264,crushing endgame pawnEndgame quietMove veryLong,https://lichess.org/GlfxvaEd#107,
gCyI3,5k1r/p1p3p1/2Qp3p/4r3/4P2q/2PpPP2/PP4KP/RN3R2 w - - 5 19,f3f4 e5h5 e4e5 h4h2,2144,81,74,56,crushing middlegame quietMove short,https://lichess.org/aARFzRDi#37,
gDLcX,8/8/6pk/4K2p/5p2/5Pb1/6R1/8 w - - 4 75,e5f6 h5h4 g2c2 h4h3 c2c8 g3h4,2139,78,83,38,clearance crushing endgame long quietMove,https://lichess.org/9nSWUrCi#149,
gDUis,5rk1/5p1p/1p4p1/8/p2Q1R2/4N3/6K1/4q3 b - - 3 42,b6b5 e3g4 h7h5 g4f6,2139,75,86,155,crushing endgame master quietMove short,https://lichess.org/vEhyFAXc/black#84,
gDmt7,8/7P/1p2R3/8/P7/P4K2/4pr2/5k2 w - - 1 65,f3g3 f2f8 a4a5 b6a5 h7h8r f8h8,2165,97,82,23,crushing endgame long master quietMove rookEndgame,https://lichess.org/l0mLbHRq#129,
gDveB,8/p2k4/1p1rP1p1/2p1R1P1/2P2PK1/8/P7/8 b - - 0 48,d6e6 e5e6 d7e6 a2a3 e6f7 f4f5,2134,142,86,13,crushing endgame long quietMove rookEndgame zugzwang,https://lichess.org/g82wTJZx/black#96,
gEMjb,b2r2k1/2R3p1/4p1p1/4Nn2/1P3P2/4p3/4B1PP/6K1 b - - 1 31,d8d2 c7c8 g8h7 e5f7 g6g5 c8h8 h7g6 e2h5 g6f6 f4g5 f6e7 h8a8 g7g6 a8a7,2119,136,36,19,advantage endgame fork quietMove veryLong,https://lichess.org/tLF6zNwO/black#62,
gEOVK,8/3k4/4p1p1/2Kp1p1p/8/P3PP2/6PP/8 w - - 0 42,c5b6 f5f4 e3f4 d5d4 b6c5 d4d3 c5d4 d3d2,2192,74,84,118,advancedPawn crushing endgame pawnEndgame quietMove veryLong,https://lichess.org/8BVBAq68#83,
gEt9D,5qk1/p4p1p/4pBP1/4P3/8/p3PQR1/2rr2PK/8 b - - 0 36,h7g6 g3h3 d2g2 f3g2 c2g2 h2g2 f8g7 f6g7,2104,75,96,482,crushing endgame quietMove veryLong,https://lichess.org/XWxhKMT2/black#72,
gFLdd,8/8/7p/3k2p1/p2b1pP1/P2K1P1P/8/2B5 w - - 2 52,d3d2 d5c4 d2c2 d4c3 h3h4 g5h4,2117,146,86,6,bishopEndgame crushing endgame long quietMove zugzwang,https://lichess.org/j3f277tV#103,
gFWOG,1r6/8/8/5K2/4PP1P/2k3P1/8/8 b - - 3 60,c3d3 e4e5 b8f8 f5g6,2190,92,81,25,crushing defensiveMove endgame quietMove rookEndgame short,https://lichess.org/1N7EKPqd/black#120,
gFYeq,R7/5kp1/1P6/3Np3/3n3p/Pr6/3K4/8 b - - 1 50,f7e6 d5b4 e5e4 b6b7 e4e3 d2c1,2169,76,90,1770,advancedPawn advantage defensiveMove endgame long quietMove,https://lichess.org/iakwm5mW/black#100,
gFkgq,1r4k1/5p1p/p1Rp1bp1/3P4/P3P2P/3p2PB/5PK1/8 w - - 0 36,c6d6 h7h5 d6f6 d3d2,2108,76,89,1077,advancedPawn crushing endgame master quietMove sacrifice short,https://lichess.org/NXQyYAIo#71,
gG7A9,5k2/R6p/3K4/7r/4P3/8/8/8 b - - 10 55,f8e8 e4e5 h5h1 a7a8 e8f7 e5e6 f7f6 a8f8,2156,78,90,695,crushing endgame exposedKing quietMove rookEndgame veryLong,https://lichess.org/32bB1mvg/black#110,
gGi2r,6r1/pp1q3k/2p4b/8/2PpR1bQ/1B6/PP3PPP/6K1 b - - 0 29,d7f5 b3c2 d4d3 c2d3,2118,76,92,1587,crushing middlegame quietMove short,https://lichess.org/xD9z8Lua/black#58,
gGo6g,k1r2b1r/pp2q1pp/2p1N3/3nQ3/8/8/PPPP1PPP/R1B1K2R w KQ - 3 18,d2d4 c8e8 e1g1 e7e6 e5e6 e8e6,2124,75,86,497,advantage long middlegame quietMove,https://lichess.org/jK85fCeb#35,Italian_Game Italian_Game_Two_Knights_Defense
gGtkD,2rq2k1/1b4pp/4p1P1/pp1r4/4N3/P2P1P1R/1P1Q4/1K1R4 b - - 0 27,h7h6 h3h6 g7h6 d2h6 d8e7 d1h1 e7g7 e4f6,2135,83,83,46,advantage kingsideAttack middlegame quietMove sacrifice veryLong,https://lichess.org/pXIZCesC/black#54,
gH5TI,r1b3k1/p6N/4p1R1/q1ppP3/r7/p2BP3/1PP4P/1K1R4 b - - 0 22,g8h7 d1g1 a5e1 g1e1 a3a2 b1a1,2199,76,91,8177,advantage long middlegame quietMove,https://lichess.org/6tX80ULg/black#44,
gHQ8T,5r1k/5pbp/3Q3p/3N4/P3qP2/6R1/6PP/1r1R2K1 w - - 1 25,d5c3 g7d4 g1f1 b1d1 c3d1 f8e8 d6d4 e4d4,2188,76,92,718,crushing middlegame quietMove veryLong,https://lichess.org/wwEZCUpi#49,
gHlMp,1r4k1/5pp1/P2p3p/qBp1b3/2P3P1/1Q5P/8/1R5K b - - 0 36,a5b6 b5a4 b6b3 b1b3,2179,75,93,4120,advantage endgame quietMove short,https://lichess.org/QQjcx1dG/black#72,
gHnBp,8/8/p1pk4/4pppp/PPK5/4PP1P/5P2/8 b - - 0 28,g5g4 f3g4 f5g4 h3h4 d6e6 c4c5,2164,76,91,1247,crushing endgame long pawnEndgame quietMove,https://lichess.org/ylja358F/black#56,
gHthA,8/pK6/4Bp1p/P5pP/1P1b2P1/3k4/8/8 b - - 0 55,d3c3 b4b5 c3b4 b5b6 a7b6 a5a6,2108,77,99,326,bishopEndgame crushing endgame long quietMove,https://lichess.org/aI8rpYg1/black#110,
gI0yk,6r1/1p6/pP4PR/2k1p3/P1p4P/2PpK3/8/8 w - - 1 54,h4h5 g8d8 e3d2 e5e4 g6g7 e4e3 d2e3 d3d2 g7g8q d2d1n e3f3 d8g8,2149,107,27,32,advancedPawn advantage endgame exposedKing promotion quietMove rookEndgame underPromotion veryLong,https://lichess.org/ung45UyM#107,
gIER0,8/7p/pbN1k3/4p3/P1p3P1/2P1p2P/1P6/5K2 w - - 0 38,f1e2 a6a5 h3h4 e6d6 c6a5 b6a5,2185,83,90,1182,crushing endgame long master quietMove,https://lichess.org/R5vnCESZ#75,
gIOWW,8/6p1/2B4p/2K2p2/1PR1bk2/7P/r7/8 b - - 0 55,a2c2 c4c2 e4c2 b4b5 c2d3 b5b6,2109,74,92,261,crushing endgame long quietMove,https://lichess.org/miX5imEs/black#110,
gIdne,4q1k1/2Q2pbp/4p1p1/3p4/P5P1/8/4bPKP/2R5 b - - 0 27,d5d4 c1b1 g7f8 b1b8,2173,105,45,21,advantage endgame master quietMove short,https://lichess.org/3GlOn0nZ/black#54,
gIhYf,8/5p1k/p5p1/2pPQ2p/P7/1P3P1P/4R1PK/2qr4 w - - 5 42,d5d6 h5h4 e2e1 d1e1 e5e1 c1e1,2104,83,100,66,crushing endgame long quietMove,https://lichess.org/N76nmMWE#83,
gJ3Wt,r5rk/1p3pnp/pq2pb1Q/3p4/8/2N2PR1/PPP2P1P/6RK b - - 5 22,b6d4 g3h3 f6h4 h3h4 d4h4 h6h4,2199,75,85,331,crushing long middlegame quietMove,https://lichess.org/1a4CX6rZ/black#44,
gJCUN,r5kr/pp1b1p2/1q2pQpp/4P3/4pP2/4P2R/PP1B2PP/R5K1 w - - 8 21,a1c1 b6b2 h3g3 h8h7 c1c7 b2d2,2138,118,56,17,crushing long middlegame quietMove,https://lichess.org/8gFwZ2Xe#41,
gJdRO,8/1p3k2/pP1B2p1/P2nPp2/2p2P2/2Pp1K2/3P4/8 w - - 0 45,d6b8 d5e7 b8d6 e7c6,2197,77,85,79,crushing endgame master quietMove short,https://lichess.org/VD2zICsb#89,
gJpNv,6k1/p2b1r2/1p1B2n1/3p2P1/3P2qP/2P1Q3/P4p1R/4R2K w - - 0 36,e1f1 d7f5 e3e8 f7f8 e8f8 g6f8,2199,100,24,24,crushing defensiveMove long middlegame quietMove,https://lichess.org/vCgWCPVa#71,
gK2yj,8/6p1/1b4NP/6p1/5P2/1p3K2/1k6/8 w - - 0 50,f4g5 g7h6 g5h6 b6d4 g6f4 b2c2 f3e4 b3b2,2157,79,98,91,advancedPawn crushing endgame quietMove veryLong,https://lichess.org/aMUQJI9V#99,
gK9Bq,r1b2r1k/1p3Ppp/p2p1b2/2qN3Q/8/P7/1PP1N1PP/5R1K b - - 6 22,f6b2 e2f4 c5c2 d5e7,2106,77,85,253,advantage middlegame quietMove short,https://lichess.org/5qv58V98/black#44,
gKJtA,8/2p2kp1/1p1p1pn1/p2P2p1/2P1K1P1/1P5P/P6B/8 b - - 12 48,g6f4 h2f4 g5f4 e4f4 g7g6 h3h4 f7g7 h4h5,2132,113,80,32,crushing endgame quietMove veryLong,https://lichess.org/tl7RanWI/black#96,
gKV8K,6qk/1p2r3/p3p2p/3pRp2/1P1P1P1P/2P5/P2KQ3/8 w - - 0 42,e5d5 e7g7 d5e5 g7g2,2175,81,72,80,crushing endgame pin quietMove short,https://lichess.org/qf5Gs0wd#83,
gKjxO,8/6k1/5p1p/5K1p/8/4P3/7P/8 b - - 7 64,g7f7 h2h4 f7g7 f5e6 g7g6 e3e4 g6g7 e6e7,2101,76,86,78,crushing endgame master pawnEndgame quietMove veryLong zugzwang,https://lichess.org/2YTsxTlc/black#128,
gKnQq,4r3/3N2k1/p1P4p/2P3pP/2qb4/P7/6P1/Q4R1K w - - 5 48,a1d1 e8e4 h1h2 e4h4,2108,75,90,344,advantage endgame quietMove short,https://lichess.org/eOM9hxit#95,
gLPyN,8/pK3k2/5n2/3p3p/1B1P4/8/P7/8 w - - 0 41,b7a7 h5h4 b4d6 f6e4 d6h2 e4c3,2132,109,82,18,crushing endgame long quietMove,https://lichess.org/tZqvIzyb#81,
gLW6a,1r4k1/4qppp/p4b2/2pp4/4B3/2Pb1P2/PP4PP/R1B1Q1K1 w - - 0 21,c1f4 b8e8 e4d3 e7e1 a1e1 e8e1,2159,78,90,310,crushing kingsideAttack long middlegame quietMove,https://lichess.org/Ydlg5Irn#41,
gLYPO,8/7p/6p1/5p2/3k4/5PPP/4K3/8 w - - 1 49,e2d2 g6g5 g3g4 f5f4,2163,75,83,102,crushing defensiveMove endgame pawnEndgame quietMove short,https://lichess.org/L4ic5kqA#97,
gLrB8,6k1/2p2pNp/3p2pP/3B4/8/r3r1P1/8/1R4K1 b - - 4 46,e3g3 g1f2 g8f8 b1e1 a3e3 e1e3 g3e3 f2e3,2158,74,90,1221,crushing defensiveMove endgame quietMove veryLong,https://lichess.org/CSjotJdm/black#92,
gM2s5,7k/7p/8/4R3/5P2/1K6/1P2pr2/8 w - - 0 39,f4f5 h7h5 b3c3 h5h4 e5e3 f2f3 e3f3 e2e1q,2189,119,80,25,advancedPawn crushing deflection endgame pin promotion quietMove rookEndgame veryLong,https://lichess.org/EoeOXCho#77,
gM8eu,8/6p1/4p2p/p3Pp2/k1P2P2/2K3P1/7P/8 w - - 0 40,c3d4 a4b4 c4c5 b4b5 g3g4 g7g6 c5c6 b5c6,2188,79,91,2179,crushing endgame pawnEndgame quietMove veryLong,https://lichess.org/TJfhPowd#79,
gMfcB,7k/6pp/1p6/pbqPp3/2r1P3/PQ4P1/1P1p2KP/3R1B2 b - - 1 30,a5a4 b3f3 c4c1 f1b5 c1d1 f3d1 c5b5 d1d2,2108,79,69,97,crushing endgame quietMove veryLong,https://lichess.org/cVrJ2weQ/black#60,
gMzIf,8/2k5/8/1pPK2pp/8/6PP/8/8 w - - 1 44,c5c6 b5b4 d5c4 c7c6 h3h4 g5g4,2157,90,77,32,crushing defensiveMove endgame long pawnEndgame quietMove,https://lichess.org/dkGpJrr9#87,
gN4zV,r2q2k1/6p1/p1pbp2p/1p2P3/3P4/P5B1/1PQ3PP/1B3bK1 b - - 0 25,f1c4 c2h7 g8f8 b1g6 d8g5 h7h8 f8e7 e5d6 e7f6 g3e5 f6g6 h8g7 g6h5 g7f7,2105,114,76,26,clearance crushing kingsideAttack middlegame quietMove veryLong,https://lichess.org/JkA1eI0V/black#50,
gNH3H,8/N1p5/2P4p/2k3p1/6P1/P2b3P/5KP1/8 w - - 1 42,g2g3 d3a6 f2e3 c5b6,2123,78,95,80,crushing endgame master quietMove short,https://lichess.org/EDcxwYPe#83,
gOTd2,5k1r/r7/5pQp/p1p1qPp1/1p2P3/1P1P3P/2P3K1/1R2R3 w - - 4 35,b1a1 h6h5 d3d4 c5d4,2129,74,94,5188,advantage endgame master quietMove short,https://lichess.org/S9rPrViA#69,
gOls0,r5k1/1R3N2/2pB1bp1/3p3p/p6r/5PKN/6P1/8 b - - 5 42,a4a3 f7h6 g8h8 h3g5 h4g4 f3g4,2156,76,66,104,crushing long master masterVsMaster middlegame quietMove,https://lichess.org/yZYRSWDR/black#84,
gPQ3o,8/2Q3pp/1p2p1kn/4p3/4P2P/2PPq1P1/PP2N1K1/8 w - - 1 28,e2g1 h6g4 h4h5 g6h6 c7f7 e3d2 g1e2 d2e2,2153,76,91,182,crushing defensiveMove endgame quietMove veryLong,https://lichess.org/DeXGR2hp#55,
gPTiF,6k1/5ppp/p3p3/1pP5/8/Pr5P/1P3PK1/1R6 b - - 0 27,b3d3 c5c6 d3d8 c6c7 d8c8 b1d1 g8f8 d1d8 f8e7 d8c8,2116,76,76,247,advancedPawn crushing endgame master quietMove rookEndgame veryLong,https://lichess.org/ZJTtBQ5M/black#54,
gPWI2,5bk1/4p3/1p1p1r2/p2Pp2Q/PpP3B1/1P1q2PP/4R1K1/8 b - - 12 38,d3b3 g4e6 g8g7 e6f5 f6f5 h5f5,2182,278,87,3,crushing endgame long master quietMove,https://lichess.org/g1hRqtGN/black#76,
gQ5KR,8/p7/8/5p1p/2P1kPpP/1P4K1/P7/8 b - h3 0 41,g4h3 c4c5 e4d5 b3b4,2171,77,88,243,crushing defensiveMove endgame pawnEndgame quietMove short,https://lichess.org/3xDQeKmz/black#82,
gQiT2,2r1r1k1/2b3p1/p2q4/4pP2/1PQP1B2/2P5/P6P/5RK1 b - - 0 35,g8h7 f1f3 e5f4 f3h3 d6h6 h3h6,2135,74,86,176,advantage long master middlegame quietMove sacrifice,https://lichess.org/iP61TKvC/black#70,
gQwmV,r2q1rk1/ppp1bp2/2npn2Q/4pN2/4P3/1P1P1N2/1PP2PPP/R3K2R b KQ - 0 15,e7f6 h2h4 f6g7 f5g7,2173,86,91,1055,crushing master middlegame quietMove short,https://lichess.org/3FQeteSH/black#30,Italian_Game Italian_Game_Other_variations
gRBM8,r3k2r/p2nBp2/2p1p3/3pP1Qp/6bP/P1q2N2/2p2KP1/R4B1R b kq - 3 21,c3a1 e7d6 f7f6 g5g7 a1f1 h1f1,2142,77,92,1083,advantage long middlegame quietMove,https://lichess.org/HzH6wNUJ/black#42,
gRJF7,4k3/4p1RR/3pb1p1/p7/3BP3/1pP2P2/1P1K2q1/8 w - - 0 29,d2e1 e6c4 g7e7 e8f8,2162,74,87,425,crushing endgame quietMove short,https://lichess.org/hFobJCdP#57,
gRPiE,8/2r3P1/8/6R1/k7/1pp5/8/2K5 b - - 1 60,c7f7 g5g1 b3b2 c1c2 f7f2 c2c3 b2b1q g1b1,2157,76,86,318,crushing defensiveMove endgame quietMove rookEndgame veryLong,https://lichess.org/vDxeT1wl/black#120,
gRYRO,8/6pp/2p2p2/p7/3P1k2/P7/1P1K3P/8 b - - 1 33,f4f3 b2b4 a5b4 a3a4 f3e4 a4a5,2157,77,90,966,crushing defensiveMove endgame long pawnEndgame quietMove,https://lichess.org/ExLZylhM/black#66,
gRt2A,8/8/1p6/p6p/8/2k1B1K1/7P/8 w - - 3 59,e3f4 b6b5 f4c7 a5a4,2160,80,87,516,bishopEndgame crushing defensiveMove endgame master quietMove short,https://lichess.org/nQFUvCl0#117,
gSIhb,8/8/5p2/3Pp1pk/4P3/Q4PK1/5RP1/4q3 w - - 0 50,a3d3 e1h1 f3f4 g5g4 f4e5 h1h4,2196,75,95,1660,crushing endgame long quietMove,https://lichess.org/NzfPg9Vy#99,
gSb6a,6k1/5pp1/7p/1P6/2P3b1/P7/5PPP/6K1 b - - 0 31,g4c8 c4c5 g8f8 c5c6 f8e8 b5b6 e8d8 b6b7,2169,77,83,200,advancedPawn bishopEndgame crushing endgame quietMove veryLong,https://lichess.org/S81FRhBE/black#62,
gT2QE,4B3/8/7p/kPpKp1p1/3bP1P1/8/6P1/8 w - - 10 53,e8d7 a5b4 b5b6 c5c4 b6b7 d4a7,2156,76,85,266,bishopEndgame clearance crushing defensiveMove endgame long quietMove,https://lichess.org/JDvJSWSs#105,
gTDdI,8/p7/5Kp1/1kp3P1/7P/2P3P1/P3b3/8 b - - 2 48,e2d3 g3g4 b5c4 h4h5 g6h5 g4h5,2191,76,92,3854,bishopEndgame crushing endgame long master masterVsMaster quietMove,https://lichess.org/TbnH1Njw/black#96,
gTZQW,2k2r1r/1bn3qp/4p3/4N3/3P4/3Bn3/4Q1PP/RR4K1 b - - 5 26,h8g8 g2g3 g7g3 h2g3 g8g3 g1h2,2158,142,88,13,advantage long middlegame quietMove,https://lichess.org/4zBxt9Fo/black#52,
gU3Iw,3q2k1/1r3ppp/rNp1p3/2PP4/1P1b3n/P6P/2Q2PP1/RRB3K1 b - - 0 29,d4a1 d5c6 b7b6 c5b6 d8d5 f2f3 a1d4 g1h1 d4b6 c6c7 b6c7 c2c7,2110,80,62,74,advancedPawn advantage middlegame quietMove veryLong,https://lichess.org/WvGZ1Cf2/black#58,
gUZ7l,r7/ppp2k1p/3p2r1/3N4/7K/8/PB3PnP/R2R4 w - - 5 25,h4h3 a8g8 b2c1 g6g4 d1d4 g4d4,2132,75,95,5989,crushing long middlegame quietMove,https://lichess.org/cqvVxkRv#49,
gUlGq,5k2/r7/5p2/3p1P1r/2BR1n2/8/5PP1/1R4K1 w - - 0 37,c4b5 a7h7 f2f3 h5h1 g1f2 h1b1,2141,74,94,844,crushing endgame long quietMove skewer,https://lichess.org/TNiYTXpI#73,
gUolS,8/pp5p/6p1/P7/4K1P1/1k5P/5P2/8 b - - 0 36,b7b5 a5b6 a7b6 f2f4 b3c4 f4f5,2199,76,80,132,crushing enPassant endgame long pawnEndgame quietMove,https://lichess.org/LfBqzio9/black#72,
gUvJW,4Q3/p5k1/1p4p1/2nq3p/3p1R1P/8/P4PPK/3r4 b - - 1 32,d5d6 g2g3 d6f4 g3f4,2109,76,86,69,advantage endgame master quietMove short,https://lichess.org/fpH1F93f/black#64,
gVvWf,8/6p1/pn3k2/1p2NP1p/1P3K1P/P7/8/8 b - - 1 51,b6c4 e5c4 b5c4 a3a4 c4c3 f4e3,2137,75,86,289,crushing defensiveMove endgame knightEndgame long quietMove,https://lichess.org/8ib63efR/black#102,
gWN5f,8/7p/3P2p1/1pk5/3p1P2/1P1K2P1/1P6/8 b - - 0 41,c5d6 d3d4 h7h6 b3b4 h6h5 b2b3 d6e6 d4c5 e6f5 c5b5,2141,78,90,1070,crushing endgame pawnEndgame quietMove veryLong zugzwang,https://lichess.org/bsE1pvjp/black#82,
gWVjr,5r1k/pp2R1pp/1q4rn/8/3N4/1P4Q1/P5BK/5R2 b - - 3 31,g6g3 f1f8 h6g8 e7e8 g3g2 h2g2,2196,83,90,1138,crushing hangingPiece long middlegame quietMove,https://lichess.org/ItRuHOyC/black#62,
gX51k,8/8/8/p2kP3/8/5K2/8/8 w - - 1 57,f3f4 a5a4 f4f5 a4a3 e5e6 d5d6,2105,75,94,6922,crushing endgame long pawnEndgame quietMove,https://lichess.org/GjEVzvL8#113,
gXkHB,1rb2rk1/5p1p/2P3p1/3pN3/3P4/p5P1/3QPP1P/6K1 w - - 0 28,d2a5 c8h3 f2f3 b8a8,2155,76,93,2853,crushing endgame master quietMove short,https://lichess.org/SX3EiEpo#55,
gXtn1,8/5p2/pp6/5k1p/P1P1pP1P/4K3/5P2/8 w - - 2 46,f2f3 e4f3 e3f3 a6a5 f3e3 f5g4,2100,75,89,677,crushing endgame long pawnEndgame quietMove,https://lichess.org/uNeK4uHN#91,
gY6q0,8/8/6p1/3p1kpp/3P4/4KPPP/8/8 b - - 2 48,g5g4 f3g4 h5g4 h3h4 g6g5 h4h5,2131,78,91,2625,crushing defensiveMove endgame long pawnEndgame quietMove zugzwang,https://lichess.org/U4zxyQcK/black#96,
gYJTz,8/4p1k1/3p4/rP1PnpPB/8/1P4R1/2r5/5R1K w - - 0 43,f1f5 a5a1 g3g1 a1a2 g1b1 c2h2,2154,78,86,77,crushing endgame long quietMove,https://lichess.org/JIaoDoh4#85,
gYPYh,8/8/1p6/p4kP1/7P/2P5/5KP1/8 w - - 0 41,h4h5 a5a4 h5h6 f5g6 f2e1 a4a3,2119,75,94,6106,crushing endgame long pawnEndgame quietMove,https://lichess.org/hiC2rmz6#81,
gYSTt,r4rn1/pp3p1k/1qp2p1p/3ppP1Q/6N1/1B1PP3/PPP3PP/5RK1 b - - 3 20,a7a5 f1f3 b6b4 c2c3 b4g4 h5g4,2185,76,91,311,crushing long master masterVsMaster middlegame quietMove,https://lichess.org/8pztmShV/black#40,
gYiQw,8/5b2/1p6/1Pp5/2Pk2P1/5K2/4B3/8 b - - 0 51,f7c4 e2c4 d4c4 f3e4 c4b3 g4g5 c5c4 g5g6 c4c3 g6g7,2140,75,86,239,advancedPawn bishopEndgame crushing endgame quietMove veryLong,https://lichess.org/adV1vxPU/black#102,
gYtvQ,1k1r4/p1p1r1pp/2p5/q1n3P1/4P2P/3PQ2B/PpP5/1K1R1R2 w - - 5 22,f1f5 c5a4 f5a5 a4c3 b1b2 c3d1 b2c1 d1e3,2101,80,77,62,advantage fork middlegame quietMove sacrifice veryLong,https://lichess.org/tfLHsjQS#43,
gZ0Rk,r1b1R3/p2p2pk/1pp3qp/5p2/2B4P/2N5/PPP2PP1/4R1K1 b - - 1 20,g6f6 h4h5 d7d5 c3d5 c6d5 c4d5,2128,76,91,1750,crushing long middlegame quietMove,https://lichess.org/UEAtawjG/black#40,
gaQ39,2r2rk1/1p3Rpp/p1np4/3Q4/2B1P1q1/8/P1P4P/1K1R4 b - - 0 24,f8f7 d5f7 g8h8 d1f1 h7h6 c4e6,2182,76,94,6055,crushing long middlegame quietMove,https://lichess.org/kyUeqNUk/black#48,
gbCrN,8/7p/4ppp1/8/1k2KPP1/1P6/7P/8 b - - 0 35,h7h6 h2h4 f6f5 g4f5 e6f5 e4e5,2156,77,89,1246,crushing endgame long pawnEndgame quietMove,https://lichess.org/2HNZvsdJ/black#70,
gbiKi,2r3k1/pp1Q1pp1/8/5bBq/8/P3P3/1K6/5RR1 w - - 8 33,d7d4 h5e2 b2a1 f5e6 d4b2 c8c2 g5f6 c2b2,2164,76,86,241,crushing middlegame quietMove veryLong,https://lichess.org/aiHVgXqE#65,
gbnpI,1q4k1/p1p2ppp/1p4n1/4r3/Q1PRp3/P3P1PP/5PB1/6K1 b - - 2 27,e5a5 a4d1 b8f8 d4d8,2163,86,88,36,crushing endgame pin quietMove short,https://lichess.org/6OJPMqXJ/black#54,
gbt33,8/1k6/7p/1PPpp1p1/5p2/3K1P2/6PP/8 w - - 0 34,g2g3 f4g3 h2g3 h6h5 g3g4 h5h4,2115,75,92,3097,crushing defensiveMove endgame long pawnEndgame quietMove,https://lichess.org/ZLK2QQCA#67,
gcFKg,1r4k1/p1p4p/8/5p2/8/1q3P2/1P4PP/RK2Q3 w - - 0 26,a1a2 b8d8 a2a5 d8d1 e1d1 b3d1,2113,71,95,10780,crushing endgame fork long quietMove,https://lichess.org/5usspS0S#51,
gcNkr,5r2/1pq3k1/p3b1pp/2p1n3/2P1Q2N/P1P5/4B1PP/3R2K1 b - - 1 30,g6g5 e2d3 e5d3 e4g6,2109,98,85,21,crushing middlegame quietMove sacrifice short,https://lichess.org/C6jeUQ2m/black#60,
gctYB,8/8/p3p3/3p2K1/1PpP4/2P1Pk2/5P2/3b1B2 w - - 1 48,g5f6 f3f2 f6e6 d1f3 e3e4 f3e4,2196,76,83,243,bishopEndgame crushing endgame long master quietMove,https://lichess.org/AMPKJQTK#95,
gd69S,r1nr2k1/p5bp/2pppqp1/2B5/2P1P1P1/1PN2P2/P2Q3P/2RR2K1 w - - 1 25,g1g2 d8f8 c5e3 f6f3,2129,86,87,35,advantage master middlegame quietMove short,https://lichess.org/siuOL6Qn#49,
gdvIR,8/1p6/4p1p1/pk1p2P1/3P1P2/2K5/PP6/8 w - - 0 36,b2b3 a5a4 b3b4 a4a3 c3b3 b7b6 b3a3 b5c4,2149,79,68,59,crushing endgame pawnEndgame quietMove veryLong zugzwang,https://lichess.org/M1qF0iwt#71,
ge5ig,8/8/1pp3k1/p2p4/3P2PK/P1P5/8/8 b - - 0 41,c6c5 a3a4 b6b5 a4b5 a5a4 b5b6 a4a3 b6b7 a3a2 b7b8q,2157,87,85,55,advancedPawn crushing endgame pawnEndgame promotion quietMove veryLong,https://lichess.org/0oA9s0gL/black#82,
geOgv,r2q1rk1/1bp1npp1/p6p/1p6/3P4/1B2QN1P/P4PP1/3RR1K1 b - - 3 19,f8e8 b3f7 g8f7 e3e6 f7f8 f3e5 b7d5 e5d7 d8d7 e6d7,2182,75,86,229,attraction crushing kingsideAttack middlegame quietMove sacrifice veryLong,https://lichess.org/kNbcRDx5/black#38,Italian_Game Italian_Game_Evans_Gambit
gecwg,8/6R1/2p5/p3p3/k2pP3/3P3P/1pP4K/8 w - - 0 38,g7g1 a4b4 h3h4 a5a4 h4h5 a4a3 h5h6 a3a2,2182,81,90,961,advancedPawn advantage endgame quietMove rookEndgame veryLong,https://lichess.org/hLAqtaIj#75,
gf4xc,2rr4/p3k1pp/p3p3/5p2/1P1PK3/P7/5PPP/2RR4 w - - 0 22,e4e5 g7g5 d4d5 c8c1,2167,78,91,1809,crushing endgame quietMove rookEndgame short,https://lichess.org/LWUpnkc8#43,
gf5qw,1r3rk1/1q3pp1/4p1p1/2P1N3/3Pp3/3Q2PP/1pR3R1/1K6 w - - 0 34,d3c3 b7a6 c2b2 a6f1 c3c1 f1g2,2194,88,73,59,advantage exposedKing long middlegame pin quietMove,https://lichess.org/QUR3VgwS#67,
gfXHX,8/2p1k1p1/5p1p/2K2P2/6P1/7P/8/8 b - - 0 52,g7g5 f5g6 e7f8 h3h4 h6h5 g4h5,2148,76,92,3581,crushing enPassant endgame long pawnEndgame quietMove,https://lichess.org/4nU0MeQ9/black#104,
gg1x1,8/5ppp/1p2p3/kPK1P3/6P1/7P/5P2/8 w - - 0 35,c5c6 g7g5 c6d7 a5b5,2118,80,91,1230,crushing endgame pawnEndgame quietMove short zugzwang,https://lichess.org/YjMJUOIu#69,
gg4Iv,6k1/pp4bp/4p1p1/5r2/8/2N1Bn1b/PP3P2/R2R3K w - - 4 21,c3e4 f5h5 d1d8 g8f7,2158,77,80,82,crushing middlegame quietMove short,https://lichess.org/Iw4KNgG3#41,
gg71m,2R5/1p1r4/2k1p1PK/1p2P3/8/P2p4/1P6/8 b - - 1 43,c6b6 c8c1 d3d2 c1d1,2176,86,78,69,crushing endgame quietMove rookEndgame short,https://lichess.org/ivHNNnb8/black#86,
ggzAh,r3r1k1/pp1b1pp1/1q1Bp1p1/3pP3/7Q/P1R5/5PPP/5RK1 b - - 4 23,f7f5 c3h3 b6d8 h4h7 g8f7 h3g3 g6g5 h7h5,2147,156,77,13,crushing middlegame quietMove veryLong,https://lichess.org/lSye3ee6/black#46,
ghF5S,8/7p/3r1kp1/P7/2p5/8/3p4/3R1B1K w - - 0 48,a5a6 c4c3 a6a7 d6d8 f1d3 d8a8,2177,74,95,728,crushing endgame long quietMove,https://lichess.org/qxRJQbV4#95,
ghWNH,rr4k1/3BBp2/6pp/1p1pP3/5P2/p3P3/R5PP/6K1 w - - 0 27,e7d6 b5b4 d7c6 b4b3 a2a3 b3b2,2120,75,93,4770,advancedPawn crushing endgame long quietMove,https://lichess.org/Q1ddMCkD#53,
ghju5,R2r1k1r/4bppp/3qpn2/1B1p4/2nP4/2N1Bb1P/2P2PP1/Q4RK1 w - - 2 23,a8d8 e7d8 b5c4 d8c7 g2g3 d5c4,2198,77,92,2948,advantage intermezzo long middlegame quietMove,https://lichess.org/skRBYrM0#45,
ghs1f,5rk1/5pp1/p6p/1p6/1P1P4/2PQ3P/1q4P1/4R1K1 b - - 1 34,f8c8 d4d5 f7f5 d5d6,2178,114,46,40,crushing endgame quietMove short,https://lichess.org/AJT7YRKN/black#68,
gi0sX,8/8/7p/1k2Kpp1/8/7P/5P2/8 b - - 0 51,g5g4 h3h4 f5f4 e5f4,2186,82,91,4339,crushing endgame pawnEndgame quietMove short,https://lichess.org/mOHnVA8D/black#102,
giGGg,8/8/1p1k4/pP1Pb3/P6K/6p1/6B1/8 w - - 1 55,h4g4 d6c5 g4f5 e5b8 f5e6 c5b4,2148,80,88,63,bishopEndgame clearance crushing endgame long master quietMove,https://lichess.org/zAGy9MCo#109,
gic4v,8/3k4/8/ppb3Np/P3PP2/5KP1/6P1/8 w - - 0 33,a4b5 a5a4 e4e5 a4a3 g5e4 c5b4,2141,76,77,92,advantage defensiveMove endgame long quietMove,https://lichess.org/WLF3ED0c#65,
gjP9N,5K2/8/8/2p1k3/6P1/8/7P/8 w - - 1 54,g4g5 e5f5 h2h4 f5g6 f8e7 c5c4 h4h5 g6g5,2164,77,87,127,crushing endgame pawnEndgame quietMove veryLong,https://lichess.org/XQqoM4TQ#107,
gjXc7,6r1/p1R5/1p6/1P6/P1P3Bb/5R1P/2kr4/5K2 w - - 5 55,c7a7 g8e8 f1g1 e8e1 f3f1 h4f2,2125,77,86,164,advantage endgame exposedKing long quietMove,https://lichess.org/bco5GRTl#109,
gjefK,2Rq4/p4pkp/1p2p1p1/4P3/P4P2/1P1r3P/6PK/2Q5 b - - 5 36,d8d5 c1a3 d5d8 c8d8,2108,75,95,2743,crushing endgame quietMove short,https://lichess.org/QJ0tN2IU/black#72,
gjj17,3r2k1/1ppr1p2/pq3Np1/2p5/3p3Q/2P2P1P/PP1n2P1/3R2K1 b - - 1 25,g8f8 f6d7 d8d7 d1e1 d2f3 g2f3,2123,101,49,24,advantage long middlegame quietMove,https://lichess.org/sYtPhJGD/black#50,
gjxtZ,8/1k6/PPp3bp/3p4/3Pp1n1/4P3/3r2P1/1R4K1 b - - 0 37,b7b8 a6a7 b8b7 b1a1 b7b6 a7a8q,2153,77,86,339,advancedPawn crushing endgame long promotion quietMove,https://lichess.org/m1iw0rrt/black#74,
gk2im,6k1/5p2/4p2Q/1P1pP1p1/2n1rq2/5N1P/5KP1/3R4 b - - 1 39,c4e3 d1a1 f4g3 f2g3,2106,104,63,25,advantage endgame master quietMove short,https://lichess.org/xW4N0i2F/black#78,
gkBOb,8/8/8/7B/3k1K1P/3p4/8/2n5 w - - 1 59,h5f3 c1e2 f4g5 d4e3 f3d5 e2d4 h4h5 d3d2,2151,75,91,1060,advancedPawn crushing endgame quietMove veryLong,https://lichess.org/ZK49Efuo#117,
gkI8L,8/6pp/4pp2/3p4/kP1P1PPP/2K5/8/8 b - - 0 42,h7h6 h4h5 a4b5 c3b3 f6f5 g4g5,2130,92,86,37,crushing endgame long pawnEndgame quietMove,https://lichess.org/cn9goLtK/black#84,
gkJFu,1R6/2kb2pp/p4p2/8/3K4/8/6PP/8 w - - 5 52,b8a8 d7c8 a8a7 c8b7,2184,78,84,80,advantage defensiveMove endgame quietMove short,https://lichess.org/JnT0SYRB#103,
gkKBH,8/4k1p1/p3Pp1p/1p3P2/2p3P1/P1Pr4/5K1P/2R5 b - - 0 40,g7g6 f5g6 d3d8 h2h4 d8g8 h4h5,2148,76,87,303,crushing defensiveMove endgame long quietMove rookEndgame,https://lichess.org/i8k4AyIH/black#80,
gkir5,4K3/8/p2k4/8/P7/8/8/8 w - - 3 53,e8d8 a6a5 d8e8 d6c5 e8d7 c5b4 d7c6 b4a4,2174,85,90,1117,crushing endgame pawnEndgame quietMove veryLong,https://lichess.org/y7wfkk3o#105,
gkwSt,6k1/p1p5/1p1p1K2/3P4/3P2P1/P6P/8/8 w - - 1 49,f6e7 b6b5 e7d7 a7a5 d7c7 b5b4,2130,78,92,2062,crushing endgame long pawnEndgame quietMove,https://lichess.org/ZEBsa4Hp#97,
gl0Mx,r4rk1/p3bp1p/bqp1p1pQ/3p4/5P2/2NPBR2/PP4PP/R5K1 b - - 4 17,b6b2 f3h3 b2a1 g1f2,2119,82,97,43,crushing defensiveMove middlegame quietMove sacrifice short,https://lichess.org/pSwqbWZ0/black#34,Sicilian_Defense Sicilian_Defense_Old_Sicilian
glSU1,r4rk1/5pp1/4p1b1/pp1p2P1/2qPP2Q/R7/5P1K/2B3R1 b - - 0 32,d5e4 a3h3 f7f5 g5f6 f8f6 h4h8 g8f7 h8a8 f6f2 h2h1,2101,76,85,187,advantage defensiveMove enPassant middlegame quietMove skewer veryLong,https://lichess.org/RxyY0vDH/black#64,
glnBG,8/6kp/3bP1p1/3B2K1/8/7P/6P1/8 w - - 1 45,g2g4 d6g3 h3h4 h7h6,2114,75,91,6977,bishopEndgame endgame mate mateIn2 quietMove short,https://lichess.org/b4zPVBdk#89,
gnQb9,8/1p4p1/8/8/5pkP/PP6/5K1P/8 w - - 0 49,b3b4 b7b5 a3a4 b5a4 b4b5 a4a3 b5b6 a3a2 b6b7 a2a1q,2106,74,85,321,advancedPawn crushing endgame pawnEndgame promotion quietMove veryLong,https://lichess.org/Q4IGkN7L#97,
gnSxN,r3k2r/pbp2p1p/1p2pBp1/8/7Q/2Pq4/P4PPP/R3K1NR w KQkq - 0 14,g1f3 b7a6 h4a4 a6b5 a4b5 d3b5,2193,79,93,1738,advantage defensiveMove long middlegame quietMove,https://lichess.org/H7lbbdIP#27,Owen_Defense Owen_Defense_Other_variations
go26d,5b2/8/4k3/3p2pP/1p1K4/1P4B1/P7/8 w - - 1 44,g3e5 f8c5 d4c5 e6e5 c5b4 g5g4 h5h6 e5f6,2174,78,80,54,bishopEndgame crushing defensiveMove deflection endgame quietMove veryLong,https://lichess.org/2OWDPJK1#87,
goECY,r1bq1r2/ppp1knQ1/3p1p1p/3PbP1N/4P2R/P7/1B1R2PP/7K b - - 6 34,e5b2 h5f4 c8f5 e4f5 b2e5 f4g6,2166,172,100,11,equality long middlegame quietMove,https://lichess.org/V15KUlnS/black#68,
goVHr,3k4/3P4/4K3/8/3R3p/pr5P/6P1/8 w - - 0 49,d4h4 b3b6 e6f7 b6a6 h4e4 a3a2 e4e8 d8d7,2120,80,91,1261,advancedPawn crushing endgame quietMove rookEndgame veryLong,https://lichess.org/HfjGEj3H#97,
goizg,8/pp1Q1pk1/8/2bP4/4p2R/1P2P1PK/P7/5q2 w - - 5 38,h3g4 g7g6 h4h2 c5e7 h2h6 g6h6,2124,187,5,19,crushing endgame long quietMove,https://lichess.org/bCnoBF7M#75,
goney,6k1/2r2p2/6p1/1p1qP2p/1R3Q1P/6P1/5P2/6K1 w - - 3 40,b4e4 d5d1 g1g2 c7c1 f4c1 d1c1,2139,88,87,35,crushing endgame long master quietMove,https://lichess.org/PzSwAkme#79,
gp5U6,8/1k6/5pp1/7p/4K2P/5P2/5P2/8 w - - 0 40,e4d5 g6g5 h4g5 f6g5 f3f4 h5h4 f4f5 h4h3 f5f6 h3h2 f6f7 h2h1q,2163,75,86,118,advancedPawn crushing endgame pawnEndgame promotion quietMove veryLong,https://lichess.org/j93U6Vxw#79,
gp8p4,8/8/pp6/2b5/P1PB4/3K1k2/8/8 b - - 6 55,f3f4 a4a5 c5d4 d3d4 b6a5 c4c5 a5a4 c5c6 a4a3 d4c3 a3a2 c3b2 a2a1q b2a1,2149,74,78,179,bishopEndgame crushing endgame quietMove veryLong,https://lichess.org/gxYw2tZY/black#110,
gpG4u,1r6/5kp1/5pp1/1p6/r2Pp3/p1P1P2P/R4PP1/1R4K1 w - - 3 32,b1b4 a4b4 c3b4 b8a8 g1f1 f7e6 f1e2 e6d5 e2d2 d5c4,2135,83,90,578,crushing endgame quietMove rookEndgame veryLong,https://lichess.org/gHvbicVt#63,
gpIo3,8/6pk/2QBp1qp/2P1P3/3P1p2/5N1P/4nPP1/6K1 w - - 1 33,g1f1 g6d3 f1e1 e2c3 f3g5 h6g5 c6f3 d3b1 e1d2 c3e4,2167,86,76,36,advantage endgame quietMove veryLong,https://lichess.org/WQFwSr4v#65,
gq3y4,8/8/p1N2k1p/7P/1P3K2/8/4b3/8 w - - 1 43,c6b8 e2b5 f4e4 f6g5,2119,78,91,641,crushing endgame master quietMove short zugzwang,https://lichess.org/U8fzNOgt#85,
gqMUU,r5k1/p1p2ppp/2B5/4r3/3q4/Q7/P1P3PP/5R1K b - - 0 22,d4f2 a3c1 f2c5 c6a8,2161,96,86,37,advantage endgame quietMove short,https://lichess.org/MsDvAitz/black#44,
gqk4R,8/7p/2k3p1/5p2/1pP2P2/6P1/2K4P/8 w - - 2 48,c2b2 c6c5 b2b3 h7h6 h2h3 g6g5,2129,80,90,854,crushing endgame long pawnEndgame quietMove zugzwang,https://lichess.org/G8K44C5o#95,
gqlV6,8/6pp/1p3p2/k1pK4/P2p1PP1/1P1P3P/8/8 w - - 1 34,d5c4 g7g5 f4f5 h7h6 c4d5 a5b4 d5e6 b4b3 a4a5 b6a5,2184,76,82,94,crushing endgame pawnEndgame quietMove veryLong zugzwang,https://lichess.org/zkMt8XAF#67,
gqyLW,2r5/4R3/P4p2/2N3p1/1PK4p/4P3/6k1/6b1 w - - 0 45,a6a7 h4h3 b4b5 h3h2 b5b6 h2h1q b6b7 h1h8 b7c8q h8c8,2180,118,43,11,advancedPawn crushing endgame master promotion quietMove veryLong,https://lichess.org/kbZwHrGu#89,
gr6Av,3r2k1/1b4p1/p3p1Q1/1pp5/3q4/1P1P4/1PP3PP/5R1K b - - 5 24,d4d5 g6f7 g8h7 f1f3 d5f3 g2f3,2159,75,94,7324,advantage endgame long quietMove,https://lichess.org/m9HbQXoe/black#48,
gr8He,8/p1Q3pk/1p5p/6r1/8/2P2pBP/P3qP2/5RK1 w - - 0 34,h3h4 g5d5 f1c1 d5d1 c1d1 e2d1 g1h2 d1f1,2182,76,87,428,crushing endgame quietMove veryLong,https://lichess.org/qBJwbtPU#67,
grFi5,r3r2k/pQpq2pp/3p1p2/8/2P5/1PN3P1/PB4KP/R7 w - - 1 19,c3d5 e8e2 g2g1 a8e8 d5f4 e2b2,2140,76,92,3346,clearance crushing fork long middlegame quietMove,https://lichess.org/Ys49rrzB#37,
grMjH,8/8/5p1p/4p1bP/4P1P1/3K1P2/8/3Bk3 w - - 35 65,d1e2 g5f4 e2d1 e1d1,2120,74,97,673,bishopEndgame crushing endgame quietMove short zugzwang,https://lichess.org/X5NWSZHL#129,
grNAX,1r3r2/2pq1p1k/p2p4/1p1Bp1PR/4P3/P2P1K2/1PPB2P1/R7 b - - 0 24,h7g6 a1h1 f8h8 h5h8 b8h8 h1h8,2162,76,90,1026,crushing long middlegame quietMove,https://lichess.org/uNZddc7r/black#48,
gruqm,8/1p6/6K1/q2Q4/1k3p2/8/6P1/8 w - - 0 56,d5a5 b4a5 g6g5 b7b5 g5f4 b5b4 f4e3 a5a4,2179,82,91,687,crushing defensiveMove endgame quietMove veryLong,https://lichess.org/xer4Hm6f#111,
gs8j7,3r2k1/3nr2p/p4p2/2b5/2ppN3/P5Pp/1PP2P1P/2BRR1K1 w - - 2 32,c1f4 d8e8 f2f3 f6f5 e4c5 e7e1 d1e1 e8e1,2181,91,91,31,advantage kingsideAttack master middlegame quietMove veryLong,https://lichess.org/9Ldv11Kt#63,
gsLBC,8/2pk4/5p2/1NK2P2/1P4P1/8/4b3/8 w - - 1 42,g4g5 e2b5 g5g6 b5a4 g6g7 a4b3,2118,88,61,31,crushing defensiveMove endgame long quietMove,https://lichess.org/APDgIvFq#83,
gt1aU,7r/1P4k1/2p3p1/3p4/P2Pp1Br/5pK1/1R6/8 b - - 0 50,g6g5 g4c8 h4h1 b7b8q h1g1 g3f2 g1g2 f2e3,2130,76,78,131,advancedPawn crushing endgame promotion quietMove veryLong,https://lichess.org/t0txPvzb/black#100,
gt4MY,8/8/3p3N/3b4/8/p1k5/2B5/2K5 w - - 4 61,c2b1 d5e6 b1a2 e6a2,2166,81,82,60,crushing endgame quietMove short zugzwang,https://lichess.org/kwiU7t5t#121,
gt6ha,1k6/1p5r/p4R2/P5p1/2P3P1/5PK1/2r5/R7 w - - 3 40,a1b1 c2h2 f6f8 b8a7 b1b7 a7b7,2154,75,92,264,crushing endgame long quietMove rookEndgame,https://lichess.org/yP19e8Nm#79,
gtDPC,8/8/8/pp6/8/P5kP/6P1/5K2 w - - 0 45,h3h4 b5b4 a3b4 a5a4 f1e2 a4a3 e2d3 a3a2,2147,74,92,6736,advancedPawn crushing endgame pawnEndgame quietMove veryLong,https://lichess.org/yGUeRXVZ#89,
gtFKv,6k1/8/4p1K1/8/6P1/8/8/8 b - - 1 63,g8f8 g6h7 e6e5 g4g5 f8e7 g5g6 e5e4 g6g7,2140,78,89,703,advancedPawn crushing endgame pawnEndgame quietMove veryLong,https://lichess.org/55SjPIQd/black#126,
gtV9z,8/8/1R4b1/2p3k1/2P5/1PKP4/4r1pN/8 b - - 1 62,g2g1q h2f3 g5h5 f3g1 e2e1 g1h3 e1f1 b6c6 g6f5 c6c5,2152,114,79,20,advantage endgame fork pin quietMove veryLong,https://lichess.org/QMMciC7e/black#124,
gtj6a,8/8/5p2/3p2k1/3Pq2p/2Q4P/5P2/6K1 w - - 2 41,c3e3 e4e3 f2e3 g5f5 g1f1 f5e4 f1e2 f6f5 e2f2 f5f4 f2e2 f4e3,2159,77,89,240,crushing endgame master queenEndgame quietMove veryLong,https://lichess.org/JcRR0tjT#81,
gtsJT,8/p7/5p2/2k2Kp1/7p/8/P5PP/8 b - - 1 45,c5b4 f5f6 g5g4 f6g5 g4g3 h2h3 b4a3 g5h4,2199,75,90,711,crushing endgame pawnEndgame quietMove veryLong,https://lichess.org/VvqQOI29/black#90,
guGqJ,3r3k/pp3p1p/1q6/4p2Q/2R5/1P6/P4PPK/8 b - - 0 29,b6f2 c4h4 f2h4 h5h4,2165,77,75,93,crushing endgame quietMove short,https://lichess.org/QV16QiXs/black#58,
gudEG,2b5/7p/B1p2kp1/R7/P7/2r3K1/6PP/8 w - - 0 28,g3f4 c8f5 a5f5 g6f5,2187,86,71,52,advantage endgame quietMove short,https://lichess.org/3RScu7zO#55,
guptK,8/1pp2pp1/p7/8/k1P3PP/3KP3/8/8 b - - 0 41,a4b4 h4h5 f7f6 e3e4 a6a5 e4e5,2154,78,94,1616,advantage endgame long pawnEndgame quietMove,https://lichess.org/0C76AJSU/black#82,
gv3Ec,3r4/5pkp/6p1/p2p4/2P5/1P2P2P/P2p1PP1/R5K1 w - - 0 27,c4d5 d8c8 g1h2 c8c1,2162,76,90,771,advantage endgame quietMove rookEndgame short,https://lichess.org/RRYglzvc#53,
gv8rg,4b3/3q2pk/BQp1p2p/2PpP1b1/3Pp3/4P1P1/3B1K1P/8 w - - 15 30,h2h4 d7f7 f2e1 f7f3 h4g5 e8h5 g5g6 h7g6,2196,79,90,321,clearance crushing endgame quietMove sacrifice veryLong,https://lichess.org/TCunoYa7#59,
gvtr0,rn3rk1/pp2bpp1/1qp1p2p/8/2B1Q3/1P5P/PBPP1PP1/R4RK1 b - - 2 13,b6d8 c4d3 g7g6 e4e5 e7f6 e5f6 d8f6 b2f6,2106,75,97,831,advantage middlegame quietMove veryLong,https://lichess.org/TfPy5qWs/black#26,Caro-Kann_Defense Caro-Kann_Defense_Two_Knights_Attack
gw1fz,6k1/1p1b1rbp/p1q1p1p1/2p3N1/2P5/P2Q3P/6PB/3R3K b - - 5 32,f7e7 h2d6 e7e8 d3f1 e6e5 f1f7,2184,78,86,56,crushing long middlegame quietMove,https://lichess.org/LyMIdmOk/black#64,
gwHHu,8/6k1/8/4q1p1/1PQp3p/5P2/1K4P1/8 b - - 0 45,d4d3 c4c3 g7f6 b4b5 d3d2 c3e5,2161,80,86,48,crushing defensiveMove endgame long pin queenEndgame quietMove,https://lichess.org/DuhAOsLS/black#90,
gwSNR,8/6p1/R3p3/3pPk1K/1p3P2/6PP/1r6/8 b - - 0 36,b4b3 a6a4 g7g6 h5h6 b2g2 g3g4 g2g4 h3g4,2128,76,84,79,crushing endgame quietMove rookEndgame veryLong,https://lichess.org/MNsWJCm2/black#72,
gwtCe,8/8/3P4/8/2k1K2p/5pbP/p5P1/B7 w - - 0 56,g2f3 g3d6 f3f4 d6b4 f4f5 b4c3 a1c3 c4c3,2187,78,84,47,bishopEndgame crushing endgame quietMove veryLong,https://lichess.org/fbLOiZMM#111,
gxHy2,8/2p3p1/p4k2/2p2p1p/PPP1p2P/2RrP1P1/3PK3/8 w - - 0 34,b4b5 d3c3 d2c3 a6a5 e2f2 g7g5,2104,77,91,944,crushing endgame long quietMove rookEndgame,https://lichess.org/KUU0cgPS#67,
gxcaO,6k1/p4p1p/1p2p1pB/4P3/1P6/P5QP/1q3PPK/2r5 b - - 3 31,f7f5 e5f6 c1c8 g3f4 g8f7 f4d6,2180,120,63,70,crushing enPassant endgame long quietMove,https://lichess.org/lpTrdrM2/black#62,
gxpNH,3r2k1/5pp1/7p/3rp3/R7/8/1PP2PPP/2K4R w - - 3 26,a4e4 d5a5 c1b1 d8a8 b2b4 a5a1 b1b2 a1h1,2163,85,79,39,crushing endgame quietMove rookEndgame skewer veryLong,https://lichess.org/XChk0HbS#51,
gy3p8,4rrk1/p1p2ppp/1p6/1BB5/6q1/2Q5/PPP2P2/R4RK1 w - - 2 22,g1h1 e8e6 c3g3 g4h5,2196,87,89,564,advantage middlegame quietMove short,https://lichess.org/KmizaO4z#43,
gyJJ2,8/2K5/p2pBk1p/n3pP2/2P3PP/8/8/8 b - - 0 47,a5b3 c7d6 e5e4 c4c5 e4e3 e6c4,2118,75,83,57,clearance crushing endgame long master quietMove,https://lichess.org/2SCulVqy/black#94,
gyVlm,8/1Bk1n3/5p2/2P3p1/3K1p1p/5P1P/5P2/8 w - - 8 47,b7d5 e7d5 d4d5 f6f5 d5e5 g5g4,2191,75,97,704,crushing endgame long quietMove,https://lichess.org/1xAfxami#93,
gz5lZ,8/4r2p/4P3/6PP/1k6/p3R3/1p6/1K6 w - - 0 54,g5g6 e7c7 b1a2 c7c1,2169,76,93,3879,crushing defensiveMove endgame quietMove rookEndgame short,https://lichess.org/FYII00Mc#107,
gzAfQ,2r1r1k1/1p3pp1/1qp1p1p1/p3P1B1/PbRP1P2/3Q3R/1P4PP/6K1 b - - 4 21,c6c5 d3g3 b4e1 g3e1,2153,84,84,38,crushing middlegame quietMove short,https://lichess.org/l5gPCit4/black#42,
gzJqn,r1b1r1k1/pp5p/2p2p2/5P2/2n1PBQ1/8/q1P3PP/3R3K b - - 1 22,g8h8 f4h6 e8g8 h6g7 g8g7 d1d8 g7g8 g4g8,2190,76,99,189,kingsideAttack mate mateIn4 middlegame quietMove sacrifice veryLong,https://lichess.org/4muzwSKm/black#44,
gzOjY,6k1/5p2/2p2n1p/3p2p1/3Q4/3P1PNP/3q2P1/7K b - - 2 28,g8g7 g3h5 g7g6 h5f6 d2e1 h1h2 c6c5 d4b2 e1e6 f6g4,2179,76,85,289,advantage endgame pin quietMove veryLong,https://lichess.org/wDxvTIM6/black#56,
gzS3o,8/8/2p3p1/p2k3p/1P6/P1K3PP/8/8 b - - 0 49,a5a4 h3h4 c6c5 b4b5 c5c4 b5b6,2134,78,85,73,crushing endgame long pawnEndgame quietMove,https://lichess.org/IbcVxeba/black#98,
h02Mt,8/2b2pk1/2P1p1p1/1R2P1P1/P4PK1/2r4p/7P/2B5 w - - 11 66,a4a5 c3c1 a5a6 c1c6 b5b7 c7a5 a6a7 c6a6,2198,77,86,206,advantage endgame hangingPiece quietMove veryLong,https://lichess.org/7UI4AdYs#131,
h0Img,8/8/1p3B2/1Pp5/3pk3/5p2/3K4/8 w - - 0 64,f6d8 c5c4 d8h4 c4c3,2192,75,73,251,bishopEndgame crushing endgame quietMove short,https://lichess.org/JM2Ocsez#127,
h0PlW,8/5p1p/6p1/b1B1pk2/P1K5/5P2/5P1P/8 b - - 8 28,f5f4 c4b5 a5e1 c5b4 e1f2 a4a5 g6g5 b4d6,2197,113,-3,25,bishopEndgame crushing endgame quietMove veryLong,https://lichess.org/Iy4KOEdS/black#56,
h0XtT,8/3b4/3P4/7p/1p1B4/k1p3P1/P7/2K5 w - - 10 60,d4c5 d7f5 d6d7 f5d7,2177,118,53,15,bishopEndgame crushing endgame quietMove short zugzwang,https://lichess.org/tf3PYBxO#119,
h0bIg,8/8/7p/1Kp5/p6P/b2N2P1/4kP2/8 w - - 3 38,b5a4 e2d3 a4a3 c5c4 a3b2 d3d2,2166,76,73,82,crushing defensiveMove endgame long quietMove,https://lichess.org/76rEVSON#75,
h0uqQ,8/8/2P5/3pNk2/3P4/2r5/3K4/8 b - - 4 51,c3a3 c6c7 a3a8 e5c6 f5e4 c6b8,2175,81,90,1066,advancedPawn crushing defensiveMove endgame long quietMove,https://lichess.org/2e0Nl1SC/black#102,
h0x0F,5k2/1p3pp1/r3p2p/3pP3/1P6/3KP3/1R4PP/8 b - - 0 31,a6b6 b4b5 f8e7 d3d4 b6d6 e5d6,2112,75,94,1108,advantage endgame long quietMove rookEndgame,https://lichess.org/ipZKoToe/black#62,
h14Dv,8/8/6p1/7p/1R4b1/4K1k1/8/8 w - - 2 63,b4b2 h5h4 b2b1 g4f3,2198,92,80,30,crushing defensiveMove endgame quietMove short,https://lichess.org/JIkVoiAW#125,
h1bve,4rrk1/pp3ppp/2p1b3/3p3q/3P1Q2/6R1/PP2BPPP/4R1K1 b - - 3 23,h5f5 f4h6 g7g6 g3h3 f5h3 g2h3,2130,73,94,9180,advantage long middlegame pin quietMove,https://lichess.org/11UjXa0F/black#46,
h1cDj,7k/p3R1p1/7p/5p2/8/B5P1/3r2K1/8 w - - 1 38,g2h3 g7g5 g3g4 d2d3 h3g2 d3a3,2119,78,91,1737,crushing endgame fork long quietMove,https://lichess.org/j6IcMGn4#75,
h1jqB,8/2kb2p1/Kp3p1p/p1p2P2/P1P1B2P/1P6/8/8 b - - 2 38,d7c6 e4c6 c7c6 h4h5 c6c7 a6a7,2160,75,90,375,bishopEndgame crushing endgame long quietMove zugzwang,https://lichess.org/SgPHmoQd/black#76,
h1ueB,r5k1/2B2p2/5P1p/6p1/2p5/p1P1RN1P/b5P1/6K1 w - - 1 31,f3d2 a2b1 e3e1 a3a2,2103,77,94,5862,advancedPawn crushing endgame master masterVsMaster quietMove short,https://lichess.org/OEab71Dh#61,
h26A2,5r1k/4N1pp/3pp3/4rp2/1p1N3Q/q4P1P/PKP5/3R3R w - - 3 31,b2a1 f8a8 e7g6 h8g8 h4d8 a8d8,2117,76,91,341,crushing long middlegame quietMove,https://lichess.org/5aenSJff#61,
h26jn,r4r1k/p1p2Rpp/1p1p4/2bQ4/4P2P/1B6/Pq4P1/3R3K b - - 0 20,b2e5 d1f1 e5d5 f7f8 d5g8 b3g8 a8f8 f1f8,2194,75,94,7031,advantage kingsideAttack middlegame quietMove sacrifice veryLong,https://lichess.org/p65MnMkJ/black#40,
h2BiQ,8/6p1/7p/p2k4/P1p2P2/2K3P1/7P/8 b - - 0 41,d5c5 g3g4 g7g5 f4f5,2151,74,87,94,crushing defensiveMove endgame pawnEndgame quietMove short,https://lichess.org/O9SkAuqG/black#82,
h2DXv,8/8/4p3/pp2k1p1/6P1/PP2KP2/8/8 b - - 0 39,a5a4 b3b4 e5d5 f3f4 g5f4 e3f4,2194,78,80,95,crushing endgame long pawnEndgame quietMove zugzwang,https://lichess.org/wHj7ESmN/black#78,
h2Uap,8/8/1pp5/8/P2k3K/3N4/8/8 w - - 3 46,d3b2 c6c5 b2d1 c5c4,2149,90,71,35,crushing defensiveMove endgame knightEndgame quietMove short,https://lichess.org/EPIZvIYL#91,
h3DGM,8/6qk/p3p2p/3p1p1P/P6P/1PQ5/1K6/8 b - - 0 41,g7c3 b2c3 h7g7 b3b4 g7f6 b4b5 a6b5 a4a5 f6e5 a5a6,2123,76,92,536,crushing endgame quietMove veryLong,https://lichess.org/7hrNDctN/black#82,
h3Fec,8/1p6/p3kpp1/7p/4KP1P/6P1/PP6/8 b - - 0 35,b7b6 f4f5 g6f5 e4f4 a6a5 a2a4 e6d5 f4f5,2188,79,90,296,crushing endgame pawnEndgame quietMove veryLong,https://lichess.org/D2S61ZPr/black#70,
h3LAf,7k/p4p1p/K5p1/8/PP6/5r2/8/6R1 b - - 0 37,f3f4 g1b1 f4e4 a6a7,2191,75,92,6055,crushing endgame quietMove rookEndgame short,https://lichess.org/E2conhZa/black#74,
h3Rao,5rk1/pp2R3/2p5/5qp1/3p1r2/P4PQp/1P3R1P/3N3K w - - 0 35,e7b7 f8e8 f2g2 h3g2,2188,120,85,18,advancedPawn advantage middlegame quietMove short,https://lichess.org/g6eaTH5P#69,
h450r,8/8/5pk1/1K3p2/PP3r2/2R2P1p/8/8 b - - 0 40,f4h4 c3c1 g6g5 a4a5,2137,78,90,816,crushing defensiveMove endgame master quietMove rookEndgame short,https://lichess.org/ulvMJsD4/black#80,
h4Ha5,8/8/2p5/1p4K1/p2kB3/3P4/P7/8 w - - 3 45,g5f5 b5b4 e4c6 b4b3 a2b3 a4a3,2130,76,91,947,bishopEndgame crushing endgame long quietMove sacrifice,https://lichess.org/lB0j4jDv#89,
h4Hmn,8/1p6/p1p4p/2P3p1/Pk2KPP1/7P/8/8 b - - 0 32,g5f4 h3h4 b4c5 g4g5 h6g5 h4h5,2105,76,91,750,crushing defensiveMove endgame long pawnEndgame quietMove sacrifice,https://lichess.org/WCrmiRW5/black#64,
h4Kek,r5k1/5b1p/5pnQ/4p3/3B4/5qP1/5P1P/2R2RK1 w - - 1 30,c1c7 g6f4 h6f4 e5f4,2108,120,78,29,advantage master masterVsMaster middlegame quietMove short,https://lichess.org/qUYVHRav#59,
h4TQP,1rnq1r2/6bk/p1pP2pp/1pP1pb2/4N3/P2B1PP1/Q4KPR/R7 b - - 4 25,d8d7 e4g5 h7h8 a1h1 c8d6 h2h6 g7h6 h1h6 h8g7 h6h7 g7f6 h7d7,2162,79,81,65,crushing middlegame pin quietMove sacrifice skewer veryLong,https://lichess.org/Q4LzS05O/black#50,
h4Tkv,4N3/4b2p/4p1pk/4pp2/8/2P3QP/1P3PPK/4q3 w - - 2 32,c3c4 e7g5 e8d6 g5f4 g3f4 e5f4,2145,79,81,124,crushing endgame long pin quietMove,https://lichess.org/EsWxS9Ry#63,
h4WFg,1k4r1/5p2/1pQb1q2/8/3Pp2r/2P3Pp/1PN2P1P/5RK1 b - - 4 32,g8g6 f1a1 f6f2 g1f2 d6g3 h2g3 g6c6 g3h4,2146,76,92,678,crushing middlegame quietMove veryLong,https://lichess.org/FmqNyP5b/black#64,
h4fTi,1k1r2nr/ppn2qpp/2pb4/3p4/6QN/2N5/PPP2PPP/R1B1R1K1 w - - 12 17,h4f5 d8f8 c1f4 d6f4,2155,89,86,44,crushing master opening quietMove short,https://lichess.org/7H4Bu3M1#33,Latvian_Gambit_Accepted Latvian_Gambit_Accepted_Other_variations
h5PL5,4q3/1pQ5/2b1p2k/3pP3/3P2p1/2P2pP1/7P/R5K1 w - - 2 34,g1f2 e8g6 a1a2 g6b1,2123,76,86,155,crushing endgame quietMove short,https://lichess.org/mfww3nKj#67,
h5j3q,6k1/R7/1r1p2P1/2pPp3/8/1P6/P2r4/KB6 b - - 0 39,b6b8 b1f5 d2g2 f5e6 g8f8 a7f7,2156,84,85,43,crushing endgame exposedKing long quietMove,https://lichess.org/5YZvCkrJ/black#78,
h5yRG,8/8/8/3N1k1p/1P3p1P/2P2Kb1/8/8 b - - 2 45,g3h4 b4b5 h4d8 b5b6 d8b6 d5b6,2173,82,80,56,crushing endgame long quietMove,https://lichess.org/eRjU7lCk/black#90,
h61di,8/7k/4P3/2p5/PpNb3P/1PnK1R2/2P3r1/8 b - - 0 51,g2e2 c4e3 d4e3 f3e3 e2e3 d3e3,2116,77,73,60,crushing endgame long master quietMove,https://lichess.org/T10DpYTw/black#102,
h6BxW,8/5p2/4k1p1/7p/5K2/6PP/5P2/8 b - - 0 44,e6f6 h3h4 f6g7 f4e5 f7f5 e5e6,2137,75,95,1516,crushing endgame long pawnEndgame quietMove zugzwang,https://lichess.org/6xuW9EyY/black#88,
h6jxt,r2qr3/1p1kb3/n2pRp2/pN1P3P/8/8/PP3P2/2RQ2K1 b - - 1 22,a6c5 d1g4 f6f5 g4f5,2171,76,87,237,crushing middlegame quietMove short,https://lichess.org/EK4lsGmm/black#44,
h6zJ0,8/RB3p2/P4k2/8/8/3n1P1p/r7/7K w - - 3 38,a7a8 a2g2 f3f4 d3f2,2155,80,82,105,endgame mate mateIn2 quietMove short,https://lichess.org/FytzZPho#75,
h7qIT,r1bq1brk/6p1/2np2Qp/1pppPP2/p2P4/2P1B2N/PP1N3P/R5RK b - - 2 21,c6e7 h3g5 e7g6 g5f7 h8h7 f5g6,2113,76,93,2243,fork intermezzo long mate mateIn3 middlegame quietMove sacrifice,https://lichess.org/eLG7keft/black#42,
h80Xc,8/7p/6p1/b4p2/2K2P2/6P1/pk5P/3R4 w - - 2 53,c4d5 a5c3 d1f1 b2b3 d5e6 b3c4,2110,151,57,15,crushing defensiveMove endgame long master quietMove,https://lichess.org/LwaGL0eW#105,
h85MW,8/1p6/8/1K6/P3k3/8/8/8 b - - 2 44,e4d5 a4a5 d5e6 b5b6,2114,76,90,712,crushing endgame master pawnEndgame quietMove short,https://lichess.org/FCvHoFPz/black#88,
h8FC6,2k2r2/6Rp/4p3/1pb1P3/p1p1B3/2r2P1P/5PK1/3R4 b - - 0 31,a4a3 d1d7 c5d4 d7d4,2146,81,79,34,crushing endgame quietMove short,https://lichess.org/3WoAAC1e/black#62,
h8V36,8/5p2/4pk2/Rp1r1p1p/P3p2P/1P4P1/4KP2/8 b - - 0 37,b5a4 a5d5 e6d5 b3a4 f6e6 a4a5 e6d6 a5a6,2198,75,84,224,crushing endgame intermezzo quietMove rookEndgame veryLong,https://lichess.org/Q7MpY3xK/black#74,
h8WEv,8/6k1/7p/1P3pp1/P7/2Nb3P/6K1/8 b - - 0 44,g7f7 a4a5 f7e6 a5a6,2115,87,81,30,crushing endgame quietMove short,https://lichess.org/8P6OxI5Q/black#88,
h8pBO,r1b3k1/ppqn2p1/2n1p1Bp/3pP1NR/1p6/6P1/PBPN1bK1/5R2 b - - 1 20,h6g5 f1h1 g8f8 h5h8 f8e7 h8e8,2120,96,64,30,long mate mateIn3 middlegame quietMove,https://lichess.org/sDYGgqBs/black#40,
h9EYM,8/Qp2qk1p/5p2/3p2p1/P1nP1B2/2P4P/5PP1/6K1 w - - 0 28,f4g3 e7e1 g1h2 c4d2 a7b7 f7g6,2117,75,86,214,crushing defensiveMove endgame long quietMove,https://lichess.org/9UwMiBiU#55,
h9Utk,r5k1/p3Pppp/1p6/3p4/1Q2q3/8/P5PP/1R5K b - - 1 28,a7a5 b4e4 d5e4 b1d1 a8e8 d1d8 f7f6 d8e8,2178,79,89,514,crushing endgame pin quietMove veryLong,https://lichess.org/C5VG81Fm/black#56,
hAAXA,6k1/5p2/N3p3/3nP1p1/P7/1KP5/8/8 w - - 0 45,a4a5 g5g4 a6b4 g4g3 b4d5 g3g2,2152,75,89,1145,advancedPawn crushing endgame knightEndgame long quietMove sacrifice,https://lichess.org/WFNmhd91#89,
hASac,1k1r1b1r/ppp2ppp/4pnq1/QN1Pn3/8/P5P1/1Pb2PBP/R1B1K1NR b KQ - 3 13,e5c6 a5c7 b8a8 c1f4 f6d5 g2d5,2119,147,92,21,advantage long opening queensideAttack quietMove,https://lichess.org/cjwEpmx2/black#26,Scandinavian_Defense Scandinavian_Defense_Mieses-Kotroc_Variation
hAeIt,1k1r2r1/p1p1b2p/Bpnq4/2Rn2p1/3Ppp2/PN2P3/1P1BQPPP/R5K1 b - - 1 19,f4f3 e2b5 g8g6 a1c1 d6d7 c5c6,2142,78,86,450,advantage long middlegame pin quietMove,https://lichess.org/bGT7vQpV/black#38,Zukertort_Opening Zukertort_Opening_Black_Mustang_Defense
hAePp,7b/pp3k2/6p1/1P2P3/2PPK3/8/8/8 b - - 0 36,f7e6 d4d5 e6d7 c4c5 h8e5 e4e5 g6g5 c5c6 b7c6 b5c6 d7e7 d5d6,2168,86,65,68,bishopEndgame crushing endgame exposedKing quietMove veryLong,https://lichess.org/PJtqsKHk/black#72,
hAqSh,3r2k1/Q1R3p1/5rq1/ppN5/5B2/5N1P/5nPK/8 w - - 2 46,f4g3 f6f3 g2f3 d8d2 c7g7 g6g7,2170,78,89,114,advantage long middlegame quietMove sacrifice,https://lichess.org/BUDdwRCK#91,
hBIY9,8/p6p/2p5/1p1k1p2/5P2/3K4/PPP4P/8 w - - 0 29,b2b3 b5b4 c2c3 b4c3,2196,84,86,81,crushing endgame pawnEndgame quietMove short,https://lichess.org/kdxiFxZe#57,
hBQZL,8/5p1p/5pk1/8/4rP2/4R1P1/5K1P/8 b - - 1 34,f6f5 e3e4 f5e4 g3g4 g6f6 f2e3,2197,80,91,257,crushing endgame long quietMove rookEndgame,https://lichess.org/3haOfbSF/black#68,
hBt5a,8/2N5/1pbp1p2/8/2kP1P1P/4K3/8/8 b - - 0 42,c6d7 h4h5 b6b5 h5h6 d7f5 c7e8,2121,119,68,23,crushing endgame long quietMove,https://lichess.org/tmDyWqOJ/black#84,
hBudE,1k2r3/p4p2/1p4qp/2Q4R/4r1p1/6P1/PP3PP1/R5K1 w - - 0 27,c5b5 e4e1 g1h2 f7f5 h5f5 e1a1,2144,110,92,23,advantage endgame long quietMove,https://lichess.org/tBokWLu6#53,
hC3zf,3q2k1/1r3pbp/6p1/2rP4/2N5/2P3P1/1P2QPP1/2KR3R w - - 1 24,b2b4 d8a8 e2d3 a8a1 c1d2 a1a2,2151,136,78,18,crushing exposedKing long middlegame quietMove,https://lichess.org/y1Pbjjaq#47,
hCA4h,8/8/1p1p1K1k/1P1P2pP/4Pp2/1n6/p5P1/1R6 w - - 0 49,b1g1 g5g4 e4e5 f4f3 g2f3 g4f3,2194,102,90,27,crushing endgame long quietMove,https://lichess.org/gpu3Hdnn#97,
hCDCs,5rk1/p1pq1rb1/1p1p2p1/3Pn1Bp/2P5/1Q3PNb/PP2B1P1/4RRK1 w - - 0 22,g2h3 d7h3 f3f4 e5g4 e2g4 g7d4,2143,75,85,61,advantage clearance kingsideAttack long middlegame quietMove sacrifice,https://lichess.org/rlCGz1SS#43,
hCMiR,8/2p5/1p6/3k3p/1P4p1/2P1K1P1/P7/8 b - - 2 45,d5c4 a2a4 c4c3 a4a5 c3c4 a5a6,2103,75,95,2660,crushing endgame long pawnEndgame quietMove,https://lichess.org/ZuPpiglZ/black#90,
hCcck,8/8/1k2p3/1P1p2N1/1K1P3p/4P2P/8/5b2 w - - 3 46,g5e6 f1h3 e6f4 h3g2 f4g2 h4h3 g2f4 h3h2,2186,80,90,2026,advancedPawn crushing endgame master masterVsMaster quietMove sacrifice veryLong,https://lichess.org/SCzH5NGc#91,
hCpdm,8/pp6/8/4kpp1/8/4K3/PP4PP/8 b - - 3 32,f5f4 e3f3 e5f5 h2h3 f5g6 f3g4,2104,79,81,68,advantage defensiveMove endgame long pawnEndgame quietMove zugzwang,https://lichess.org/6fNXVcG1/black#64,
hCzyN,8/8/p1k3p1/1pP4p/1P1K4/7P/6P1/8 b - - 0 41,g6g5 g2g3 h5h4 g3g4 a6a5 b4a5,2118,78,91,760,crushing endgame long pawnEndgame quietMove zugzwang,https://lichess.org/f0W4auy6/black#82,
hDHlz,8/2p1k1K1/1p2pp2/3b4/3P3P/1p1B1P2/6P1/8 b - - 1 30,b3b2 d3b1 c7c5 h4h5 c5c4 h5h6 c4c3 h6h7 c3c2 b1c2 b2b1q c2b1,2188,92,73,26,advancedPawn bishopEndgame crushing endgame quietMove veryLong,https://lichess.org/fSyVCkgR/black#60,
hE4Uk,2b2n2/3q1k2/1Q1p4/2pP1p1N/2P2P2/3B4/6K1/8 b - - 2 43,f8g6 b6b2 g6f4 h5f4,2168,75,71,133,crushing endgame master quietMove short,https://lichess.org/KLeRsuHU/black#86,
hEBvw,5b1k/p6p/3q2p1/2p1pp2/P1Q5/B1P2P1P/2P3P1/7K w - - 0 30,c4f7 f8h6 a3c5 d6c5,2114,360,0,4,crushing endgame quietMove short,https://lichess.org/EHw3jW2J#59,
hEWUY,8/8/2p5/8/1PKN4/3P1p2/4pk1r/2R5 w - - 0 45,d4f3 f2f3 c4c5 h2f2 c1h1 f2f1,2182,78,72,75,crushing endgame hangingPiece long master quietMove,https://lichess.org/By9MnyXD#89,
hEcbW,2r2rqk/6pp/1p1p4/pP6/P4P2/3Q4/1K5R/R7 b - - 3 34,c8c4 a1h1 c4b4 b2a3 b4b3 d3b3,2183,77,85,193,advantage defensiveMove endgame long quietMove,https://lichess.org/0PdNIIBt/black#68,
hEiu0,1r4k1/1PN2ppp/r7/2K1p3/8/4nP2/6PP/1R6 b - - 5 33,a6g6 b1a1 g6g2 a1a8,2127,75,91,435,advantage endgame pin quietMove short,https://lichess.org/YKgPS71o/black#66,
hFUg3,r7/3kbp2/p1q1p3/P1PpP1p1/1P5r/2PQ1P2/6P1/RN3RK1 w - - 2 22,b1d2 e7c5 b4c5 c6c5 f1f2 a8h8 g1f1 h4h1 f1e2 h1a1,2191,75,92,4879,crushing middlegame quietMove skewer veryLong,https://lichess.org/RLFNcqYl#43,
hFUhl,8/7p/4k1p1/1p3p2/pP1Pp3/P3KP1P/6P1/8 b - - 0 30,e6d5 f3e4 f5e4 h3h4 h7h6 g2g4 d5c4 e3e4,2156,84,84,37,crushing endgame pawnEndgame quietMove veryLong zugzwang,https://lichess.org/RdzRdbKx/black#60,
hFXLl,3qrrk1/1p3p1p/p3bRpQ/2p5/P2pP3/1P1B3P/2P3P1/5RK1 b - - 5 26,d8e7 f1f4 e7f6 f4f6,2104,93,44,30,crushing middlegame quietMove short,https://lichess.org/Hk05lnZO/black#52,
hFgb6,7k/2R4p/8/ppP5/3P1B2/P1P4P/2r3r1/7K w - - 2 33,d4d5 g2e2 c7c8 h8g7,2158,80,85,123,crushing endgame quietMove short,https://lichess.org/uWBu9wqD#65,
hG8VG,8/8/p5R1/1p1p2NP/2k5/3p1P2/7r/2K5 w - - 1 48,h5h6 d3d2 c1c2 b5b4 g6c6 c4b5 c6c8 b4b3,2171,83,68,36,advancedPawn crushing endgame master quietMove veryLong,https://lichess.org/kGb47LqO#95,
hGD5U,8/7p/1k6/pP1P4/2K3r1/8/8/3R4 w - - 1 45,d1d4 g4d4 c4d4 a5a4 d5d6 a4a3,2152,88,100,30,crushing endgame long quietMove rookEndgame,https://lichess.org/AOSwOmIv#89,
hGRKU,6k1/pp4p1/2p2PR1/4p2P/8/7r/1r6/4R1K1 b - - 0 34,h3h5 g6g7 g8h8 e1d1 b2b1 d1b1,2108,76,94,812,crushing endgame long quietMove rookEndgame,https://lichess.org/KWRhieo0/black#68,
hGSPg,r1q2rk1/p3bpp1/1p3n1p/2ppP3/5Bb1/2NBPQ2/PP3PPP/2R2RK1 w - - 1 17,f3g3 f6h5 c3d5 e7d8 g3g4 c8g4,2187,76,94,2616,crushing long middlegame quietMove trappedPiece,https://lichess.org/6Ixjo6Cz#33,Indian_Defense Indian_Defense_Other_variations
hGWhr,1k1r3r/1pnq4/pB6/3PP3/PP1Q1Pp1/6p1/6K1/R4R2 w - - 0 28,e5e6 h8h2 g2g3 d7h7 b6c7 b8a8,2106,168,83,9,crushing defensiveMove long middlegame quietMove sacrifice,https://lichess.org/4yEGSryu#55,
hGeRb,8/8/3P4/4Bp2/1R2nPk1/1p6/6PK/1r6 w - - 1 60,d6d7 e4g3 d7d8q b1h1,2116,80,90,1143,endgame mate mateIn2 quietMove short,https://lichess.org/UzqAalnw#119,
hGtxv,2r5/3KPNk1/8/p7/P7/1P6/3b4/8 b - - 2 76,c8a8 f7d8 a8a7 d7e6 a7e7 e6e7,2131,75,73,184,crushing defensiveMove endgame long quietMove,https://lichess.org/dtc3fIWL/black#152,
hH25g,8/p4ppp/8/1k6/1P4P1/P1K2P2/8/8 b - - 3 42,g7g6 g4g5 b5a4 c3b2,2185,75,84,122,crushing defensiveMove endgame pawnEndgame quietMove short,https://lichess.org/fXKwSlU4/black#84,
hH5dZ,7r/8/6P1/4P3/5P1P/1kp5/8/2K4R w - - 0 57,h4h5 h8a8 c1d1 a8a1 d1e2 a1h1 g6g7 h1g1,2151,115,100,53,endgame equality exposedKing quietMove rookEndgame skewer veryLong,https://lichess.org/tzjuFpQQ#113,
hHFBH,8/8/3k4/p2ppp2/Pp3P2/1P1KP1P1/8/8 w - - 1 48,d3e2 e5e4 g3g4 f5g4,2199,82,89,438,crushing endgame master pawnEndgame quietMove short,https://lichess.org/JaC5ZUWP#95,
hHQdh,3QR1qk/8/p7/1p2K1rp/3P4/2P5/PP6/8 w - - 11 52,e5d6 g5d5 d6c7 d5d8 e8d8 g8d8 c7d8 h5h4 d4d5 h4h3 d5d6 h3h2 d6d7 h2h1q d8c7 h1h2 c7c8 h2h3,2134,82,83,51,advancedPawn crushing endgame promotion quietMove skewer veryLong xRayAttack,https://lichess.org/ZXnhztW7#103,
hHQjR,8/8/3k1pp1/2pP3p/p1K1P3/7P/P5P1/8 w - - 0 44,a2a3 h5h4 c4b5 f6f5 e4e5 d6d5,2104,76,91,1969,crushing endgame long pawnEndgame quietMove zugzwang,https://lichess.org/xKrHafps#87,
hHUYb,8/p7/2p5/3k2p1/1P1Pp1P1/4K3/P7/8 b - - 0 31,a7a6 a2a3 d5e6 e3e4,2195,118,88,40,crushing endgame pawnEndgame quietMove short zugzwang,https://lichess.org/H4mEZ0W4/black#62,
hHasP,r3r1k1/1b1p1p1p/1p4pB/p1q5/2P5/1P2RPP1/P6P/R2Q2K1 w - - 3 26,d1d3 g6g5 g1f2 e8e6 h6g5 c5g5,2189,78,86,68,advantage long middlegame quietMove trappedPiece,https://lichess.org/dX2C0upz#51,
hHhNK,r4rk1/p4ppp/2p2n2/1pb1pQB1/8/1BP1P3/P4PPP/qN3RK1 b - - 0 14,a1b2 g5f6 g7f6 b3c2 f8d8 f5h7 g8f8 c2b3 b2b3 a2b3,2179,78,88,65,crushing middlegame quietMove veryLong,https://lichess.org/rzVlMB5h/black#28,Indian_Defense Indian_Defense_Other_variations
hHoWX,8/3b3K/5k2/2Pp4/3PpP1P/4P3/8/8 b - - 6 54,f6f5 h4h5 f5f6 h7g8 d7g4 h5h6,2180,79,90,1990,bishopEndgame crushing endgame long master quietMove,https://lichess.org/emIBt6OV/black#108,
hI9A2,8/6k1/8/6K1/6PR/4r2p/8/8 w - - 4 43,g5h5 e3e8 h4h3 e8h8 h5g5 h8h3,2198,78,92,3862,crushing endgame long master quietMove rookEndgame skewer,https://lichess.org/QWEplN9L#85,
hITMQ,2k3r1/1p1r1q1p/pQ1p4/P1pPp3/8/8/2P2PPP/1R3RK1 w - - 2 25,c2c4 g8g2 g1g2 f7g6 g2h1 d7g7 b6b7 g7b7,2157,80,82,61,attraction clearance crushing endgame quietMove sacrifice veryLong,https://lichess.org/Aa49zH8O#49,
hIyNt,8/Q5pp/2p5/2k5/8/8/Pr3PPP/2q2NK1 b - - 4 33,b2b6 a2a4 c1b1 a4a5,2119,80,90,1060,crushing endgame quietMove short,https://lichess.org/hH6FQCou/black#66,
hJ95h,4r1k1/1prR1pp1/p6p/2P5/1P6/2Q3P1/4qP1P/3R2K1 w - - 2 25,d7c7 e2d1 g1g2 e8e1 c3e1 d1e1,2158,79,100,53,crushing endgame hangingPiece long quietMove,https://lichess.org/W1AopLn6#49,
hJDRr,4Q3/2q2pkn/1p5p/p2BP1p1/8/B2P2Pb/P1r2P1P/4R1K1 w - - 3 31,d5b3 c7b7 e1e4 c2e2 e8f7 b7f7 b3f7 e2e4 d3e4 g7f7,2180,81,82,201,advantage master middlegame quietMove veryLong,https://lichess.org/4smTOSek#61,
hJdH0,8/8/8/P1n1kp2/6p1/1N3KP1/8/8 w - - 0 51,f3e3 c5b3 a5a6 b3a5 a6a7 a5c4 e3e2 c4b6,2174,74,95,1502,crushing defensiveMove endgame exposedKing hangingPiece knightEndgame quietMove veryLong,https://lichess.org/yzVQJ6pE#101,
hJeXV,r4r1k/1p2q1pp/pQ6/2pB4/4p1n1/4P1P1/PP3PP1/3R1RK1 w - - 3 22,b6e6 e7g5 d5b7 g5h5 e6g4 h5g4 b7a8 f8a8,2106,77,81,47,advantage middlegame quietMove veryLong,https://lichess.org/BWwjgUZi#43,
hK2XZ,8/ppp5/3k2K1/8/2P5/1P6/P7/8 w - - 5 46,g6f5 a7a5 f5e4 d6c5 e4d3 c5b4 d3c2 b4a3,2198,130,33,18,crushing endgame pawnEndgame quietMove veryLong,https://lichess.org/p2PmWfLW#91,
hKTSW,8/2kN4/P6p/6p1/1P3n2/3p1p1P/3K1P2/8 b - - 2 50,f4h3 b4b5 h3f2 b5b6 c7d7 a6a7 f2e4 d2d3,2144,76,91,330,advancedPawn crushing endgame exposedKing knightEndgame quietMove sacrifice veryLong,https://lichess.org/KvlP4y79/black#100,
hKZw2,8/3p4/ppp5/4P1p1/1PPP1k2/4pP2/P5K1/8 b - - 0 38,b6b5 c4c5 g5g4 f3g4 f4e4 g2f1 e4d3 f1e1 d3d4 e1e2 d4e4 g4g5 e4f5 e2e3,2171,126,28,14,crushing endgame pawnEndgame quietMove veryLong zugzwang,https://lichess.org/tYeCzNCH/black#76,
hKmIr,8/1R5R/6p1/2pr2k1/8/5PP1/3b2KP/r7 b - - 0 47,d2b4 b7f7 a1a2 g2h3,2191,86,89,793,crushing defensiveMove endgame quietMove short,https://lichess.org/b0uPYgPl/black#94,
hKqxw,5q1r/p2k2p1/P1pb4/B1p5/4Q1Pn/3P1p2/1P3P1P/R4RK1 w - - 0 29,a5d2 h4g2 e4f5 f8f5 g4f5 d6h2,2178,92,80,31,crushing kingsideAttack long middlegame quietMove,https://lichess.org/Fn1utApy#57,
hM2mK,8/2B5/4p3/p7/P6p/1Pb2P1k/8/5K2 w - - 2 38,f1g1 e6e5 f3f4 e5e4,2116,74,81,215,bishopEndgame crushing defensiveMove endgame quietMove short,https://lichess.org/tcEUe8w6#75,
hMCO9,8/1p4p1/p6p/2N1bp2/PP6/5PkP/6P1/5K2 b - - 1 42,b7b5 a4a5 e5c3 c5a6,2156,77,86,65,crushing endgame quietMove short,https://lichess.org/oPRL5bgb/black#84,
hMTpm,8/2p5/1p1pk3/7p/1PP1K2P/2BnP3/8/8 b - - 1 44,d3e5 c3e5 d6e5 b4b5 e6f6 e4d5,2143,76,96,1372,crushing endgame long quietMove zugzwang,https://lichess.org/3sEGYBlS/black#88,
hO2oD,4r1k1/5p1p/pn2rqp1/1p2N3/4Q3/1PP4P/P4PP1/2R1R1K1 w - - 1 28,e5g4 f6e7 e4e6 f7e6,2152,78,78,90,advantage middlegame quietMove short,https://lichess.org/TvwBFGPB#55,
hO72n,8/1pk5/5p2/PK2p1p1/3P4/4P1pP/6P1/8 w - - 0 35,d4e5 f6f5 b5c4 f5f4 e3f4 g5f4,2152,76,93,9577,crushing endgame long pawnEndgame quietMove,https://lichess.org/SU11eOsW#69,
hOJTO,4r1k1/5pp1/p4n1p/4N3/7Q/1b2P3/1pB2PPP/6K1 w - - 2 31,c2b1 e8c8 h2h3 c8c1 g1h2 c1b1,2181,84,87,490,crushing endgame fork long master quietMove,https://lichess.org/mGAHaWfd#61,
hONXM,8/8/BP1k4/8/p2Pb2p/2K5/8/8 w - - 1 47,a6f1 d6c6 c3b4 e4c2 b6b7 c6b7,2135,76,86,274,bishopEndgame crushing endgame long quietMove,https://lichess.org/qF0HuR5J#93,
hOczx,r1bb2k1/2q2r2/p3p1QB/1pp1Pp2/2B5/8/P1P2PPP/4R1K1 b - - 0 23,g8h8 e1e3 d8h4 e3h3,2143,76,83,63,advantage master middlegame quietMove short,https://lichess.org/KDxYLYFP/black#46,
hOo3l,4r1k1/1p2r1pp/p1n2p2/2R5/2P1bB2/7P/PR1N1PP1/6K1 b - - 4 25,e4f5 c5f5 c6d4 g2g4 d4f5 g4f5,2160,76,89,1138,advantage hangingPiece long middlegame quietMove,https://lichess.org/GvuxGCrK/black#50,
hOzNH,6rk/p3r1p1/2p2pQp/1p3P1R/4P1R1/2qB3P/b1P3P1/7K b - - 3 27,a7a5 g4h4 c3e1 h1h2 e1h4 h5h4,2111,108,71,21,crushing long middlegame quietMove,https://lichess.org/rrxO6pE0/black#54,
hP78l,5rk1/ppR1bp1p/6p1/1q1pB3/3Q4/1P2PP2/5KPP/8 b - - 1 24,f8e8 e5h8 f7f6 h8f6,2155,77,88,596,crushing endgame master quietMove short,https://lichess.org/7DPWra2m/black#48,
hPCl9,8/p4kp1/1p6/4pPKP/1P6/P6P/8/8 w - - 4 45,h3h4 b6b5 g5g4 f7f6 g4g3 f6f5,2147,76,91,206,crushing endgame long pawnEndgame quietMove,https://lichess.org/2BDzkKGT#89,
hPKtd,4r2k/8/7p/5Rp1/5n2/4p2P/2P1B1P1/5K2 w - - 0 42,h3h4 e8a8 e2d1 a8a1 f5f4 g5f4,2100,77,94,1518,crushing endgame long pin quietMove,https://lichess.org/kMry4dpU#83,
hPOsR,4rrk1/ppp2ppp/n7/3P2Q1/2P2P2/4B3/PP1KR2P/RN3q2 w - - 5 19,a2a3 a6c5 b1c3 c5b3 d2c2 b3a1,2161,78,84,749,advantage exposedKing fork long middlegame quietMove,https://lichess.org/3dzgM3YV#37,Kings_Gambit_Declined Kings_Gambit_Declined_Falkbeer_Countergambit
hPeYv,7r/2r2k2/3p1qp1/1p1P4/4BPPn/6K1/1P1Q1R2/5R2 w - - 3 41,f4f5 g6g5 f2e2 f6e5,2195,80,83,48,crushing master middlegame quietMove short,https://lichess.org/7cfZwezK#81,
hPr78,r7/8/r4p2/1R4pp/2P1k3/p1K4P/R4PP1/8 b - - 7 40,a8d8 a2e2 e4f4 e2e3 h5h4 e3f3,2195,76,89,1507,crushing endgame long master quietMove rookEndgame,https://lichess.org/N0YaRZaJ/black#80,
hQ4rh,3r4/4k3/4P3/p1p3p1/P1B3r1/1P6/2PbR3/5RK1 w - - 3 37,g1h1 d2f4 e2h2 f4h2 f1f7 e7d6,2146,74,95,5705,crushing endgame long quietMove,https://lichess.org/FYn9x7nX#73,
hQoUl,1knR4/p1pB2pp/8/2P1b2r/1P6/8/7P/1K6 b - - 2 33,h5h2 d8c8 b8b7 c5c6 b7a6 c8b8 h2b2 b1c1 b2b4 b8b4,2106,97,78,20,crushing endgame quietMove veryLong,https://lichess.org/Ua7CTw8d/black#66,
hQqqM,r4rk1/ppq1bppp/2n1p3/6B1/6n1/2NP1B1P/PPP2PP1/R2QR1K1 w - - 5 13,g5e7 c7h2 g1f1 c6d4 c3e2 h2h1 e2g1 g4h2,2199,74,94,8808,kingsideAttack mate mateIn4 middlegame quietMove veryLong,https://lichess.org/GbUn2c7N#25,Scandinavian_Defense Scandinavian_Defense_Blackburne_Gambit
hQrHS,3r4/p6p/5k2/3p1PR1/2pK2P1/8/P6P/8 w - - 3 35,h2h4 d8c8 g5h5 c4c3,2105,76,86,332,crushing endgame quietMove rookEndgame short,https://lichess.org/H0iYlph3#69,
hQtxy,8/7p/7P/3nBK2/5P2/1p6/2k5/8 w - - 1 53,f5e6 d5c3 f4f5 b3b2 f5f6 b2b1q,2105,78,91,201,advancedPawn crushing endgame long promotion quietMove,https://lichess.org/rzN806m1#105,
hR96Z,r3k1r1/p1ppq3/1pb1p2p/5p2/2PP4/2P1PPB1/P3QK1P/R6R w q - 0 19,g3c7 d7d6 c7d6 e7d6,2163,80,83,68,advantage middlegame quietMove short trappedPiece,https://lichess.org/aOMUJ2Cb#37,Nimzo-Indian_Defense Nimzo-Indian_Defense_Three_Knights_Variation
hRHMe,8/8/pp4p1/3k3p/PP2p3/4K2P/5PP1/8 w - - 0 41,g2g4 h5g4 h3g4 g6g5 a4a5 b6b5,2134,74,82,113,crushing defensiveMove endgame long pawnEndgame quietMove,https://lichess.org/4fcW6mKr#81,
hRtlm,7r/p3bk2/2pp4/q1P1p3/4Pp2/1P1N1Q1b/P2R1P2/3R2K1 w - - 1 34,c5d6 e7f6 d3e1 a5d8,2100,131,-80,23,crushing middlegame quietMove short,https://lichess.org/ZVnuH75c#67,
hSOuF,8/8/8/ppp3p1/2p2kPp/P1P2P1P/1P2K3/8 w - - 2 42,e2f2 a5a4 f2e2 f4g3,2187,76,83,67,crushing endgame master pawnEndgame quietMove short zugzwang,https://lichess.org/BLzlRsL5#83,
hSXDU,8/4Q3/4K1p1/2p5/3qBpk1/8/8/8 w - - 6 66,e4g6 d4e3 e6f7 e3e7 f7e7 c5c4 g6f7 c4c3,2145,76,97,378,crushing endgame quietMove veryLong,https://lichess.org/jpELRWYk#131,
hShdl,1k2r3/2p4P/pp4n1/2bQ4/P5P1/2P1r3/1P6/5R1K w - - 7 38,d5g8 g6h4 g8e8 e3e8,2136,137,82,22,advantage endgame quietMove short,https://lichess.org/ODRhzxVZ#75,
hT0vB,8/R7/1k6/8/3K4/p2P4/8/r7 w - - 2 56,a7h7 a1c1 h7h2 b6b5,2156,321,11,2,crushing defensiveMove endgame master quietMove rookEndgame short,https://lichess.org/ae4G3ZNO#111,
hT6Hf,8/7p/p5p1/P4k2/3Kp3/5pPP/5P2/8 b - - 0 37,h7h5 h3h4 e4e3 d4e3,2147,95,92,30,crushing endgame pawnEndgame quietMove short zugzwang,https://lichess.org/JqfwriHm/black#74,
hTAAe,r1bq1rk1/pp1nbp1p/4p1p1/1B1pP3/Q7/5N2/PP1B1PPP/2R1R1K1 w - - 10 19,c1c8 a8c8 b5d7 c8c4 b2b4 a7a6 d7e6 f7e6,2161,75,85,224,advantage master middlegame quietMove veryLong,https://lichess.org/IHby1f9W#37,French_Defense French_Defense_Tarrasch_Variation
hTaAT,8/8/p3r3/P1P2k2/2R2Pp1/6Kp/8/8 w - - 2 61,c4c3 e6e2 c3c1 e2g2 g3h4 h3h2,2154,76,85,259,advancedPawn crushing endgame long quietMove rookEndgame,https://lichess.org/fXZBCeON#121,
hTuqe,1brq1rk1/3b2pp/1p2p3/p7/3PQ1P1/P6P/1P1B2B1/4RRK1 w - - 1 23,d4d5 d8c7 d2f4 f8f4 f1f4 c7f4 e4f4 b8f4,2127,76,79,57,crushing middlegame quietMove veryLong,https://lichess.org/Cj8Tr6My#45,
hViBC,4b3/4kp2/8/1pKP3N/pP2pPp1/6P1/P6P/8 w - - 0 52,c5d4 f7f5 h5g7 e8d7,2140,98,71,19,advantage defensiveMove endgame master quietMove short,https://lichess.org/su0dW6N7#103,
hWEP0,8/6p1/1P5p/8/3k4/1B5P/Pr4P1/7K b - - 0 36,b2b1 h1h2 b1e1 b6b7 e1e8 b3e6 e8e6 b7b8q,2170,78,85,160,advancedPawn crushing deflection endgame promotion quietMove veryLong,https://lichess.org/VXnDCu6P/black#72,
hWfFN,5r1k/2n3b1/p5p1/1pPpp3/7B/1BP1QP1q/PP3P2/R5K1 w - - 3 28,h4g3 f8f5 f3f4 f5h5 e3f3 e5f4,2118,103,61,21,crushing long middlegame quietMove,https://lichess.org/k3IwSXFf#55,
hWklS,8/8/3pK3/3Pp3/kPp2p2/2P5/6P1/8 b - - 12 48,a4b3 b4b5 e5e4 b5b6 e4e3 b6b7 b3c2 b7b8q e3e2 b8d6 e2e1q d6e5,2127,82,91,3115,advancedPawn crushing endgame pawnEndgame promotion quietMove veryLong,https://lichess.org/KlM5Ef4L/black#96,
hXTZb,r4rk1/1p1b1ppp/p1q1p3/2b1B3/2P2R2/3B4/P5PP/R2Q3K b - - 4 18,f7f6 d1h5 f6f5 f4h4 f8f7 h5h7,2116,91,16,53,crushing kingsideAttack long middlegame quietMove,https://lichess.org/JNk9CXVE/black#36,Sicilian_Defense Sicilian_Defense_Classical_Variation
hXkgP,5k2/8/1p4KP/p2p1p2/4p3/2P5/PP3PP1/8 w - - 1 41,g6h7 f5f4 h7g6 f8g8 g6f5 e4e3 f2e3 f4e3,2190,78,89,437,crushing endgame pawnEndgame quietMove veryLong,https://lichess.org/1Z3PztLJ#81,
hXszx,r2q2k1/ppbb2p1/2p2rp1/3pN3/1P1P2PR/PQ6/1B3P1P/4R1K1 b - - 6 24,f6f2 b3h3 d8h4 h3h4,2185,82,83,48,crushing middlegame quietMove short,https://lichess.org/Jj2s9sq7/black#48,
hY9qH,r1b2k1r/ppppqBp1/2n4p/3QP3/6n1/2P1PN2/PP4PP/RN3RK1 b - - 0 12,g4e3 f3h4 c6e5 d5e5 e3f1 h4g6,2193,84,90,1644,crushing long opening quietMove sacrifice,https://lichess.org/Xr1DPriH/black#24,Scotch_Game Scotch_Game_Scotch_Gambit
hYNuu,r1bq1r2/pppp1pp1/2n4k/8/2B1P3/2Q5/P4PPP/R4RK1 b - - 0 13,d8f6 c3h3 h6g6 f2f4 f6d4 g1h1,2100,80,85,82,crushing defensiveMove long middlegame quietMove,https://lichess.org/qN7VAIXQ/black#26,Italian_Game Italian_Game_Evans_Gambit
hYbb7,6k1/8/2p1N1P1/q2pPp2/p1pP3P/r5P1/2Q5/2KR3R w - - 0 29,h1f1 a5b4 c2b2 a3c3 c1b1 c3b3 b2b3 b4b3,2197,142,83,22,crushing endgame exposedKing master masterVsMaster pin queensideAttack quietMove veryLong,https://lichess.org/IPBLh73l#57,
hYyp5,8/5p2/2BKb2p/4ppP1/5k1P/5P2/8/8 b - - 0 41,h6g5 h4h5 e5e4 h5h6 e4e3 c6b5,2161,75,82,60,bishopEndgame crushing defensiveMove endgame long quietMove,https://lichess.org/416fkO2j/black#82,
hZBUZ,2kr3r/p2b1pp1/1qpQp3/2p5/2B2Pn1/6Pp/PPP1N2P/R1B2RK1 w - - 1 17,a2a3 d7e8 d6e7 d8d7 e7g5 f7f5,2118,96,76,81,advantage clearance defensiveMove long middlegame quietMove,https://lichess.org/c9zJrIEG#33,Bird_Opening Bird_Opening_Williams_Gambit
hZMbY,r2q1rk1/2p2p2/p3pPpB/1p3b2/1Q1P1P2/2P5/P7/R3K1R1 b Q - 1 20,f8e8 h6g7 d8d5 e1c1,2110,78,69,152,advantage castling defensiveMove middlegame quietMove short,https://lichess.org/PjczA2gJ/black#40,
hZwLd,r3r1k1/5ppp/1n1p3N/3P4/1p2P3/pp2Q1RP/Pq3PP1/2R3K1 b - - 1 29,g8f8 c1c7 b2f6 c7f7 f6f7 h6f7,2153,83,84,146,advantage fork long middlegame quietMove,https://lichess.org/ea8lu4z7/black#58,
ha1iT,r3k2r/p1p2pp1/2p5/3p3p/2P5/1P2P2b/PB1PBqPK/RN1Q4 w kq - 0 14,h2h3 h5h4 b2e5 f2f5 e2g4 f5e5,2137,81,84,242,advantage exposedKing fork long master middlegame quietMove,https://lichess.org/1Hd2vX1D#27,Nimzo-Larsen_Attack Nimzo-Larsen_Attack_Classical_Variation
ha3vR,5r1k/4R1p1/2p4p/2P1pq2/1PQ1b3/5pPP/5P2/2B3K1 w - - 2 32,c1b2 f5h3 c4f1 h3f1 g1f1 f8d8 f1g1 d8d1,2147,79,78,69,crushing endgame master quietMove veryLong,https://lichess.org/MAgwBa4W#63,
ha92f,8/8/8/5Bp1/1k1p1pP1/3PbK1P/8/8 b - - 17 54,b4c3 h3h4 g5h4 g4g5 h4h3 f5h3,2173,75,94,2981,bishopEndgame crushing endgame long quietMove,https://lichess.org/zrcmew1h/black#108,
haBox,6k1/pq2pr1p/1p1p2p1/1N2b2n/8/1Q2Bb1P/PP4P1/R2R2K1 w - - 0 25,g2f3 b7f3 d1d2 h5g3 b3f7 f3f7,2173,75,91,3129,crushing long middlegame quietMove,https://lichess.org/VbjZqFcf#49,
hadfj,8/1pp4k/p1Pp2pp/3r1r2/PP1Q4/4P3/6PP/6K1 w - - 0 28,c6b7 d5d4 e3d4 f5f8 b4b5 a6a5,2191,82,85,55,crushing defensiveMove endgame long quietMove,https://lichess.org/dXv7ClOr#55,
hakk6,7k/p5p1/2p3R1/2q5/P3p1P1/1P2Pr1P/3Q4/6K1 w - - 1 36,g1g2 c5e5 d2d8 h8h7 d8h4 h7g6,2123,112,85,18,crushing defensiveMove endgame long quietMove,https://lichess.org/gAkNNnQ2#71,
hatZh,8/p4rk1/2p3p1/3p3p/PP1P4/2Q4P/2P1r1P1/6K1 w - - 1 31,c3c6 e2e1 g1h2 h5h4 c6d5 f7f1,2168,79,90,215,crushing defensiveMove endgame long master queenRookEndgame quietMove,https://lichess.org/4Go4j1WJ#61,
hb3vv,3r1r2/pp3pkR/3pb3/6P1/4pP2/1P2P3/P1P3P1/2K4R b - - 3 22,g7g6 g2g4 e6g4 h1h6 g6f5 h6f6,2177,75,95,4489,endgame exposedKing long mate mateIn3 quietMove,https://lichess.org/hIjJmImv/black#44,
hbUv8,r7/pp6/7k/3Q4/n1pP4/2q5/2P2PP1/3R1K2 b - - 0 35,c3c2 d1e1 c2d3 f1g1,2163,77,91,1344,crushing endgame quietMove short,https://lichess.org/XIgrX5Gs/black#70,
hbvjl,8/p7/1p6/1P2k1bP/P1p1p3/4N3/2K2P2/8 b - - 7 54,e5d4 e3g4 g5e7 h5h6 e7f8 g4e3,2103,136,70,13,crushing endgame long master quietMove,https://lichess.org/WlJ5RIhT/black#108,
hcOze,8/8/6p1/R4b2/5k2/1B5r/P7/4K3 w - - 3 54,a5a4 f4e3 b3d5 h3g3 a4a3 f5d3 a3d3 e3d3,2119,85,84,55,crushing defensiveMove endgame master quietMove veryLong,https://lichess.org/W7Yyupbs#107,
hcVPa,6k1/5r2/2pBp1pq/p1PbQp2/r2P1P1p/7P/4R1P1/6RK b - - 3 32,h6h5 e2b2 a4b4 b2b4 a5b4 g1a1,2115,76,93,1709,crushing defensiveMove long middlegame quietMove,https://lichess.org/K13TlCHN/black#64,
hckdO,2r1r1k1/5ppp/3q4/3P1PP1/1p1Q4/2P4P/1P6/2KR3R w - - 0 27,c3c4 d6a6 b2b3 e8e2 d1d2 e2d2 c1d2 a6a2 d2c1 a2b3,2155,126,-6,28,attraction crushing endgame queensideAttack quietMove veryLong,https://lichess.org/x1BTaZaB#53,
hcmAg,1N2b3/7p/6p1/1p2P3/4K3/5P2/2k3PP/8 w - - 0 38,e4d4 b5b4 b8a6 b4b3 a6b4 c2d2,2100,75,93,5958,advantage defensiveMove endgame long quietMove,https://lichess.org/HKkEF7Bt#75,
hd816,8/8/p1p2np1/3k4/1pp1N3/3PK2P/PPP5/8 b - - 1 30,f6e4 d3e4 d5e5 h3h4 c4c3 b2c3,2160,78,91,994,crushing endgame long quietMove,https://lichess.org/roqKhh39/black#60,
hdCup,r4rk1/2R2pp1/4p2p/1p1b3N/3q4/1P4Q1/5PPP/2R3K1 b - - 2 26,d4b2 c7c3 b2c3 g3c3,2179,74,91,3437,crushing middlegame quietMove short,https://lichess.org/aEfgpELL/black#52,
hdkew,8/5k2/4R2p/5BpP/5nP1/r4PK1/8/8 w - - 1 54,e6h6 a3a2 f5e6 f4e6,2142,73,95,9889,crushing endgame quietMove short,https://lichess.org/0I8iEUaM#107,
hdsl2,8/5p2/5P1p/3k1KP1/1p2N2P/8/1b6/8 b - - 0 49,h6g5 h4h5 g5g4 h5h6 g4g3 e4g3,2150,76,93,5860,crushing endgame long quietMove,https://lichess.org/4HUe3C1d/black#98,
heYqk,r4rk1/1pq2p2/2p3p1/6b1/p2N4/2P3P1/PP2B1n1/1K4QR b - - 1 25,g2e3 g1h2 g8g7 d4e6 f7e6 h2h7 g7f6 h7c7,2131,75,92,1774,advantage middlegame quietMove sacrifice skewer veryLong,https://lichess.org/Tzdn2IEG/black#50,
heg3i,8/2k5/2P5/3Pbp2/K5pp/B6P/6P1/8 w - - 0 43,a4b3 f5f4 h3g4 f4f3 g2f3 h4h3,2160,74,92,4183,bishopEndgame crushing endgame long quietMove sacrifice,https://lichess.org/m8579BUW#85,
hf4lZ,8/2P3pk/1r6/7p/2RPp1b1/4P1PK/5P1P/8 w - - 1 42,h3h4 b6b5 d4d5 b5d5 f2f4 g7g5 f4g5 d5d2 g5g6 h7h6 c4c2 d2c2,2194,119,87,16,crushing endgame quietMove veryLong,https://lichess.org/9wbyYIwo#83,
hf6cJ,8/8/8/p3k3/Pb1pP3/1P1K2PP/8/8 w - - 2 50,g3g4 b4e7 h3h4 e7h4 b3b4 a5b4,2100,75,91,961,bishopEndgame crushing endgame long quietMove,https://lichess.org/XEGTufpP#99,
hfWdc,3r3k/6p1/7p/3B1p2/p7/2p1P3/P4PPP/3R2K1 w - - 0 28,d5f3 d8b8 h2h4 c3c2,2108,76,86,81,advancedPawn advantage endgame quietMove short,https://lichess.org/QGYCFZ69#55,
hfZVy,8/p5pk/1p4r1/1N2pr2/3b1p1q/3R1Q2/PP2RP1B/7K w - - 4 38,b5d4 f5h5 f3h3 h4h3 d3h3 h5h3,2134,91,81,21,crushing long middlegame quietMove,https://lichess.org/r1vO5zQA#75,
hhIZL,8/1p6/p3p3/1PP4p/P3kpp1/8/4KP1P/8 b - - 0 31,a6b5 c5c6 b7c6 a4a5 e4d5 a5a6 c6c5 a6a7,2174,76,93,2400,advancedPawn crushing endgame pawnEndgame quietMove veryLong,https://lichess.org/fwpQVLmr/black#62,
hhkuF,8/1R6/8/3k4/3b4/4p3/1pK5/8 w - - 0 71,b7e7 d4e5 e7b7 d5e4,2163,73,92,7597,crushing defensiveMove endgame master quietMove short,https://lichess.org/oN5pGZ6O#141,
hhqyB,8/1R6/r1p5/k1K5/8/8/8/8 b - - 9 44,a5a4 b7b1 a6a5 c5c4 a4a3 b1a1 a3b2 a1a5,2129,77,94,6499,crushing defensiveMove endgame quietMove rookEndgame skewer veryLong,https://lichess.org/TqBlmzNY/black#88,
hiIbV,6k1/2p3pp/P3p3/R7/8/5p1P/4nP1K/2Br4 b - - 0 41,e2c1 a6a7 d1d8 a5b5 g8f7 b5b8,2156,96,87,24,advancedPawn crushing endgame long quietMove,https://lichess.org/hguVis09/black#82,
hiOVA,3kq3/1p1r2p1/1P3p2/2QP4/3R4/4P2b/3K1P2/8 b - - 11 41,h3f5 d4a4 d7d5 c5d5,2138,77,91,562,advantage endgame master quietMove short,https://lichess.org/okxYcHQF/black#82,
hiUL7,3r3r/Bkpb2q1/1p5p/1PbNnpp1/P7/8/4BPPP/R2Q1RK1 b - - 0 23,b7a7 a4a5 a7b7 a5b6 c7b6 a1a7 b7a7 d1a4 a7b7 a4a6 b7b8 f1a1 e5f3 e2f3 g7a1 a6a1,2186,77,81,49,attraction crushing middlegame quietMove sacrifice veryLong,https://lichess.org/PNIcIdSn/black#46,
hiZ59,8/1R4pk/4Kp2/4p2p/4N3/6Pr/8/8 b - - 3 40,h7g6 e4d6 g6h7 d6f5 h3g3 f5g3,2127,79,87,46,crushing endgame long master quietMove,https://lichess.org/X5iC6EKb/black#80,
hibVL,1r3rk1/1p3pp1/p1p4p/4PP1q/8/2P5/PP3QRP/R6K b - - 8 26,b8e8 a1g1 g8h8 g2g7,2131,102,87,26,crushing endgame quietMove short,https://lichess.org/X7nFJqSs/black#52,
hiyn0,2Q5/pp4pk/1q1p3p/4p3/8/4r1nP/P4RPK/5R2 b - - 1 26,g3f1 f2f1 d6d5 f1f8 b6c6 c8f5 c6g6 f8h8 h7h8 f5g6,2131,123,79,29,crushing deflection endgame quietMove veryLong,https://lichess.org/hACoXcZi/black#52,
hj0jH,8/b3p2k/6pp/3BR3/8/2PP3P/3r1P2/6K1 b - - 0 32,d2f2 d3d4 a7d4 c3d4,2179,232,82,9,crushing endgame quietMove short,https://lichess.org/qRku1dBP/black#64,
hj90d,1r4k1/4b2p/3p2p1/PP3b2/3Bp3/1RPn1p2/3NKP1P/R7 w - - 0 30,e2f1 f5h3 f1g1 d3f4 a1e1 f4e2 e1e2 f3e2,2148,77,91,1502,advancedPawn crushing middlegame quietMove veryLong,https://lichess.org/w2XWDS3q#59,
hjCnH,8/5k2/1pp1p1p1/7p/2P1PK1P/nP6/4B3/8 b - - 1 44,c6c5 e2d3 e6e5 f4e5,2174,78,91,138,crushing endgame quietMove short,https://lichess.org/ljAdlsRK/black#88,
hjJp6,2r3k1/2r2ppp/2p4q/1BRpQ3/8/2R1PPPb/5K1P/8 b - - 8 28,h6f6 e5f6 g7f6 g3g4 h7h5 f2g3 h5g4 f3g4 h3g4 g3g4,2146,76,91,720,advantage middlegame quietMove trappedPiece veryLong,https://lichess.org/Q0a0fTHc/black#56,
hjiNJ,8/kpq1r3/pR6/P1pP2p1/Q1PbPpPp/5P1B/2K5/8 b - - 1 47,d4e3 d5d6 c7d7 a4d7 e7d7 e4e5 e3d4 e5e6,2186,76,91,4154,crushing endgame fork quietMove veryLong,https://lichess.org/CtVvj6O5/black#94,
hjm4x,r4B1R/5Q2/p1k3p1/1p1p1b2/2pPrP2/4q2P/6P1/1R5K b - - 1 33,e4e8 h8h7 e8e7 f8e7,2160,75,91,122,advantage master masterVsMaster middlegame quietMove short,https://lichess.org/EBpkiufC/black#66,
hkGfs,8/p5p1/6Pp/2pk1p1P/8/1P1K1P2/P7/8 b - - 1 41,f5f4 a2a3 d5e5 d3c4,2170,75,85,205,advantage endgame master pawnEndgame quietMove short,https://lichess.org/quSVRpsc/black#82,
hkJqy,1R3rk1/5ppp/5q2/p2p1N2/2p5/2P3Q1/r4PPP/5RK1 w - - 4 25,f5d6 f8b8 d6e4 f6d8 e4f6 g8h8,2168,77,82,83,advantage defensiveMove hangingPiece long middlegame quietMove,https://lichess.org/gA6dZLfK#49,
hkO9a,1k2r3/8/p1pP3p/KpP3pP/1P4P1/P2R4/5P2/1r6 b - - 1 38,b8b7 d3f3 b1a1 f3f7,2150,75,51,637,advantage endgame quietMove rookEndgame short,https://lichess.org/UY6pcRxE/black#76,
hkXbe,8/8/8/p1p2p2/2P2P2/PP2K1k1/8/8 w - - 20 51,b3b4 c5b4 a3b4 a5a4 c4c5 a4a3 c5c6 a3a2 c6c7 a2a1q c7c8q a1e1,2130,77,92,1101,advancedPawn advantage endgame pawnEndgame promotion quietMove veryLong,https://lichess.org/fkkWPaCH#101,
hkntO,8/p7/8/KP5p/8/5k2/7P/8 b - - 1 49,f3g2 h2h4 g2h3 a5a6 h3h4 a6a7 h4g3 b5b6 h5h4 b6b7 g3g2 b7b8q,2133,77,90,1840,advancedPawn crushing endgame pawnEndgame promotion quietMove veryLong,https://lichess.org/uJUaPdxu/black#98,
hkry2,r5k1/1p3p2/5p2/3b4/P2N3p/2Pr4/1P3PPP/R3RK2 w - - 0 25,f1e2 d5c4 b2b3 a8e8 e2f1 d3d1,2186,82,88,662,crushing discoveredAttack endgame long pin quietMove,https://lichess.org/ZSr4OzmZ#49,
hksR2,2R5/5pk1/p3p1pp/4P3/5PNP/P5PK/1npr4/8 b - - 3 45,g6g5 g4f6 g7g6 g3g4,2131,182,80,6,crushing defensiveMove endgame quietMove short,https://lichess.org/VbB2EJy5/black#90,
hkySg,8/2p1k3/1pr2P2/p3B1K1/8/2P3P1/P7/8 b - - 0 40,e7f7 g5f5 b6b5 g3g4 b5b4 c3b4,2144,78,87,170,crushing endgame long quietMove,https://lichess.org/paEadEL1/black#80,
hlzLh,8/8/2kPp3/pp2P2p/3K3P/P7/8/8 w - - 4 43,d6d7 c6d7 d4c5 b5b4 a3b4 a5a4 c5d4 d7c6,2115,76,92,1138,crushing defensiveMove endgame pawnEndgame quietMove veryLong,https://lichess.org/VbAciJGm#85,
hm5ds,r2q4/4n1bk/p1p5/1p1n1r2/1P2N1QP/1BPP4/P4P2/R3K2R b KQ - 8 31,d5c3 e4g5 h7h6 b3f7 f5e5 e1d2 e5e2 d2c1,2107,185,7,14,crushing middlegame quietMove veryLong,https://lichess.org/1ofahdDH/black#62,
hmRpf,8/8/8/1p1k1p2/1P1P1pp1/3K1P2/6P1/8 b - - 0 48,d5e6 f3g4 f5g4 d3e4 f4f3 g2f3 g4g3 e4e3 e6d5 f3f4 g3g2 e3f2 g2g1r f2g1 d5e4 d4d5,2102,77,91,2782,crushing defensiveMove endgame pawnEndgame quietMove veryLong,https://lichess.org/bAShiqAr/black#96,
hmWrt,4r1k1/8/7p/R5p1/2pP4/2K1P2P/P7/8 w - - 1 35,a5e5 e8e5 d4e5 h6h5 c3c4 g5g4 h3g4 h5h4,2103,75,94,3474,crushing defensiveMove endgame quietMove rookEndgame sacrifice veryLong,https://lichess.org/pc2SytPw#69,
hnaMw,r4rk1/pp3p1p/2q5/3p1p2/6PQ/1PB5/1PP4P/2KR4 b - - 0 21,f5f4 c3f6 c6f6 h4f6,2135,80,82,72,crushing endgame quietMove short,https://lichess.org/zWWTStKR/black#42,
hnkCw,8/p4k2/1pp1p1pp/2PpP2P/1P4P1/P2KP3/8/8 b - - 1 41,g6g5 c5b6 a7b6 a3a4 f7e7 a4a5 b6a5 b4a5 e7d8 d3d4 d8c7 d4c5,2191,77,87,106,crushing endgame pawnEndgame quietMove veryLong,https://lichess.org/LkS48fky/black#82,
ho25p,2r2qk1/5p1p/2P2Qp1/3B4/8/7P/6PK/8 b - - 4 45,f8d8 d5f7 g8f8 f6d8 c8d8 f7e6 d8d6 c6c7 d6e6 c7c8q,2164,76,95,1862,advancedPawn crushing endgame promotion quietMove veryLong,https://lichess.org/1PXUt7GT/black#90,
ho6W9,8/8/p4pp1/1p2k1p1/2p1P1P1/2P1K2P/PP6/8 w - - 0 41,b2b3 c4b3 a2b3 a6a5 e3d3 a5a4,2101,75,99,501,crushing endgame long pawnEndgame quietMove,https://lichess.org/ypLTrinO#81,
hoRiJ,r1bq2r1/3n1kpQ/p3pP1B/1p1pP3/8/2P5/PP3PP1/R3K2R b KQ - 4 19,d7f6 e5f6 d8f6 h1h3 e6e5 h3f3,2103,74,86,891,advantage long middlegame pin quietMove,https://lichess.org/D3SVq1xC/black#38,Queens_Pawn_Game Queens_Pawn_Game_London_System
horRq,2r5/p7/2P4p/1PK5/P7/7k/8/8 b - - 2 42,h3g4 a4a5 h6h5 b5b6,2151,76,90,1638,crushing endgame quietMove rookEndgame short,https://lichess.org/vhe8hhft/black#84,
hpM86,8/5p1p/8/2p5/2P2PP1/1k1K4/8/8 w - - 0 49,f4f5 h7h6 f5f6 b3b4 d3e4 b4c4,2189,76,92,5486,crushing endgame long pawnEndgame quietMove,https://lichess.org/4PjRG41J#97,
hpd2h,8/1p6/p3k1p1/5pPp/1P3P2/P3K1P1/8/8 w - - 1 36,a3a4 e6d5 e3d3 b7b6 a4a5 b6b5,2114,76,95,2239,crushing defensiveMove endgame long pawnEndgame quietMove zugzwang,https://lichess.org/TAMkcs7O#71,
hq6RQ,5rk1/2p1pp1p/6p1/8/3qP1Q1/2b5/P3KPPP/2B2B1R w - - 3 17,g4f3 f8d8 f3c3 d4c3,2133,79,91,1520,crushing middlegame quietMove short,https://lichess.org/wGVjgiaD#33,Grunfeld_Defense Grunfeld_Defense_Three_Knights_Variation
hqj0I,2bq1rk1/5ppp/4pn2/3p4/1n1P4/1B2PN2/1B3PPP/Q4RK1 b - - 1 16,f6e4 b2a3 d8a5 f1b1 c8d7 a3b4 a5b4 b3d5 b4b1 a1b1,2164,141,57,14,crushing middlegame quietMove veryLong,https://lichess.org/oUCJ0N3Q/black#32,Queens_Gambit_Declined Queens_Gambit_Declined_Other_variations
hqjyd,8/7p/2p5/p2k1p2/P2P3P/4K3/5P2/8 w - - 0 42,h4h5 d5c4 e3f4 c4d4 f4g5 c6c5 g5h6 c5c4 h6h7 c4c3 h5h6 c3c2,2113,148,80,15,advancedPawn crushing endgame master pawnEndgame quietMove veryLong,https://lichess.org/d5ndx6Jt#83,
hr1hA,r5k1/pp3pp1/7p/3b1P2/2p5/q1P3Q1/2B3PP/4R2K b - - 0 26,g8f8 f5f6 g7f6 c2h7 d5e6 g3g8 f8e7 g8a8,2192,79,94,8970,clearance crushing endgame quietMove skewer veryLong,https://lichess.org/dwPS5Jp8/black#52,
hr2P9,8/8/8/pr2p2Q/4P1P1/k7/2K4p/8 w - - 2 65,c2c1 b5b2 g4g5 a3a2 h5f7 a2a1,2116,79,92,418,crushing defensiveMove endgame long queenRookEndgame quietMove,https://lichess.org/bkBV7qAN#129,
hrnu7,r4rk1/ppp2p2/2p3pQ/4P3/4R1P1/3P3P/P1P2PK1/1q6 b - - 1 21,b1c2 g4g5 c2d3 e4h4,2104,158,36,14,clearance crushing defensiveMove endgame quietMove short,https://lichess.org/mVndKCJk/black#42,
hsA8c,8/pp6/6p1/4p3/2Pk4/1P4P1/3K3P/8 w - - 0 32,g3g4 g6g5 h2h4 g5h4 g4g5 h4h3 g5g6 h3h2 g6g7 h2h1q,2183,102,83,27,advancedPawn crushing endgame pawnEndgame promotion quietMove veryLong,https://lichess.org/ZB7DIAvl#63,
hsGqF,3q1r1k/4b1p1/7p/2N5/2Q5/2P3Bb/1P3P2/5RK1 w - - 0 27,f1e1 e7c5 c4c5 d8a8 c5f8 a8f8,2145,82,70,36,crushing long middlegame quietMove,https://lichess.org/2CjKrLxv#53,
hsQAc,8/8/1b6/2p1N1k1/1p4P1/6K1/1P4P1/8 w - - 2 46,e5d7 c5c4 d7b6 c4c3 b2c3 b4c3 b6a4 c3c2 a4c5 c2c1q,2172,75,93,3375,advancedPawn crushing endgame promotion quietMove sacrifice veryLong,https://lichess.org/tnr0fVFZ#91,
hsplk,2r3k1/R4pp1/1p5p/2p5/8/1P2n2P/P1p1rPP1/2R1N1K1 w - - 0 26,f2e3 e2e1 c1e1 c8d8 a7a8 d8a8,2130,75,93,1532,advantage endgame long quietMove sacrifice,https://lichess.org/1USR14Wd#51,
hsvR3,3b4/3n1k2/rn2ppp1/3p3P/pBpP1P2/2P1PN2/6R1/3B2K1 b - - 0 32,g6h5 f3h4 d8e7 d1h5 f7f8 h4g6,2179,83,68,103,advantage discoveredAttack long middlegame quietMove,https://lichess.org/0OrShme6/black#64,
hsvwh,4nn2/p3b1kp/bpp2pP1/4p1P1/1P2P2P/P1P1B1N1/Q5BK/3q4 b - - 0 28,f8g6 g3f5 g7f8 f5h6 d1d5 e4d5,2111,75,91,409,crushing long middlegame quietMove,https://lichess.org/loXPD0EL/black#56,
hsznu,8/8/p1kP2p1/2p1BpP1/K1P2P2/4b3/8/8 b - - 7 55,e3d4 e5d4 c5d4 c4c5 d4d3 a4b3 d3d2 b3c2 d2d1q c2d1,2141,78,91,675,bishopEndgame crushing endgame quietMove veryLong,https://lichess.org/ZiEm9YHa/black#110,
hszvt,8/6p1/5b1p/6pB/2k1K1P1/4P2P/8/8 b - - 8 44,c4c3 e4d5 g7g6 h5g6 c3d2 e3e4 f6c3 e4e5,2158,77,86,75,bishopEndgame crushing defensiveMove endgame quietMove veryLong,https://lichess.org/FPPJPsZg/black#88,
ht1zB,5k2/3R1P2/p7/3p1r1p/PP2p3/2P3KP/8/8 b - - 1 46,f5f7 d7f7 f8f7 a4a5 f7e7 b4b5 e7d7 b5b6,2165,126,88,36,crushing endgame quietMove rookEndgame veryLong,https://lichess.org/lnYCPkxN/black#92,
ht3VT,3k1K2/5R2/6P1/8/8/p4r2/8/8 b - - 4 48,f3g3 g6g7 a3a2 f7f1 a2a1q f1a1,2115,76,98,156,advancedPawn crushing endgame long quietMove rookEndgame,https://lichess.org/P8DH3uCu/black#96,
htTOq,8/8/4R3/5p1p/5Kb1/8/7k/8 w - - 0 48,f4g5 f5f4 e6f6 f4f3 g5f4 h2g2 f4e3 h5h4 f6g6 g2g3,2166,76,93,3725,crushing defensiveMove endgame master quietMove veryLong,https://lichess.org/nJGooz9W#95,
htbwh,8/R4pk1/5rp1/pR5p/P6P/6P1/3n1PK1/2n5 w - - 12 45,b5a5 c1d3 f2f4 f6e6 a5e5 d3e5,2159,75,85,238,crushing endgame long quietMove,https://lichess.org/fZqUzL8T#89,
htvyA,r7/7k/7p/3N4/8/8/1p3PPP/5RK1 w - - 0 38,f1b1 a8c8 h2h4 c8c1 g1h2 c1b1,2149,76,92,362,crushing endgame long quietMove,https://lichess.org/n82WC1T4#75,
huI5b,2k1rr2/Qp4pp/3p4/2pP1b2/4p3/1B6/PqP2PPP/R3R1K1 b - - 0 19,b2f6 a1b1 f5h3 e1e2,2169,130,82,10,advantage middlegame quietMove short,https://lichess.org/bZpt9I9Z/black#38,
huath,8/6p1/p6p/1pk1pP2/2p1P2P/2K3P1/PP6/8 w - - 0 33,a2a3 h6h5 b2b4 c4b3,2179,76,90,112,crushing enPassant endgame pawnEndgame quietMove short,https://lichess.org/WPagh8rO#65,
huqaj,8/6p1/5kB1/pppb1P2/5KP1/P7/1P6/8 w - - 0 59,b2b4 c5b4 a3b4 a5a4 g4g5 f6e7 f4e5 a4a3,2119,76,89,705,bishopEndgame crushing endgame quietMove veryLong,https://lichess.org/Ki69j31i#117,
huyKI,4r1k1/p4p1p/1p6/4qpP1/3b1N1Q/P7/1PR5/K7 b - - 3 34,d4e3 f4h5 g8f8 h5f6,2172,81,90,609,advantage endgame quietMove short,https://lichess.org/dFCOqMx7/black#68,
hv67s,8/2R2kpp/pp2rp2/P2p1N2/1r6/7P/5PPK/8 b - - 3 38,f7g6 g2g4 g6g5 h2g3 b4b3 f2f3 b3f3 g3f3,2152,77,76,50,crushing defensiveMove endgame quietMove veryLong,https://lichess.org/Ipi4XCSV/black#76,
hvAXF,5rk1/pp1b2pp/2pb2q1/8/3Pp3/1P2P2P/P4NP1/R3BQK1 b - - 4 21,g6g3 f1c4 f8f7 f2g4 g3g4 h3g4,2183,76,91,2804,crushing long middlegame quietMove trappedPiece,https://lichess.org/iKufgafL/black#42,
hvk36,8/7p/6p1/8/6P1/3kp1BP/2p1p3/2K5 b - - 1 54,g6g5 g3e1 h7h6 c1b2 c2c1q b2c1 d3e4 c1c2,2188,90,66,38,bishopEndgame crushing defensiveMove endgame quietMove veryLong,https://lichess.org/uKSsn3BF/black#108,
hvmou,8/6p1/2p5/1p6/5p1k/P1P4P/1P4K1/8 b - - 1 38,g7g5 b2b3 f4f3 g2h2 c6c5 c3c4,2144,148,83,15,crushing defensiveMove endgame long pawnEndgame quietMove,https://lichess.org/D5nNd2BH/black#76,
hw2VA,8/8/5kp1/P4r1p/1P6/6R1/8/K7 b - - 0 42,f5b5 g3b3 f6e6 a5a6,2180,78,85,756,crushing endgame quietMove rookEndgame short,https://lichess.org/I1syG9vV/black#84,
hw38r,8/1kp3p1/1p2p3/n1p1PP2/2P3P1/4B1K1/8/8 b - - 0 33,b7c8 f5f6 g7f6 e5f6 c8d7 g4g5 a5c4 g5g6,2105,76,91,1666,crushing endgame quietMove veryLong,https://lichess.org/sKYKQXh0/black#66,
hw8is,8/8/4R3/1pr5/5kPp/7P/6K1/8 w - - 2 55,e6e2 b5b4 e2b2 c5b5,2119,77,90,725,advantage clearance defensiveMove endgame master quietMove rookEndgame short,https://lichess.org/4f0g7aCC#109,
hwiGw,6k1/5p2/p5p1/1p6/1P3QKP/2Pr1P2/P2n2qB/R2B4 w - - 1 36,h2g3 d2c4 d1b3 d3f3 b3c4 f3f4,2121,123,73,16,crushing long middlegame pin quietMove,https://lichess.org/06AKooUi#71,
hwm73,7k/R5b1/3p4/1B1P4/8/P3p2P/KP5r/8 w - - 1 37,a3a4 h2b2 a2a3 b2b5 a4b5 e3e2 a7e7 g7e5 b5b6 e2e1q,2174,76,77,170,advancedPawn crushing endgame promotion quietMove veryLong,https://lichess.org/fxDRSmQR#73,
hxOSB,1rq2rk1/p1p1bppp/2Bp1n2/8/4P1b1/2N1B1Q1/PPP2PPP/R4RK1 w - - 1 13,b2b3 f6h5 c3d5 e7d8 g3g4 c8g4,2171,74,92,6206,advantage long middlegame quietMove trappedPiece,https://lichess.org/6sf10nC8#25,Ruy_Lopez Ruy_Lopez_Steinitz_Defense
hxT0g,5rk1/q4Npp/4p3/8/1r2B3/6P1/5P1P/2QR2K1 w - - 0 29,f7g5 a7f2 g1h1 b4b2 c1b2 f2b2,2185,76,83,233,crushing long middlegame quietMove,https://lichess.org/4URii6Xo#57,
hxagz,2r3k1/1p1bpp2/p4qpQ/3Pp3/P3P3/1Pr3P1/5PBP/1R3RK1 w - - 3 24,f1c1 g6g5 c1c3 f6h6,2158,78,91,119,advantage discoveredAttack middlegame quietMove short,https://lichess.org/AE9JgSPj#47,
hxtVc,8/1K6/5k2/7p/P4n2/4N3/8/8 b - - 1 54,h5h4 a4a5 f4d3 b7b6 h4h3 a5a6,2187,80,91,556,crushing endgame knightEndgame long quietMove,https://lichess.org/8D7yq65n/black#108,
hy7Lw,3rr1k1/ppQ2pp1/3P4/7p/8/5P1P/1q3P2/4RRK1 b - - 1 21,b2f6 e1e8 d8e8 d6d7 e8d8 f1e1 g8h7 e1e8 d8d7 c7d7,2153,76,92,249,advancedPawn advantage endgame quietMove veryLong,https://lichess.org/sIEs6kiS/black#42,
hyEB1,7r/1Q6/p3qkp1/8/4p3/8/PPP1KP2/4R3 w - - 1 31,e2d1 h8d8 d1c1 e6d6 b2b3 d6d2 c1b2 d2e1,2188,86,85,37,advantage endgame fork quietMove veryLong,https://lichess.org/kz9hldAQ#61,
hysUm,5N2/8/8/2p2p2/4n3/4k2P/6P1/5K2 w - - 0 47,h3h4 c5c4 f1e1 e4f2 f8g6 c4c3 g6e5 c3c2,2181,115,33,21,advancedPawn crushing endgame knightEndgame quietMove veryLong,https://lichess.org/jb1incWK#93,
hyvsF,8/8/2Pk4/pP2p3/3PP3/P3K3/2b5/8 b - - 0 47,e5d4 e3d4 d6c7 e4e5 c7b6 e5e6,2123,77,92,392,bishopEndgame crushing endgame long master quietMove,https://lichess.org/HcFyKF4z/black#94,
hzGy1,r6k/pp4p1/2pNQ2p/2Pp1r2/1P3Pbq/4R3/P4PB1/5RK1 w - - 6 26,e3g3 f5h5 d6f7 h8h7 g2e4 d5e4,2179,75,88,119,advantage long middlegame quietMove,https://lichess.org/zsTaoJJg#51,
hzNqi,r1bk1br1/ppp1n1pQ/5q2/3p4/4p3/6N1/PPPP1PPP/R1B1K1NR w KQ - 1 11,d2d3 g7g6 d3e4 g8h8 c1g5 f6b2,2134,75,93,2866,advantage long opening quietMove,https://lichess.org/taoRqgPK#21,Italian_Game Italian_Game_Rousseau_Gambit
hzSaH,8/2BPb3/2K1kppp/1p6/5P1P/8/8/8 w - - 2 52,d7d8q e7d8 c7d8 b5b4 d8a5 b4b3 a5c3 g6g5 f4g5 f6g5 h4g5 h6h5 g5g6 h5h4 g6g7 e6f7,2194,120,86,11,crushing endgame quietMove veryLong,https://lichess.org/EKkv4qyA#103,
hzkIQ,8/2r5/6p1/5b2/4pP2/PR2Pk1p/5P2/3R2K1 w - - 4 64,b3b2 h3h2 g1h2 c7h7 h2g1 f5h3 b2b7 h7b7,2199,81,79,39,advancedPawn attraction crushing endgame master quietMove veryLong,https://lichess.org/7NWQV9PM#127,
i0Hau,r7/pp2k3/2p1b1Rp/8/1P2Pq2/P1BQ3P/6K1/8 w - - 5 37,d3d4 a8f8 d4g7 f8f7,2111,76,79,139,advantage defensiveMove endgame quietMove short,https://lichess.org/70OP2qVm#73,
i176j,1r4k1/p2r1ppp/8/2b5/8/P4Q1P/1P3pP1/1R5K w - - 0 27,f3c6 d7e7 c6c5 e7e1,2133,98,77,18,crushing endgame quietMove sacrifice short,https://lichess.org/AMltsHRk#53,
i1Htn,4b3/4P3/3K4/4Nk1p/5P2/8/8/8 w - - 3 58,e5d7 h5h4 d7e5 f5f4,2110,101,84,25,crushing endgame master quietMove short,https://lichess.org/W0EtoTjk#115,
i1WFB,r2q1k2/1p2rp2/5p1p/1B1p4/5P1Q/pP6/P5PP/3R3K b - - 1 30,d8d6 h4h6 f8g8 b5d3 f6f5 h6d6,2173,79,82,184,crushing endgame long quietMove,https://lichess.org/C9CrsPbb/black#60,
i1WYS,8/8/4k1p1/pp2p2p/4K1P1/P1P2P2/7P/8 w - - 0 33,h2h3 h5g4 h3g4 g6g5 e4d3 e6d5,2115,76,92,257,crushing defensiveMove endgame long pawnEndgame quietMove zugzwang,https://lichess.org/XE8UAfki#65,
i1k1Z,8/4P2k/5n1p/2p1b3/P7/4Bp2/5K2/8 b - - 0 55,e5d4 e3d4 c5d4 a4a5 h7g7 a5a6,2171,76,86,312,crushing endgame long quietMove,https://lichess.org/2BeSGVPn/black#110,
i1w2g,7k/pp3pp1/3p3p/1q2p1P1/3nP2P/5P2/PPr3K1/1RBQ3R w - - 1 21,g2g3 d4e2 g3h3 b5c5 d1c2 c5c2,2174,415,11,3,crushing long middlegame quietMove,https://lichess.org/jO64ubU6#41,
i2C3Y,1r6/8/1pR5/2p2p2/P1P5/1Pk2K2/8/8 w - - 8 47,a4a5 b6a5 c6c5 b8b3 c5f5 a5a4 c4c5 a4a3,2171,124,80,13,advantage discoveredAttack endgame quietMove rookEndgame veryLong,https://lichess.org/Qy6CCSSD#93,
i2DdR,3R4/5r1p/2P1p2k/1P6/2P4Q/8/4qp2/K7 b - - 3 45,e2h5 h4h5 h6h5 d8d1 f7g7 d1h1,2108,96,80,22,crushing endgame long quietMove,https://lichess.org/8eFK0RYh/black#90,
i2HN1,r5k1/1pQ4p/p2pb1pB/5p2/3qr3/8/P5PP/1R2R2K b - - 5 28,a8c8 e1e4 f5e4 b1f1 d4a1 c7c8 e6c8 f1a1,2195,78,86,69,advantage clearance middlegame quietMove veryLong,https://lichess.org/EyvFJuPd/black#56,
i2k3v,8/5pk1/p5p1/1p1p4/2pP4/P1P1P1P1/1P4K1/8 w - - 1 40,g2f3 f7f5 f3f4 g7f6 g3g4 g6g5,2107,77,90,2607,crushing endgame long pawnEndgame quietMove,https://lichess.org/pYtIzsUI#79,
i35IN,8/6p1/N2k1n1p/p2p2p1/2PK2P1/1P5P/6P1/8 w - - 1 38,c4c5 d6c6 b3b4 a5a4 b4b5 c6b5 a6c7 b5c6,2135,76,85,234,crushing defensiveMove endgame knightEndgame quietMove veryLong,https://lichess.org/5t9GniOR#75,
i3C8X,8/5p2/5kp1/3K4/5PP1/8/8/8 b - - 0 59,g6g5 f4f5 f6e7 d5c6 e7d8 c6d6,2177,76,86,318,crushing defensiveMove endgame long pawnEndgame quietMove,https://lichess.org/cLeJPPzA/black#118,
i3N0W,8/6pk/2p1Q2p/3p4/1Pr5/2P2R1P/2q3PK/8 b - - 0 41,c4c3 f3f8 c2e4 e6g8 h7g6 g8f7,2151,78,90,372,crushing endgame long quietMove,https://lichess.org/PV4Hgbed/black#82,
i3iga,8/p7/8/3b2p1/Q1p3K1/P2k4/4p3/8 w - - 0 55,a4e8 d5e4 e8d8 d3c2,2196,84,85,43,crushing defensiveMove endgame master quietMove short,https://lichess.org/JZGNVBhS#109,
i3tTI,8/2q2pk1/2p2QnN/1p4P1/p1pP1b2/7P/PP3P2/6K1 b - - 2 32,g7h7 h6f5 f4e5 d4e5 c7e5 f6f7 h7h8 f7g6 e5e1 g1g2,2185,76,94,5436,crushing deflection endgame exposedKing quietMove veryLong,https://lichess.org/AmCqUKP6/black#64,
i4Acw,8/7k/8/3p2KP/2pPb3/PpP5/1P2R3/2n5 w - - 8 49,e2h2 e4c2 a3a4 c1d3 a4a5 d3b2 a5a6 b2a4 g5f6 b3b2,2135,76,76,72,advancedPawn crushing endgame quietMove veryLong,https://lichess.org/rjPRzcns#97,
i4BM4,r3k2r/2p1b2p/p3p1nQ/1p4B1/4N3/P4q2/1P3P1P/3R1RK1 w kq - 0 24,g5e7 g6f4 e4f6 e8f7 h6f4 f3f4,2178,79,80,53,advantage long middlegame quietMove,https://lichess.org/WT684H4k#47,
i4PGv,8/kp5R/p1n5/8/8/3pp2P/PP4P1/6K1 w - - 0 44,g1f1 c6d4 h7d7 e3e2 f1e1 d4c2 e1d2 e2e1q,2198,79,89,1109,advancedPawn crushing endgame promotion quietMove veryLong,https://lichess.org/PW5nloAE#87,
i4XUb,8/p2r1p2/1p3kp1/6P1/2Bp1P2/PPn2K2/3R4/8 b - - 0 38,f6f5 c4f1 f5e6 f1h3 e6e7 h3d7,2192,77,91,905,crushing endgame long quietMove skewer,https://lichess.org/m8mXSLbV/black#76,
i4mOO,r3r3/3kpQ2/p2pRn2/q1pP1P2/N1P5/P4K2/8/5R2 w - - 5 31,a4c5 a5c5 f1e1 f6g8 e6g6 a8d8,2192,151,46,13,advantage defensiveMove hangingPiece long middlegame quietMove,https://lichess.org/jkVo7I2c#61,
i5Y1B,2r3k1/6p1/1R2p3/3pP1pP/p2P2P1/8/b1P3B1/6K1 w - - 0 37,b6e6 c8a8 e6b6 a4a3,2124,152,69,25,crushing endgame master quietMove short,https://lichess.org/jeXHXraQ#73,
i5c3x,5rk1/5p1p/p3q1bQ/8/3B2r1/2P5/4B2R/4R1K1 w - - 0 35,h2g2 g4g2 g1f1 g6e4 h6f6 e6f6,2196,75,85,79,advantage long middlegame quietMove,https://lichess.org/rzrElIEn#69,
i5lUv,R7/1Q3pk1/3q2pp/p1Npp3/2nP4/r3P1PP/5PK1/8 b - - 1 37,e5d4 b7c8 c4e3 g2h2,2185,102,71,35,crushing defensiveMove endgame quietMove short,https://lichess.org/mF2LjTQU/black#74,
i5qxO,r1r4k/pR3Qp1/P6p/2pP4/2p1B3/6PP/5P2/q3N1K1 b - - 2 31,a1e1 g1h2 c8g8 f7f5 e1e4 f5e4,2147,74,94,6613,crushing endgame long quietMove,https://lichess.org/7BLeEovL/black#62,
i6hgJ,8/5p2/8/p1b1p1p1/P1P2kP1/2N2P2/4K3/8 b - - 1 44,c5d4 c3d5 f4g3 d5f6 e5e4 f6e4,2123,83,80,54,advantage endgame long quietMove,https://lichess.org/93Cdzjar/black#88,
i6iqr,5r1k/ppp3pp/4Q3/8/8/2P3P1/PP1q2PP/4R1K1 w - - 6 24,e6e8 d2f2 g1h1 h7h6 e8f8 f2f8,2170,75,91,3022,crushing endgame long quietMove,https://lichess.org/KtVSeuC1#47,
i6jVr,5rk1/5pp1/1Q5p/2p5/2Pq1P2/1P6/P5PP/5RK1 w - - 1 32,f1f2 f8e8 g2g3 e8e2 b6d8 d4d8,2195,78,89,1088,crushing endgame long pin quietMove,https://lichess.org/rmrzWpPk#63,
i6nS8,r4r2/ppp1k1p1/3p1nqp/2b1p3/4P1b1/1PPP1N1P/1P3PPK/RNBQ1R2 w - - 2 14,h3g4 f6g4 h2g1 g6h5 b1d2 f8f3 d2f3 a8f8,2191,82,91,3923,clearance crushing middlegame quietMove veryLong,https://lichess.org/RCaw77a8#27,Italian_Game Italian_Game_Two_Knights_Defense
i7Sm9,2r3k1/b4pp1/2b1rn1p/3p4/1P6/2P1BPP1/4BK2/R1R5 w - - 0 37,a1a7 c8e8 e2f1 e6e3 b4b5 c6d7,2110,77,91,1114,crushing long middlegame quietMove,https://lichess.org/6wYH2lfd#73,
i7g3z,8/1p4p1/2pk4/8/4KP2/8/P6P/8 w - - 2 40,f4f5 b7b5 e4d4 c6c5,2121,78,87,224,crushing endgame master pawnEndgame quietMove short,https://lichess.org/YYXOdw6f#79,
i7tDk,2kr4/ppp1Q1p1/4P3/8/3p4/1P6/PB2KrP1/R2n4 w - - 7 31,e2d1 d8h8 d1e1 f2b2 e7d7 c8b8 d7b5 h8h1 b5f1 h1f1 e1f1 b8c8,2108,84,91,191,advantage defensiveMove endgame exposedKing quietMove veryLong,https://lichess.org/zcywI3Sz#61,
i8XVA,r4q2/ppp2k1p/3p1npQ/4pp1n/4P3/3P1P1P/PPP3B1/RN3RK1 w - - 0 18,h6g5 f5f4 g5h4 h5g3,2175,76,85,178,advantage middlegame quietMove short,https://lichess.org/N37NP2ab#35,Kings_Indian_Attack Kings_Indian_Attack_Symmetrical_Defense
i8gAj,2r2qk1/1p3pNp/3p3Q/1p1P1N2/1Pn1r3/8/5PPP/5RK1 b - - 2 28,e4g4 g7h5 f8h6 f5h6,2158,77,91,1881,crushing kingsideAttack master middlegame quietMove short,https://lichess.org/pzNWw6Pv/black#56,
i8icQ,1k1r4/pr4pp/QP6/1N6/1Pq4b/2P4P/5PP1/4R1K1 b - - 0 31,a7b6 e1a1 h4f2 g1h1 c4b5 a6b5,2131,83,85,35,crushing defensiveMove long middlegame quietMove,https://lichess.org/2svE5PL3/black#62,
i8lqL,8/8/2p5/p1p1k1pP/3p2P1/1PP3K1/1P6/8 w - - 1 42,g3f3 d4c3 b2c3 c5c4 b3b4 a5a4 h5h6 e5f6 h6h7 f6g7 h7h8r g7h8,2114,76,96,751,crushing endgame pawnEndgame quietMove veryLong,https://lichess.org/CDGIWitU#83,
i8uOL,5r2/8/R7/1pkp1rpp/4p3/2P1K3/1P1R1PPP/8 b - - 1 34,f8f6 b2b4 c5c4 a6a3 f5f3 g2f3,2153,73,94,9427,crushing endgame long master quietMove rookEndgame,https://lichess.org/lthbSG5n/black#68,
i9RQZ,8/p7/6p1/3k3p/1P1p4/P2K3P/6P1/8 w - - 2 36,a3a4 h5h4 b4b5 d5c5 a4a5 c5b5,2188,77,86,165,crushing endgame long master pawnEndgame quietMove,https://lichess.org/0zYFZb4b#71,
i9pHj,5rk1/5pp1/R3p1p1/1p6/5P2/P2R1Q1P/1q4PK/2r5 b - - 6 33,c1a1 a6a8 f8a8 f3a8 g8h7 d3d8 a1h1 h2h1 b2c1 h1h2,2141,75,88,472,advantage endgame master quietMove veryLong,https://lichess.org/YDc9c2FU/black#66,
iB2GX,8/r5p1/P1p2pK1/3p4/1P4P1/4kP2/8/R7 w - - 1 43,g6f5 d5d4 f5e6 d4d3 e6d6 d3d2 d6c6 a7a6 a1a6 d2d1q,2183,84,86,31,advancedPawn advantage deflection endgame promotion quietMove rookEndgame veryLong,https://lichess.org/nMiYclrR#85,
iBCVp,8/8/1p5p/p6P/3kbK2/P7/1P2B3/8 w - - 12 47,b2b4 a5a4 e2d1 e4c6,2176,149,82,41,bishopEndgame crushing defensiveMove endgame quietMove short,https://lichess.org/M2B1J9Zt#93,
iBMiO,5r1k/p1q3p1/1p2Rn1p/6bP/2P5/1PB5/P3QPP1/6K1 b - - 4 32,f8f7 c3f6 g7f6 e6e8 h8g7 e2e4 f6f5 e4e6 g5f6 e6f5,2115,85,83,40,crushing interference middlegame quietMove veryLong,https://lichess.org/teOwaLrI/black#64,
iBqSf,3r4/1RNbQpk1/3P2pp/2p3q1/r1Pb1p2/5B2/5P1P/3R3K b - - 8 35,d4f6 c7e6 d7e6 e7e6 d8f8 f3d5 h6h5 b7f7 f8f7 e6f7,2170,79,91,1013,crushing master masterVsMaster middlegame pin quietMove veryLong,https://lichess.org/JB9wiCaJ/black#70,
iC0I5,4rrk1/5p1p/bpq2npQ/1Np3N1/PpB2R2/3P3P/2P2PP1/b4K2 b - - 5 26,a6b7 f2f3 e8e1 f1e1,2135,97,69,22,crushing middlegame quietMove short,https://lichess.org/W3FL5jty/black#52,
iCAJN,8/8/1p2p3/pP1k1ppp/P2P4/3K2P1/5P1P/8 w - - 0 41,f2f4 g5g4 d3c3 d5e4 c3c4 e4f3 d4d5 e6d5 c4d5 f3g2 d5c6 g2h2,2108,78,77,72,crushing endgame pawnEndgame quietMove veryLong zugzwang,https://lichess.org/vIRVpwFE#81,
iCNdV,8/1p6/p7/1k6/1P6/P1R5/r7/5K2 w - - 8 46,f1e1 b5a4 c3c7 b7b5 c7c6 a2a3 c6a6 a4b4,2176,77,91,1951,advantage endgame quietMove rookEndgame veryLong,https://lichess.org/Sgr4IACg#91,
iCsGd,2kr4/1pp4p/2n2Pr1/1N1pp3/P3b3/1P2P2q/2PP1RPP/RN3QK1 w - - 5 18,d2d3 e4g2 f2g2 d8g8 g2g6 g8g6,2165,76,95,2277,crushing long master middlegame quietMove sacrifice,https://lichess.org/BRgiOEs7#35,Nimzo-Larsen_Attack Nimzo-Larsen_Attack_Classical_Variation
iD2YH,1rq2rk1/p4pp1/2bp1b1B/n1p5/4P3/1PN2PQP/P1P5/3RR2K b - - 2 24,f6c3 h6g7 c3g7 e1g1 c8h3 g3h3,2159,78,91,1049,crushing long middlegame quietMove sacrifice,https://lichess.org/tHtJKx8x/black#48,
iDRBY,1r6/kp2R3/p2NP2p/8/6PK/3p1r2/PP2n2P/3R4 w - - 1 32,e7c7 e2f4 g4g5 h6h5 g5g6 f3h3 h4g5 f4e6 g5f6 e6c7,2132,75,94,3630,crushing endgame fork quietMove veryLong,https://lichess.org/QCkNCN69#63,
iDXvx,r4r2/pp1k3p/3p4/3np3/3bP3/3P4/PPP3PP/R1BK2NR w - - 0 15,e4d5 f8f1 d1e2 a8f8 g1f3 f1h1,2115,77,95,5500,advantage clearance long middlegame quietMove,https://lichess.org/E3w50Sjg#29,Vienna_Game Vienna_Game_Stanley_Variation
iEKv5,2R5/8/2P2p2/5kp1/8/5r2/1P6/1K6 b - - 0 40,f5e6 c8d8 f3f1 b1c2 f1f5 b2b4,2193,103,76,34,crushing defensiveMove endgame long quietMove rookEndgame,https://lichess.org/B7onpgRM/black#80,
iEP3R,8/R7/3p4/1P1P4/2P5/7p/6r1/4K1k1 w - - 1 48,a7h7 h3h2 c4c5 d6c5 d5d6 h2h1q h7h1 g1h1 d6d7 g2g8 e1d2 g8d8 d2d3 d8d7 d3c4 d7c7,2188,80,91,1693,advancedPawn crushing defensiveMove endgame exposedKing promotion quietMove rookEndgame veryLong,https://lichess.org/RpjdP313#95,
iG557,8/8/8/1p2kP2/8/6K1/8/8 w - - 1 64,g3g4 b5b4 g4g5 b4b3 f5f6 e5e6,2146,75,84,178,crushing endgame long pawnEndgame quietMove,https://lichess.org/2l2rmMgY#127,
iGdjt,2b3k1/6p1/3Q4/1r1P4/2p1p3/1pP1P3/5PP1/6K1 w - - 3 43,d6e5 c8d7 e5c7 b3b2,2198,78,88,96,advancedPawn advantage endgame quietMove short,https://lichess.org/0Qd0vjHn#85,
iGfyv,2k5/p7/6Kp/6p1/5pP1/5B1P/P7/4b3 b - - 1 45,e1a5 g6h6 a5d8 h3h4 g5h4 g4g5 c8c7 g5g6 d8f6 g6g7 f6g7 h6g7,2125,77,89,144,advancedPawn bishopEndgame crushing endgame quietMove veryLong,https://lichess.org/ptULlS92/black#90,
iGruW,8/p6p/1p1p4/3P3P/2P2p2/1P2pP2/Pk6/3K4 b - - 0 37,b2a2 b3b4 a2b1 d1e2 a7a5 b4a5 b6a5 c4c5,2169,109,53,61,advantage endgame pawnEndgame quietMove veryLong,https://lichess.org/dbmKfBfw/black#74,
iGuSo,4r1k1/p4ppp/6q1/2Q5/5Br1/3b2P1/P4P1P/4RRK1 b - - 2 29,e8d8 c5e7 d8f8 f4d6 g6d6 e7d6,2171,76,92,5405,advantage long middlegame quietMove,https://lichess.org/bcIxLbAv/black#58,
iH1NV,3r4/1p2rk2/p4p2/P1R5/4BPP1/2PpK3/1PbR4/8 w - - 1 39,g4g5 d8e8 d2c2 d3c2,2192,75,96,280,advancedPawn advantage endgame master pin quietMove short,https://lichess.org/raz7lkqt#77,
iHZEc,6k1/R6R/p1r5/4p1P1/1K2P3/5P2/1r4P1/8 w - - 2 40,b4a5 c6c1 a7g7 g8f8 g7f7 f8e8 f7e7 e8d8 e7d7 d8c8 d7c7 c1c7 h7c7 c8c7,2196,76,86,79,crushing endgame quietMove rookEndgame veryLong,https://lichess.org/LgLz7YtQ#79,
iHcoL,8/8/1p4R1/8/2p3kP/8/1r1r2PK/6R1 b - - 0 51,g4h4 g1h1 h4h5 g6g8 d2g2 g8g2 b2g2 h2g2,2160,76,100,125,crushing discoveredAttack endgame quietMove rookEndgame veryLong,https://lichess.org/KlDZoCON/black#102,
iHwuH,8/8/p7/1ppPkpp1/P1P5/2P2KP1/8/8 w - - 0 45,a4b5 a6a5 b5b6 e5d6 b6b7 d6c7,2186,74,70,116,crushing endgame long master pawnEndgame quietMove,https://lichess.org/zmjXLjn4#89,
iI2PX,8/8/7p/p1pk2p1/5pP1/1P1K1P1P/P7/8 b - - 0 39,d5d6 d3c4 d6c6 a2a4 c6d6 c4b5,2153,79,90,898,crushing endgame long pawnEndgame quietMove zugzwang,https://lichess.org/KcioFEoG/black#78,
iIR3w,8/6p1/4k1P1/r1P1P3/4K3/8/p7/R7 w - - 3 47,c5c6 a5e5 e4d3 e5a5 d3c4 e6d6,2157,82,90,2012,crushing endgame long quietMove rookEndgame,https://lichess.org/J2Ypwkfg#93,
iJKH1,8/8/8/Pk3rp1/1P4R1/1K6/8/8 w - - 3 54,g4c4 f5f3 c4c3 g5g4 b3c2 f3c3 c2c3 g4g3,2131,74,95,6578,crushing endgame quietMove rookEndgame veryLong,https://lichess.org/IBD6tv1H#107,
iK1Zr,r1b2rk1/pq2bppp/5n2/3p4/2N5/2N1B3/PP2QPPP/R2R2K1 w - - 0 16,c3d5 f6d5 c4a5 b7d7 e2f3 f8d8,2198,83,91,1668,advantage defensiveMove long middlegame quietMove,https://lichess.org/9CgcXW94#31,Sicilian_Defense Sicilian_Defense_Smith-Morra_Gambit_Accepted
iKpVO,7r/pppR1p1p/2p1rk2/5p2/2P5/P1P2P2/4BKPP/1b2R3 b - - 5 19,h8e8 d7d2 b1d3 d2d3,2166,75,93,7878,advantage endgame quietMove short trappedPiece,https://lichess.org/WFtf9qxz/black#38,
iKwgJ,1R3bk1/5r1r/8/1p1Ppp2/1Pp1Pp1p/2P2Pp1/3NB1K1/7R w - - 2 46,h1h3 f7a7 d5d6 a7a2 b8b5 a2d2,2127,78,85,111,crushing long master masterVsMaster middlegame pin quietMove,https://lichess.org/9hqRah3o#91,
iLjv2,r1b3k1/p6p/p3q2r/6p1/2N1p3/1P2P1K1/P4PP1/R2QR3 w - - 4 20,f2f3 c8b7 d1d6 e6d6 c4d6 h6d6,2156,96,69,34,advantage long middlegame quietMove,https://lichess.org/DUgu6SK0#39,
iM1la,rkb4r/1p4pp/pqp5/3pQ3/8/2B5/PPP3PP/4R2K b - - 3 25,b6c7 e5e3 c8d7 c3e5 h8e8 e5c7,2155,76,81,78,advantage clearance long middlegame pin quietMove,https://lichess.org/Tirl55Oy/black#50,
iMG5N,5K2/8/8/8/6n1/2k3PP/8/8 b - - 0 62,g4h6 g3g4 c3d4 f8g7 h6g4 h3g4,2112,81,85,70,crushing endgame knightEndgame long quietMove trappedPiece,https://lichess.org/DhlSih9x/black#124,
iMNbe,8/7p/1p1q2p1/5k2/1P6/P2p3P/3Q2P1/5K2 b - - 3 50,d6f4 d2f4 f5f4 a3a4 d3d2 f1e2 d2d1b e2d1,2168,76,94,3026,crushing endgame queenEndgame quietMove veryLong,https://lichess.org/OP6bM98y/black#100,
iMkRS,8/5k2/p3q1pQ/1pp2p2/5P2/4p1N1/P3R1PK/3r4 b - - 7 39,f7g8 g3h5 d1d7 e2e3 e6e3 h5f6 g8f7 f6d7,2168,76,91,2978,crushing endgame exposedKing fork quietMove sacrifice veryLong,https://lichess.org/1yi30fBP/black#78,
iN1jB,8/1P6/3Q1n2/3P2pk/3q2b1/4pBB1/4P3/6K1 b - - 0 47,g4f3 g3e1 d4g4 d6g3 f6d7 e2f3,2179,139,69,8,crushing defensiveMove endgame long quietMove,https://lichess.org/46iyfqI5/black#94,
iN33D,6R1/7p/4p1pk/5p2/4q3/4n2P/3Q2P1/7K w - - 0 42,g8a8 e4b1 h1h2 f5f4 d2f2 e3f1,2104,79,82,71,crushing endgame long quietMove,https://lichess.org/QMxEdzyc#83,
iOLjw,5R2/pp1kp3/4p1pr/2prP2p/P2P4/8/1P4PP/3R2K1 b - - 1 22,c5d4 d1c1 d5e5 c1c8 e5e1 g1f2,2101,76,92,762,crushing endgame long quietMove rookEndgame,https://lichess.org/lmFkFAFK/black#44,
iOShr,4r3/8/1r3pk1/p6p/2p4P/P1PpPRP1/1P6/2K2R2 w - - 0 31,f1e1 d3d2 c1d2 b6b2 d2c1 e8b8 e3e4 b2b1 c1d2 b8b2 d2e3 b1e1,2134,77,90,358,advancedPawn advantage attraction deflection endgame quietMove rookEndgame veryLong,https://lichess.org/FEh1coQM#61,
iOUAf,b5k1/q6p/3Qp1p1/4PpB1/2p4P/3n1P2/1P4PK/8 b - - 4 35,a7f7 g5h6 a8c6 d6c6,2176,109,75,21,crushing endgame quietMove short,https://lichess.org/c3gWqQ1w/black#70,
iOWbk,7r/pp1r2pp/2nbNpk1/8/P7/2BR4/1PP3PP/4R1K1 b - - 9 25,c6b8 e1d1 d6h2 g1h2,2166,76,87,378,crushing master middlegame quietMove short,https://lichess.org/2BZc6ZOE/black#50,
iOWzT,7k/1R4p1/p5Bp/8/1P6/r5bP/6P1/6K1 w - - 4 37,g1f1 a3e3 b7b8 g3b8,2116,74,90,1559,crushing endgame quietMove short,https://lichess.org/gOcnIMth#73,
iOa5r,8/5ppp/8/8/4PP2/3K2P1/6kP/8 b - - 6 50,g2h2 e4e5 g7g6 g3g4 h2h3 f4f5 h3g4 e5e6,2170,82,88,56,crushing endgame pawnEndgame quietMove veryLong,https://lichess.org/gBdsFqnD/black#100,
iOeW3,3r4/pkp2P2/1p4p1/4p3/1q2p1Q1/1P2P1P1/5PP1/4RK2 w - - 2 26,g4g6 d8h8 g6e4 b4e4,2113,78,78,104,crushing endgame quietMove short,https://lichess.org/Pf15z3NH#51,
iOl6u,5r1r/4kpq1/p1b1pNn1/3pP1b1/P1pP4/2N3P1/BRP2QP1/5RK1 w - - 5 29,b2b6 g7h6 f6g8 h8g8,2179,78,81,44,crushing middlegame quietMove short,https://lichess.org/nZRjaNrD#57,
iOn7r,1R6/1p3rpk/2p4p/4p3/1P4bq/2PP2N1/5P2/3Q1RK1 w - - 3 24,d1c2 g4f3 d3d4 e5e4 f1e1 h4h3 c2e4 f3e4,2127,75,98,241,advantage defensiveMove middlegame quietMove veryLong,https://lichess.org/43BAqxZa#47,
iOuK2,r1b2rk1/1p3pp1/pq1bp1np/8/4N3/1P5Q/P2B1PPP/1BR2RK1 b - - 1 23,d6a3 e4f6 g7f6 h3h6 f6f5 d2c3 e6e5 c3e5 g6e5 h6b6,2162,112,86,26,crushing deflection opening quietMove sacrifice veryLong,https://lichess.org/iDBlHXxi/black#46,
iOwwZ,6R1/4r3/P7/6p1/6k1/1P1K1p2/8/8 w - - 1 49,b3b4 e7f7 g8h8 f3f2,2132,87,79,31,advancedPawn crushing endgame quietMove rookEndgame short,https://lichess.org/GmDfqxh0#97,
iP6b4,6b1/8/7P/8/p2k1Np1/P1p2pP1/5P2/2K5 b - - 0 51,d4c4 f4h5 g8h7 h5f6,2149,74,93,7550,advantage endgame quietMove short,https://lichess.org/EW0CbeWL/black#102,
iPLFV,8/5p2/2k3pp/1p1p4/3K2PP/1PP5/5P2/8 b - - 0 33,f7f6 f2f4 c6d6 g4g5 f6g5 f4g5 h6g5 h4g5 d6e6 d4c5,2184,146,42,13,crushing endgame pawnEndgame quietMove veryLong,https://lichess.org/iqrpT2G5/black#66,
iPMU6,r1r5/3nk2p/p3pqp1/1p1Q4/3P2P1/2P4P/PP2RP2/R5K1 b - - 0 25,c8f8 a1e1 e6e5 e2e5,2104,76,86,103,crushing middlegame pin quietMove short,https://lichess.org/fd6k58rR/black#50,
iPfNl,8/3k4/1p1P4/5K2/1B4Pp/1P6/P7/6b1 w - - 0 50,g4g5 h4h3 g5g6 g1d4 f5e4 h3h2 e4d4 h2h1q,2126,76,91,796,advancedPawn bishopEndgame crushing endgame promotion quietMove veryLong,https://lichess.org/QWeuAegC#99,
iPpWW,8/p3k3/1p4p1/1P2K2p/P4P2/6P1/8/8 w - - 1 40,f4f5 g6g5 e5d4 h5h4,2152,78,90,1841,crushing endgame pawnEndgame quietMove short,https://lichess.org/kWCJD6ly#79,
iQDtT,8/p3b1kp/1p1q1pr1/6P1/3p3P/1Q6/PPP5/2K1BR2 b - - 1 33,d6e5 e1d2 f6g5 b3f7 g7h8 f1e1,2187,211,54,5,crushing endgame long quietMove,https://lichess.org/SLUyTVGY/black#66,
iQjoX,r5k1/pb4pp/1p1Pp1r1/2p2p2/5P2/P1P1B1Pq/BPQ4P/R4RK1 w - - 5 22,c2f2 h7h5 a2e6 g6e6,2123,75,87,79,advantage middlegame quietMove short,https://lichess.org/OyjUBrz7#43,
iQugh,8/p3b3/3p4/1PpP1pk1/P1Pp4/5P1p/4K2B/8 b - - 0 39,g5g6 a4a5 e7d8 b5b6 d8b6 a5b6,2198,78,88,833,bishopEndgame crushing endgame long quietMove,https://lichess.org/XawQqFD9/black#78,
iRTrE,8/2p3r1/2p5/5k2/1RPPpB1p/P3KbP1/8/8 w - - 0 37,g3h4 g7g2 b4b5 c6b5,2124,76,87,444,crushing endgame master quietMove short,https://lichess.org/k1bpO5Ia#73,
iRtzk,8/5p2/5p2/p2p1P1k/P1p2P2/4PK2/1P6/8 w - - 0 42,e3e4 d5d4 e4e5 f6e5 f4e5 h5g5,2123,77,92,1229,crushing endgame long pawnEndgame quietMove,https://lichess.org/pKWRHneW#83,
iSBan,8/8/8/7p/2P3k1/3K4/4R3/2r5 w - - 0 60,e2c2 c1c2 d3c2 h5h4 c4c5 g4f5 c5c6 f5e6 c6c7 e6d7 c7c8r d7c8,2112,88,91,60,crushing endgame quietMove rookEndgame veryLong,https://lichess.org/tv5Dpn38#119,
iSsf4,2r3k1/5p2/5B1p/4P3/5PP1/1p5P/1Pn5/1K5R w - - 2 36,h1c1 c8a8 c1c2 a8a1 b1a1 b3c2,2161,77,82,69,advancedPawn advantage endgame long master quietMove sacrifice,https://lichess.org/alQhFEi1#71,
iStlb,8/5p2/4pPp1/4P3/p1pP1k2/PbPr4/5KB1/2R5 w - - 7 42,g2f1 d3d2 f1e2 b3c2 c1f1 c2e4,2157,163,85,10,crushing defensiveMove endgame long pin quietMove,https://lichess.org/SJOKOknG#83,
iSx7D,4r1k1/5pp1/p1R3bp/8/2P2R2/4p2P/P5P1/6K1 w - - 0 33,g1f1 g6d3 f1e1 e8b8 c6c8 b8c8,2193,98,71,26,crushing endgame long quietMove,https://lichess.org/XKyeyCI7#65,
iT69n,8/8/p1b3p1/2k3N1/2P1p2p/2K2P1P/P7/8 w - - 0 44,g5e4 c6e4 f3e4 g6g5 c3d3 g5g4 d3e2 g4h3,2140,75,100,156,crushing endgame quietMove veryLong,https://lichess.org/NEs9GHJn#87,
iTKLK,8/5p2/8/6kp/4P3/6K1/6P1/8 w - - 0 39,g3f3 h5h4 e4e5 g5f5 e5e6 f7e6,2137,74,85,159,crushing endgame long pawnEndgame quietMove zugzwang,https://lichess.org/wigUyIr9#77,
iTSpO,8/8/1p1p2k1/p1pP1ppp/2P1P3/5KPP/P1P5/8 w - - 0 31,g3g4 f5g4 h3g4 h5h4 e4e5 d6e5,2143,75,87,118,crushing endgame long pawnEndgame quietMove,https://lichess.org/Nya148Oq#61,
iTbNL,8/p1K5/8/1P5p/P7/8/7k/8 b - - 0 37,h2g3 a4a5 h5h4 b5b6 a7b6 a5a6,2163,77,93,2107,crushing endgame long pawnEndgame quietMove,https://lichess.org/X4Uqi9ii/black#74,
iTs6B,r4rk1/pb1n1ppp/1p2p3/3n4/3NN3/4P1Pq/PP3P1P/1BRQ1RK1 w - - 1 15,e4g5 d5f4 b1h7 g8h8 h7e4 b7e4,2188,163,78,36,crushing long middlegame quietMove,https://lichess.org/8v100div#29,Bogo-Indian_Defense Bogo-Indian_Defense_Exchange_Variation
iTtjT,B3k2r/5pp1/b2b4/2p1pq2/Pn3Bp1/2NPP1P1/1P3P2/R2Q1RK1 w k - 0 20,a8e4 f5h5 f1e1 a6d3 d1d3 b4d3,2122,122,19,22,advantage long middlegame quietMove,https://lichess.org/Ge2p8zeD#39,
iTtm4,8/p1p2ppp/3pk3/3p4/1P1K1P2/2P3PP/P7/8 b - - 2 28,f7f5 b4b5 e6d7 d4d5,2122,75,90,1523,advantage endgame pawnEndgame quietMove short,https://lichess.org/imB26v0e/black#56,
iUCIa,8/5pk1/1KPR3p/7r/5p2/8/8/8 b - - 1 57,f4f3 c6c7 f3f2 d6d1 h5e5 c7c8q,2151,77,93,3172,advancedPawn crushing endgame long promotion quietMove rookEndgame,https://lichess.org/qjKeok60/black#114,
iUJuZ,8/8/1k5K/8/P6p/2N2P2/6b1/8 w - - 0 43,f3f4 g2f3 h6g5 h4h3,2111,77,91,1236,crushing endgame master quietMove short,https://lichess.org/L0fYu77n#85,
iULfk,1kn5/pp3qp1/3p4/1n1p1b1P/3Pr3/P1P5/1P3QR1/K1BR4 b - - 1 30,f5e6 f2f7 e6f7 d1h1 f7h5 h1h5,2179,147,74,34,crushing long middlegame quietMove,https://lichess.org/o0D25ocS/black#60,
iUcuF,5r1k/pN4p1/Q5p1/2p5/8/PR5P/2P2qP1/6K1 w - - 0 35,g1h1 f2e1 h1h2 f8f1 a6f1 e1f1,2150,75,93,7173,advantage clearance endgame long quietMove,https://lichess.org/eSu0w8bW#69,
iUtO4,4r2k/1pp3p1/6np/3p4/1P1PN3/2PB1q1P/2Q2P2/4R1K1 w - - 0 29,c2e2 g6h4 e2f3 h4f3 g1f1 f3e1,2183,89,88,446,advantage fork long middlegame quietMove,https://lichess.org/0oVI1mck#57,
iV7j1,4k3/1R6/8/pp6/2b1pK1P/8/8/8 b - - 0 50,a5a4 h4h5 a4a3 h5h6 a3a2 b7a7,2179,75,95,939,crushing endgame long quietMove,https://lichess.org/2PLDzznX/black#100,
iVATt,3r2k1/1b3pp1/1q2p3/2r1P1p1/8/3B2P1/1P1Q1P1P/R3R1K1 w - - 2 28,a1d1 b6c6 d3e4 d8d2 e4c6 d2d1,2186,78,90,1205,advantage long middlegame quietMove,https://lichess.org/BO3BRhQY#55,
iVGP8,8/5ppp/4k3/p2rP3/5P2/P2RK3/7P/8 w - - 2 36,d3d5 e6d5 h2h4 h7h5 a3a4 f7f6,2124,146,88,13,crushing endgame long quietMove zugzwang,https://lichess.org/MbFeckcB#71,
iWNHA,8/8/4p3/7p/2pk1p2/8/3K2BP/8 w - - 0 48,g2f3 h5h4 f3c6 e6e5,2117,85,74,34,bishopEndgame crushing defensiveMove endgame quietMove short,https://lichess.org/KXrsEZLA#95,
iWRVv,6k1/p4p1p/4p1PQ/3pq3/8/6PR/5P1K/1r6 b - - 0 35,h7g6 h6h4 e5h5 h4d8,2110,122,44,71,advantage endgame quietMove short,https://lichess.org/xhSJdVtV/black#70,
iWTcR,6k1/5p1p/p3p1bB/1p1p4/3P3P/P5R1/5PK1/3r4 b - - 0 29,g8h8 g3c3 g6e4 f2f3,2116,75,83,186,crushing defensiveMove endgame quietMove short,https://lichess.org/fYboNEja/black#58,
iWU2J,8/1p6/p1p4p/3pk3/6K1/P1P3P1/1P5P/8 w - - 0 38,g4h5 c6c5 h5g4 e5e4,2128,75,96,2666,crushing defensiveMove endgame pawnEndgame quietMove short,https://lichess.org/nwl3D5Da#75,
iWXws,8/7p/K7/6p1/4kp2/P7/7P/4N3 w - - 0 43,a3a4 g5g4 a4a5 f4f3 e1f3 g4f3 a6b6 f3f2,2197,77,95,1037,advancedPawn crushing endgame knightEndgame quietMove veryLong,https://lichess.org/8IWm8hYi#85,
iWhq6,8/8/3N2P1/4n2P/k7/1p6/6K1/8 b - - 0 50,e5g6 h5g6 b3b2 d6e4 a4b3 e4d2 b3c3 d2b1,2175,85,87,58,crushing endgame hangingPiece knightEndgame quietMove veryLong,https://lichess.org/hz5b0VZC/black#100,
iWsfh,6k1/pb3pp1/1p3n1p/2pp1B2/3P4/2P3P1/PP1NrPKP/3R4 b - - 1 25,f6e4 f5e4 d5e4 g2f1 b7a6 c3c4 e2d2 d1d2,2167,78,93,3182,crushing endgame quietMove trappedPiece veryLong,https://lichess.org/iM0g6a50/black#50,
iWzpo,8/4b2p/1p1kP3/3P1p2/p1KN3P/8/8/8 b - - 1 39,f5f4 d4f5 d6c7 f5e7 f4f3 e7f5 f3f2 f5e3,2108,80,91,1456,crushing defensiveMove deflection endgame quietMove veryLong,https://lichess.org/jWxrSE8A/black#78,
iX7qG,6k1/2q5/Q1p1np1p/2Pp4/3P1P2/P1N1P1KP/1r6/2R5 w - - 5 36,c3d5 c7g7 g3h4 b2g2 a6c8 e6f8,2175,77,82,70,crushing defensiveMove endgame long quietMove,https://lichess.org/TGzZPNhi#71,
iX95V,3r4/p4p2/2pNn1kp/6p1/1P6/P4PP1/6KP/3R4 w - - 3 26,h2h3 e6c7 d1d2 c7b5 d6e4 d8d2 e4d2 b5a3,2114,83,86,85,advantage endgame quietMove veryLong,https://lichess.org/0MIN2tqV#51,
iXCgz,6k1/8/r3p2Q/p2p1p2/1q4p1/8/PP3PP1/R5K1 b - - 5 32,b4b2 a1c1 b2b7 h6g6,2112,75,82,110,advantage endgame quietMove short,https://lichess.org/bLsBdSH1/black#64,
iXHcm,r3r1k1/pppn1p1n/7Q/5N2/8/8/Pq3PP1/3R2KR b - - 2 22,b2h8 h1h3 d7f8 h3g3,2198,80,91,1712,crushing middlegame quietMove short,https://lichess.org/zpiOdIWm/black#44,
iXTpL,8/4p3/6p1/1K1k3p/1p1P3P/8/P4P2/8 w - - 2 43,b5b4 g6g5 h4g5 h5h4 g5g6 d5e6,2175,80,80,64,crushing defensiveMove endgame long pawnEndgame quietMove,https://lichess.org/T4W62XMk#85,
iXvJR,8/1n6/p7/p1pP1N2/2P1P1p1/1P2K2k/8/8 b - - 1 39,b7d6 f5d6 g4g3 d6f7 g3g2 f7g5,2162,107,100,18,crushing endgame hangingPiece knightEndgame long master quietMove,https://lichess.org/ucVFa5CC/black#78,
iYNoR,4k3/R7/4P3/4KpP1/5P2/4P3/p5rp/8 w - - 0 52,e5f6 g2d2 a7a8 d2d8 a8a2 h2h1q,2149,76,80,92,advancedPawn crushing endgame long promotion quietMove rookEndgame,https://lichess.org/hUi9F8pg#103,
iYWIh,4r3/pb2B1pk/q5rN/2p2Q2/2P4P/4PP2/P5P1/1R4K1 b - - 0 31,a6a2 h6g4 b7e4 f5e4,2145,112,65,31,crushing middlegame quietMove short,https://lichess.org/p2tHhEzG/black#62,
iYmK5,r2r3k/2P1N3/6p1/8/2B1P3/p7/Pbb3PP/5R1K b - - 0 37,d8c8 f1f7 c2e4 e7c8,2191,101,80,30,advantage master middlegame quietMove short,https://lichess.org/xdHONTYW/black#74,
iYqAz,3r3r/pp1k1R2/3p3p/2p3p1/2nPP3/P1P1B2P/1PKQ2P1/7q b - - 0 25,d7e6 d2f2 c4e3 c2b3 h1d1 b3a2 d1f1 d4d5,2120,74,83,243,crushing defensiveMove middlegame quietMove sacrifice veryLong,https://lichess.org/51lJJXWG/black#50,
iYvrR,r4q2/1bp2k1p/p4np1/2pp4/8/4Q3/PPPP1PPP/RNB3K1 w - - 2 18,d2d3 a8e8 e3d2 f8e7 h2h3 e7e1,2177,80,91,1063,advantage long middlegame quietMove,https://lichess.org/utmem6ds#35,Ruy_Lopez Ruy_Lopez_Exchange_Variation
iZDaX,3q2k1/5pb1/Q3p2p/3n4/4Np2/5P2/Pr2BP1P/3R3K b - - 0 29,d8h4 a6c8 g8h7 e2d3 f7f5 c8e6,2138,79,89,98,crushing long middlegame quietMove,https://lichess.org/FsHUcYKA/black#58,
iZDx3,2r1k3/2P5/4p3/5pKp/8/2R5/p6P/1b1R4 w - - 8 50,d1d8 c8d8 c7d8r e8d8 c3a3 e6e5 g5h5 e5e4,2146,86,90,790,crushing defensiveMove endgame quietMove veryLong,https://lichess.org/YatTDQpu#99,
iZFGx,8/6pk/1pP2r1p/pP2Q3/3pP3/3R2PP/6PK/q7 w - - 1 38,c6c7 f6f1 g3g4 a1e1 e5f5 f1f5,2103,75,94,1636,crushing endgame long quietMove,https://lichess.org/UcDFGGH4#75,
iZkoq,8/8/4p3/6p1/5kP1/5P2/5K2/8 w - - 2 54,f2g2 f4e3 g2g3 e6e5 g3g2 e3e2,2193,86,89,37,crushing endgame long pawnEndgame quietMove zugzwang,https://lichess.org/OrIV0uXk#107,
iaDdE,8/5rk1/5pp1/Q2Np3/3bP1P1/5P2/P1r3K1/8 w - - 1 45,g2h3 f7f8 a5a6 f8h8 h3g3 d4f2,2184,113,85,20,crushing endgame long quietMove,https://lichess.org/5HiZfZEy#89,
iafkk,6r1/p1p1k3/1p2p1P1/3p1n1r/1P1PQ1Rp/P1q1P2P/7K/2B3R1 w - - 0 32,e4e5 f5g3 e5h5 g3h5,2176,79,91,406,crushing middlegame quietMove short,https://lichess.org/E3NvVnVJ#63,
iakSN,3r4/3P1p2/N3p1pn/1p2k2p/8/1P1R4/5PKP/8 b - - 0 36,e5f6 a6b4 e6e5 b4c6 d8d7 d3d7,2150,77,90,643,crushing endgame long quietMove,https://lichess.org/1RCOz0Nz/black#72,
ib0Yr,2rq1k1r/4b3/4Q2p/6p1/2N1n3/6BP/PP2bPP1/R1R3K1 b - - 3 22,e4g3 c4e5 c8c1 a1c1 e2h5 c1c8,2116,76,92,459,crushing long middlegame pin quietMove,https://lichess.org/VuCCpeHa/black#44,
ibEkK,8/2p3p1/1k6/2p4p/P1K4P/8/6P1/8 b - - 0 37,b6c6 a4a5 c6d6 c4b5 c5c4 b5c4,2148,75,87,265,crushing endgame long pawnEndgame quietMove zugzwang,https://lichess.org/TXJPwABG/black#74,
ibFu5,8/8/1p2k1pp/4p3/1P2K1PP/5P2/8/8 b - - 0 46,e6d6 h4h5 g6h5 g4h5 d6e6 b4b5 e6d6 e4f5,2150,79,94,367,crushing endgame master pawnEndgame quietMove veryLong zugzwang,https://lichess.org/yz66CB8t/black#92,
ibf9Q,8/8/3k2r1/1p1PR3/p5P1/5P2/1P3K2/8 w - - 1 59,e5e6 g6e6 d5e6 b5b4 f2e2 a4a3 e2d3 a3a2,2102,76,92,1580,advancedPawn crushing endgame quietMove rookEndgame veryLong,https://lichess.org/k4O1jYX4#117,
icGcs,8/6pp/5p1k/3p4/3P1Q2/4P2P/2pq1PPK/8 b - - 1 42,h6h5 f4f5 h5h6 g2g4 d2f2 f5f2,2191,104,76,24,crushing endgame long queenEndgame quietMove,https://lichess.org/26T5j6zd/black#84,
icJhu,8/8/8/2N4P/2n5/4k1P1/4p3/4K3 w - - 1 54,c5b3 c4e5 g3g4 e5d3,2115,79,86,128,endgame knightEndgame mate mateIn2 quietMove short,https://lichess.org/DRXBJHhe#107,
ickkH,2r1k1r1/p5qp/1p1QP3/4PP2/8/1P4p1/P7/5RK1 b - - 0 39,g3g2 f1d1 g7c7 d6d7 c7d7 e6d7,2150,75,91,2972,advancedPawn crushing endgame exposedKing long quietMove,https://lichess.org/FZ5HbJmI/black#78,
icpSs,8/7p/8/1K6/8/6P1/6kP/8 w - - 3 46,b5c5 h7h5 h2h4 g2g3 c5c4 g3h4,2164,77,81,68,crushing endgame long pawnEndgame quietMove,https://lichess.org/Q9O5I3fp#91,
id02D,3r2k1/R5pp/5p2/P7/8/1P1p4/3r1PPP/R5K1 w - - 0 30,a5a6 d2e2 g1f1 d8e8 a7d7 d3d2,2181,98,85,24,advancedPawn crushing endgame long quietMove rookEndgame,https://lichess.org/g230cFVV#59,
idX7P,8/8/6p1/3k1p1p/1K3P1P/1P6/8/8 w - - 1 58,b4a5 g6g5 f4g5 f5f4 b3b4 f4f3 g5g6 d5e6 g6g7 e6f7 b4b5 f3f2,2144,74,73,139,advancedPawn crushing endgame pawnEndgame quietMove veryLong,https://lichess.org/S1tL4ZfB#115,
idhjB,5k2/5p1p/3b1pp1/3P4/8/p6P/5PP1/3R1K2 w - - 2 45,f1e2 d6e5 d5d6 f8e8 d1d2 e5b2,2155,74,93,828,advantage defensiveMove endgame long quietMove,https://lichess.org/IavFYkr1#89,
ids2t,5n2/p4P2/3k3N/2pp4/P2P4/2P3Kp/8/8 b - - 1 54,c5c4 h6g4 d6e6 g4e5,2145,178,86,8,crushing endgame knightEndgame master quietMove short,https://lichess.org/f00Lj60K/black#108,
idyYG,1k5r/1pp3pp/8/8/R5q1/1QP5/PP2pbPP/4R2K b - - 3 26,f2e1 a4g4 h8f8 g2g3 e1g3 g4e4 e2e1r e4e1,2195,105,59,24,advantage endgame hangingPiece quietMove veryLong,https://lichess.org/u50wEkn4/black#52,
ie5hn,5rk1/Qp4pp/8/3p4/1P2p1n1/1Nq3PN/P6P/R6K w - - 0 26,a7d4 c3f3 h1g1 g4e3 d4e3 f3e3,2128,98,74,23,crushing long middlegame quietMove,https://lichess.org/y4TbYVkn#51,
ieFvN,r2q1rk1/1b2b1pp/p7/3pQ3/2p2p2/3B1N1P/PPP2PP1/R3R1K1 b - - 1 20,e7d6 d3h7 g8h7 e5h5 h7g8 f3g5 d8g5 h5g5,2138,89,81,24,advantage attraction kingsideAttack middlegame quietMove sacrifice veryLong,https://lichess.org/ag2785n5/black#40,
ieL4Z,8/8/8/p5kP/5rP1/2b2PK1/4R3/8 b - - 6 56,a5a4 e2e6 f4f6 f3f4 g5h6 g4g5 h6h5 g5f6,2136,87,81,45,crushing endgame fork quietMove veryLong,https://lichess.org/2ytrbikj/black#112,
ieRHU,k6r/P2q4/1R4pp/Q2p4/3N4/2P5/5KPP/4r3 b - - 4 39,e1c1 d4e6 d7f7 f2g3 f7d7 a5b4,2136,140,52,15,crushing defensiveMove endgame long quietMove,https://lichess.org/DEWi5tLX/black#78,
iec3I,8/2qb2k1/4p2p/1p1p2pP/3P2P1/4P3/6K1/1B3Q2 b - - 1 44,b5b4 f1d3 g7f8 d3h7 c7c1 h7h6,2168,78,92,1218,advantage endgame long quietMove,https://lichess.org/lOXh3I9B/black#88,
ief58,1r6/2p2R1k/1r1p4/2pP4/7P/1p1P4/P5R1/1K6 b - - 3 32,h7h8 f7f5 b3a2 b1a1 b6b1 a1a2 b1b2 g2b2,2121,145,35,15,crushing defensiveMove endgame quietMove rookEndgame veryLong,https://lichess.org/kgtP8y4x/black#64,
ifTon,8/8/pp3k2/6p1/P1P1pbP1/1P6/4K1N1/8 b - - 0 39,f6e5 g2f4 e5f4 b3b4 f4e5 e2e3,2101,105,57,18,crushing endgame long quietMove,https://lichess.org/MT45ZSBu/black#78,
ifTs6,8/1p6/p1p5/2P2kp1/PP1K1p1p/1b3P1P/1B4P1/8 w - - 1 54,a4a5 b3a4 d4c3 a4b5,2118,76,90,488,bishopEndgame crushing defensiveMove endgame quietMove short,https://lichess.org/o3yqNdcO#107,
ifyfk,4rrk1/pp3pp1/1b2q3/5N2/5P2/3Q4/PPP5/1K5R b - - 8 29,e6g6 d3h3 f7f6 f5d6 g6g1 h1g1,2175,75,92,1170,advantage long middlegame quietMove,https://lichess.org/DByBpUTz/black#58,
ig0dn,8/5kp1/p5p1/1p1KP1R1/5r2/1PP5/8/8 b - - 2 40,f4f5 g5f5 g6f5 d5d6 f7e8 c3c4 b5c4 b3c4 f5f4 c4c5 f4f3 c5c6 f3f2 c6c7 f2f1q c7c8q,2142,90,3,45,advancedPawn crushing endgame promotion quietMove rookEndgame veryLong,https://lichess.org/W4bATJcj/black#80,
igfU7,4n1r1/2r4k/p1Qp1p2/2pPp1pp/2P1P3/2PKBPP1/q6P/5RR1 w - - 5 37,f1f2 a2a5 c6a8 e8g7 a8g8 h7g8,2114,72,93,9864,advantage long middlegame quietMove trappedPiece,https://lichess.org/egnT2KnZ#73,
igiOP,8/1n6/2K5/3pPk1p/3P2p1/2p1B3/P6P/8 w - - 0 41,c6b7 h5h4 a2a4 g4g3 h2g3 h4h3 a4a5 h3h2 a5a6 h2h1q,2177,78,91,2334,advancedPawn bishopEndgame crushing endgame promotion quietMove veryLong,https://lichess.org/PrA5GD0o#81,
igpSS,3r4/ppq2k1p/2p1ppb1/2Q5/1PP2nP1/P1N4P/5P2/R3R1K1 w - - 3 25,e1e3 b7b6 c3b5 c7d7 c5d6 d7d6 b5d6 d8d6,2183,77,84,100,advantage middlegame quietMove veryLong,https://lichess.org/UFd335WE#49,
ihFQ7,4brk1/1p3p1p/pq1p1Qp1/3Pr3/8/1P1B1R2/P5PP/5R1K b - - 6 23,b6d4 d3g6 h7g6 f3h3 e5h5 f6d4,2145,85,87,60,crushing long master middlegame quietMove sacrifice,https://lichess.org/bNIJbysq/black#46,
ihmqY,8/8/2ppk3/8/1PP1K1p1/4P3/8/8 b - - 0 37,d6d5 c4d5 c6d5 e4f4 g4g3 f4g3 e6e5 b4b5 e5d6 g3f4,2145,77,90,148,crushing defensiveMove endgame pawnEndgame quietMove veryLong,https://lichess.org/bqUnRljt/black#74,
ihzRy,3q1rk1/6p1/2p1p2p/2PnP2P/3P1p1b/1Q6/3B2P1/2R2RK1 w - - 0 34,c1c2 h4g3 d2e1 d8h4 e1g3 f4g3 f1f8 g8f8,2131,90,72,43,advantage clearance middlegame quietMove veryLong,https://lichess.org/EEYgWzSq#67,
ihzqi,r4rk1/5pp1/p2p1q1p/1p3Nb1/4P1R1/P7/1PP1Q3/1K4R1 b - - 5 25,a8e8 g4g5 h6g5 g1h1 f6g6 e2h2,2101,153,70,9,advantage long middlegame quietMove sacrifice,https://lichess.org/mUM3iT7m/black#50,
ii6tZ,8/5pk1/p2Q2p1/1p1pr3/1P2P2p/P4P1P/5qP1/2R4K b - - 1 29,f2d4 c1c8 d4a1 h1h2,2131,78,69,76,advantage endgame master quietMove short,https://lichess.org/c6DN5zDw/black#58,
ii7Zg,4rrk1/1q3p1p/1p1p2p1/1Pp5/P7/3PPnP1/6NP/1RRQ3K b - - 0 30,e8e3 g2e3 f8e8 e3g2 e8e1 d1e1 f3e1 c1e1,2147,77,83,108,advantage hangingPiece middlegame quietMove veryLong,https://lichess.org/8klCz06q/black#60,
iiX3r,8/8/7p/8/8/1p1k2P1/7P/1K6 w - - 8 50,h2h4 h6h5 b1b2 d3c4 b2a3 c4c3,2143,90,87,32,crushing defensiveMove endgame long pawnEndgame quietMove,https://lichess.org/or3KTIkj#99,
iiefu,8/8/p7/8/1p1k4/1P6/PK6/8 w - - 0 72,a2a3 a6a5 b2c2 d4e3 a3b4 a5b4,2182,81,90,741,crushing endgame long pawnEndgame quietMove,https://lichess.org/rIxoSnvX#143,
iihNs,4r3/p6p/2p3k1/7N/PB4P1/4p2K/2Bn4/8 b - - 11 48,g6g5 b4d6 e8e4 c2e4,2123,75,86,623,advantage endgame master quietMove short,https://lichess.org/Ctkoscec/black#96,
iijvN,2r3k1/p7/4q1p1/4Np1P/P2P2p1/1P1R4/1r6/5QKR w - - 1 32,e5c4 b2e2 h1h2 e2e1,2116,91,80,33,crushing middlegame pin quietMove short,https://lichess.org/M40wU2Ch#63,
iilHd,r2r2k1/pp3p1p/8/2p5/2P1q3/1N1nP1P1/P1Q2P2/3R1K1R w - - 2 24,h1h4 d3f4 h4f4 e4c2 d1d8 a8d8,2144,74,96,836,crushing discoveredAttack long middlegame quietMove,https://lichess.org/aLBg1RQ7#47,
iiqJt,8/8/3k2p1/ppp2pPp/3P1K1P/PPP5/8/8 w - - 0 38,d4c5 d6c5 f4e3 a5a4 b3a4 b5a4 e3d3 c5d5 c3c4 d5c5 d3c3 f5f4 c3d3 f4f3,2160,80,82,54,crushing endgame pawnEndgame quietMove veryLong zugzwang,https://lichess.org/xUaSar9B#75,
iitrW,8/7k/8/1p1p1p2/3P4/1P6/P5K1/8 w - - 0 44,g2f3 b5b4 f3f4 h7g6 f4e5 g6g5 e5d5 f5f4,2158,77,98,262,crushing defensiveMove endgame pawnEndgame quietMove veryLong,https://lichess.org/QUWPak5Y#87,
iizem,8/1b1Bk3/p3P3/1p5p/1P1K2p1/2P4P/8/8 w - - 0 48,h3g4 h5h4 g4g5 h4h3 g5g6 h3h2 d7c6 b7c6,2177,76,89,1412,advancedPawn bishopEndgame crushing endgame quietMove veryLong,https://lichess.org/jAKHeDsE#95,
ij4go,2r1k2r/pp2bppp/2n2n2/4p3/8/P1NP1N1q/1PP1BP2/R1BQ1RK1 w k - 0 12,f3h2 h7h5 h2f3 f6g4,2127,126,58,21,crushing middlegame quietMove short,https://lichess.org/hNbaVuS4#23,Alekhine_Defense Alekhine_Defense_Scandinavian_Variation
ijBfV,8/4Kp2/7p/5Pp1/5kPP/8/8/8 w - g6 0 56,f5g6 f7g6 h4h5 g6g5 e7f7 f4g4,2141,78,86,479,crushing endgame long pawnEndgame quietMove,https://lichess.org/JLU0RJss#111,
ijGHn,r5k1/5b2/3Bp2Q/pp1qPp2/3P4/P1r4P/5PP1/5RK1 b - - 0 34,d5d4 d6e7 d4e5 e7f6 e5f6 h6f6,2107,89,66,34,crushing long middlegame quietMove,https://lichess.org/rxym744z/black#68,
ijIiL,2r4r/pp3k2/3p1p2/3Np2n/2P1P2P/5Pp1/PPPB1bP1/R4R1K w - - 1 23,d2e1 h5f4 d5f4 e5f4 f1f2 h8h4 h1g1 c8h8 g1f1 h4h1 f1e2 g3f2,2141,111,58,33,advancedPawn crushing kingsideAttack middlegame quietMove sacrifice veryLong,https://lichess.org/Dv8t6oCc#45,
ijMCm,8/1p6/p1b3p1/4N1P1/1PP4k/P7/8/4K3 b - - 4 47,h4g5 e5c6 b7c6 a3a4 g5f6 b4b5 a6b5 a4a5,2157,78,90,643,crushing defensiveMove endgame quietMove veryLong,https://lichess.org/NsEo5IH2/black#94,
ijZ28,8/4k3/2K5/6p1/8/8/1P6/8 w - - 0 44,b2b4 g5g4 b4b5 e7d8 b5b6 d8c8 b6b7 c8b8 c6c5 g4g3,2140,77,84,104,crushing endgame pawnEndgame quietMove veryLong,https://lichess.org/aS1yDDdS#87,
ijonR,6k1/p1r5/7R/7K/6P1/8/8/8 w - - 1 60,g4g5 c7h7 h6h7 g8h7 h5g4 a7a5 g4f5 a5a4 f5f6 h7g8 f6e5 a4a3 e5d4 a3a2,2181,77,94,9490,advancedPawn crushing endgame master quietMove rookEndgame veryLong,https://lichess.org/ZZfiT90g#119,
ijv3Q,6k1/5pp1/p1Q4p/8/2pP4/2P3P1/q4PK1/8 b - - 0 32,a6a5 d4d5 g8h7 d5d6 a2d2 d6d7,2155,79,91,2769,advancedPawn crushing endgame long queenEndgame quietMove,https://lichess.org/MZQcsEyj/black#64,
ijzPD,6k1/3b2p1/7p/pp6/2pPRp2/8/1P4P1/7K w - - 1 46,e4f4 b5b4 d4d5 c4c3 b2c3 b4b3,2165,75,85,138,crushing endgame long master quietMove,https://lichess.org/Oepf0jGr#91,
ik165,8/8/Rp6/2p5/2P5/1KP3k1/8/4r3 w - - 4 44,b3a4 e1b1 a6a7 b1a1 a4b5 a1a7,2180,76,87,418,crushing endgame long quietMove rookEndgame skewer,https://lichess.org/tum7bUJM#87,
ikLGf,8/7p/8/p5P1/1p1pk2P/1P6/P4K2/8 b - - 5 48,d4d3 h4h5 d3d2 f2e2 d2d1r e2d1 e4f5 g5g6 h7g6 h5g6,2189,76,93,5941,crushing endgame pawnEndgame quietMove veryLong,https://lichess.org/1Yu4sMJJ/black#96,
ikMAG,5r1k/4Npp1/P2p3p/5P2/PP1n4/8/5PKP/8 b - - 0 27,f8b8 b4b5 b8a8 e7d5,2110,76,83,202,advantage defensiveMove endgame quietMove short,https://lichess.org/s3wuB3Xv/black#54,
ikULG,r1b1kb1r/ppp2ppp/2p1q3/8/4n3/5N2/PPPPQPPP/RNB2RK1 b kq - 3 8,f8d6 f1e1 e8g8 e2e4 e6e4 e1e4,2119,76,91,2375,advantage long opening quietMove,https://lichess.org/WSc4Pr1p/black#16,Ruy_Lopez Ruy_Lopez_Berlin_Defense
ilA5x,3r1r2/1p3p1p/pk1N1np1/1P1p4/Pn1P4/4PP1B/5P1P/R3K1R1 w Q - 1 20,a1b1 a6a5 d6b7 b6b7,2129,80,79,59,advantage master middlegame quietMove short,https://lichess.org/kEa37W0S#39,
ilS4Z,2b2rk1/1p4pp/4p3/2rp2q1/3N4/pP1Bn2P/P1P1Q1P1/1K1R3R b - - 1 26,g5e5 h1e1 f8f4 e2e3 e5e3 e1e3 f4d4 d3h7 g8h7 d1d4,2105,75,85,243,advantage middlegame quietMove veryLong,https://lichess.org/1RFOpF2E/black#52,
ilaKV,r7/pp1kb2p/1q2p1pB/3pQ3/2P5/1P6/1P4PP/5R1K b - - 0 21,b6b3 f1e1 b3b6 c4d5,2132,74,91,831,crushing endgame master quietMove short,https://lichess.org/fo8ABV1T/black#42,
ilksP,5r2/k1p1p3/Pp1q2p1/3P4/2R1P3/6b1/1PQ2pK1/R7 w - - 0 33,c4c6 d6f4 g2f1 f8h8 c6c7 f4c7 c2c7 g3c7,2172,80,88,558,crushing endgame quietMove veryLong,https://lichess.org/2c6rABgI#65,
iln7q,8/p5pk/6pp/3PQ3/8/P5Pb/5q2/4R2K w - - 2 39,e1g1 h3g4 e5f4 g4f3 f4f3 f2f3,2124,79,90,2182,crushing endgame exposedKing long quietMove,https://lichess.org/UF7HMjYW#77,
ilrHQ,r1r3k1/1p1Q1ppp/p1nR4/8/4P3/2N3P1/PPP2q1P/2KR4 w - - 0 20,c3d5 c6d4 d5b4 c8c2 c1b1 c2b2 b1a1 d4e6 d6d2 b2d2,2140,128,67,39,advantage discoveredAttack fork middlegame quietMove veryLong,https://lichess.org/8KKnVi97#39,
iltR6,8/2p2p2/1ppp1P2/8/1PPKP1k1/P7/8/8 b - - 1 45,g4g5 a3a4 g5f6 a4a5,2104,78,93,63,crushing endgame pawnEndgame quietMove short,https://lichess.org/OcrYsknf/black#90,
iltuN,3r2k1/5p1p/2B2Pp1/p2b2q1/3Q4/6P1/1P5P/5RK1 b - - 2 39,h7h5 f1d1 d8d6 c6d5,2127,75,91,1259,crushing endgame quietMove short,https://lichess.org/a96jkuXr/black#78,
imE8Z,1R6/5p1k/6p1/8/4q3/2Q2nP1/5P2/6K1 w - - 2 51,g1f1 f3d4 c3d4 e4d4,2163,76,93,1950,crushing endgame quietMove short,https://lichess.org/YS1QrQ74#101,
imXAR,3r2k1/R1p3p1/P6p/5p2/3p4/1P6/2r2PPP/R5K1 w - - 1 25,a7b7 d4d3 a1d1 d3d2 g1f1 d8e8 b7b8 e8b8,2152,75,88,311,advancedPawn crushing endgame quietMove rookEndgame veryLong,https://lichess.org/JRq0tHyK#49,
imY98,r5k1/pbpq1r2/np1p2p1/3P1pB1/3Q4/2N5/PPP2P1R/R3K3 b Q - 2 19,a8e8 e1d2 f7h7 a1h1 h7h2 h1h2,2151,76,92,1410,clearance crushing defensiveMove long middlegame quietMove,https://lichess.org/aGb5VFtY/black#38,Modern_Defense Modern_Defense_Other_variations
imbGv,8/2n5/p1K5/1p6/8/P1pkN2P/5PP1/8 w - - 1 41,c6c7 a6a5 g2g4 b5b4 a3b4 a5b4 g4g5 b4b3 g5g6 c3c2 g6g7 c2c1q,2187,76,88,81,advancedPawn advantage endgame knightEndgame promotion quietMove veryLong,https://lichess.org/GSWMkXXQ#81,
in2H3,8/8/6B1/4KPk1/1p3n1p/8/1P6/8 w - - 2 49,g6h7 f4d3 e5e4 d3b2 f5f6 b2c4 h7g8 c4d6 e4f3 g5f6,2160,149,79,24,crushing endgame quietMove veryLong,https://lichess.org/Ye5LkIFu#97,
inWNV,4r1k1/pp4pp/2n2q2/2P2N2/2Pp4/P1B3Q1/1P2b1PP/4R1K1 w - - 2 26,f5d6 e8f8 h2h3 d4c3,2132,77,86,193,advantage middlegame quietMove short,https://lichess.org/yQ0ZUTXn#51,
indvu,5k2/p6p/6p1/1p6/1r2p3/1P2K1P1/P3R2P/8 b - - 0 31,f8e7 e2b2 e7d6 a2a3 b4b3 b2b3,2174,101,88,31,crushing endgame long quietMove rookEndgame trappedPiece,https://lichess.org/6vjDw4Kc/black#62,
inpw9,1r4k1/1b2qpbp/2n3p1/1QNpPp2/1p1P1P2/1P3N1P/3B2P1/5RK1 w - - 5 25,d2b4 b7a8 c5a6 b8b5 b4e7 c6e7,2121,109,86,18,advantage discoveredAttack long middlegame quietMove,https://lichess.org/6BmVTHr9#49,
inu5m,r1b2r2/ppp3k1/7p/4Pp2/5Pp1/2P1q1P1/P1Q1B1P1/3R1K1R b - - 3 21,e3g3 c2c1 b7b5 d1d3 g3d3 e2d3,2197,77,91,391,advantage long middlegame quietMove trappedPiece,https://lichess.org/iM2O0Ep0/black#42,
iofIk,8/8/3R2R1/3p3p/7k/8/1rr3P1/6K1 b - - 2 46,c2d2 d6f6 b2b1 g1h2 b1b4 f6f3,2179,76,94,1299,crushing defensiveMove endgame long quietMove rookEndgame,https://lichess.org/ZDQ7D6e0/black#92,
iohqI,6k1/4rp2/4qQp1/p2pP2p/2pP3P/2P3R1/P4RPK/1r6 w - - 6 36,g3g6 f7g6 f6f8 g8h7 f2f6 e6d7 f6d6 d7e8 f8e8 e7e8,2134,137,11,14,crushing endgame quietMove veryLong,https://lichess.org/k2Fbbrz2#71,
iontY,7k/6pp/pr1P1p2/5N2/8/3K4/P7/8 b - - 2 39,g7g6 d6d7 b6b8 f5d6 h8g7 d6c8,2102,75,94,5476,advancedPawn crushing defensiveMove endgame long quietMove,https://lichess.org/DbH6AegM/black#78,
iouCZ,1k6/4qp1p/pp1n1r2/3B3Q/PP2P2p/3P3P/6r1/1KR4R w - - 2 34,h5h4 d6b5 e4e5 b5a3 b1a1 e7e5 d3d4 e5d5,2190,214,82,8,crushing exposedKing fork middlegame quietMove veryLong,https://lichess.org/fRBXFheS#67,
ipCZs,8/8/7p/P2k1p2/3b3P/5K2/2p5/2B5 w - - 0 42,c1h6 d4b2 a5a6 d5c6 a6a7 c6b7,2140,79,80,59,bishopEndgame crushing endgame long quietMove,https://lichess.org/y2t78d33#83,
ipHNC,8/7p/6pk/8/8/PPQ5/3K4/5q2 b - - 8 40,f1f4 c3e3 h6g5 a3a4 g5f5 e3f4 f5f4 a4a5,2157,80,87,849,crushing defensiveMove endgame queenEndgame quietMove veryLong,https://lichess.org/0C4jFeCz/black#80,
ipOFV,8/6p1/P1n4p/8/2K5/2P5/1P1k4/8 b - - 2 48,h6h5 b2b4 h5h4 b4b5 h4h3 b5c6 h3h2 c6c7 h2h1q c7c8q,2169,81,84,148,advancedPawn crushing endgame knightEndgame promotion quietMove veryLong,https://lichess.org/unDYNVJe/black#96,
ipWNf,8/4rkp1/4P2p/Q4P2/1p4n1/3r4/3q2PP/2R2R1K b - - 0 40,f7g8 c1c8 g8h7 a5a8 g4f2 h1g1,2101,102,86,22,crushing long middlegame quietMove,https://lichess.org/r70pn44M/black#80,
ipzg0,8/4k3/5p2/p1p1p1p1/4b1K1/3B2PP/PPP5/8 b - - 2 30,e4d3 c2d3 e7e6 b2b3 e5e4 d3e4,2118,157,88,6,advantage endgame long quietMove,https://lichess.org/gdCrNy0L/black#60,
iqG3O,3r2k1/4r1p1/p6p/5p2/8/P4PQ1/1P1p2PP/4R2K w - - 0 30,e1d1 d8e8 h2h3 e7e1 h1h2 e1d1,2116,76,85,814,crushing endgame long master queenRookEndgame quietMove,https://lichess.org/dKz9CbgE#59,
iqKix,r1b2rk1/5pp1/p3p2p/1p6/4R3/3B2Q1/q1P2PPP/4R1K1 b - - 1 22,c8b7 e4g4 a2b2 c2c3 b2c3 d3h7 g8h7 g3c3,2185,76,92,5758,advantage discoveredAttack middlegame quietMove veryLong,https://lichess.org/8Q6UBb2C/black#44,
iqXny,8/8/8/ppp5/5k2/PP2p1p1/2P1KpB1/8 w - - 0 55,a3a4 b5b4 g2h3 f4e4 h3f1 e4d4,2186,79,98,53,bishopEndgame crushing defensiveMove endgame long quietMove zugzwang,https://lichess.org/8Q7cYMnJ#109,
iqyXl,q7/2Q2P2/4k1p1/p2p1nBp/2pP4/7P/8/6K1 b - - 0 45,a5a4 g5d8 a8d8 c7d8,2144,80,76,67,crushing endgame quietMove short,https://lichess.org/XF3ZVA9g/black#90,
ir73V,7r/1R4Rp/4PP1k/6p1/8/8/1pr4P/7K w - - 0 36,e6e7 h8a8 g7h7 h6g6,2157,112,83,32,crushing endgame quietMove rookEndgame short,https://lichess.org/9k18ZtsB#71,
irQkc,8/8/P1p5/4N2p/3bP3/6k1/4K3/8 b - - 0 46,h5h4 e5f3 d4c5 e4e5 h4h3 e5e6 h3h2 f3h2,2197,76,93,2547,crushing endgame master masterVsMaster quietMove veryLong,https://lichess.org/BPgp6WNv/black#92,
irUAS,8/5p2/1p6/4kp1p/P1p5/2P1K1P1/1P5P/8 b - - 0 32,f5f4 g3f4 e5d5 f4f5 d5e5 f5f6,2146,77,83,82,advantage endgame long pawnEndgame quietMove,https://lichess.org/UmpispYg/black#64,
irW7u,5r1k/2p3pp/1p6/p2P4/Q7/8/PP3qPP/4R2K w - - 0 28,a4e8 h7h6 e8f8 f2f8,2165,78,91,910,crushing endgame quietMove short,https://lichess.org/hEI3iBE0#55,
irtiN,3r1r2/4Rpk1/p2p3p/1p1Q2p1/3P1p2/3P1P1q/PP3P1P/2R3K1 b - - 11 26,g5g4 c1c7 g7g6 e7f7 f8f7 d5f7,2102,76,87,240,crushing endgame long quietMove,https://lichess.org/ePRsmpXf/black#52,
iryDI,6k1/5pp1/1Q2p2p/p1P1P3/4q3/r6r/5P1P/1R2NR1K w - - 3 34,f2f3 e4e2 e1g2 a3a2 f1g1 e2f3,2113,95,80,34,crushing long middlegame quietMove,https://lichess.org/mdl13ZDb#67,
is3Jr,r4qk1/1pb3p1/2p5/pP6/8/P2nP1PQ/1B1P3P/5RK1 b - - 2 25,f8e7 b2g7 g8g7 h3g4 g7h8 f1f5 e7h7 f5h5,2101,116,57,29,advantage attraction middlegame pin quietMove sacrifice veryLong,https://lichess.org/5rX559ug/black#50,
is4O6,r2q1rk1/pb5p/1p1p2p1/4p1P1/5b1P/2NQ1N2/PPP1B1K1/R6R w - - 0 20,h4h5 d8g5 g2f1 f4e3 d3c4 g8h8,2150,112,81,16,crushing defensiveMove long middlegame pin quietMove,https://lichess.org/2qQHVqcG#39,
isIY7,r2q1rk1/pp3ppp/2n2n2/3pp2b/8/P3PN1P/1PPNBPP1/R2Q1RK1 w - - 0 12,f3e5 h5e2 e5c6 e2d1 c6d8 d1e2 f1e1 e2a6 d8b7 a6b7,2180,88,87,33,advantage opening quietMove trappedPiece veryLong,https://lichess.org/IgQ0EAku#23,Queens_Pawn_Game Queens_Pawn_Game_Chigorin_Variation
isf8m,7r/5pk1/3q2p1/1p1p4/1PpP2b1/2P3P1/2B2PP1/1Q2R1K1 w - - 0 31,b1a2 g6g5 a2a7 d6h6 f2f3 g4f3,2175,104,75,30,advantage clearance endgame long quietMove,https://lichess.org/EsaEqec6#61,
islDU,3r1rk1/1bq1bppp/8/1pp1P3/3p1PN1/8/BPPQR1PP/5RK1 b - - 0 21,b7a6 f4f5 d4d3 c2d3,2189,78,78,60,advantage middlegame quietMove short,https://lichess.org/1RygzTDc/black#42,
isuIi,6k1/pQ4p1/4p2p/4r3/7q/2P5/PP3rP1/5RK1 w - - 0 33,f1f2 e5h5 f2e2 h4h2,2101,115,45,33,advantage endgame quietMove short,https://lichess.org/z9wTmzVG#65,
isyQ7,8/8/p4p2/4k1pp/P2pP3/3K3P/1P3P2/8 b - - 2 39,a6a5 b2b4 a5b4 a4a5 e5d6 d3d4 d6c6 d4c4,2138,75,91,1663,crushing endgame pawnEndgame quietMove veryLong,https://lichess.org/0w2qi5xG/black#78,
itJbu,8/8/7p/4pBp1/4PkP1/p7/Kb6/8 b - - 11 56,h6h5 g4h5 g5g4 h5h6 g4g3 f5h3 g3g2 h3g2,2197,81,87,624,bishopEndgame crushing endgame quietMove veryLong,https://lichess.org/LhC5e8ZH/black#112,
itqdH,4r3/2q1p2k/2N1R1pp/1p1P4/2p5/2Q3P1/r4P1P/6K1 b - - 0 31,c7b6 c3f3 b6f2 f3f2 a2f2 g1f2,2114,73,91,3177,advantage endgame long quietMove,https://lichess.org/6SIGRZ8E/black#62,
ituTa,2r2rk1/Bp1qbppp/4p3/3nP3/8/2N5/PPP3PP/R2Q1RK1 w - - 1 15,c3e4 b7b6 a7b6 d5b6,2167,78,90,1255,crushing middlegame quietMove short trappedPiece,https://lichess.org/opJ7bL2k#29,Sicilian_Defense Sicilian_Defense_Moscow_Variation
iu2BW,8/1p6/p1p1k1p1/B1Pn1p1P/4KPP1/1P6/8/8 w - - 0 44,e4f3 f5g4 f3g4 g6h5 g4g5 h5h4 f4f5 e6e5 a5e1 h4h3,2173,77,91,1401,attraction crushing endgame quietMove veryLong,https://lichess.org/ccNoQiVq#87,
iuJWb,r1r3k1/4qpp1/4p3/3bP1PP/3Np3/1p2Q3/PP6/1K1R3R w - - 0 26,a2a3 a8a3 b2a3 e7a3 h1h2 c8a8 d4b3 d5b3,2151,79,90,4154,crushing master middlegame quietMove sacrifice veryLong,https://lichess.org/NOsNYSHs#51,
iuTRB,6k1/5pp1/8/7p/1p1Pr3/4Nq2/1Q3P2/1R4K1 w - - 4 38,b2b4 e4h4 b4b8 g8h7 e3g2 h4g4 b8h2 h5h4 h2h4 g4h4,2127,86,82,61,advantage endgame quietMove veryLong,https://lichess.org/ZU5vN0fc#75,
iuzZN,r4rk1/1p3p2/nqpp1bpp/3Pp2P/p3P3/P1N2B2/1PPQ1PP1/2KR3R w - - 0 16,d2h6 b6d8 c1b1 f6g5,2113,75,93,4757,advantage middlegame quietMove short,https://lichess.org/k90OnDcu#31,Indian_Defense Indian_Defense_Pawn_Push_Variation
iv9Vb,2r2rk1/1bq1np1p/p3pQp1/1p1pN3/1P6/2PB4/P4PPP/4RRK1 b - - 5 20,e7c6 e5g4 h7h5 g4h6 g8h7 e1e6,2147,138,54,10,crushing kingsideAttack long middlegame quietMove,https://lichess.org/JfYhDEtJ/black#40,
ivO1Y,8/p4pkp/b1p1P1p1/2Q1P3/6q1/8/PP2pB1P/2R4K w - - 0 32,c5c6 a6d3 e6e7 d3e4 c6e4 g4e4,2128,83,75,36,crushing endgame fork long quietMove,https://lichess.org/OJspANeZ#63,
ivlsJ,8/5p2/p1k3pp/P7/1PK2P2/8/7P/8 w - - 0 35,h2h4 f7f6 f4f5 g6g5 h4g5 h6g5,2184,75,94,5085,crushing endgame long pawnEndgame quietMove,https://lichess.org/7cwo18OM#69,
iwj2b,r1b2r2/pp1p1pkp/5np1/1q2p3/P3P3/3PB3/1PP2PPP/R2Q1RK1 b - - 0 13,b5b2 d1d2 f6g4 f1b1 b2a1 b1a1,2126,75,92,7422,advantage clearance long middlegame quietMove trappedPiece,https://lichess.org/H5G7NGvL/black#26,Sicilian_Defense Sicilian_Defense_Nyezhmetdinov-Rossolimo_Attack
ix9j6,3k4/6K1/2Pb3p/4pB2/6P1/8/8/8 b - - 8 61,d8c7 f5e4 c7b6 g7h6,2137,75,94,3212,bishopEndgame crushing endgame master quietMove short,https://lichess.org/6Aw7X0YC/black#122,
ixnNI,2r5/2pkn1pr/p2pq3/1p6/1P2P1p1/P3B3/2QN1PP1/2R2RK1 w - - 0 23,e4e5 c8h8 c2c7 d7e8 f2f4 g4g3 c7b8 e8f7 b8h8 h7h8,2134,75,93,9682,advantage middlegame quietMove veryLong,https://lichess.org/5dvI1wsV#45,
ixpwa,8/5kpp/Q2bp3/3n1p2/1P1Pp3/P3P2P/1B3PPq/4NK2 w - - 1 30,b2c1 d5c3 f2f4 e4f3 e1f3 h2h1,2190,75,74,115,crushing enPassant endgame long master quietMove,https://lichess.org/yYWYdZCd#59,
iy6Gm,8/7p/p7/P3pk2/2Kp1p1P/8/3N4/8 w - - 1 48,c4d5 d4d3 h4h5 h7h6 d2e4 f4f3 e4f2 d3d2,2193,100,52,27,advancedPawn crushing endgame knightEndgame quietMove veryLong zugzwang,https://lichess.org/oIpyWeFe#95,
iyAiG,4r3/pp3kpp/2pP4/8/2P5/4R3/2P2PPP/6K1 w - - 1 27,c4c5 e8e3 f2e3 a7a5 g1f2 a5a4 f2e2 a4a3,2194,90,100,34,crushing endgame quietMove rookEndgame veryLong,https://lichess.org/WJAGn4d9#53,
iyGiS,8/p3p3/5bp1/4p2p/2P1N3/1P3P2/P5kP/2K5 b - - 0 26,g2f3 c4c5 f3e4 c5c6,2186,80,90,687,crushing endgame quietMove sacrifice short,https://lichess.org/f98HJ2EP/black#52,
iyPpK,8/6p1/1k5p/8/2K1P2P/8/8/8 b - - 0 48,b6c6 h4h5 c6d6 c4d4 g7g5 h5g6,2133,78,95,572,crushing enPassant endgame long pawnEndgame quietMove,https://lichess.org/iC2RJAj6/black#96,
iyQTx,8/p7/8/P6k/2P2Kp1/8/8/8 b - - 1 44,h5h4 c4c5 g4g3 f4f3 h4h3 c5c6 g3g2 c6c7 g2g1r c7c8q,2170,76,87,395,advancedPawn crushing endgame master pawnEndgame promotion quietMove veryLong,https://lichess.org/WFETOCYL/black#88,
iysa4,8/ppk2pr1/2p4q/3p1Q2/P2P1P2/1P2P3/5K2/R7 w - - 2 35,f5e5 c7b6 a1h1 h6g6 e5g7 g6g7,2181,282,82,4,crushing defensiveMove endgame long quietMove,https://lichess.org/Inf6ABqu#69,
izYpP,8/2n2N2/4pPP1/3pP3/1p1P4/p7/K1k5/8 w - - 1 55,g6g7 c7b5 g7g8q b4b3 a2a1 b3b2 a1a2 b2b1q,2119,72,93,153374,advancedPawn endgame exposedKing knightEndgame mate mateIn4 promotion quietMove veryLong,https://lichess.org/jWMsIenh#109,
izpAX,8/8/2bP1pk1/2P4p/3K4/5P1P/6P1/8 w - - 4 44,f3f4 h5h4 d4e3 g6f5,2128,94,77,35,bishopEndgame crushing endgame quietMove short zugzwang,https://lichess.org/ewg3AGwr#87,
j0ra3,8/1p6/3B4/2P5/P2n2k1/7p/7K/8 b - - 8 50,d4e2 d6e5 g4f5 c5c6 b7c6 a4a5 c6c5 a5a6 f5e5 a6a7 c5c4 a7a8q,2170,99,32,35,advancedPawn crushing endgame promotion quietMove sacrifice veryLong,https://lichess.org/LVr16FMs/black#100,
j12EQ,2k5/pp6/8/2p5/4P3/3p2P1/5P1P/5K2 w - - 0 34,f1e1 a7a5 e1d2 c5c4,2106,176,33,8,crushing defensiveMove endgame pawnEndgame quietMove short,https://lichess.org/5Ar6YmW1#67,
j1AcX,7k/1p4p1/p1b4p/2R1p3/2Q5/P3P1BP/1q3PPK/3r4 w - - 0 35,c5e5 b2b1 g3h4 d1h1 h2g3 b1g1,2150,161,86,7,advantage clearance endgame long master quietMove,https://lichess.org/1qLHBQTE#69,
j1RSo,8/3k1p1p/1p1P2p1/p2K4/5PPP/P7/8/8 b - - 0 49,f7f5 g4f5 g6f5 a3a4 h7h5 d5e5 b6b5 a4b5 a5a4 b5b6 a4a3 b6b7,2134,126,82,15,advancedPawn crushing endgame pawnEndgame quietMove veryLong,https://lichess.org/GPY9c3qW/black#98,
j1Zla,8/8/2p5/6K1/p3kR1P/2r5/8/8 b - - 6 49,e4d3 f4f3 d3c4 f3c3 c4c3 h4h5 a4a3 h5h6 c3c2 h6h7 a3a2 h7h8q,2194,77,90,389,advancedPawn crushing endgame promotion quietMove rookEndgame veryLong,https://lichess.org/AvwzBSPy/black#98,
j1aCY,6k1/2q3r1/p1p4p/1p1p1p2/PP1P1P2/4PK2/2Q4P/4R3 w - - 0 34,a4b5 c7f7 f3e2 g7g2 e2d1 g2c2,2191,75,84,105,crushing endgame long quietMove skewer,https://lichess.org/Eqk0Fjf6#67,
j1feG,6k1/4q1pp/p2rP1r1/2p3N1/8/7P/1PQ2PP1/4R1K1 w - - 7 29,c2c5 g6g5 c5g5 e7g5 e6e7 d6d8 e7d8r g5d8,2111,75,93,3923,crushing endgame quietMove veryLong xRayAttack,https://lichess.org/hFEH89Ir#57,
j23r4,2nB4/8/1p2p3/1P1pP3/3Pp1k1/4P3/6PK/8 w - - 9 47,d8f6 c8a7 f6d8 a7b5 d8b6 b5a3 b6a5 a3c4 a5c3 c4e3,2187,75,93,1316,crushing endgame quietMove veryLong,https://lichess.org/nhlUEjTZ#93,
j27uA,8/8/5Kpp/8/8/8/5kPP/8 b - - 6 48,g6g5 g2g4 f2f3 f6f5 f3g2 f5g6,2153,80,92,1634,crushing endgame long pawnEndgame quietMove zugzwang,https://lichess.org/DKgYDQpy/black#96,
j2Ozx,8/1p5p/p3k1p1/1PP2p2/P3p3/r5P1/5P1P/1R3K2 b - - 0 36,a3a4 c5c6 b7b6 b1c1 a6b5 c6c7,2125,74,93,5937,advancedPawn crushing endgame long quietMove rookEndgame,https://lichess.org/nypvL6EH/black#72,
j2mdH,8/5k2/5p2/2pPp3/4P1K1/5P2/2r5/3R4 w - - 16 48,g4f5 c2g2 f3f4 g2f2 f5g4 f2f4,2149,76,91,658,crushing endgame long master quietMove rookEndgame,https://lichess.org/p8nRWzuF#95,
j38t6,8/b4pp1/8/1P3P2/P3K1k1/7p/8/5B2 b - - 0 56,a7b6 e4d5 h3h2 f1g2 g4f5 d5c6,2197,77,83,65,bishopEndgame crushing endgame long quietMove,https://lichess.org/6U0hwPxf/black#112,
j3Eah,3r3r/p4pk1/1pqb1pp1/2p5/2P5/1PQ2RNP/P4PP1/4R1K1 b - - 1 29,d6e5 e1e5 f6e5 c3e5 g7g8 g3f5 g6f5 f3g3,2101,178,83,7,clearance crushing middlegame quietMove sacrifice veryLong,https://lichess.org/jjFwKInw/black#58,
j3Kpp,8/5p1p/3kp1p1/p2p4/Pp3PP1/1P1KP3/7P/8 b - - 0 36,d6c5 g4g5 c5d6 d3d4 d6c6 d4e5,2174,80,91,3138,crushing endgame long master pawnEndgame quietMove zugzwang,https://lichess.org/WK7Q88Jo/black#72,
j3cgs,8/6p1/5p1p/8/Kpk5/5P1P/P5P1/8 b - - 2 51,g7g5 g2g4 c4c5 a4a5,2128,76,92,634,crushing endgame pawnEndgame quietMove short zugzwang,https://lichess.org/4TFKsF9T/black#102,
j46SB,1r1r1kb1/3p4/3N2p1/1pK1Pp1p/p1p2P1P/P1P3P1/1P2R3/4R3 w - - 10 37,d6b5 d8c8 c5b4 g8d5 e2d2 d5c6,2117,76,84,171,advantage endgame long quietMove,https://lichess.org/Rfi7CMID#73,
j4Clc,1r1q1r1k/5BbP/1n1p4/2p3B1/3nP3/2N3QP/1P4P1/5RK1 b - - 2 24,g7e5 g3h4 b6d7 g5d8,2124,76,90,376,advantage master middlegame quietMove short,https://lichess.org/ZwmKS4PG/black#48,
j4hcC,8/1kp5/p4R1P/7r/6P1/8/8/6K1 b - - 0 40,h5g5 f6f4 g5g6 h6h7 g6h6 f4f7,2130,93,79,36,advancedPawn crushing endgame long quietMove rookEndgame,https://lichess.org/H7bqqXmg/black#80,
j5LwI,8/7p/1p6/4kpp1/1PP5/4K1P1/7P/8 w - - 0 40,c4c5 b6c5 b4c5 e5d5 h2h4 h7h6 c5c6 d5c6,2108,78,91,539,crushing endgame pawnEndgame quietMove veryLong,https://lichess.org/IJeg2xcU#79,
j5cds,8/5pk1/p2R3p/1p3P2/3K2PP/1P6/1r6/8 w - - 0 44,h4h5 b2d2 d4c5 d2d6 c5d6 a6a5 d6e5 f7f6,2109,114,19,16,crushing endgame quietMove rookEndgame veryLong,https://lichess.org/ftsZxj54#87,
j5l96,r5k1/5pp1/2pbpn1p/p7/2Bq1P2/6PP/P2BQ3/K2RR3 w - - 0 24,d2c3 d4c3 e2b2 d6b4 b2c3 b4c3,2178,77,88,622,crushing hangingPiece long middlegame quietMove,https://lichess.org/zuh5iMnX#47,
j5tiJ,r4rk1/pp6/2nq2Pp/3p1p1Q/3P4/4P1R1/PP4RP/6K1 b - - 1 24,a8c8 h5h6 c8c7 g3h3 d6f6 g6g7 c7g7 g2g7 f6g7 h3g3,2175,77,89,1434,advancedPawn crushing exposedKing middlegame pin quietMove veryLong,https://lichess.org/vzv2pHuU/black#48,
j6aQN,8/8/1p2k1p1/p2p4/P2K1P1P/1P6/8/8 b - - 0 45,e6d6 f4f5 g6f5 h4h5 d6e6 h5h6 e6f6 d4d5,2136,75,93,418,crushing endgame master pawnEndgame quietMove veryLong,https://lichess.org/I1sjTS4m/black#90,
j6wj8,8/8/2k2Kp1/p5Pp/P1P2p2/8/6P1/8 w - - 0 47,f6g6 h5h4 g6h7 f4f3 g2f3 h4h3,2104,77,93,5646,crushing endgame long pawnEndgame quietMove,https://lichess.org/inpcuDIf#93,
j71tG,4Q3/kbp5/p5p1/P6p/1P6/3p2q1/5RP1/6K1 w - - 2 38,e8e1 b7g2 f2e2 g3e1 e2e1 g2f3 g1f2 d3d2,2193,75,86,90,advancedPawn crushing endgame quietMove veryLong,https://lichess.org/XRGQ0EYc#75,
j74vx,8/7p/1p4k1/p1p1p3/P5PK/1P1P4/2P5/8 b - - 5 55,h7h6 c2c3 g6f6 h4h5 f6g7 g4g5 h6g5 h5g5,2108,84,90,2562,crushing endgame pawnEndgame quietMove veryLong zugzwang,https://lichess.org/LV3Knag6/black#110,
j7ODm,7r/2p3k1/3b1p2/1p3P2/8/2P2p2/BPQ2P2/5K2 w - - 0 38,f1e1 d6f4 c2d3 h8h1 d3f1 f4d2 e1d2 h1f1,2107,74,94,7640,advantage endgame pin quietMove veryLong,https://lichess.org/razEZgOD#75,
j7S74,8/8/6p1/3k1p1p/1Pp2P1P/5P2/3K4/8 b - - 0 48,d5d4 d2c2 c4c3 b4b5 d4c5 c2c3,2120,75,87,263,crushing endgame long pawnEndgame quietMove zugzwang,https://lichess.org/ErGR8S1r/black#96,
j7WQa,8/1p5p/3k2p1/3Pp3/1P2K3/7P/6P1/8 b - - 0 31,b7b5 h3h4 h7h6 g2g4 d6d7 e4e5,2187,80,49,61,crushing endgame long pawnEndgame quietMove zugzwang,https://lichess.org/kUKCMlNY/black#62,
j7nch,4Q3/2q2pkp/6p1/p7/2P2P2/3P2P1/4PK1P/8 w - - 0 42,e8e5 c7e5 f4e5 a5a4 c4c5 g7f8 f2e3 a4a3 e3d4 a3a2,2111,78,90,2331,advancedPawn crushing endgame queenEndgame quietMove veryLong,https://lichess.org/4YjriEZw#83,
j8s5K,8/8/p5pp/3k4/1p1Pp2P/1P2K3/P4PP1/8 w - - 0 37,g2g4 g6g5 h4h5 a6a5 e3e2 d5d4,2147,77,92,369,crushing endgame long pawnEndgame quietMove zugzwang,https://lichess.org/vQox7cTF#73,
j9fAc,1br1Q1k1/pp3pp1/2p3n1/6B1/1PP5/7q/3Q1Pp1/2R1R1K1 b - - 0 30,c8e8 e1e8 g8h7 f2f4 h3h1 g1f2 h1h2 c1g1,2105,78,83,179,advantage clearance fork middlegame quietMove veryLong,https://lichess.org/VyEpc22a/black#60,
j9k4Q,3B4/8/3n2kP/1p2p1P1/p3P3/2K5/1P6/8 w - - 1 45,d8f6 d6e4 c3b4 e4f6 g5f6 e5e4 f6f7 g6f7,2152,76,92,6487,crushing endgame master quietMove veryLong,https://lichess.org/FuqwTuqT#89,
j9qGt,r1b1Qnk1/2q3p1/2p2b2/2PpN3/5P2/2p1P1R1/P1B3PP/5RK1 w - - 0 30,e5g6 c8b7 g6e7 c7e7 e8e7 f6e7,2122,76,86,209,advantage long middlegame quietMove,https://lichess.org/RlYxvSTB#59,
j9qJV,r2q2rk/p4p1p/4pPp1/1pp3Q1/P2pPP2/8/1PP3PP/R1B2K2 b - - 0 24,a7a6 a1a3 d4d3 a3d3,2137,75,82,293,crushing endgame quietMove short,https://lichess.org/BEbdWHGe/black#48,
j9qwr,8/8/p1Q2nk1/1p1p1n1p/2pP4/2P2B1P/PP4P1/4r1K1 w - - 6 37,g1h2 h5h4 g2g4 h4g3,2151,75,85,306,advantage enPassant endgame master quietMove short,https://lichess.org/AfOCz6fy#73,
j9sSD,6k1/3R4/6p1/p6p/P1r4K/5R1P/5PP1/1r6 w - - 0 43,h4g3 h5h4 g3h2 c4c1 d7d8 g8g7 f3f7 g7f7,2121,80,92,2419,crushing endgame quietMove rookEndgame veryLong,https://lichess.org/qZ05fRLt#85,
jACXO,5rk1/pp3pnp/4pnp1/q7/5BP1/2PQ3P/P5B1/5RK1 b - - 0 28,a5b6 f4e3 f8d8 d3e2 b6c7 f1f6,2149,73,93,4256,advantage defensiveMove long middlegame quietMove,https://lichess.org/UszrTz13/black#56,
jAIvs,8/2r3Bk/p4P1P/1p2p2R/1P3pK1/r2pb1P1/8/3B4 b - - 1 42,a3a1 d1f3 c7c4 f6f7,2162,91,83,57,advancedPawn crushing endgame quietMove short,https://lichess.org/aHRYZrPx/black#84,
jAWTW,1Q1k2r1/1p2n2r/8/5p2/2N1p3/P3P1p1/6K1/8 b - - 3 40,d8d7 b8d6 d7e8 c4e5 h7h2 g2g1,2127,75,90,321,crushing endgame long quietMove,https://lichess.org/ZOBC5joG/black#80,
jAaPd,5rk1/7p/2p3p1/2Pp1pq1/3P4/1R1Q1P1P/r5P1/4R1K1 w - - 2 29,e1e2 g5c1 g1f2 a2a1 f3f4 c1f4,2145,87,69,29,crushing endgame long quietMove,https://lichess.org/qgfbQjCi#57,
jAbLz,8/8/1p6/p1b3kp/P1Pp4/3Kp3/2P5/1R6 w - - 4 54,c2c3 d4c3 d3c3 h5h4 c3d3 h4h3,2125,163,100,7,advantage endgame long quietMove,https://lichess.org/RiRFRQ0a#107,
jAedd,8/2p4p/8/7k/5K2/8/1PP5/8 b - - 1 42,h5h4 b2b4 h4h5 f4f5 h5h6 f5f6,2162,79,68,47,crushing defensiveMove endgame long pawnEndgame quietMove,https://lichess.org/75FAwzxe/black#84,
jAkxR,6k1/5r1p/1p4p1/3p1P2/8/1PpB3P/r1P5/2K1RR2 w - - 0 30,c1b1 f7a7 e1e8 g8f7 f5g6 f7e8,2129,109,78,25,advantage endgame long quietMove,https://lichess.org/SzfAKP1X#59,
jAlDQ,3r2r1/p6p/2k1n3/2ppBqp1/2P5/4Q2P/3N1PP1/1R4K1 b - - 0 31,d5d4 e3b3 f5e5 b3b7 c6d6 d2e4 e5e4 b7e4,2157,75,94,7145,advantage middlegame quietMove sacrifice veryLong,https://lichess.org/PhudOwU9/black#62,
jBItK,r1bqr1k1/ppp2p2/1b1p1n1Q/6N1/4PR2/3P4/PPP3PP/7K b - - 0 17,b6d4 f4h4 f6d5 h6h7 g8f8 h7f7,2144,76,94,6446,kingsideAttack long mate mateIn3 middlegame quietMove,https://lichess.org/pVoqD1ia/black#34,Vienna_Game Vienna_Game_Max_Lange_Defense
jBsuk,7k/pppb2pp/5r2/3Bp3/2Pb3q/8/PP2QPPP/R4RK1 w - - 6 21,d5b7 f6h6 h2h3 d7h3,2153,85,83,29,crushing middlegame quietMove short,https://lichess.org/x6vd0fbh#41,
jBwvb,2kr2r1/1pp5/p7/4R2p/P1P1P3/4Bb2/1PP2P1K/R7 w - - 0 22,a1g1 g8g1 h2g1 d8d1 g1h2 h5h4 e5e8 c8d7 e8d8 d7d8,2140,77,91,526,attraction crushing endgame exposedKing quietMove veryLong,https://lichess.org/bAmGxQoY#43,
jC733,8/2P5/1K2b3/3k4/P7/8/8/8 b - - 4 65,d5d6 b6b7 d6c5 a4a5 c5b5 a5a6,2196,77,75,355,bishopEndgame crushing endgame long quietMove,https://lichess.org/m9WAIGJQ/black#130,
jCVxu,1k6/1B1K4/p7/4p3/PPRb1p2/7p/1r6/8 b - - 0 44,d4b6 b7d5 b8a7 c4c8,2149,272,33,39,crushing defensiveMove endgame master quietMove short,https://lichess.org/26L5CCHc/black#88,
jCwQs,5k2/8/5p2/8/3P1P1P/r1K1P1R1/6p1/8 w - - 0 71,c3d2 a3a1 g3g2 a1a2 d2d3 a2g2,2132,75,94,2291,crushing endgame long quietMove rookEndgame skewer,https://lichess.org/3vj3UQ5O#141,
jD5jb,8/8/8/4R2P/8/2p4r/5K2/2k5 w - - 6 51,f2g2 h3d3 g2f2 c3c2,2105,75,87,209,advancedPawn crushing endgame quietMove rookEndgame short,https://lichess.org/u8iANCU4#101,
jDQnQ,8/6p1/pp2k2p/3pP3/3K4/P1P3PP/8/8 b - - 0 37,g7g6 a3a4 h6h5 h3h4 a6a5 c3c4 d5c4 d4c4,2198,80,91,789,crushing endgame master pawnEndgame quietMove veryLong zugzwang,https://lichess.org/O0oCkWYK/black#74,
jDUWB,8/6pk/6p1/7p/P1Q5/2PK1Pq1/8/8 w - - 0 47,c4e4 h5h4 d3e2 h4h3 f3f4 h3h2,2127,77,90,1791,advancedPawn crushing endgame long queenEndgame quietMove,https://lichess.org/kc10ftaU#93,
jDVi2,4r3/pB1Rrp1k/2P3pP/1P6/8/P7/8/5K2 b - - 6 40,h7h6 d7e7 e8e7 a3a4 h6g7 a4a5,2182,77,90,1371,crushing endgame long quietMove,https://lichess.org/LcOPRq7k/black#80,
jDmKi,6k1/4pr1p/2p1Q1p1/3n4/1p6/3PN3/1Pq2PPP/5RK1 b - - 2 24,c2d3 e3g4 d3d2 g4e5,2126,86,83,31,advantage endgame quietMove short,https://lichess.org/IAv5xl62/black#48,
jDp5Y,8/7p/1p3kp1/8/1P1p4/P6P/5KP1/8 w - - 2 39,f2e2 b6b5 e2d3 f6e5 a3a4 b5a4,2131,75,95,1446,crushing endgame long pawnEndgame quietMove,https://lichess.org/gsAHmFer#77,
jE4es,1k1q4/2p3p1/p2pQn1r/1p2p3/2P1P3/3PP1p1/PP1N2P1/R4RK1 w - - 1 20,c4b5 d8h8 e6h3 h6h3 g2h3 h8h3,2139,92,91,58,crushing long middlegame quietMove,https://lichess.org/pjFZa7RZ#39,
jEQYh,5N2/p7/6p1/1p2Kp1k/1P5P/2Pb4/7P/8 w - - 3 46,e5f6 f5f4 f8e6 h5g4,2115,77,91,2712,crushing endgame master masterVsMaster quietMove short,https://lichess.org/Y5hPb0h8#91,
jEXGq,r3k1r1/pq1n1p2/1p1Q1n2/4p2p/2P4P/1P3PP1/PB2P1K1/2R2R2 b q - 0 24,a8d8 b2a3 d7c5 d6f6,2143,73,94,9468,advantage middlegame quietMove short,https://lichess.org/mrojqxI9/black#48,
jEo4a,6rk/8/2Qp1r2/2p1pBq1/4Ppp1/2PP1P1P/PP4R1/6K1 w - - 0 35,h3g4 f6h6 g2h2 h6h2,2182,78,90,841,advantage endgame master quietMove short,https://lichess.org/fJqSgzli#69,
jEyZh,2Q1kr1r/p1p5/2Pb4/3N1p1p/P2Pp3/8/1PP2P1q/1K1R4 b - - 8 25,e8f7 c8f5 f7g7 f5g5 g7h7 d1g1 h2g1 g5g1,2171,74,96,2028,advantage exposedKing middlegame quietMove veryLong,https://lichess.org/srJ2kHgY/black#50,
jF30P,q5k1/2Bb1ppp/P3p3/Qp1pP3/8/P5P1/5P1P/6K1 b - - 2 40,d7c8 c7b8 h7h5 a5d8 g8h7 d8c8,2167,76,86,156,clearance crushing endgame fork long quietMove,https://lichess.org/OvjLPeis/black#80,
jFNZg,5rk1/p5pp/2pp1r2/2p1p3/2P1N1q1/1P1PPnP1/P3QR1P/3R3K b - - 10 24,f6h6 d1f1 h6h2 f2h2 f3h2 f1f8,2103,75,89,899,crushing long middlegame quietMove,https://lichess.org/Rlyewl5G/black#48,
jFZDY,4r1k1/pp2r2p/2p1P1p1/3p3q/3Q4/8/P4R1P/4R2K b - - 3 33,e7e6 e1e6 e8e6 d4f4 e6e1 h1g2 h5f5 f4b8,2125,78,93,8252,advantage endgame quietMove veryLong,https://lichess.org/qGancBMo/black#66,
jFaFO,8/ppp5/3k4/5p1p/1PPK1P1P/P7/8/8 b - - 0 36,b7b6 b4b5 d6e6 c4c5 b6c5 d4c5,2156,150,100,10,crushing endgame long pawnEndgame quietMove zugzwang,https://lichess.org/HnT9zNv1/black#72,
jG4Yg,8/6kp/BP4p1/p1p1np2/2Pr3P/3pK1P1/5P2/3R4 b - - 4 32,e5c4 a6c4 d4c4 d1b1 c4d4 b6b7 d3d2 b7b8q,2108,75,97,545,advancedPawn advantage endgame promotion quietMove veryLong,https://lichess.org/YCmUenMA/black#64,
jG5jP,8/8/8/3K2p1/5k2/8/5P2/8 w - - 0 58,d5d4 g5g4 d4d3 f4f3 d3d2 f3f2,2139,80,99,312,crushing endgame long pawnEndgame quietMove,https://lichess.org/rRZSX0yv#115,
jGAEJ,8/6K1/1k1p1p1p/p2PbR2/P7/5P2/8/8 w - - 1 45,f5f6 h6h5 g7g6 e5f6,2183,75,100,161,crushing endgame pin quietMove short,https://lichess.org/zyTONX1u#89,
jGERK,8/7p/4k3/6p1/3PP3/5KP1/pr3P1P/R7 w - - 1 36,f3g2 g5g4 h2h3 h7h5,2180,76,90,215,crushing defensiveMove endgame quietMove rookEndgame short,https://lichess.org/PY3rWgwU#71,
jH6z2,8/3k4/4bp2/1R5p/5K1P/1p6/8/8 w - - 9 71,b5h5 e6c4 h5h8 d7c7,2102,128,45,29,crushing defensiveMove endgame master quietMove short,https://lichess.org/edC6KKGp#141,
jHSWX,3r4/7R/p4kp1/3P4/2p2PK1/1pb5/8/3R4 b - - 1 49,c3b2 d1e1 d8d5 e1e7 g6g5 h7f7 f6g6 f4f5 d5f5 f7f5,2181,156,77,28,crushing endgame quietMove veryLong,https://lichess.org/8cN96L3h/black#98,
jHdke,2R5/7k/3p2p1/3P2B1/P6P/8/2p3PK/3q4 b - - 0 36,d1d5 g5f6 d5g8 c8g8,2113,76,86,188,crushing endgame quietMove short,https://lichess.org/BcTtxz0P/black#72,
jI35U,3r3k/R5p1/7p/1p3n2/6Q1/1q2B2P/5PP1/2Rr2K1 w - - 1 27,c1d1 d8d1 g1h2 b3b1 g4d1 b1d1,2193,108,100,24,crushing long middlegame quietMove,https://lichess.org/TEB9krzK#53,
jILbD,r3r1k1/1b1p3p/pp2p3/4R3/1B6/P2P2P1/8/4KR2 b - - 0 25,a8c8 e5g5 g8h8 b4d6 c8c5 d6c5,2162,89,78,60,advantage endgame long quietMove,https://lichess.org/qtxfknnp/black#50,
jJBx4,1r4k1/1q3pp1/p6p/3p1Q2/2pP4/1rP3P1/1P2R2P/1R4K1 b - - 0 29,b3c3 b1e1 c3g3 h2g3,2104,77,89,554,crushing endgame quietMove short,https://lichess.org/CT4ktATL/black#58,
jJF7u,8/6p1/2p4p/p5kP/P3p1P1/1P4K1/2P5/8 w - - 0 41,c2c3 c6c5 c3c4 e4e3 g3f3 e3e2 f3e2 g5g4,2113,169,33,30,advancedPawn crushing deflection endgame pawnEndgame quietMove veryLong zugzwang,https://lichess.org/ABz8dtYq#81,
jJNV8,1k6/1p6/8/4Q2p/5P2/7q/2P1K3/8 b - - 1 37,b8a7 e5e3 h3e3 e2e3 a7b6 f4f5 b6c6 e3f4,2178,82,79,71,crushing defensiveMove endgame master queenEndgame quietMove veryLong,https://lichess.org/GqqvXau7/black#74,
jJRPS,8/8/p1p3K1/5p2/1PPp1k1P/3P4/8/8 b - - 2 49,f4g4 h4h5 f5f4 h5h6 f4f3 h6h7 f3f2 h7h8q f2f1q h8d4,2171,81,84,47,advancedPawn crushing endgame pawnEndgame promotion quietMove veryLong,https://lichess.org/we1iHnJu/black#98,
jJWAt,r5k1/1R6/4pb2/q1Pp1p1p/3P2p1/4P1P1/2Q2PPN/6K1 w - - 1 29,c5c6 a5e1 h2f1 a8a1 c2d3 a1a2 g1h2 e1f2,2125,78,83,52,clearance crushing endgame quietMove veryLong,https://lichess.org/N2Ge567f#57,
jJwd9,2r2r1k/1p4Rp/p3Q3/P6P/1q2p3/4pP2/1P6/R6K b - - 0 30,b4b2 a1g1 b2g7 g1g7,2128,77,91,68,crushing endgame master masterVsMaster quietMove short,https://lichess.org/e7YSfdUW/black#60,
jKD4w,8/6Bp/4k1p1/2bp4/1p4P1/1P1K1P1P/8/8 w - - 1 45,g7d4 c5d4 d3d4 g6g5 f3f4 g5f4,2126,94,100,22,bishopEndgame crushing endgame long quietMove,https://lichess.org/Oax8Iv3S#89,
jKXjZ,8/5ppk/7p/2Q5/4q3/1R1n2P1/4rP1P/5RK1 w - - 12 35,c5c3 d3e1 c3e1 e2e1 f1e1 e4e1,2149,76,95,3007,crushing endgame long quietMove,https://lichess.org/U6UMWKXk#69,
jKcNh,r2q2k1/1p1b1pp1/p1n5/3p1pP1/3P1P2/2P4Q/PP4P1/2KR4 b - - 0 22,g7g6 d1h1 f7f6 h3h7,2143,77,90,699,advantage endgame quietMove short,https://lichess.org/Bbe9rScj/black#44,
jKt9m,2r2rk1/p4p1p/5p2/3p1P2/4pR2/2q3P1/P1P1Q2P/5RK1 b - - 3 21,c3c2 e2h5 f8e8 h5h6 c2e2 h2h3 c8c3 f4g4 e2g4 h3g4,2158,115,75,15,crushing endgame quietMove veryLong,https://lichess.org/c3iMzNVW/black#42,
jL1Hn,2r2rk1/1p3p1p/p1p3pQ/4q3/8/P3R3/1P3RPP/6K1 b - - 1 30,e5c5 e3h3 c5c1 h6c1,2156,76,86,56,crushing endgame quietMove short,https://lichess.org/b7XWhTp9/black#60,
jL7KY,8/8/5k2/5P2/1ppK2p1/3n2P1/1P6/3N4 b - - 2 43,d3b2 d1b2 c4c3 b2d3 c3c2 d3c1 f6f5 d4d5,2123,136,85,13,crushing defensiveMove endgame hangingPiece knightEndgame quietMove veryLong,https://lichess.org/nT9HESbm/black#86,
jLBMV,8/8/3k2pp/3p1P2/3K2PP/8/8/8 b - - 0 45,g6g5 h4h5 d6c6 d4e5,2194,76,94,7969,crushing endgame pawnEndgame quietMove short zugzwang,https://lichess.org/DI71hHOK/black#90,
jLs2Q,8/1r6/5p1k/2qPp1p1/R1p1P1Pp/2P2P1P/3Q2K1/8 w - - 4 56,d5d6 b7b1 d2f2 c5d6,2132,97,85,34,crushing endgame quietMove short,https://lichess.org/HtJ9tTzC#111,
jLxbL,r6k/pppNb2p/5pr1/5Q1p/3pP2P/3P4/qPPB1P2/2KR3R w - - 0 26,d2f4 e7b4 c2c3 d4c3,2152,76,96,690,crushing middlegame quietMove short,https://lichess.org/LV2kv4FN#51,
jM2Yr,6rk/Q5pp/2p5/8/3P1q2/P6R/6PK/8 w - - 2 29,h2g1 g8b8 a7b8 f4b8,2181,80,79,67,crushing endgame quietMove short,https://lichess.org/rjehN8Fm#57,
jMK3y,8/8/p7/3k2p1/6P1/P2K4/8/8 w - - 0 49,a3a4 a6a5 d3c3 d5c5,2169,78,90,113,crushing defensiveMove endgame pawnEndgame quietMove short zugzwang,https://lichess.org/rXSo0HwK#97,
jMOlC,8/8/1pk3p1/5p1p/2K4P/4P1P1/5P2/8 w - - 8 52,c4b4 b6b5 f2f3 c6b6,2152,90,89,688,crushing defensiveMove endgame pawnEndgame quietMove short,https://lichess.org/JtchAHmb#103,
jMbFB,8/4r2q/Q1p4k/2PbB1pp/8/P1P2p2/5P1P/4R1K1 b - - 0 32,e7e5 e1e5 h7d7 a6f1 d7g4 g1h1,2198,212,-100,14,advantage endgame hangingPiece long quietMove,https://lichess.org/pCsf6IrB/black#64,
jMuUq,r1b4k/2p2r1p/1pPp2q1/pP1Pp1pn/P3P1n1/2N1NP2/4BQKR/7R w - - 0 33,e3g4 c8g4 g2g1 a8f8 f3g4 f7f2,2117,101,79,23,advantage clearance long middlegame quietMove,https://lichess.org/2tZdMXXy#65,
jNN4G,5k2/4b3/p2p2p1/1npPp1P1/6P1/2P1B1N1/P1K5/8 b - - 2 33,c5c4 e3b6 f8e8 a2a4 b5c3 c2c3,2150,90,78,54,crushing endgame long quietMove,https://lichess.org/ROrNU8AK/black#66,
jNkHm,8/1KP5/8/4kp2/6p1/3R4/2r5/8 w - - 2 49,c7c8q c2c8 b7c8 f5f4 d3d8 f4f3,2153,147,83,18,crushing endgame long quietMove,https://lichess.org/oUArzzfU#97,
jOO5F,8/8/4k3/4p2p/2P1K3/4P3/8/8 w - - 0 42,e4f3 e6d6 f3e4 h5h4 e4f3 d6c5,2158,78,87,221,crushing endgame long pawnEndgame quietMove,https://lichess.org/Wwj9nO1K#83,
jOYtY,8/8/3kp1KP/1p6/8/1Nb5/8/8 b - - 0 42,e6e5 b3d2 d6d5 d2e4 d5e4 h6h7,2193,75,94,310,advancedPawn crushing endgame long master quietMove sacrifice,https://lichess.org/nWs0seYQ/black#84,
jOgth,3r1rk1/1p2qppp/p3b3/3BP3/8/2N1p2P/PPP1R1P1/R2Q2K1 b - - 1 19,e6d5 c3d5 e7c5 c2c4 c5c4 d5e7,2161,91,80,30,crushing long middlegame quietMove,https://lichess.org/TqUwJ0Wt/black#38,
jOqzv,6B1/8/5K1p/2b1P1pP/pk6/8/1P6/8 w - - 2 40,e5e6 g5g4 e6e7 c5e7 f6e7 b4c5,2187,77,91,1350,bishopEndgame crushing defensiveMove endgame long quietMove sacrifice,https://lichess.org/pHOMsJJp#79,
jOwdU,1r6/p2k3p/5B2/1r6/Kb1p4/5P1P/5PB1/R5R1 w - - 2 29,a1d1 b4c3 d1d4 c3d4 f6d4 b5b4,2174,107,82,23,crushing long middlegame quietMove,https://lichess.org/HjmzCkwo#57,
jPB7J,8/8/8/P1pk4/7p/8/1PP5/6K1 w - - 1 45,c2c3 c5c4 a5a6 d5c6 a6a7 c6b7 a7a8q b7a8,2128,121,86,13,crushing endgame pawnEndgame quietMove veryLong,https://lichess.org/SQIeuokD#89,
jQ6LE,r6k/1pp1n1p1/6qp/p1P1p3/1P2p3/P1P2r1P/B4P1K/R1BQ1R2 w - - 1 19,d1d7 e7f5 a2e6 a8f8 e6f5 f8f5 d7d8 h8h7,2128,121,74,24,crushing defensiveMove middlegame quietMove veryLong,https://lichess.org/OQHDMbpR#37,Giuoco_Piano Giuoco_Piano_Other_variations
jQF9B,1r4k1/5p1p/8/1P2R1p1/2N5/6Pn/r6P/1R5K w - - 0 33,b1b2 a2a1 h1g2 g5g4 e5g5 h3g5,2131,75,97,272,advantage endgame long master masterVsMaster quietMove,https://lichess.org/zPqnAa3d#65,
jQrAF,8/5p2/4k1p1/7p/5KPP/8/8/8 w - - 1 42,g4h5 g6h5 f4g5 f7f5 g5f4 e6f6,2118,76,92,563,crushing defensiveMove endgame long master pawnEndgame quietMove,https://lichess.org/VZproYbj#83,
jRihs,8/pp1n2pp/3Pk1p1/1p6/1P6/P2NP3/6PP/6K1 w - - 3 27,d3c5 d7c5 b4c5 a7a5 g1f2 b5b4,2162,77,90,1632,crushing endgame knightEndgame long quietMove,https://lichess.org/cnfIQswa#53,
jRiyT,4r2r/R3ppk1/6p1/P1QpP2p/8/2P2bP1/5P2/6K1 w - - 1 27,c5d4 e8b8 e5e6 g7h7 d4d3 f3e4,2164,74,91,2472,advantage defensiveMove endgame long quietMove,https://lichess.org/whevE7o6#53,
jRjcB,1rr4k/6pp/8/p1nP4/2P1PpP1/q2B1p1P/3Q1P2/2RR3K w - - 0 34,d2f4 c5d3 f4e3 b8b3 c1a1 a3b2,2115,75,91,2633,advantage fork long middlegame quietMove,https://lichess.org/ypdp12Ta#67,
jRz79,4r3/R1pk4/1P1p3p/3P2p1/5r2/2P4P/3K1p2/5R2 b - - 2 36,e8e5 a7c7 d7d8 f1a1 f2f1n d2c2 f4f2 c2b3 f1d2 b3b4,2194,97,85,31,crushing defensiveMove endgame quietMove rookEndgame veryLong,https://lichess.org/2UV6kn6S/black#72,
jSQQn,4k3/8/8/1p3P2/1pp3P1/4K3/P7/8 b - - 1 48,b4b3 a2b3 c4c3 b3b4 c3c2 e3d2 c2c1r d2c1,2154,76,95,6118,crushing endgame pawnEndgame quietMove veryLong,https://lichess.org/3COs4PNZ/black#96,
jSbOI,4rk2/5pPp/8/2p5/5Q2/1q5P/4rNP1/5R1K b - - 0 30,f8g8 f2g4 b3e6 g4f6 e6f6 f4f6,2135,77,91,986,crushing endgame fork long quietMove,https://lichess.org/GSMVpKRH/black#60,
jSx7i,4r1k1/1pp1Pr1p/p2pQ1p1/3P4/8/7P/q1P3PK/4R2R b - - 1 27,g8g7 e6d7 a2c4 h1g1 c4b5 d7d8,2131,411,43,6,crushing endgame long quietMove,https://lichess.org/6tJgUnhs/black#54,
jUEGU,3r4/R2N4/P1pb2k1/8/6P1/4PK1p/2P5/8 w - - 0 34,e3e4 d8h8 a7b7 h3h2,2128,75,91,1449,advancedPawn advantage endgame master quietMove short,https://lichess.org/FDWWI8LI#67,
jUIrf,2Q3k1/4r1p1/1p1Rpq1p/5p2/8/6P1/Pr3P1P/4R1K1 b - - 5 26,g8f7 d6d8 f7g6 d8f8,2187,93,85,29,crushing endgame quietMove short,https://lichess.org/aBIbLZKW/black#52,
jUxGh,8/5kp1/8/1p3b1p/1PpPPP1P/2P2K2/8/8 b - - 0 36,f5g4 f3e3 f7f6 d4d5 g4d7 e3d4,2112,146,83,17,advantage bishopEndgame defensiveMove endgame long quietMove,https://lichess.org/6GPcPHLo/black#72,
jUzIG,r1bq1rk1/pp3p2/3p1n2/2p1n1B1/2B1PP2/2P5/P4QPP/R4RK1 b - - 1 16,e5c4 f2h4 f6h7 g5d8,2139,75,91,455,crushing middlegame quietMove short,https://lichess.org/qWjDWADy/black#32,Italian_Game Italian_Game_Classical_Variation
jV69a,r6k/1bp3p1/p3p2p/qp1P1r2/8/1PNQ1PR1/P2B2PP/6K1 b - - 0 27,b7d5 c3a4 a5d2 d3d2,2148,137,85,16,advantage middlegame quietMove short trappedPiece,https://lichess.org/zr7eJHdN/black#54,
jVQvm,8/p3b3/1p2k3/4Pp2/1PP1pP2/1K2B2p/1P2R1rP/8 w - - 2 32,e2d2 g2d2 e3d2 e7h4 d2e3 h4g3,2153,79,87,142,crushing endgame long master quietMove,https://lichess.org/mlK79wgE#63,
jWHl5,8/p7/1p6/1Pp1rkp1/P1P5/2P2K2/3R4/8 w - - 0 38,d2d5 e5d5 c4d5 c5c4 d5d6 f5e6,2186,77,91,1833,crushing endgame long quietMove rookEndgame,https://lichess.org/nGvtGzjN#75,
jWRt9,8/1pk1q1p1/p4p1p/2PQpP1P/P5P1/1P1K4/8/8 b - - 2 43,b7b6 c5b6 c7b6 d5e6 e7e6 f5e6 b6c6 b3b4 c6d6 b4b5 a6b5 a4a5,2197,99,80,30,attraction crushing defensiveMove endgame queenEndgame quietMove veryLong,https://lichess.org/Nnybz2NF/black#86,
jWvNu,r4rk1/6pp/p3q3/1p1p4/2p5/2P2P2/PPB2K1P/R1BQ4 b - - 0 20,e6h3 d1d5 g8h8 c1f4 h3h4 f4g3,2101,77,91,634,crushing long middlegame quietMove,https://lichess.org/Tcxv3cTR/black#40,
jXDI7,8/6pk/7p/1pp1b3/p7/P2R3P/6P1/5K2 w - - 0 42,d3d5 e5d4 d5d6 b5b4 a3b4 a4a3,2153,77,90,922,crushing endgame long quietMove,https://lichess.org/UM9Ar346#83,
jXV89,r3r3/pp3Qpk/2pq1b1p/3P1P2/8/1B3N2/PP3PPP/5RK1 b - - 0 23,e8e7 f7g6 h7h8 f3g5 f6g5 g6d6,2126,103,76,25,crushing long middlegame quietMove,https://lichess.org/FSU73aRE/black#46,
jXa7s,2r5/4p3/4k1p1/R3p2p/pP2Pp1P/P1r2P2/2p1K1P1/2R5 w - - 2 41,a5a4 c8d8 a4a6 e6f7,2196,75,85,133,crushing defensiveMove endgame quietMove rookEndgame short,https://lichess.org/70369tRh#81,
jXaHD,7r/2Q2k2/5p2/p2p4/6P1/1q1BKP1p/8/8 b - - 7 54,f7e6 f3f4 d5d4 e3d4 h8d8 c7d8,2129,140,65,14,advantage endgame long quietMove,https://lichess.org/RK5S8aws/black#108,
jY4Ot,r1b1kb1r/1p3ppp/2n1pn2/q1Pp4/8/N1P1BNP1/4PPBP/R1Q2RK1 b kq - 2 12,f8c5 a3c2 a5a1 c2a1,2166,78,92,1742,advantage middlegame quietMove short,https://lichess.org/GBzuzaq3/black#24,Queens_Pawn_Game Queens_Pawn_Game_Symmetrical_Variation
jYbok,8/5p2/4kPpp/1pp1P3/p3K1P1/1PP4P/P7/8 w - - 0 44,c3c4 a4b3 a2b3 b5c4 b3c4 g6g5 e4d3 e6e5,2121,78,93,9906,crushing endgame pawnEndgame quietMove veryLong zugzwang,https://lichess.org/Q4JfpsR3#87,
jZ3hR,r3rb1k/6p1/p2p2Qp/1p6/3qN3/P5P1/7P/4RR1K b - - 2 27,d6d5 e4g5 h6g5 e1e8 a8e8 g6e8,2180,76,94,2858,crushing discoveredAttack long master masterVsMaster middlegame pin quietMove,https://lichess.org/UHmfJ8Fa/black#54,
jZ42l,8/1p1B2p1/2np4/5P2/k2pP1K1/3P4/8/8 w - - 0 38,d7c6 b7c6 g4g5 c6c5 g5g6 c5c4 g6g7 c4d3,2125,75,89,1920,crushing endgame quietMove veryLong,https://lichess.org/1SK5Oywg#75,
jZ95f,r5rk/pbq1bp1p/1p2pP2/2p1P2Q/5R2/6B1/PPP3PP/3R2K1 b - - 3 22,c7c6 d1d2 e7f6 e5f6,2180,91,58,28,crushing middlegame quietMove short,https://lichess.org/w47b5gWt/black#44,
jZySp,2Q5/1p3pkp/p3r1p1/4P3/5p1q/P4P2/2PrR1PP/4R1K1 w - - 3 26,c8b7 e6e5 b7b2 f7f6 b2e5 f6e5,2194,74,87,161,advantage endgame long quietMove,https://lichess.org/SgVt3XoM#51,
jaCGH,8/2b5/R4k2/3B4/4KpPp/7P/2r5/8 b - - 1 45,f6g5 d5f7 c2e2 e4f3 e2e3 f3f2,2192,76,86,83,crushing defensiveMove endgame long quietMove,https://lichess.org/9xX2qLK7/black#90,
jaqfO,2r3k1/p4pp1/P1p1p2p/1pPrN3/1P1PQPPq/7P/6K1/3R4 b - - 2 31,h6h5 g4g5 c8d8 e5f3 d5g5 f3g5,2148,75,92,5383,crushing endgame long quietMove,https://lichess.org/prntUVEC/black#62,
jbAIg,8/p1p5/2p2pp1/2Pk4/3P1P2/6KP/PP6/8 w - - 3 35,h3h4 f6f5 h4h5 g6h5 g3h4 d5e4 h4h5 e4f4,2133,131,36,11,crushing endgame pawnEndgame quietMove veryLong,https://lichess.org/tdh8GBx1#69,
jbMte,1r6/3kb1r1/3p4/2pQP3/8/1Pq5/P1P5/1K1R3R w - - 1 38,e5d6 e7f6 d5f5 d7c6,2179,75,89,2438,crushing defensiveMove middlegame quietMove short,https://lichess.org/xl71M9sw#75,
jbU0x,5r1k/R6p/1p2B1p1/1b1PR3/8/1P4P1/1r5P/7K w - - 2 37,a7f7 f8a8 e5e1 a8a2,2195,81,79,52,advantage defensiveMove endgame master quietMove short,https://lichess.org/PRB5vz53#73,
jbY2q,7k/R6p/4Bpp1/8/3P4/2r1n2P/5rP1/6RK b - - 0 39,e3f5 g1b1 f2f1 b1f1 f5g3 h1g1,2135,80,81,48,crushing endgame long quietMove,https://lichess.org/VF3kNUjn/black#78,
jbYxG,1r4k1/R4p1p/4p1p1/3pP1N1/1q1P3n/4B3/5PP1/2R3K1 b - - 0 33,b8b7 c1c8 g8g7 a7a8 b4e1 g1h2 e1e3 f2e3,2160,75,85,279,crushing middlegame quietMove veryLong,https://lichess.org/yvZJpjQ5/black#66,
jbdgS,2r3k1/6pp/8/2Np4/1P3p2/2P1nP1P/7P/3R3K w - - 2 39,d1d4 c8a8 h1g1 a8a1 g1f2 a1a2 f2e1 e3c2 e1d1 c2d4,2107,78,87,175,crushing endgame fork quietMove veryLong,https://lichess.org/n5PqJrCK#77,
jbkO5,2br2k1/5pbn/1pBp2p1/1PpP3p/2PpPq2/5PNP/4Q1P1/4BRK1 w - - 5 28,e2d3 g7e5 d3d2 f4d2 e1d2 e5g3,2183,76,86,107,crushing long master middlegame quietMove,https://lichess.org/bEiwiVrv#55,
jbsHP,r3r1k1/p3q3/4pp1p/2pp2p1/bP1Pn3/P3PQB1/5PPP/R3KB1R w KQ - 0 19,b4c5 e7d8 f1d3 d8a5,2189,78,69,66,advantage middlegame quietMove short,https://lichess.org/mHl03RIK#37,Nimzo-Indian_Defense Nimzo-Indian_Defense_Classical_Variation
jcDOy,8/4kp2/8/2K1PBp1/pP2P1P1/8/4b3/8 w - - 0 47,b4b5 a4a3 b5b6 e2a6 b6b7 a6b7,2195,99,87,25,bishopEndgame crushing endgame long quietMove,https://lichess.org/381AOv09#93,
jcJaH,8/5p1p/8/5p2/1pP1k2P/1P6/2K5/8 b - - 3 36,e4e3 c4c5 f5f4 c2d1 f4f3 d1e1 e3f4 c5c6 f4g3 e1f1,2185,88,85,37,crushing defensiveMove endgame pawnEndgame quietMove veryLong,https://lichess.org/bv8pagX5/black#72,
jcTaH,r1b1r1k1/1pp1qppp/1p1p4/nP6/P3N3/2PQ1N2/4BPPP/R3R1K1 b - - 0 16,e7e4 e2f1 c8f5 e1e4,2161,134,-67,16,crushing discoveredAttack middlegame quietMove short,https://lichess.org/hPChjTHz/black#32,Russian_Game Russian_Game_Modern_Attack
jcXSR,6k1/2qn2pp/1r2p3/2b3B1/2p1P1P1/2Nr4/PPQ2PP1/R4RK1 w - - 1 21,c3a4 d3h3 e4e5 c7e5 f1e1 e5h2 g1f1 h2h1 f1e2 h1g2,2114,89,86,27,crushing deflection kingsideAttack middlegame quietMove veryLong,https://lichess.org/WyKU3lFz#41,
jcjDJ,6rk/pp4rp/2np1bBQ/2p1pP2/4P3/2PP1R2/Pq4P1/6RK b - - 1 23,b2c3 f3h3 g8f8 g6h7 c3d2 h6d2,2113,76,91,240,advantage long middlegame pin quietMove,https://lichess.org/0rDLmqJb/black#46,
jcwDj,r6k/P1b4p/1q6/R1p2pp1/2Qpb3/1P5P/1BP3P1/R5K1 w - - 4 35,a5b5 b6d6 b5b8 a8b8 a7b8q c7b8,2185,83,90,412,advantage long middlegame quietMove,https://lichess.org/FwEeeclS#69,
jd7L5,8/8/8/3p1k2/pppK1P2/8/PPP5/8 b - - 2 43,f5e6 b2b3 a4b3 a2b3 c4c3 d4c5 e6f5 c5b4 d5d4 b4c4 f5e4 f4f5 e4e3 f5f6 d4d3 f6f7,2186,121,87,30,advancedPawn advantage endgame pawnEndgame quietMove veryLong,https://lichess.org/SkXmFqWK/black#86,
jdC2y,8/8/2r5/8/3K4/1PB2k2/1P6/8 b - - 2 49,f3f4 b3b4 c6b6 d4c5 b6b8 b4b5,2115,82,83,130,crushing defensiveMove endgame long quietMove,https://lichess.org/TbQLUThq/black#98,
jdfkT,8/K1k5/8/6p1/P1b4P/8/3p4/3B4 w - - 0 39,h4h5 c4b3 d1b3 g5g4 a7a6 g4g3,2127,124,50,24,bishopEndgame crushing endgame long quietMove sacrifice,https://lichess.org/Vo4O8mlV#77,
je2ko,8/p3Q2p/1p4pk/3pP3/3P1q2/8/PP5P/6K1 w - - 0 45,e7f6 f4f6 e5f6 g6g5 f6f7 h6g7 f7f8q g7f8,2170,77,94,333,crushing endgame master queenEndgame quietMove veryLong,https://lichess.org/T2FWi3Qd#89,
je6Bb,1bk1r3/1p3p1r/p1p5/4B3/1PB1p1R1/4P2P/P5Pq/2R1QK2 b - - 0 29,e8e5 g4g8 c8c7 e1d2 e5f5 f1e2,2126,101,86,26,crushing defensiveMove long middlegame quietMove,https://lichess.org/wAcDnaux/black#58,
jeCEa,8/5p1p/4k1p1/3pP3/p1pK2P1/P1P4P/1P6/8 w - - 5 44,h3h4 h7h6 g4g5 h6h5 d4c5 e6e5,2106,75,88,212,crushing endgame long pawnEndgame quietMove zugzwang,https://lichess.org/snS3MH8L#87,
jeDvT,8/8/5p1p/1p5B/1k1p1p2/1P1Kp3/7P/8 b - - 0 49,b4c5 h5d1 c5b4 d3d4,2152,287,60,2,bishopEndgame crushing endgame master quietMove short,https://lichess.org/8ONJwX5S/black#98,
jejUO,4kb2/6p1/p3K1p1/B1p1P3/7n/8/Pr6/6R1 b - - 3 34,b2a2 g1b1 f8d6 e5d6,2115,75,92,1930,advantage endgame quietMove short,https://lichess.org/AJgTbWOe/black#68,
jevLS,8/p4p1p/2p1p3/4P1k1/1P4P1/2PKN1P1/P7/6b1 b - - 6 29,g1e3 d3e3 g5g4 c3c4 g4f5 e3d4,2188,77,90,781,crushing defensiveMove endgame long quietMove,https://lichess.org/JStlDoAl/black#58,
jeyJb,7r/1kp1np1p/p6p/1p1p3Q/8/2p5/PP3PPP/RN4K1 w - - 0 20,h5f7 c3b2 f7f6 d5d4 f6d4 h8d8 d4d8 b2a1q,2114,74,94,4364,advancedPawn crushing endgame pin promotion quietMove trappedPiece veryLong,https://lichess.org/kEdtjsmF#39,
jfLEl,8/5p1p/4p3/5p1K/5P2/2Pk4/6PP/8 w - - 0 40,h5h6 f7f6 h6h7 e6e5 h7g7 e5e4,2158,82,76,51,crushing defensiveMove endgame long pawnEndgame quietMove,https://lichess.org/AfGAxr3g#79,
jfOWM,8/5k2/B3p1p1/1P1r2P1/3p4/8/P1P5/2K5 b - - 0 36,d5g5 b5b6 g5h5 a6c8 h5b5 b6b7 f7e7 a2a4 b5b4 a4a5 e7d6 a5a6 d6c7 a6a7,2102,106,74,23,advancedPawn crushing endgame quietMove veryLong,https://lichess.org/rRM0oZx0/black#72,
jfpvE,6R1/8/4pk1P/r4p2/1R6/p3PK2/r4P2/8 b - - 0 51,a2a1 b4h4 a5a7 h6h7 a7h7 h4h7,2162,107,79,28,advancedPawn crushing endgame long quietMove rookEndgame,https://lichess.org/CdccsKlR/black#102,
jgCLD,5r1k/5Pp1/p5Bb/1p1n2p1/1P1P2P1/5R2/7P/7K b - - 3 33,d5f6 f3e3 f8f7 g6f7,2101,75,92,4657,advantage endgame quietMove short,https://lichess.org/0y1xpLIT/black#66,
jgbaj,3r2k1/4p2p/4qpp1/p7/P1rPP3/7P/Q4RP1/3R2K1 b - - 2 29,e6c6 f2c2 d8c8 d1c1 c6a4 a2a4 c4a4 c2c8,2155,74,94,8785,crushing endgame pin quietMove veryLong,https://lichess.org/nGgc4TEC/black#58,
jgmt7,8/8/4p3/2K2k1p/pR2r2P/P7/1P6/8 b - - 7 49,e4b4 a3b4 e6e5 b4b5 e5e4 c5d4 e4e3 d4e3,2180,75,92,119,crushing endgame quietMove veryLong,https://lichess.org/Jp2tudVr/black#98,
jh00L,8/p1r5/Rn5p/P4p1k/5P2/1B6/4K3/8 b - - 0 45,b6d7 b3d1 d7e5 f4e5,2161,149,8,11,advantage endgame master quietMove short,https://lichess.org/ZH5pSPzk/black#90,
jh7Gp,8/3q1ppp/Q7/8/pp1n2kP/6P1/1P3P2/4R1K1 w - - 1 37,g1f1 d7d5 a6e2 d4e2,2163,74,93,5857,crushing endgame quietMove short,https://lichess.org/lvajWTWq#73,
jhJW8,r1b5/pp1nb1k1/4p1p1/q2pP3/N2B1r2/2P3KR/PPQ3P1/R7 b - - 1 20,e7g5 a1h1 d7f8 d4c5,2134,76,83,232,advantage middlegame quietMove short,https://lichess.org/5tB3zWws/black#40,
jhkMK,r5k1/1pp2Rbr/p1n1P1Qp/3pP3/3P2P1/2N4q/PPPK4/R7 b - - 1 23,c6d4 a1f1 d4e6 g6e6,2104,134,49,18,crushing middlegame pin quietMove short,https://lichess.org/pUGLEmv1/black#46,
jhpES,8/7p/8/8/4K2k/7P/5P2/8 b - - 2 41,h4h3 f2f4 h3g4 f4f5 g4g5 e4e5 h7h5 f5f6 g5g6 e5e6,2154,79,93,5407,crushing defensiveMove endgame pawnEndgame quietMove veryLong,https://lichess.org/xG3gXVn6/black#82,
jjM1x,r4rk1/1b1p1p2/p2q2pQ/1p3P2/3p4/3P4/PP4PP/R4RK1 b - - 0 25,d6c6 f1f3 c6f6 f5g6 f6g7 g6f7 f8f7 f3g3,2186,75,83,106,advancedPawn advantage middlegame pin quietMove veryLong,https://lichess.org/aSlwsoow/black#50,
jjM6a,5k2/p3n1pb/p1P1P2p/5p2/2P5/5BBP/1b3PP1/6K1 b - - 0 32,g7g5 g3d6 h7g8 f3d5 b2e5 d6e5,2174,81,90,353,advantage endgame long quietMove,https://lichess.org/cSToFsVI/black#64,
jjMcJ,8/5ppk/7p/1p1P4/1Q2nP2/3q2P1/P6P/4B1K1 w - - 3 32,e1f2 e4d2 b4d2 d3d2,2162,75,80,62,crushing endgame quietMove short,https://lichess.org/EyYAOtc4#63,
jjyHC,8/8/1p5p/p1p3p1/k5P1/3K4/8/2B5 b - - 1 45,b6b5 d3c3 c5c4 c1b2 h6h5 g4h5,2190,76,82,118,bishopEndgame crushing endgame long quietMove,https://lichess.org/rYjcYVx0/black#90,
jk47A,6r1/6pr/1k1b1pR1/2pP1P1p/2P1p3/6RP/6P1/3B3K w - - 0 42,g6f6 g7f6 g3g8 h7a7 h1g1 a7a1 g1f2 a1d1,2180,75,90,370,crushing endgame pin quietMove veryLong,https://lichess.org/DymiTWOD#83,
jk5xC,8/1pq2pkp/2rp1rp1/3R4/3Q4/7P/P4PP1/3R2K1 b - - 2 31,c7d7 g2g4 h7h6 h3h4 d7c8 g4g5,2127,76,93,6237,crushing endgame long quietMove,https://lichess.org/bapUTEbG/black#62,
jk9dg,4rk2/2q1b2p/2Pp2p1/1p1B1P2/1P6/4R3/4RP1P/6K1 b - - 0 34,g6f5 e3g3 e7g5 e2e8 f8e8 g3g5,2141,76,85,314,crushing discoveredAttack endgame exposedKing long quietMove,https://lichess.org/xf9t6EQE/black#68,
jkNIN,3b4/3P4/8/p4B2/2ppPkP1/P7/5K2/8 w - - 0 62,f2e2 d4d3 e2d2 a5a4 e4e5 d8a5,2184,79,79,63,bishopEndgame clearance crushing endgame long quietMove,https://lichess.org/oD7imepd#123,
jkkcQ,3r4/2p1kp2/pp4q1/2p1p2R/2P1PpP1/2P2P2/PP2K1Q1/8 w - - 8 30,g2h3 g6d6 h3h4 f7f6 h5e5 d6e5,2187,75,87,158,advantage defensiveMove endgame long quietMove,https://lichess.org/Q13LgtR1#59,
jlX6c,8/8/1P6/1r1k4/7R/3K1p2/7P/8 b - - 0 48,b5b6 h4h5 d5c6 h5h6 c6b5 h6b6 b5b6 h2h4 f3f2 d3e2 f2f1q e2f1,2112,75,97,590,crushing endgame quietMove rookEndgame veryLong,https://lichess.org/7D8XZ3dW/black#96,
jlzeu,8/pp6/2p2kp1/2Pp4/3P2KP/1P6/P7/8 b - - 0 38,b7b5 c5b6 a7b6 a2a4 c6c5 d4c5,2198,81,90,60,crushing enPassant endgame long pawnEndgame quietMove,https://lichess.org/uUMr17Mu/black#76,
jm0Ky,8/8/7p/p7/8/2K4P/6P1/1k6 b - - 1 52,b1c1 g2g4 a5a4 h3h4 a4a3 c3b3 a3a2 b3a2,2135,80,91,822,crushing endgame pawnEndgame quietMove veryLong,https://lichess.org/1Qbvf5VS/black#104,
jm5ui,8/p7/1pp2k2/5P1p/PP2K1p1/6P1/7P/8 w - - 1 36,e4f4 c6c5 b4c5 b6c5 f4e4 c5c4 e4d4 f6f5 d4c4 f5e4 c4b5 e4f3 b5a6 f3g2 a4a5 g2h2,2182,83,87,1302,crushing endgame pawnEndgame quietMove veryLong,https://lichess.org/ML2XfWY2#71,
jmHkw,5k2/pp3ppp/8/P2p2q1/3P2b1/1PP3P1/2B2P1P/3Q2K1 w - - 1 31,d1d3 g5c1 g1g2 g7g6 d3b5 c1c2,2114,124,-75,18,advantage endgame long quietMove,https://lichess.org/RXjXqAQj#61,
jmHvV,8/5p2/7p/3k1p2/7P/6PK/6P1/8 w - - 2 44,g3g4 f5f4 g4g5 h6h5,2133,83,85,38,crushing defensiveMove endgame pawnEndgame quietMove short,https://lichess.org/z5GoIYOJ#87,
jmd6a,8/8/1R5r/5pk1/6pp/6P1/5PK1/8 w - - 2 71,b6h6 g5h6 g3h4 f5f4 f2f3 g4g3,2194,75,92,1152,crushing endgame long master quietMove,https://lichess.org/g6GPhfpa#141,
jmjDO,8/2p5/8/1p1k2Kp/1P5P/8/5P2/8 b - - 2 36,d5c4 f2f4 c7c5 b4c5 c4d5 f4f5,2165,76,91,1589,crushing defensiveMove endgame long pawnEndgame quietMove,https://lichess.org/7OOy5C4K/black#72,
jn946,1r6/8/RPk2p2/2P3pp/3K4/8/6P1/8 b - - 0 38,b8d8 d4c4 d8e8 a6a7 e8e4 c4d3 e4g4 a7c7,2136,78,92,2674,crushing defensiveMove endgame quietMove rookEndgame veryLong,https://lichess.org/Ezprps0J/black#76,
jnFCu,6r1/R1P2p2/1p1p2r1/1N1Pk2n/4P3/4RK2/8/8 w - - 1 46,a7b7 g6g2 c7c8q g8g3,2161,74,93,7307,clearance endgame mate mateIn2 quietMove short,https://lichess.org/uNIs56P8#91,
jncyf,5rk1/8/2p5/p2pq1pp/P3pP1R/1P4Q1/2P3PP/5K2 b - - 1 27,f8f4 h4f4 e5f4 g3f4 g5f4 b3b4 a5b4 a4a5 g8f7 a5a6,2179,117,54,15,crushing endgame master pin quietMove veryLong,https://lichess.org/M05FGVaC/black#54,
jnv0e,5rk1/5pp1/7p/3Bp3/1Q1nPq2/P6P/1P3PP1/3R1K2 w - - 5 37,b4d2 f4h2 f2f3 f8c8 f1f2 c8c2 d2c2 d4c2,2147,77,82,101,advantage endgame pin quietMove veryLong,https://lichess.org/b48AnBMO#73,
jo75R,5rk1/2Q2pp1/p1p2b2/2P5/5P1p/4B2q/P1PR1P2/6K1 w - - 1 23,c7c6 f8b8 d2d1 h3g4 g1h2 g4d1,2149,80,94,1125,advantage endgame fork long quietMove,https://lichess.org/xaOEYE0J#45,
joR9o,r4rk1/pp4p1/q3Pp2/3p1n1Q/b2P1P2/P1P5/3B4/R3K2R b KQ - 1 23,f5h6 f4f5 a6d3 d2h6,2156,290,-7,14,advantage discoveredAttack middlegame quietMove short,https://lichess.org/aRjNaTc0/black#46,
jodCE,2r3k1/2q1rp1p/6p1/3pPpPP/Pp1P4/1P5R/1K1Q3R/8 w - - 5 39,d2b4 c7c1 b2a2 e7c7 b4d2 c7c2 d2c2 c8c2 h2c2 c1c2,2183,77,89,144,clearance crushing endgame fork quietMove veryLong,https://lichess.org/tVn6Z6Ll#77,
jojdg,8/3r4/8/8/1p6/2p2k2/P1P5/2K1R3 w - - 0 47,e1f1 f3e2 f1h1 d7f7 a2a3 b4a3 c1b1 f7f1 h1f1 e2f1,2163,75,94,2836,crushing defensiveMove endgame quietMove rookEndgame veryLong,https://lichess.org/JkvfEHV8#93,
jombT,8/8/6p1/p1p1k1P1/1pp1P3/5K2/PPP5/8 w - - 0 37,f3e3 a5a4 c2c3 a4a3 b2a3 b4b3 a2b3 c4b3 e3d3 c5c4,2187,79,90,1374,crushing endgame pawnEndgame quietMove veryLong zugzwang,https://lichess.org/LzClaGqA#73,
jp8ju,8/8/8/p3p3/2K1k3/8/PP6/8 w - - 2 48,a2a3 a5a4 b2b4 a4b3 c4b3 e4d3 b3b2 e5e4,2169,119,57,21,crushing defensiveMove enPassant endgame pawnEndgame quietMove veryLong,https://lichess.org/1VW5fqDk#95,
jpRBp,8/1k1p1p1p/3P4/2Pb4/P7/1NK5/1P3P2/8 b - - 0 38,d5b3 c3b3 h7h5 a4a5 h5h4 a5a6 b7a6 c5c6 h4h3 c6d7,2147,75,93,1452,advancedPawn crushing endgame exposedKing quietMove veryLong,https://lichess.org/A5CICiTS/black#76,
jpbDF,6k1/q5p1/p2pn2p/1p1N4/1P2Q3/P6P/2P3PK/8 b - - 2 31,e6g5 e4e8 g8h7 d5e7 g5f3 h2g3 a7e7 e8e7,2185,73,95,9291,crushing endgame quietMove veryLong,https://lichess.org/f18OKWEj/black#62,
jpymg,6k1/5p1p/P3p1p1/1p2P3/1B3P2/8/r5bP/4R1K1 b - - 0 33,g2a8 e1c1 g8g7 c1c8,2196,83,90,4344,advantage endgame quietMove short,https://lichess.org/Viskvwjv/black#66,
jqr1R,8/8/6pp/4k3/5pKP/5P2/5P2/8 w - - 0 37,h4h5 g6g5 g4h3 e5f5 h3g2 g5g4 f3g4 f5g4,2142,76,95,384,crushing endgame pawnEndgame quietMove veryLong zugzwang,https://lichess.org/YA3NCbgx#73,
jrAaJ,r4rk1/pbq2p1p/1p2nPpQ/2p1NpP1/2Pp1P2/3P4/PP5P/R1B1R1K1 w - - 5 23,e5f7 c7c6 h6h3 f8f7,2132,75,87,225,crushing intermezzo middlegame quietMove short,https://lichess.org/C5S5YwC1#45,
jrffR,8/5p1p/6p1/5k2/5P2/4R1PP/P3p2r/4K3 b - - 3 38,h2h3 g3g4 f5g4 e3h3 g4h3 a2a4 f7f6 a4a5,2192,76,95,3076,crushing defensiveMove discoveredAttack endgame quietMove rookEndgame veryLong,https://lichess.org/hjoKXn38/black#76,
jrlc4,8/p7/1p6/1P2k1p1/6Kp/5P2/5P2/8 b - - 1 46,e5f6 f3f4 g5f4 g4f4 f6e6 f4g4 e6e5 f2f3 h4h3 g4h3,2169,135,-7,28,crushing endgame pawnEndgame quietMove veryLong zugzwang,https://lichess.org/ZEh7Iksg/black#92,
js5Kg,8/6pk/7p/1P2n3/N7/8/1KP5/8 b - - 0 56,e5d7 c2c4 h6h5 c4c5 h5h4 c5c6,2139,77,83,500,crushing endgame knightEndgame long quietMove,https://lichess.org/SAvqUqr7/black#112,
jsKWX,5r2/1R3p2/6pp/5k2/5P2/5K1P/6P1/8 b - - 1 40,f7f6 b7e7 g6g5 g2g4 f5g6 f4f5,2138,92,87,132,endgame long mate mateIn3 quietMove rookEndgame,https://lichess.org/Hg9yf1Lb/black#80,
jsYGC,8/8/8/2b5/P1P1p3/6kP/4K1P1/8 b - - 2 43,g3g2 h3h4 g2g3 h4h5 g3f4 h5h6 f4f5 h6h7 c5d4 a4a5,2146,76,83,170,advancedPawn bishopEndgame crushing defensiveMove endgame quietMove veryLong,https://lichess.org/KoOEmlAV/black#86,
jtNr4,r1b1k1Q1/pp6/1bp1p3/8/2P5/2NK4/PP3qP1/3R4 b - - 5 30,e8e7 d1h1 f2d4 d3c2,2167,133,82,10,advantage middlegame quietMove short,https://lichess.org/adTrVxZ7/black#60,
jtPjU,8/8/p1p2Kp1/P1P1B2p/1P3Pk1/3b2P1/8/8 w - - 11 51,f6g7 d3f5 e5c3 g4g3,2100,77,80,64,bishopEndgame crushing endgame master quietMove short,https://lichess.org/EwKx4sZO#101,
juC3x,8/8/8/5k1p/p4P2/P5K1/8/8 w - - 0 44,g3f3 h5h4 f3e3 f5g4,2151,78,92,2323,crushing endgame pawnEndgame quietMove short zugzwang,https://lichess.org/ojSEGyX4#87,
juLOz,4r3/1p1r1p1k/2p4p/5Np1/PP2p1P1/4RP2/5QPK/3q4 b - - 3 37,d7d8 f2b2 d1d6 f5d6,2166,77,90,530,crushing endgame master quietMove short,https://lichess.org/6S9nEDby/black#74,
jvR6f,2k4r/pp1q4/2p5/P2p2N1/4bP2/2P3K1/1P1Q4/6R1 b - - 4 35,d7d6 g5e4 d6h6 e4g5 h6h4 g3f3,2144,76,66,96,crushing endgame long quietMove,https://lichess.org/z7BR9hh8/black#70,
jvYaS,8/1R6/1P1p2pk/1r1Pnp1p/B7/2K5/8/8 b - - 4 40,b5d5 b7c7 d5a5 b6b7,2175,75,92,115,advancedPawn advantage endgame quietMove short,https://lichess.org/gesGlpQM/black#80,
jvZtg,8/1p1b4/p2p3r/2kP1p2/P4R2/1PN3Pp/7P/7K b - - 2 41,b7b5 a4a5 b5b4 f4c4,2117,77,58,100,endgame mate mateIn2 quietMove short vukovicMate,https://lichess.org/LxVgtFzv/black#82,
jvoqb,8/p2k2p1/2p5/2K2p2/3P1PpP/2P3P1/8/8 w - - 6 37,c3c4 a7a5 h4h5 d7c7 d4d5 c6d5,2195,76,80,88,crushing endgame long pawnEndgame quietMove,https://lichess.org/PPjJsAgM#73,
jw1h2,6r1/p1Qbk2p/1p1p4/6q1/2PbPp1p/5P2/PPR3PP/R1B4K w - - 4 24,h2h3 g5g3 c2e2 d4f2 c7d6 e7d6 c1f4 g3f4,2152,74,94,3256,crushing middlegame quietMove veryLong,https://lichess.org/mEdlRU6m#47,
jwCHZ,8/p7/1pBp3k/1P6/3pP2p/3P3P/2bK4/8 b - - 5 45,c2b1 c6d5 h6g5 d5c4 g5f4 d2c1 b1d3 c4d3,2104,79,80,49,bishopEndgame crushing endgame quietMove trappedPiece veryLong,https://lichess.org/f4kHbqvV/black#90,
jwIop,8/p7/5kp1/2p1p3/2P3K1/6P1/P4P2/8 w - - 5 39,f2f3 g6g5 f3f4 g5f4 g3f4 e5e4,2116,81,71,44,crushing defensiveMove endgame long master pawnEndgame quietMove zugzwang,https://lichess.org/askn19mR#77,
jwQY8,8/8/p7/5K2/8/8/Pk6/8 w - - 5 69,f5e4 b2a2 e4d4 a2b3 d4d3 a6a5 d3d2 b3b2,2108,77,88,382,crushing defensiveMove endgame pawnEndgame quietMove veryLong,https://lichess.org/GfEC2rys#137,
jwShi,6k1/5pp1/p1N1p2p/3pP3/5Q1P/b1Pb2N1/6PK/3q4 b - - 1 32,a3c1 c6e7 g8f8 f4b4 c1a3 b4a3,2170,79,78,48,crushing endgame long quietMove,https://lichess.org/wci3YPyQ/black#64,
jwVqL,4b3/p7/2p1k3/P1P3P1/1p2BK2/8/8/8 w - - 0 40,e4f3 e8g6 f3d1 e6d5,2156,75,71,146,bishopEndgame crushing endgame master quietMove short,https://lichess.org/dxhH5oSr#79,
jwtS9,r1n4k/2Q3pp/2p2p2/2P5/3q4/B5P1/5P1P/R5K1 w - - 0 30,c7c6 d4a1 g1g2 c8b6 c5b6 a1a3,2119,75,85,356,crushing endgame fork hangingPiece long quietMove,https://lichess.org/7z1KU8zT#59,
jxDGk,8/b4kp1/3Bp1p1/1p1p4/3P4/2n1PP1B/2r5/R4K2 b - - 5 38,a7b6 a1a8 g6g5 a8f8 f7g6 h3e6,2114,74,85,597,crushing deflection endgame long quietMove,https://lichess.org/C9PCVSWx/black#76,
jxRBM,1r6/4p2k/p2p2p1/1r5p/4P3/B1P5/P7/K1R1R3 w - - 1 32,c1b1 b5b1 e1b1 b8b1 a1b1 h5h4 a3c1 e7e5,2149,86,87,46,crushing defensiveMove endgame quietMove veryLong,https://lichess.org/Uc629nJ4#63,
jxa4C,4r1k1/1b4pp/p2r1q2/1p6/2p1P1Q1/2P4P/PPB1RPPK/R7 w - - 2 25,a1d1 d6d1 e4e5 f6d8 c2d1 d8d1,2172,76,91,1262,advantage long middlegame quietMove,https://lichess.org/A5dRPvm5#49,
jyCyc,6k1/7p/1p2p3/1PP1N1p1/6P1/2Pr4/5PKP/8 b - - 0 30,d3d5 c5b6 d5b5 e5d7 g8f7 c3c4 b5b4 c4c5,2135,83,86,206,crushing defensiveMove endgame quietMove veryLong,https://lichess.org/atKjdKqg/black#60,
jyS7J,2r1r1k1/pp3p1p/b2p2pb/3P1P2/7q/1PN2QNP/P1R2PP1/3R2K1 w - - 1 22,g3e4 e8e4 g2g3 h4e7 f3e4 e7e4 c3e4 c8c2,2131,75,83,109,advantage capturingDefender middlegame quietMove veryLong,https://lichess.org/a7OgYfXj#43,
jyrGR,r6k/4qp2/b1p2Np1/p5Pp/1p5P/1P6/PP3N2/1K1R3R b - - 0 30,a8d8 d1d8 e7d8 h1e1 h8g7 e1e8 d8e8 f6e8,2156,79,78,41,crushing kingsideAttack middlegame quietMove veryLong,https://lichess.org/2PtpBY6R/black#60,
jyzdP,8/5pk1/3p4/p4p1p/KpP3P1/8/P5PP/8 b - - 0 37,h5g4 g2g3 g7f6 a4a5 b4b3 a2b3,2194,79,85,132,advantage endgame long pawnEndgame quietMove,https://lichess.org/G6u3H1R4/black#74,
jz7Gg,8/8/4kp1p/p1r1p1p1/P1P1K1P1/4P2P/8/2R5 b - - 1 41,c5c7 c4c5 c7b7 c1c4,2186,77,92,1982,clearance crushing defensiveMove endgame quietMove rookEndgame short,https://lichess.org/QfK2GYbW/black#82,
jzOXj,5rk1/7p/R2B2p1/8/2P1P3/PPb5/6KP/4n3 w - - 3 35,g2g3 f8f3 g3g4 c3f6 d6g3 h7h5,2189,103,76,19,crushing endgame long quietMove,https://lichess.org/1BtKMmcs#69,
jzT6O,8/p4p2/5Pp1/5kPp/P2K1P1P/8/8/8 w - - 1 38,d4e3 f5g4 e3e4 g4h4 e4f3 a7a5 f3e4 h4g4 e4e5 h5h4,2130,77,90,1029,crushing defensiveMove endgame pawnEndgame quietMove veryLong zugzwang,https://lichess.org/wkDaDRqE#75,
jzlOI,r4rk1/1p4bR/2p1b1P1/1qPpppP1/p7/P4P2/BPQ2P2/2KR4 b - - 2 23,e5e4 h7g7 g8g7 c2c3 g7g6 d1h1 b5c5 c3c5,2155,146,82,28,attraction crushing exposedKing middlegame quietMove sacrifice veryLong,https://lichess.org/WESGeJpq/black#46,
k09Zy,8/1R2b3/P1p1pk2/1r6/K7/2P5/1P6/8 b - - 4 44,b5d5 a6a7 d5d1 b7b3 d1d8 b3b8,2116,75,94,5089,advancedPawn crushing endgame long quietMove,https://lichess.org/VJhMJlS8/black#88,
k0BtK,8/1pp2k2/6pp/P3Kp2/1P2pP2/4P3/6P1/8 b - - 0 31,f7e7 b4b5 e7d7 e5f6,2158,76,93,183,advantage endgame pawnEndgame quietMove short,https://lichess.org/WGz0z8Vd/black#62,
k0HX1,8/2q1p2k/r3Pr1P/2pB1pQ1/ppP5/1P6/P4PP1/6K1 b - - 0 38,f6h6 g5f5 h6g6 d5e4 a6e6 f5e6,2124,75,90,124,crushing endgame long pin quietMove,https://lichess.org/S2LTzsso/black#76,
k0crZ,8/1p6/8/p2kpK2/8/P1PP4/8/8 w - - 0 40,a3a4 b7b6 c3c4 d5d4 c4c5 b6c5,2185,84,90,1770,crushing defensiveMove endgame long pawnEndgame quietMove zugzwang,https://lichess.org/Hhsh9WFm#79,
k0dZu,6k1/5p2/4p1p1/8/3KP3/P1R4p/4N1r1/8 w - - 2 42,d4e3 g2g1 e2g1 h3h2 e3f2 h2h1q,2182,92,64,28,advancedPawn advantage endgame long promotion quietMove sacrifice,https://lichess.org/CczMPvpZ#83,
k12RO,6k1/p1p2p2/5r1p/2PpNnp1/3Pq3/4P1PP/P4Q1K/2R5 b - - 11 37,e4e3 c1f1 e3f2 f1f2,2135,76,89,1473,advantage endgame quietMove short,https://lichess.org/ETcBR5KE/black#74,
k156W,8/8/6p1/pp2kp1p/7P/PP2KP2/6P1/8 w - - 2 39,g2g3 f5f4 g3f4 e5f5 b3b4 a5a4 e3e2 f5f4,2105,77,92,3160,crushing endgame pawnEndgame quietMove veryLong zugzwang,https://lichess.org/sRRAAQBn#77,
k1fJW,r3r3/p1p1qpk1/1pn1p1p1/1B1pP1P1/3P1Q2/2P2P2/P1P2P2/1K5R b - - 3 22,c6a5 b5e8 a8e8 f4h4 e7b4 c3b4,2169,75,90,494,crushing long middlegame quietMove,https://lichess.org/FcPZZZqS/black#44,
k1rP4,8/4nk2/2pp2p1/1p1P2Kp/1P6/P7/8/2R5 b - - 0 40,c6d5 a3a4 b5a4 b4b5 a4a3 b5b6,2132,75,91,1749,crushing endgame long quietMove,https://lichess.org/0iUzVqOK/black#80,
k2OQJ,8/pp6/8/3p4/1P1Pr1k1/P2K1Rp1/6P1/8 w - - 9 47,f3e3 e4e3 d3e3 b7b5 e3e2 g4f4,2147,76,94,3421,crushing defensiveMove endgame long quietMove rookEndgame zugzwang,https://lichess.org/nN1HWx4g#93,
k2Q2j,8/8/3p4/p1p5/8/P2K3P/1k3P2/8 w - - 2 50,h3h4 d6d5 h4h5 c5c4 d3d4 c4c3,2112,75,93,8596,crushing endgame exposedKing long pawnEndgame quietMove,https://lichess.org/iC4MgtFq#99,
k2dvH,8/1R6/7p/1p1r2p1/1K4k1/1P4P1/5P2/8 w - - 2 57,b7b5 d5b5 b4b5 h6h5 b3b4 h5h4 g3h4 g5h4 b5a6 h4h3 b4b5 h3h2 b5b6 h2h1q,2186,76,87,634,advancedPawn crushing endgame promotion quietMove rookEndgame veryLong,https://lichess.org/POojzRC4#113,
k2ea9,2r1r1k1/pq5p/1p2P1p1/3pQpN1/1P6/P6P/6P1/4R1K1 b - - 4 36,b7e7 g5f7 e7e6 f7h6 g8f8 e5h8,2178,76,95,2114,crushing endgame long quietMove,https://lichess.org/uKlBUevu/black#72,
k2sZZ,8/8/4p2p/3k1pp1/1P4P1/3K1P1P/8/8 w - - 0 40,d3c3 f5f4 c3d3 e6e5 d3c3 e5e4,2160,74,85,202,crushing endgame long master pawnEndgame quietMove zugzwang,https://lichess.org/VyGKajko#79,
k311U,8/8/3p4/1p1P1k1K/5P2/8/PP6/8 w - - 0 43,b2b3 b5b4 h5h4 f5f4 a2a3 b4a3,2195,77,91,2524,crushing endgame long pawnEndgame quietMove,https://lichess.org/bDdUGvy9#85,
k3EWX,1r3rk1/1p3pp1/p2p1n1p/3Pq3/2P4R/1P1B3Q/P5PP/5R1K w - - 4 30,h4h6 g7h6 h3h6 f6e4 d3e4 e5e4,2138,79,90,2453,advantage long middlegame quietMove,https://lichess.org/1xj4S3AG#59,
k3QlL,8/8/8/4p1p1/6P1/2kp1K2/1p6/1B6 b - - 1 55,d3d2 f3e2 e5e4 b1e4 c3d4 e4f5 d2d1r e2d1,2155,77,86,216,bishopEndgame crushing endgame quietMove veryLong zugzwang,https://lichess.org/hsV9ZgSr/black#110,
k3hxU,8/1p6/2p1k2p/p1P3p1/3PK3/P5P1/7P/8 w - - 0 36,a3a4 g5g4 e4d3 e6d5 d3e3 d5c4,2185,77,91,2004,crushing endgame long pawnEndgame quietMove zugzwang,https://lichess.org/cskTCPo4#71,
k4KvA,5r2/7P/3R2K1/8/1p6/1P6/P2pk3/8 w - - 2 54,g6g7 f8c8 h7h8r c8h8,2127,140,-14,13,crushing endgame quietMove rookEndgame short,https://lichess.org/lgwRrzpw#107,
k4N5p,6k1/5p2/4p2p/1p3p2/PPp2P2/4P2P/1b1N1KP1/8 b - - 0 37,c4c3 a4a5 c3d2 f2e2,2145,76,86,251,crushing endgame master quietMove sacrifice short,https://lichess.org/1m3aaDAN/black#74,
k4dbl,3r3k/p2r2pp/5p2/2q2N2/3P4/7R/P5PP/1Q5K b - - 0 33,c5f8 f5e7 h7h6 e7g6 h8g8 g6f8,2199,77,96,3024,crushing endgame fork long quietMove,https://lichess.org/LrdJc0c1/black#66,
k5R7t,8/p7/8/1p1kp3/2p4K/2P4P/PP6/8 w - - 1 43,h4g4 d5e4 h3h4 e4d3 h4h5 e5e4 h5h6 e4e3 h6h7 e3e2 h7h8q e2e1q,2123,76,87,259,advancedPawn crushing endgame pawnEndgame promotion quietMove veryLong,https://lichess.org/ZovZJxND#85,
k6Geq,3k1r2/np6/pp1PP3/7p/P4Bp1/6P1/7P/6K1 b - - 0 40,d8e8 f4g5 f8f7 e6f7 e8f7 d6d7,2192,77,93,999,advancedPawn advantage attackingF2F7 endgame exposedKing long quietMove,https://lichess.org/lzCWBqsq/black#80,
k6HRh,8/8/5pkp/4p3/1pq1P1P1/5PK1/P2Q4/8 b - - 1 39,c4d4 d2d4 e5d4 f3f4 h6h5 g4h5,2133,82,80,68,crushing endgame long queenEndgame quietMove,https://lichess.org/pTkEF3jL/black#78,
k6Ofx,8/7p/8/p3k1p1/Pp1p4/1P1K1PP1/7P/8 w - - 0 41,h2h3 h7h5 d3c4 h5h4 g3h4 g5h4,2116,79,56,47,crushing endgame long pawnEndgame quietMove,https://lichess.org/Fny8bElU#81,
k6a1O,8/p2q1p1k/5Ppp/4p3/1n6/3P4/4Q1PP/2R4K w - - 0 35,e2e4 b4d3 e4c6 d7d4 h2h3 d3c1,2126,79,96,42,advantage endgame long quietMove,https://lichess.org/7Zdo4vG2#69,
k6iKP,rn2k2r/ppp2pp1/3p1n2/4pN2/4P3/5R2/P5P1/4R1K1 b kq - 3 22,e8g8 f5e7 g8h8 f3h3 f6h7 g1f2 g7g6 e1h1 h8g7 h3h7 g7f6 e7d5 f6e6 d5c7,2159,75,90,2874,advantage clearance middlegame quietMove veryLong,https://lichess.org/jZycBH99/black#44,
k6rKH,8/p5p1/1p2k2p/3pPp2/3K1P1P/8/PP6/8 b - - 0 36,a7a5 h4h5 g7g6 h5g6 h6h5 g6g7,2140,79,89,171,advancedPawn crushing endgame long pawnEndgame quietMove,https://lichess.org/5zuOLBCK/black#72,
k79dW,r5k1/1pp2rbp/p2p1R2/3q4/5Q1P/6R1/PP1B2PK/8 b - - 0 26,f7f6 f4f6 d5f7 d2c3 f7f6 c3f6,2122,77,86,58,crushing long master middlegame pin quietMove,https://lichess.org/W4KLp6Ob/black#52,
k7CEs,8/p6k/3B1pp1/1pN3p1/8/1PPQ1P1P/6PK/2b1q3 w - - 3 42,c5e4 c1e3 d3e3 e1e3,2111,75,85,192,advantage endgame quietMove short,https://lichess.org/4nqB7zWO#83,
k7aet,5k2/1b3p1p/1N1P2p1/8/4p3/5nP1/5rBP/3R3K b - - 0 40,f8e8 d6d7 e8d8 d1c1 f2d2 c1c8 d8e7 c8e8,2143,82,91,1743,advancedPawn advantage endgame quietMove veryLong,https://lichess.org/vs7egW8w/black#80,
k7mwl,8/5p2/4p3/3pPp2/5P1P/4k1P1/1K6/8 b - - 0 46,e3f3 h4h5 d5d4 h5h6 d4d3 h6h7 d3d2 h7h8q,2185,76,94,1672,advancedPawn crushing endgame pawnEndgame promotion quietMove veryLong,https://lichess.org/BYkmvQvx/black#92,
k7ueK,8/5p2/2p1p3/2Pp1kp1/3P4/4P1P1/4KP2/8 b - - 2 39,f5e4 g3g4 e6e5 f2f3,2117,90,88,72,endgame mate mateIn2 pawnEndgame quietMove short,https://lichess.org/nYH4RjDd/black#78,
k80mN,6k1/5pp1/2p1p1qp/2Pn4/3P4/4PN1P/1QP1RKP1/7r w - - 6 37,c2c4 d5f6 e3e4 f6e4 e2e4 g6e4,2145,76,71,84,crushing endgame long quietMove,https://lichess.org/Pv6SFyls#73,
k82FQ,r6k/p5pp/P3rp2/1P5q/2P1bP2/B5Q1/7P/R3R1K1 w - - 1 33,c4c5 f6f5 e1e4 f5e4,2196,75,78,126,crushing middlegame quietMove short,https://lichess.org/3RrKlReH#65,
k8D9c,7k/2p2Bb1/6p1/8/qp6/3P3P/2P1PR2/1K3Q2 w - - 1 32,b1c1 g7c3 f7a2 a4a2 f2f8 h8g7,2156,149,67,13,crushing endgame long quietMove,https://lichess.org/QdCLQ1Pa#63,
k8FJC,r5k1/2pb2p1/pp6/3P4/2P1P1p1/P2B1rBq/1Q3P2/R4RK1 w - - 1 25,a1d1 g8f7 g3h2 a8h8 b2e5 g4g3 e5g3 f3g3,2186,74,93,4636,advantage clearance middlegame quietMove veryLong,https://lichess.org/ySvFpAtv#49,
k8ZkO,8/5k2/8/5p1p/8/5K1P/6P1/8 b - - 1 39,f7g6 h3h4 g6f6 f3f4 f6e6 f4g5,2155,75,90,863,crushing endgame long pawnEndgame quietMove,https://lichess.org/MUlCO65F/black#78,
k8eIv,3r4/5pkp/6p1/3pp3/1rP4P/1PQ2P2/q2N2P1/1R3K2 b - - 1 41,b4b8 b1a1 d5d4 c3c1 b8a8 a1a2,2104,74,96,2123,advantage endgame long pin quietMove trappedPiece,https://lichess.org/oy238SV2/black#82,
k8kAm,8/p7/4p3/2K2p2/6kp/8/PPP2PP1/8 w - - 0 36,c5d4 f5f4 f2f3 g4g3 c2c4 g3g2,2190,77,90,596,crushing defensiveMove endgame long pawnEndgame quietMove,https://lichess.org/zZlurj79#71,
k8nbH,r5k1/1p3ppp/p3r3/2ppb3/P7/1BPP1N1q/1P3P2/R2QR1K1 w - - 2 22,e1e5 e6h6 f3h4 h6h4,2138,73,93,7655,crushing middlegame quietMove short,https://lichess.org/njOP12zT#43,
k8phV,r5r1/1p2pk1p/2p3pP/3bQ1P1/p5B1/3P4/8/6K1 b - - 2 36,a4a3 g4d7 a8a4 d3d4 a4d4 e5d4,2138,76,89,114,crushing endgame long quietMove,https://lichess.org/P7kml8zt/black#72,
k9M8s,r1b1r1k1/pp3p2/2n1pPq1/3p4/3P2PQ/1R6/P4P1P/5RK1 b - - 2 24,e6e5 b3h3 g6g4 h3g3,2157,76,85,577,crushing defensiveMove middlegame pin quietMove short,https://lichess.org/wqrYWT8L/black#48,
k9M9w,6k1/p1r2pbp/Bp4p1/n7/3Pn3/1P2PN2/1P3PPP/2B2RK1 w - - 6 19,b3b4 a5b3 a6d3 f7f5 d3e4 f5e4,2196,78,90,672,advantage long middlegame quietMove,https://lichess.org/eyn2gZGU#37,Slav_Defense Slav_Defense_Other_variations
k9ecH,1nkr2r1/1b1p4/1ppP1q1p/4R1p1/1P1Q4/5N1P/5PP1/4R1K1 b - - 1 26,b6b5 f3d2 b8a6 d2e4,2107,149,54,23,advantage middlegame quietMove short,https://lichess.org/NVeEA5o4/black#52,
k9iSS,8/pp6/2p2KP1/1k6/4N3/b7/P7/n7 b - - 0 42,b5b6 f6f7 a3b2 e4f6 a1c2 g6g7,2111,74,84,126,advancedPawn crushing endgame long quietMove,https://lichess.org/Pt6Brsei/black#84,
k9muj,8/8/8/p1p1K3/2P5/PP6/4k3/8 w - - 5 50,b3b4 c5b4 a3b4 a5a4 b4b5 a4a3 b5b6 a3a2 b6b7 a2a1q,2134,77,97,580,advancedPawn crushing endgame master pawnEndgame promotion quietMove veryLong,https://lichess.org/NJxvXmwF#99,
k9pBf,6k1/5pp1/1bB2n1p/7b/1P6/P3pPP1/3B3P/5RK1 w - - 0 28,g3g4 e3d2 g1g2 h5g6 f1d1 b6e3,2160,78,87,93,advancedPawn advantage defensiveMove discoveredAttack endgame hangingPiece long quietMove,https://lichess.org/oMK09yMA#55,
k9xqJ,4Rnk1/8/7P/4P1p1/K5P1/8/8/1r6 b - - 4 49,b1h1 e5e6 g8h7 e8f8 h1e1 f8f6 e1e4 a4b5,2103,99,-3,19,crushing defensiveMove endgame quietMove veryLong,https://lichess.org/U0rdWsgB/black#98,
kALvh,8/5ppp/2n1k3/p3p3/PpN1K1P1/1P3P2/2P4P/8 b - - 0 33,g7g6 g4g5 h7h5 g5h6,2120,78,91,558,crushing enPassant endgame knightEndgame quietMove short,https://lichess.org/HwwwQpio/black#66,
kAi13,r2r4/ppp2pkp/2np1np1/6N1/2P1PR2/2P5/PP1N2PP/4R1K1 b - - 2 16,d8e8 e1f1 h7h6 f4f6,2187,77,89,763,advantage middlegame quietMove short,https://lichess.org/VLXmy7sn/black#32,Kings_Pawn_Game Kings_Pawn_Game_Wayward_Queen_Attack
kBGg1,6r1/3B4/8/7P/5kPK/8/8/8 b - - 6 60,g8g7 d7f5 g7a7 h5h6 a7a2 h4h5,2146,76,95,309,crushing defensiveMove endgame long quietMove,https://lichess.org/kNtq5pf0/black#120,
kBaYM,8/6p1/4k2p/2P2p2/1P6/K6P/P7/8 w - - 0 39,b4b5 f5f4 b5b6 e6d7 a3b4 f4f3 b6b7 d7c7 b4c4 f3f2,2119,80,90,940,advancedPawn crushing endgame pawnEndgame quietMove veryLong,https://lichess.org/OYtSQ3rm#77,
kBppA,8/5p1p/p1p1p3/1P3p2/P1kPp3/4K2P/5PP1/8 b - - 0 28,a6b5 a4a5 b5b4 a5a6 f5f4 e3d2,2162,75,93,2724,crushing defensiveMove endgame long pawnEndgame quietMove,https://lichess.org/Rqm0LsAL/black#56,
kBrcp,8/6p1/5k1p/ppppp2P/6K1/PPPPP1P1/8/8 b - - 0 32,d5d4 e3d4 e5d4 c3d4 a5a4 b3a4 b5b4 a3b4 c5b4 a4a5 b4b3 a5a6 b3b2 a6a7,2189,77,85,82,advancedPawn crushing endgame pawnEndgame quietMove veryLong,https://lichess.org/vsZ7bUUZ/black#64,
kC9j2,2r4k/2N1R3/1q3pp1/4p2p/p1Q5/P6P/2b2PP1/6K1 b - - 5 36,c2b3 c4c1 h8g8 c1h6,2128,81,92,2287,crushing endgame quietMove short,https://lichess.org/mkeftXLP/black#72,
kCBVy,3r4/8/2P3k1/2K2p2/2P5/7P/p1N2P2/8 b - - 3 40,d8d2 c2a1 d2f2 c6c7,2168,88,83,40,advancedPawn crushing endgame master quietMove short,https://lichess.org/1q9QAP8k/black#80,
kCHvA,8/7p/1P4p1/5p2/PRpk4/3p2PP/4r3/3K4 b - - 2 41,e2e8 b6b7 e8b8 a4a5 d4c5 a5a6 c5b4 a6a7 b8b7 a7a8q,2102,79,84,391,advancedPawn advantage endgame promotion quietMove rookEndgame sacrifice veryLong,https://lichess.org/jOnQaZ7x/black#82,
kCTCC,r3kb1r/pb3pp1/5n1p/4pB2/8/2N5/PPP2PPP/3RR1K1 b kq - 0 14,e5e4 c3e4 b7e4 f5e4 f6e4 e1e4 f8e7 d1e1 e8g8 e4e7,2114,82,89,441,advantage middlegame quietMove veryLong,https://lichess.org/XKu4fjbj/black#28,Sicilian_Defense Sicilian_Defense_Lowenthal_Variation
kCqIj,6k1/p6p/5PqQ/1p1p4/2pP4/P4K1P/1P6/8 w - - 5 45,h6g6 h7g6 f3f4 a7a5 f4e5 b5b4 a3b4 a5b4,2114,83,53,37,crushing endgame quietMove veryLong,https://lichess.org/GhWKCcah#89,
kD9lM,5rk1/p5p1/1p2n1qp/3pP1p1/3p4/2P3P1/P1P1QPK1/1R5R w - - 0 25,b1b5 e6f4 g3f4 g5f4 g2f3 h6h5 h1h4 g6g5,2181,77,91,1245,crushing discoveredAttack endgame master quietMove sacrifice veryLong,https://lichess.org/AL7gs5T1#49,
kDcP9,7k/pp2r2p/2p5/3rP3/2QP3q/1P4R1/P6P/6NK b - - 4 40,h4d4 c4f1 d4e4 g3g2,2169,77,87,65,advantage defensiveMove endgame master quietMove short,https://lichess.org/4cGSwtY0/black#80,
kDf2O,r1bq1r2/pp1nb1pk/4Q1N1/8/5p2/2N5/PPP3PP/R3K2R w KQ - 1 18,g6e7 d7f6 e6e5 f8e8,2138,76,92,3563,crushing middlegame quietMove short,https://lichess.org/17XlqAvV#35,French_Defense French_Defense_Classical_Variation
kDgZn,8/8/8/1p6/pPnk4/P3BpPp/5P1P/4K3 b - - 4 48,c4e3 f2e3 d4e3 e1f1 f3f2 g3g4 e3f4 f1f2,2162,75,97,466,crushing endgame quietMove veryLong zugzwang,https://lichess.org/4OUoJfCt/black#96,
kDk0I,r6r/bp1q2pk/p1p3b1/2P1p1P1/1P1pP3/PB1P2Q1/3N1P1K/2R5 b - - 2 29,g6h5 g5g6 h7h6 c1g1 d7g4 g3g4 h5g4 g1g4,2161,76,84,121,crushing middlegame quietMove veryLong,https://lichess.org/Pw4dtWuZ/black#58,
kE5MG,1nkrr3/ppp2pp1/5n1p/1Pb5/2N1P3/2P2P2/P2NK1PP/R1B4R w - - 1 18,d2b3 f6e4 f3e4 e8e4 c4e3 c5e3 e2f3 d8e8 h1e1 e4f4,2119,75,85,168,advantage fork master middlegame quietMove veryLong,https://lichess.org/u4hd2u6d#35,Elephant_Gambit Elephant_Gambit_Other_variations
kEB9k,2r3k1/p2q1p1p/6p1/6Pn/2p4P/2Q2P2/PP3N2/2K1R3 b - - 5 25,h5f4 f2g4 f4d3 c1b1 d7g4 f3g4,2112,77,87,384,crushing defensiveMove endgame long quietMove,https://lichess.org/mMaZzQfj/black#50,
kEg96,r4rk1/pp1n2p1/2pq3p/3p1p2/P2P4/1P1QPP1N/5KPP/2R2R2 b - - 2 19,d6h2 f3f4 d7f6 f1h1 f6e4 d3e4 d5e4 h1h2,2155,76,87,260,advantage middlegame quietMove trappedPiece veryLong,https://lichess.org/GrYkK4SO/black#38,Queens_Gambit_Declined Queens_Gambit_Declined_Baltic_Defense
kF2Db,2k2r2/1b1pn3/6q1/2p1p1Br/4P3/3P2Q1/B1P2PP1/R4RK1 w - - 4 34,g5e7 f8h8 e7h4 h5h4 g3h4 h8h4,2184,92,77,38,crushing long middlegame quietMove,https://lichess.org/as54D0h4#67,
kF5mo,2r4k/3q2p1/4R2p/1p3P2/pQ6/6PK/7P/8 b - - 0 40,c8c4 b4f8 h8h7 e6e8 d7e8 f8e8,2131,77,94,2605,crushing endgame long quietMove,https://lichess.org/yPEDO7og/black#80,
kFofC,5r2/pp2R1p1/6k1/3p2p1/8/PB1P2bP/1PP3P1/5rRK w - - 6 26,e7b7 f1g1 h1g1 f8e8 b7f7 g6f7,2121,77,87,140,advantage endgame long quietMove,https://lichess.org/FrngNbFo#51,
kFryK,8/7p/6p1/1pk5/6P1/2PK2P1/P7/8 w - - 0 38,a2a3 g6g5 c3c4 b5c4,2142,277,-33,8,endgame equality pawnEndgame quietMove short,https://lichess.org/hZCs0vKY#75,
kFth6,r2q1rk1/pp4pB/4p3/3p4/1P3b2/P4P1b/1BP2P1P/R2Q2RK b - - 0 20,g8h7 g1g7 h7h6 d1g1 f4g5 g1g3,2137,78,83,60,crushing long middlegame quietMove,https://lichess.org/szx0DvmI/black#40,
kG4Zz,8/4P1R1/8/4r2p/8/5K1k/8/8 b - - 0 58,h5h4 g7g1 h3h2 g1g2,2126,75,98,333,crushing endgame quietMove rookEndgame short,https://lichess.org/lxoSYGii/black#116,
kGEUp,2k1r3/p6p/1p4p1/3R4/2PB1r2/8/P3p1PP/4R1K1 w - - 0 30,d5e5 e8f8 e5e2 f4d4,2157,199,100,17,endgame equality quietMove short,https://lichess.org/p0Gq5GMF#59,
kGHmn,8/2Q3kp/5rp1/8/2P2P1P/pP4P1/q5BK/8 b - - 0 40,g7h6 g3g4 a2f2 g4g5 h6h5 g5f6,2114,123,77,24,crushing endgame fork long master quietMove,https://lichess.org/mnyJb96r/black#80,
kGLBG,2n2rk1/6rp/bp1pP1pR/p1pP1pN1/2P2P2/1P4N1/q5BP/4Q1K1 b - - 1 26,c8e7 g3f1 a2b3 e1h4,2111,128,91,37,advantage clearance defensiveMove master middlegame quietMove short,https://lichess.org/JJCxY5sd/black#52,
kGccA,8/p7/1p2kp1p/2p4P/2P2KP1/1P6/P7/8 b - - 0 44,e6e7 f4f5 e7f7 a2a3 a7a6 b3b4 c5b4 a3b4 f7e7 f5g6,2180,77,86,209,crushing endgame pawnEndgame quietMove veryLong zugzwang,https://lichess.org/TmfNOiEC/black#88,
kGe0r,8/8/6pp/2R3r1/5k2/P7/KPP5/8 w - - 1 48,b2b4 g5c5 b4c5 f4e5 a2b3 h6h5 b3c4 h5h4,2102,78,78,49,crushing defensiveMove endgame quietMove rookEndgame veryLong,https://lichess.org/gDdZXTwY#95,
kGmvW,6k1/1p5p/p7/8/4P3/R5P1/Pr5P/7K w - - 0 37,a3b3 b2b3 a2b3 a6a5 h1g1 b7b5 g1f2 a5a4 b3a4 b5a4,2150,76,92,1740,crushing endgame quietMove rookEndgame veryLong,https://lichess.org/FxuiMjUp#73,
kGzKe,2r5/p1r3p1/2pRRp2/1pP1pk2/1P4p1/P7/3K4/8 b - - 3 54,g7g5 e6f6 f5e4 d6d3 c7d7 d3d7,2108,75,88,189,crushing endgame long quietMove rookEndgame,https://lichess.org/it5DmGd8/black#108,
kH2zO,8/8/4k1p1/4p1P1/4K2P/8/8/8 w - - 1 48,h4h5 g6h5 g5g6 h5h4 g6g7 e6f7 g7g8r f7g8,2137,75,91,1099,crushing endgame pawnEndgame quietMove veryLong,https://lichess.org/3GOwaTgW#95,
kHLIl,5k2/1pr3pp/pN1p1r2/P1PPpqnQ/1P6/2R2pP1/5P1P/4R2K w - - 1 30,c5d6 c7c3 d6d7 g5f7 h5f7 f8f7,2191,81,88,771,crushing hangingPiece long master masterVsMaster middlegame quietMove,https://lichess.org/Clht8pYM#59,
kHRDF,1r3rk1/p1p2p2/4b1pp/q7/4Q2P/P2B4/1PP2PP1/1K1R3R w - - 1 22,b1a1 b8b2 a1b2 f8b8 b2c1 e6a2 e4b4 b8b4,2191,75,85,102,advantage attraction middlegame quietMove sacrifice veryLong,https://lichess.org/DCsox7eS#43,
kHWrT,8/1K6/8/2k5/P1Pp4/3P4/2P5/2b5 b - - 0 93,c5b4 c4c5 b4c5 a4a5 c1d2 a5a6,2177,77,87,133,bishopEndgame crushing endgame long quietMove,https://lichess.org/fKzlsjrZ/black#186,
kHd3f,8/8/8/bP5p/4k2K/6P1/5P2/8 b - - 1 52,e4f3 h4h5 a5e1 g3g4 e1f2 g4g5 f2d4 g5g6,2113,76,95,3955,bishopEndgame crushing endgame quietMove veryLong,https://lichess.org/B6eylNLl/black#104,
kHtE4,4R3/pq4pk/7p/5p2/2Pb1B2/1P1P4/P1Q2PbP/6K1 w - - 2 29,c2e2 g2h3 e8e4 f5e4 e2e4 b7e4,2140,94,86,24,advantage endgame long quietMove,https://lichess.org/v7WH0XZH#57,
kIAVQ,2Q1k3/3r3p/3ppp2/3nq3/3R3P/6P1/5PK1/8 b - - 3 32,e8e7 d4g4 f6f5 g4g8 e5e4 g2h2 e7f6 c8d7,2106,74,94,3551,advantage defensiveMove endgame quietMove veryLong,https://lichess.org/74LTnNS2/black#64,
kIBG6,8/8/p3p1p1/4K1P1/P3p3/5k1P/5P2/8 b - - 1 45,a6a5 h3h4 f3f2 e5e4,2126,74,84,347,crushing endgame pawnEndgame quietMove short,https://lichess.org/gyJKxv3k/black#90,
kIniQ,R1b1r1k1/4q1p1/2p4p/4p3/5P1P/1P2QN1r/1PP2K2/5R2 w - - 2 30,e3e5 h3f3 f2f3 e7d7 e5e8 d7e8,2133,114,51,23,crushing long middlegame quietMove sacrifice,https://lichess.org/xGe7XV06#59,
kInoY,8/1R6/6kp/p4R2/1r3pP1/8/1p4PK/8 w - - 2 45,b7f7 b4b6 f5f4 b2b1q,2120,75,94,7108,advancedPawn crushing endgame master promotion quietMove rookEndgame short,https://lichess.org/h3SmTJDQ#89,
kJUL8,5rk1/1p1q3p/4p1p1/1p1pP3/8/1P2Qr1P/PB3P2/4RRK1 w - - 3 26,e3c5 d7d8 c5d4 f8f4 d4f4 f3f4,2172,78,91,1254,crushing long middlegame quietMove,https://lichess.org/u0a5C3Jm#51,
kJc77,6k1/4bp1p/p1p1p1p1/4P3/2K2P2/4BP2/1P5P/8 b - - 1 33,g8f8 e3c5 a6a5 b2b3 h7h6 c5e7 f8e7 c4c5 e7d7 c5b6,2143,141,88,8,advantage bishopEndgame endgame quietMove veryLong,https://lichess.org/izvMvS5W/black#66,
kKBIj,8/8/4kB2/1p2P2K/3n3P/8/8/8 w - - 1 46,h5g4 b5b4 f6g5 d4e2 g4f3 b4b3 f3e2 b3b2 e2d2 b2b1q,2148,76,96,446,advancedPawn crushing endgame promotion quietMove sacrifice veryLong,https://lichess.org/VUq4mpH3#91,
kKS7t,8/8/4k3/2P3p1/1pKpP3/8/2P5/8 b - - 0 58,g5g4 c4d4 e6d7 e4e5 d7c6 e5e6 g4g3 d4e3 g3g2 e3f2 g2g1q f2g1,2135,76,89,332,crushing endgame pawnEndgame quietMove veryLong,https://lichess.org/fW7URoYq/black#116,
kL41r,r7/5Np1/1k5p/3p2PP/p2P1P2/PbN5/3K4/8 b - - 0 33,a8f8 g5g6 b6c6 f4f5 c6d7 f5f6 d7e6 f6g7,2171,94,63,24,advancedPawn crushing endgame master masterVsMaster quietMove veryLong,https://lichess.org/RaIoexFH/black#66,
kL79Y,8/2k5/1p2PP1p/3R4/3P4/p4r2/6KP/8 b - - 0 34,f3f6 d5d7 c7c8 d4d5 f6f5 d5d6,2194,81,90,220,advantage endgame long quietMove rookEndgame,https://lichess.org/ntXKveCk/black#68,
kLHO0,8/4kp2/3p2pK/p2Pp3/1p2P1P1/7P/PP6/8 b - - 1 40,e7f8 h6h7 f7f5 e4f5 g6g5 h3h4 g5h4 g4g5 h4h3 g5g6 h3h2 g6g7 f8e7 h7g6 h2h1q f5f6 e7d7 g7g8q,2150,172,33,13,advancedPawn crushing endgame pawnEndgame promotion quietMove veryLong,https://lichess.org/9OhJn7zQ/black#80,
kLWdH,7k/p5p1/2Q4p/1p6/8/P2P2P1/q1P1r2P/2R4K w - - 7 30,c6b5 a2f7 b5b8 h8h7,2121,101,75,17,crushing defensiveMove endgame quietMove short,https://lichess.org/tadGzThx#59,
kLhiv,8/p7/Pp4p1/2kpP3/6P1/4K2P/8/8 w - - 3 53,e3d3 g6g5 h3h4 g5h4 g4g5 h4h3 g5g6 h3h2 g6g7 h2h1q,2163,78,88,233,advancedPawn crushing endgame pawnEndgame promotion quietMove veryLong,https://lichess.org/Sbvc1ywC#105,
kLpSP,7r/B3k3/1pp2p1p/4n3/4Pn2/2P2b2/P1P2PP1/RR3BK1 w - - 1 23,g2f3 h8g8 g1h1 g8g5 f1g2 f4e2 g2h3 g5h5 b1g1 h5h3,2164,162,100,17,equality middlegame pin quietMove veryLong,https://lichess.org/ZplajyV3#45,
kLuuB,3rr1k1/pp3ppp/2n2q2/2p5/8/2P4P/P1Q1RPPN/R5K1 b - - 0 21,c6b4 a1e1 e8e2 c2e2,2107,119,100,29,advantage master middlegame quietMove short,https://lichess.org/bytzEKe7/black#42,
kLyPJ,5rk1/1p2q1bp/2p3p1/p1n5/2PN4/QPN1p2P/P7/R2R1BK1 w - - 0 24,c3e2 e7g5 g1h1 c5e4 a3f8 g7f8,2193,76,96,691,advantage long middlegame quietMove,https://lichess.org/ColjkgNq#47,
kMqYb,1qb5/6k1/p3p2r/3p2p1/1p2n1Qp/1B5P/PPP2PP1/R4RK1 w - - 0 28,f2f3 e6e5 g4c8 b8c8,2119,79,90,1079,advantage middlegame quietMove short trappedPiece,https://lichess.org/X5yvtFSn#55,
kMrhR,r1bq3k/pp1n1Q1p/2p4p/8/2Pn2pP/6P1/PP6/2KR1B1R b - - 1 19,c6c5 d1e1 d7e5 e1e5,2135,86,84,33,crushing middlegame quietMove short,https://lichess.org/XIqRH9CR/black#38,Horwitz_Defense Horwitz_Defense_Other_variations
kMyln,r6k/ppp3pp/4rq2/3p4/1n6/NB4Q1/P4PPP/R3R1K1 w - - 0 21,g3c7 a8e8 h2h3 e6e1 a1e1 e8e1,2137,130,87,25,crushing kingsideAttack long middlegame quietMove,https://lichess.org/LlMIWUzQ#41,
kN6gF,8/8/1p2r2R/p1pk2p1/P5K1/2P2P1P/5P2/8 w - - 1 42,g4g5 e6h6 g5h6 b6b5 a4b5 a5a4 f3f4 a4a3,2109,74,91,2268,crushing endgame quietMove rookEndgame veryLong,https://lichess.org/Ykf88GHT#83,
kNuzk,5r2/pp2n2Q/2q1pk2/8/3PBb2/NPP5/5P2/R6K b - - 9 31,c6c3 a1g1 f8g8 g1g8,2116,78,84,88,crushing master middlegame quietMove short,https://lichess.org/SyQxbQUa/black#62,
kOENy,8/p7/4k3/6p1/1P6/4K3/P7/8 w - - 1 50,a2a4 e6d5 e3d3 g5g4 a4a5 a7a6,2144,146,88,21,crushing defensiveMove endgame long master pawnEndgame quietMove,https://lichess.org/hvSSusKr#99,
kOI2d,7R/8/5k1P/8/4pp2/5r2/7K/8 b - - 0 57,e4e3 h8g8 f3f2 h2g1 f2f3 h6h7,2199,80,80,85,advancedPawn crushing defensiveMove endgame long quietMove rookEndgame,https://lichess.org/2wPGwwN0/black#114,
kOU6L,5k2/2pq1p1p/3p1p1N/2n1pN2/4P3/2PPP3/1r4PP/3Q2K1 b - - 1 27,d7b5 d1g4 b2b1 g1f2,2192,76,91,215,advantage endgame quietMove short,https://lichess.org/RBuGx1q4/black#54,
kOXW6,3rr1k1/1p3pp1/2p2n1p/p3p3/4P3/PqP1QP1P/1P4PN/3RR2K w - - 1 22,e3e2 f6h5 h2f1 h5f4 d1d8 e8d8,2170,77,66,149,crushing long middlegame quietMove,https://lichess.org/DhFrlN8E#43,
kOqHa,r3r2k/3N1Qbp/2p5/3p3p/3qp3/P5P1/1PP3PK/4RR2 w - - 0 31,f7h5 e8e6 c2c3 d4a7 f1f7 e6h6 h5h6 g7h6,2183,75,83,437,crushing middlegame pin quietMove veryLong,https://lichess.org/DZ9Atqet#61,
kPIE5,r2q3k/pp2n2p/5rpQ/4Rb2/2B2P2/P7/2PP2PP/5R1K b - - 1 24,f5c2 e5h5 d8g8 c4g8,2197,78,89,257,crushing master middlegame quietMove short,https://lichess.org/mUVph48u/black#48,
kPR3K,8/8/Q3pk2/1p3pp1/8/P4R1P/1q1r1PP1/2r2RK1 w - - 2 34,f1c1 b2c1 g1h2 d2d1 f3e3 d1h1,2161,76,88,103,crushing endgame long quietMove,https://lichess.org/1S72Tgap#67,
kPgE0,1k2b1rr/5qp1/1n2p2P/p2pPpR1/P1pP1P1Q/1pP1N2B/1P5K/6R1 b - - 0 33,h8h6 h4h6 g7h6 g5g8 f7h5 g1g7 b6c8 e3g2 e8a4 g7e7,2191,139,85,10,advantage middlegame pin quietMove veryLong,https://lichess.org/gSf4NBYl/black#66,
kQ6F1,8/p4p2/8/8/4k2p/6p1/P1P1K3/4B3 w - - 0 49,c2c3 f7f5 c3c4 f5f4,2114,76,87,446,bishopEndgame crushing defensiveMove endgame master quietMove short,https://lichess.org/E0hAGDNi#97,
kQN72,r5kb/4Qp1p/p2p2pB/2pP4/2p5/q6P/P4PP1/1R4K1 b - - 0 28,a3d3 b1e1 d3b1 e1b1,2131,75,91,2465,crushing endgame master quietMove short,https://lichess.org/LB8jXL3V/black#56,
kRDIL,r2q3k/ppp4B/6Q1/8/3P2R1/2P1n3/P5PP/5K2 w - - 1 27,f1g1 d8f8 g6g8 f8g8 g4g8 a8g8 h7g8 h8g8,2199,87,71,29,crushing endgame quietMove veryLong,https://lichess.org/4d40ftmu#53,
kRcGC,5rk1/p1p4p/1p4p1/3b2r1/1P3n2/PQ3P2/2PP2P1/4RRK1 w - - 3 28,c2c4 g5g2 g1h1 f8f5 e1e8 g8f7,2181,80,87,63,crushing long middlegame quietMove,https://lichess.org/lcpdtfPG#55,
kRkgA,1r6/1P6/2k5/3p2Kp/6p1/1R6/6PP/8 b - - 1 43,b8b7 b3b7 c6b7 g5h5 g4g3 h2h4 d5d4 h5g4,2136,78,84,143,crushing endgame quietMove rookEndgame veryLong,https://lichess.org/DXaJS0v1/black#86,
kRtlw,6Q1/5pp1/1R5p/4r2k/8/2P4P/1P3qPK/8 w - - 4 37,b6b4 e5e1 g8a8 f2g1 h2g3 e1e3,2149,125,71,26,crushing endgame long quietMove,https://lichess.org/8brDPKn2#73,
kS115,r1b2rk1/pp2pp1p/n1p2qp1/8/4P3/2NR2PP/PP3P2/R1BQ2K1 b - - 0 16,c8h3 g3g4 f6h4 d3g3,2176,83,90,1284,advantage clearance middlegame quietMove short,https://lichess.org/HIbhtAR7/black#32,Neo-Grunfeld_Defense Neo-Grunfeld_Defense_Classical_Variation
kS3gW,3R3r/1pBkb1p1/4p3/1q6/3P3r/2P3QP/5PP1/5RK1 b - - 3 27,e7d8 g3d6 d7c8 f1a1 b5a6 a1a6,2130,76,85,57,crushing long middlegame quietMove,https://lichess.org/Pl8ra7M1/black#54,
kSDmY,8/p4p2/2p1kN2/4Pr1p/2P2p1P/3n1P2/PP2R3/7K b - - 4 41,d3e5 f6e8 e6e7 e8g7,2136,77,93,1898,advantage endgame master pin quietMove short,https://lichess.org/D9truJY5/black#82,
kSDnB,3r2k1/pp3ppp/5n2/8/8/2P1PP2/q2B1RPP/3Q2K1 b - - 1 23,f6d5 d2e1 a2c4 e3e4 d8d7 e4d5,2101,76,91,3339,advantage endgame long quietMove,https://lichess.org/2eOSaTIY/black#46,
kSNUH,1r6/3PQpk1/6p1/3q4/8/4P1P1/5P2/5BK1 w - - 1 49,f1g2 d5d1 g2f1 b8b1 e7e5 g7h7 e5b5 b1b5 d7d8q d1d8,2189,136,83,31,crushing endgame pin quietMove veryLong,https://lichess.org/odlRBuOF#97,
kSmbe,8/5pp1/4p1p1/1k1p4/3P2P1/2PK3P/6P1/8 w - - 5 40,g2g3 g6g5 h3h4 f7f6 c3c4 d5c4,2138,115,81,30,crushing endgame long pawnEndgame quietMove,https://lichess.org/P6mctQCg#79,
kSsUu,1r4k1/p6p/4p1pB/2p2q2/Pr6/1PQ2P1P/6P1/4R1K1 b - - 6 31,b8b7 e1d1 b4d4 d1d4,2154,77,91,1079,crushing endgame quietMove short,https://lichess.org/KHov4vI0/black#62,
kT4sA,8/4rp2/7p/PR6/4p3/2Pk3P/1P4P1/7K w - - 0 39,a5a6 e4e3 b5b7 e7e8 b7d7 d3c2,2136,76,100,154,crushing defensiveMove endgame long quietMove rookEndgame,https://lichess.org/56nIZ8G7#77,
kT51Z,4rk2/2Q5/p3ppr1/3b1q2/1P5R/5P1P/P2R2P1/7K b - - 7 34,g6g7 h4h8 g7g8 h8h7 f5b1 h1h2 b1h7 c7h7,2107,81,81,43,crushing middlegame quietMove veryLong,https://lichess.org/b0f8cbat/black#68,
kTUgP,2R5/1r3k2/4npp1/P3p3/1PK5/8/5P1P/8 b - - 0 41,b7c7 c8c7 e6c7 b4b5 f7e8 b5b6 e8d7 b6c7,2148,79,77,164,advancedPawn crushing endgame quietMove veryLong,https://lichess.org/Rx7ozhPo/black#82,
kTkoS,r1bq1k2/pp4p1/3b3p/3n4/3Q4/6P1/PP3P1P/R1B2RK1 b - - 0 18,d5f6 f1d1 c8h3 d4d6 d8d6 d1d6,2146,83,91,3906,advantage long middlegame quietMove,https://lichess.org/6177lSXQ/black#36,Philidor_Defense Philidor_Defense_Bird_Gambit
kTxKH,r4k1r/3R4/p4Bp1/2p5/1n3bP1/7P/P5K1/4R3 b - - 0 28,h8g8 d7h7 b4d5 f6e7 f8e8 e7c5 e8d8 e1d1,2196,167,85,25,crushing discoveredAttack exposedKing middlegame pin quietMove veryLong,https://lichess.org/ncd0Vn01/black#56,
kU5nA,rn1q1rk1/pb2b1p1/1p2Qn1p/8/8/2BB1N1P/PP3PP1/R3K2R b KQ - 0 14,g8h8 f3e5 d8d3 e5d3,2101,77,88,90,crushing middlegame quietMove short,https://lichess.org/cf90bQ9r/black#28,Dutch_Defense Dutch_Defense_Raphael_Variation
kUBpB,2r2rk1/5pp1/p1p1p2p/1pP1Pb2/3P1P2/P5Pq/1B2BQ1P/2R3K1 b - - 2 25,h6h5 c1c3 f5e4 g3g4 h3g2 f2g2 e4g2 g1g2,2187,213,-100,10,advantage middlegame quietMove veryLong,https://lichess.org/rvxD4SoB/black#50,
kUOar,8/4k3/pp1p2pp/3Pp2P/P1P1N1P1/b4K2/8/8 b - - 0 42,g6g5 e4g3 e7f8 g3f5,2152,75,86,96,crushing endgame quietMove short,https://lichess.org/yurESy0S/black#84,
kUXEn,8/4K3/1p6/1PpBk3/1b1pP3/3P4/8/8 b - - 19 59,b4a5 d5c4 a5d2 e7d7,2160,80,76,59,bishopEndgame crushing defensiveMove endgame quietMove short,https://lichess.org/1FuGcnEv/black#118,
kUkIk,4r1k1/2R3P1/4pB2/7P/4b3/1p6/5P2/6K1 w - - 0 38,g1h2 e6e5 c7c4 b3b2,2129,75,93,5548,advancedPawn advantage endgame master quietMove short,https://lichess.org/XpoCz6Iq#75,
kUp7L,5rk1/pQ3ppp/8/2bpqP2/3pP3/1P3B2/P1r3PP/1RB1R1K1 w - - 1 22,g1h1 c5d6 c1f4 e5f4 e4e5 d6e5 e1e5 f4e5,2198,108,76,28,crushing middlegame quietMove veryLong,https://lichess.org/WewMQYPc#43,
kUpNs,r6k/pppb4/2n1p1Qb/3pPp2/3P4/2N4P/PPP3RP/1K1Bq3 b - - 4 27,e1h4 d1h5 h6g5 g2g5 h4g5 g6g5,2121,74,93,7815,crushing long middlegame quietMove,https://lichess.org/rAEUzUge/black#54,
kV2Lv,8/8/2p2p2/p1p1pP2/P2pP3/1PPP1k2/3K4/8 b - - 0 48,f3f2 c3d4 c5d4 b3b4 a5b4 a4a5 c6c5 a5a6,2160,77,89,85,crushing endgame pawnEndgame quietMove veryLong,https://lichess.org/XeD4rCjt/black#96,
kVK00,8/4k3/6K1/8/1p4PP/1P6/4n3/8 b - - 0 55,e2c3 g6g7 c3d1 h4h5 d1e3 h5h6 e3g4 h6h7 g4f6 h7h8q,2157,75,94,4516,advancedPawn crushing endgame knightEndgame promotion quietMove veryLong,https://lichess.org/K4KOLWJv/black#110,
kVcjj,8/1Rp2ppk/r1pp3p/5P2/4P1P1/3PK2P/8/8 b - - 3 33,d6d5 e4e5 c6c5 b7c7,2141,96,83,29,crushing endgame master masterVsMaster quietMove rookEndgame short,https://lichess.org/8yeAbm1T/black#66,
kVwZ8,8/6R1/8/3Np1kp/4Kp2/8/8/5r2 b - - 1 50,g5h6 g7g8 f1d1 d5f6 d1d6 e4f5 d6f6 f5f6,2122,84,85,58,crushing endgame quietMove veryLong,https://lichess.org/3K26NvbJ/black#100,
kWp8M,8/8/5ppp/3k4/5KPP/8/5P2/8 w - - 1 45,g4g5 f6g5 h4g5 h6h5 f2f3 d5d4,2109,77,87,334,crushing defensiveMove endgame long pawnEndgame quietMove,https://lichess.org/lWcjEoMf#89,
kWzSi,r4knr/p7/4Qp2/1p5b/1bpqP3/2N5/1P3PPP/R1B1K1NR w KQ - 0 17,c1d2 a8d8 g1f3 h5f3,2117,84,76,50,crushing middlegame quietMove short,https://lichess.org/k3k2QwIr#33,Queens_Gambit_Accepted Queens_Gambit_Accepted_Old_Variation
kXA2S,4r2k/pp1b3p/2p4q/3p4/8/2N5/PPB2Q1P/5R1K w - - 2 35,f2f6 h6f6 f1f6 d7h3 c2e4 d5e4,2180,76,87,300,crushing long middlegame quietMove,https://lichess.org/HKw7bWxe#69,
kXKqQ,8/8/8/1kp5/3pKP2/3P4/8/8 b - - 0 52,b5b4 f4f5 c5c4 f5f6 c4c3 f6f7,2150,84,87,35,advancedPawn crushing endgame long pawnEndgame quietMove,https://lichess.org/lAYw6ipN/black#104,
kXik0,r2qr3/ppp3pp/1k6/2bB1b2/2Q5/8/PPPP1PPP/R1B1K2R w KQ - 3 16,e1f1 d8e7 c4b3 b6a5,2193,131,100,17,advantage defensiveMove middlegame quietMove short,https://lichess.org/2BuYQgZz#31,Italian_Game Italian_Game_Two_Knights_Defense
kYC3b,2r5/pppq1pp1/3p1k2/P7/2PKP3/8/1P6/RNBQ1B2 w - - 0 19,d4d5 c7c5 e4e5 d6e5 d5e4 d7d1,2109,79,92,1376,crushing discoveredAttack long middlegame quietMove skewer,https://lichess.org/9f1Wfd8f#37,Indian_Defense Indian_Defense_Omega_Gambit
kYDpM,2r5/8/R2k1p1p/2p3p1/2K5/2P3P1/P7/8 b - - 1 45,c8c6 a6c6 d6c6 g3g4 f6f5 g4f5,2159,79,91,796,advantage endgame long quietMove rookEndgame,https://lichess.org/M8m5WMSf/black#90,
kYG9C,4B3/8/3b4/p6p/P5p1/5p1k/5P2/6K1 b - - 9 48,h5h4 e8b5 d6h2 g1h1 g4g3 b5d7,2135,86,84,211,bishopEndgame endgame long mate mateIn3 quietMove,https://lichess.org/c9rYN6a1/black#96,
kYMk2,8/8/k4K2/6pp/2n5/5P1P/6P1/8 b - - 1 62,g5g4 f3g4 h5g4 h3h4 c4e3 h4h5 e3g2 h5h6 g2e3 h6h7,2169,78,91,2014,advancedPawn crushing endgame knightEndgame quietMove veryLong,https://lichess.org/kZnXJrxN/black#124,
kZExU,r2qnrk1/p2nbp1p/2p3pQ/1p1p2P1/3P4/2NBB2P/PPP2P2/2KR3R b - - 1 14,b5b4 h3h4 d7f6 g5f6,2188,77,89,2497,crushing master middlegame quietMove short,https://lichess.org/zbfEwm9H/black#28,Caro-Kann_Defense Caro-Kann_Defense_Two_Knights_Attack
kZh6z,4r2k/3b1r1p/p1p4B/3ppq2/7Q/7P/PP2R1P1/4R2K w - - 1 27,e2e5 e8e5 h4d4 f7e7 h6f4 f5f4 d4f4 e5e1,2190,75,85,297,advantage master masterVsMaster middlegame quietMove veryLong,https://lichess.org/4epIuSWW#53,
kaMzZ,2r4k/p1P3pp/8/4n3/8/8/P5PP/2R3K1 b - - 0 25,e5d3 c1b1 h7h5 b1b8,2179,100,87,25,crushing endgame pin quietMove short,https://lichess.org/QbTfbcIN/black#50,
kaQZH,6nk/7p/4p2B/3pPpPp/3P1P2/1p6/2p5/2K1N3 w - - 0 51,e1d3 g8h6 g5h6 h5h4 d3f2 h8g8 f2h3 g8f7,2108,92,83,24,crushing defensiveMove endgame quietMove veryLong,https://lichess.org/zO5AnkDL#101,
kbKhM,8/p1r2rk1/7p/4R1p1/6K1/4RP1P/5P2/8 w - - 3 44,g4h5 c7c4 e5g5 h6g5,2156,79,85,70,crushing endgame quietMove rookEndgame short,https://lichess.org/FqXzxsos#87,
kbU1Q,2r2rk1/1bb2ppp/p7/1p1P4/2NQpPPq/1P5P/PB5K/2R2R2 b - - 1 26,f7f6 c4e3 c7f4 f1f4 c8c1 b2c1,2171,90,57,49,advantage long middlegame quietMove,https://lichess.org/ezuxc2Py/black#52,
kbxk8,8/8/3k3p/1p3p2/P3pP1r/3bK3/R6P/2R5 w - - 0 38,a4a5 h4h3 e3d4 d3c2 c1d1 c2d1,2125,206,87,9,crushing endgame long master quietMove,https://lichess.org/J3qnQc3W#75,
kc55w,3r3r/pQpk1pp1/4p3/8/3P4/5Pq1/PPP3B1/R4RK1 w - - 1 23,b7e4 h8h2 f1f2 d8h8 g1f1 h2g2 f2g2 h8h1 f1e2 g3g2,2124,76,90,1433,clearance crushing deflection exposedKing middlegame quietMove sacrifice veryLong,https://lichess.org/CmNIcTvX#45,
kcqsR,5rk1/p3p2p/q1np2p1/3R2P1/P4P1P/1pQ1B1K1/1P3N2/1b6 b - - 0 29,b1c2 f2g4 g8f7 d5d6 e7d6 c3f6 f7e8 f6e6 e8d8 e6d6 d8c8 d6f8,2127,154,82,19,crushing fork master masterVsMaster middlegame quietMove sacrifice veryLong,https://lichess.org/BvrvZVub/black#58,
kczFB,8/7p/3p2p1/p4p2/3K1P1P/kP6/P4PP1/8 w - - 1 31,d4c3 d6d5 c3d4 a3a2,2162,83,98,50,crushing endgame pawnEndgame quietMove short,https://lichess.org/t22aXq9s#61,
kdNa9,8/5p2/2n2kp1/8/4PK1P/1p1N1P2/8/8 b - - 5 50,c6b4 d3b4 b3b2 b4d5 f6e6 d5c3 b2b1q c3b1,2176,74,96,1091,crushing endgame hangingPiece knightEndgame quietMove veryLong,https://lichess.org/C6fbrKCm/black#100,
kdOTx,8/8/p3k3/4p1p1/P3K3/2P3P1/8/8 b - - 0 43,a6a5 g3g4 e6d6 e4f5 d6d5 f5g5,2182,79,86,320,crushing endgame long pawnEndgame quietMove zugzwang,https://lichess.org/fzWcf2Kh/black#86,
kdVV6,2k5/1pq5/p3P3/5ppp/2P3B1/BP5P/Pb3PP1/5R1K b - - 0 25,h5g4 e6e7 c7e5 f1d1 b2a3 d1d8 c8c7 e7e8q e5a1 h1h2,2103,75,96,938,advancedPawn advantage defensiveMove endgame promotion quietMove sacrifice veryLong,https://lichess.org/OhcEljkb/black#50,
kdZi3,8/2p3Rp/1p5K/p7/P2k2P1/4r2P/8/8 w - - 2 38,g7h7 e3h3 h6g6 h3h7 g6h7 b6b5 a4b5 a5a4 g4g5 a4a3 g5g6 a3a2,2173,76,91,352,advancedPawn crushing endgame quietMove rookEndgame veryLong,https://lichess.org/IHSrSA64#75,
kdmZS,1k6/1p6/1P6/2N5/7p/1r5r/5PK1/5R2 b - - 5 45,b3c3 f1e1 h3g3 f2g3,2190,75,96,358,crushing endgame quietMove short,https://lichess.org/n37YlcZm/black#90,
kdxh5,3r1rk1/1pq2pp1/p6p/3pbN2/8/P1P1BQPb/1P3P1P/R2R2K1 b - - 0 21,c7d7 g3g4 h3g4 f3g4,2183,76,80,791,advantage middlegame quietMove short trappedPiece,https://lichess.org/Xcyj1rdR/black#42,
ke77R,8/5k2/n1K3p1/3p2P1/2pP3P/2P1Bp2/8/8 b - - 0 50,a6b4 c3b4 c4c3 b4b5 c3c2 b5b6 f3f2 b6b7 f2f1q b7b8q,2167,75,81,160,advancedPawn crushing endgame hangingPiece promotion quietMove veryLong,https://lichess.org/uhlpqL7R/black#100,
keIHY,8/p4pkp/5qn1/2R5/3K4/2P3Q1/6PP/8 w - - 14 35,c5e5 a7a5 d4c4 f6e5 g3e5 g6e5,2116,107,82,39,advantage endgame long pin quietMove,https://lichess.org/oItsB8Ng#69,
keb6C,3rr1k1/ppp2ppp/1q6/8/QPP2B2/P1N2bP1/5P1P/R4RK1 w - - 0 21,c4c5 b6e6 a1e1 e6e1,2121,76,94,673,crushing middlegame quietMove short,https://lichess.org/Aatp9qun#41,
kehTu,8/5pk1/1n2p1p1/3pP1Pp/1BpP1P1P/2P5/2K5/8 b - - 9 52,b6a4 b4a5 g7f8 c2b1 f8e7 b1a2 e7d7 a2a3 a4c3 a5c3,2125,75,89,778,crushing endgame quietMove trappedPiece veryLong,https://lichess.org/cYYtjI4T/black#104,
kfVnb,rq4k1/5rp1/p3p3/6Q1/3RP3/1p6/5P2/3R2K1 b - - 0 28,b3b2 d4d8 b8d8 d1d8 f7f8 d8d1 a8b8 d1b1,2112,76,89,977,advantage endgame fork quietMove veryLong,https://lichess.org/H7TzjiQH/black#56,
kfiDS,2b3k1/ppb2ppp/2p2p2/4n3/2Pq4/1P1BRPN1/P4QPP/6K1 w - - 1 23,f3f4 c7b6 f4e5 d4e3 f2e3 b6e3,2134,85,81,266,advantage kingsideAttack long master middlegame quietMove,https://lichess.org/YbEcktqe#45,
kg4sF,r3k1r1/1b1p1p2/p2qpQ1p/1pp5/4P1n1/1B1PR1PN/PPP2P1P/RN4K1 w q - 5 17,e4e5 d6c6 f6f3 c6f3 e3f3 b7f3,2157,76,85,679,advantage long middlegame quietMove,https://lichess.org/liAICSgi#33,Sicilian_Defense Sicilian_Defense_Bowdler_Attack
kgIIR,8/3k2Q1/3p4/3p3p/4qn2/1BP5/KP6/8 b - - 7 51,d7c6 g7a7 f4e6 b3a4 e4a4 a7a4,2187,73,93,7103,crushing endgame long master quietMove,https://lichess.org/ohf5gZVf/black#102,
kgLn4,8/8/p5PN/3k4/P4P2/1r6/6K1/8 b - - 0 52,b3b6 f4f5 d5e5 g6g7,2152,76,85,384,advancedPawn crushing endgame quietMove short,https://lichess.org/lJfeNRxm/black#104,
kgQGT,8/8/p7/1p1p2p1/4k1p1/PPP3P1/4K2P/8 w - - 0 37,a3a4 b5a4 b3a4 a6a5 e2d2 e4f3 d2d3 f3g2 d3d4 g2h2 d4d5 h2g3,2164,75,91,476,crushing endgame pawnEndgame quietMove veryLong,https://lichess.org/VkpQh772#73,
kgVyB,8/8/8/4k1Bp/4p2P/bP6/4K3/8 w - - 2 58,e2e3 a3c1 e3f2 c1g5 h4g5 h5h4 b3b4 h4h3,2184,75,94,577,bishopEndgame crushing endgame quietMove veryLong,https://lichess.org/HJCcPovS#115,
kgkEd,2b5/5k2/1p2pPp1/r2pP3/3P1R2/pq1rP3/2R1Q3/6K1 b - - 2 39,d3c3 e2h2 b3b1 f4f1,2131,78,87,91,crushing defensiveMove master middlegame quietMove short,https://lichess.org/jF054kYL/black#78,
kgqzN,5rk1/6pp/2R5/5p2/4N3/8/1q2pPPP/2Q3K1 w - - 0 32,e4g5 b2c1 c6c1 f8d8 c1e1 d8d1 f2f4 d1e1,2110,81,86,77,crushing endgame pin quietMove veryLong,https://lichess.org/FL48MHYr#63,
khBRr,8/6p1/1p3k1p/pPpP1p2/2P2P1P/1P4K1/8/8 b - - 0 32,g7g5 f4g5 h6g5 h4h5 a5a4 b3a4,2117,83,92,495,crushing endgame long pawnEndgame quietMove,https://lichess.org/gDUjEB7q/black#64,
khOcK,r1b2rk1/pp3pq1/3p1R2/3P2pQ/2p1B3/6P1/P1P3PP/R6K b - - 1 21,f8e8 a1f1 c8g4 h5g4,2144,91,87,24,crushing middlegame quietMove short,https://lichess.org/EojQTtkp/black#42,
khSxd,8/1p3p2/p7/4kp1p/PP6/1P2K1PP/8/8 b - - 0 41,f7f6 a4a5 f5f4 g3f4 e5f5 e3f3,2128,74,83,101,crushing defensiveMove endgame long pawnEndgame quietMove,https://lichess.org/ggEr6oif/black#82,
khx7h,8/8/8/1p1pp3/5p1P/2k5/5PP1/2K5 b - - 0 48,b5b4 h4h5 c3b3 c1b1 d5d4 h5h6 d4d3 b1c1,2149,77,92,1136,crushing defensiveMove endgame pawnEndgame quietMove veryLong,https://lichess.org/R7zCFbh5/black#96,
ki9D9,r5k1/1br2p2/p3p2Q/1p1p4/1P3R2/P5P1/2q3PP/5RK1 b - - 1 26,c2e2 f4h4 f7f5 h6h8,2152,82,86,71,crushing middlegame quietMove short,https://lichess.org/1ML28Ss1/black#52,
kiYX7,8/5k1N/8/1p2P1pP/p1p2p2/P1P1bK2/1P6/8 b - - 0 36,e3c1 h7g5 f7g8 e5e6 g8f8 h5h6 c1b2 g5h7 f8e7 h7f6 e7f6 h6h7 f6e6 h7h8q,2138,126,36,24,advancedPawn crushing endgame exposedKing promotion quietMove sacrifice veryLong,https://lichess.org/BLAK1wuq/black#72,
kjj7K,8/8/8/6p1/2K4k/8/1P6/8 w - - 0 53,c4d3 g5g4 d3e2 h4h3 e2f1 h3h2,2146,75,78,252,crushing defensiveMove endgame long pawnEndgame quietMove,https://lichess.org/7Rvi7FVc#105,
kjt5J,8/5p2/p2k1p2/1pp1rPp1/4R1P1/1PPK3P/P7/8 w - - 0 30,c3c4 e5e4 d3e4 b5b4 e4f3 d6e5,2196,76,77,104,crushing endgame long quietMove rookEndgame zugzwang,https://lichess.org/5fWTPcCu#59,
kjuPD,6k1/bp1N2pp/p7/8/3pR3/4n1PN/PPr2PKP/3R4 w - - 1 29,g2g1 e3d1 h3g5 c2c8 e4e7 d4d3,2151,149,25,23,advantage hangingPiece long middlegame quietMove,https://lichess.org/tvSkSzTm#57,
kkZZJ,8/6p1/1N5p/8/3k4/3pp3/R3n2P/5K2 w - - 0 50,b6a4 e2f4 f1e1 e3e2 e1f2 f4h3,2193,108,80,39,advancedPawn crushing endgame long quietMove,https://lichess.org/oqNXZ56D#99,
kkwVv,8/p7/5k2/P4ppP/7P/6K1/8/8 w - - 1 40,h5h6 g5g4 h6h7 f6g7 h7h8q g7h8,2199,75,84,173,crushing endgame long pawnEndgame quietMove,https://lichess.org/eLSBmRfW#79,
klGcq,8/8/8/p3p1k1/2p1P3/2P2KP1/1b1N4/8 w - - 2 51,d2c4 a5a4 c4b2 a4a3 b2d3 a3a2,2104,77,87,503,advancedPawn crushing endgame long quietMove sacrifice,https://lichess.org/hywjKCxT#101,
klor8,8/5K1B/8/4p1p1/3kn2P/P7/8/8 w - - 0 56,h7e4 g5h4 e4h1 e5e4 a3a4 e4e3,2174,75,97,116,bishopEndgame crushing endgame long quietMove,https://lichess.org/XsfRlCg2#111,
kmVth,7k/p1p5/3p1r2/4r1q1/1PP3B1/6R1/P4P2/5K1Q b - - 4 36,h8g7 g4f3 g5g3 f2g3 e5e3 f1f2,2197,75,92,1364,crushing endgame long master pin quietMove,https://lichess.org/K4RXc6za/black#72,
kmsFZ,8/p4Q1p/2p2ppk/2r1p3/7P/2q5/P4PP1/5RK1 b - - 1 31,e5e4 g2g4 f6f5 f7f8,2139,77,91,1180,crushing endgame quietMove short,https://lichess.org/URNmKw8l/black#62,
kn0WV,8/6P1/2k2n2/5P2/2P5/3K3p/7P/8 b - - 0 64,c6d6 d3d4 d6e7 c4c5 e7f7 c5c6 f6e8 f5f6,2171,76,91,3598,crushing endgame knightEndgame quietMove veryLong,https://lichess.org/mJjCx6zO/black#128,
knwpH,r7/P7/2k5/2BpK3/3P4/8/8/8 b - - 16 74,c6d7 e5d5 a8g8 c5d6 g8g5 d6e5,2117,139,73,20,crushing defensiveMove endgame long quietMove zugzwang,https://lichess.org/eJeRPcsR/black#148,
koNye,7k/2p2Bpp/p7/1p6/3P1B2/2PK4/Pq6/RN6 b - - 1 28,b2a1 d3c2 b5b4 f4c1 b4c3 b1c3,2165,84,91,631,advantage endgame long quietMove,https://lichess.org/E73BNr4t/black#56,
kocMI,3q3r/5k2/4pN2/p2pPnQR/n1pP2P1/P7/1r6/2R3K1 b - - 0 33,f5g7 c1f1 b2b1 f1b1,2174,78,81,77,crushing middlegame quietMove short,https://lichess.org/zSHrh5dD/black#66,
koeZ4,8/pp3k2/2p1p2P/4K3/6P1/8/8/8 b - - 0 40,c6c5 g4g5 f7g6 e5e6 c5c4 h6h7 g6h7 e6f7 c4c3 g5g6 h7h6 g6g7,2193,75,72,66,advancedPawn crushing endgame pawnEndgame quietMove veryLong,https://lichess.org/6jyKkLVL/black#80,
koik9,8/8/8/7R/5KPP/2k2P2/3pr3/8 w - - 0 67,h5c5 c3d4 c5c8 e2e5 c8b8 d2d1q,2175,76,95,1461,advancedPawn crushing defensiveMove endgame long promotion quietMove rookEndgame,https://lichess.org/4ayoF0SK#133,
kp7d7,r7/1p3r1k/4p2p/p2pQ2P/P7/1qP5/1P3P2/R3K1R1 b Q - 0 25,a8f8 e5g3 b3c2 g3g6 c2g6 h5g6 h7g8 g6f7,2124,123,88,27,advancedPawn advantage doubleCheck endgame fork quietMove veryLong,https://lichess.org/kiGrn7pM/black#50,
kpabx,r7/2R4p/p2r1ppk/1p1N4/4PP2/P5K1/2P4P/8 b - - 0 38,a6a5 d5e3 f6f5 e4f5 d6d3 c2d3,2178,75,97,894,advantage endgame long quietMove,https://lichess.org/EpmEwJCp/black#76,
kpmpm,3r1rk1/p4ppp/1n6/8/4q3/1Q4P1/PP2P2P/3RKB1R w K - 0 18,h1g1 d8d1 b3d1 e4e3 g1g2 f8c8 g2f2 c8c1,2174,89,82,42,crushing middlegame pin quietMove veryLong,https://lichess.org/XOQqC5h0#35,Queens_Gambit_Declined Queens_Gambit_Declined_Marshall_Defense
kq3cY,r4k1r/p4p2/1p1q2pp/2pQ4/P1P5/8/1P3PPb/R1B1R2K b - - 1 20,a8d8 g2g3 d6d5 c4d5 h2g3 f2g3,2120,90,73,28,advantage long middlegame quietMove trappedPiece,https://lichess.org/o0bpwGNv/black#40,
kqLSC,8/8/1p1k3p/2p1p1p1/P1K1P3/5PP1/7P/8 b - - 1 31,d6c6 g3g4 c6d7 c4d5,2146,77,92,2713,advantage endgame pawnEndgame quietMove short zugzwang,https://lichess.org/QlVEYd1Q/black#62,
kqQKV,8/8/p1kB2p1/5bKp/1P3P1P/8/8/8 w - - 2 59,d6c5 a6a5 c5e7 a5a4 g5f6 c6b5 f6e5 a4a3,2174,75,96,1911,bishopEndgame crushing endgame quietMove veryLong,https://lichess.org/tDwhES5L#117,
kqRrJ,8/1r2k3/1P5R/2K3Pp/3Pb3/8/8/8 b - - 2 52,e4f3 d4d5 f3d5 c5d5,2166,76,94,83,crushing endgame quietMove short,https://lichess.org/GI4S5vnc/black#104,
kqS3T,3r2k1/5ppp/p3p3/Q1p1P3/P1P1q3/1P4R1/5PK1/R7 w - - 4 35,f2f3 e4e2 g2h3 d8d2 a5d2 e2d2,2197,77,84,356,advantage endgame long quietMove,https://lichess.org/8LjtK4ef#69,
kqYC2,8/4r1p1/6K1/2k3R1/5P2/8/8/8 b - - 12 64,c5d6 f4f5 e7e1 g6g7,2166,78,89,959,crushing endgame master quietMove rookEndgame short,https://lichess.org/r7UKitev/black#128,
kqYqL,4n1k1/pQr1ppb1/3pq1p1/8/P1P5/1K3PP1/1P1BP3/R3R3 w - - 0 28,b7b5 e6c8 d2b4 c7b7,2138,77,85,115,advantage master middlegame quietMove short,https://lichess.org/MnwGA6x3#55,
kqoS6,6k1/3r1p2/4pQp1/p2p4/q2r4/1P5P/4RPP1/1R4K1 b - - 0 34,a4b4 b1c1 d4c4 b3c4,2162,85,84,44,crushing endgame quietMove short,https://lichess.org/kEPz5gb3/black#68,
kqpre,8/7p/1p3pp1/5P2/1Nk3P1/4K2P/8/8 b - - 0 58,c4b4 f5g6 h7g6 h3h4 b6b5 h4h5 g6h5 g4h5,2117,88,90,2656,crushing endgame master masterVsMaster pawnEndgame quietMove veryLong,https://lichess.org/9zCvEuqQ/black#116,
krAQw,6k1/8/p7/8/PP3pp1/7p/7K/8 b - - 0 54,g8f8 b4b5 a6b5 a4a5 f4f3 h2g3 b5b4 a5a6 f3f2 g3f2 f8e7 a6a7,2133,75,85,475,advancedPawn crushing endgame pawnEndgame quietMove veryLong,https://lichess.org/yf9ZOwSc/black#108,
krIqx,q4k2/7p/3PP3/1pp3p1/5N2/1P5P/1BP3PK/8 b - - 0 38,g5f4 b2f6 a8d5 d6d7 d5e6 d7d8q,2186,71,94,11260,advancedPawn crushing endgame long master promotion quietMove,https://lichess.org/aMJM3HZj/black#76,
krL84,2r1k2r/4bpp1/pq1p1n2/1p2pP2/4P1np/PB3N2/1PP1Q1PP/R1B2R1K w k - 0 20,h2h3 f6h5 h3g4 h5g3 h1h2 g3e2,2143,76,91,937,crushing fork long middlegame quietMove sacrifice,https://lichess.org/CYYD3SCU#39,
krsjJ,8/3P1k2/2K1R2p/2P3p1/8/1P6/3r4/8 w - - 1 58,c6c7 f7e6 c5c6 e6e7 b3b4 g5g4 b4b5 g4g3,2114,78,81,230,crushing endgame hangingPiece master quietMove rookEndgame veryLong,https://lichess.org/V897IXq1#115,
ksCr8,rn2k3/p2q1pp1/1pp1p3/3pPnNr/2PP2P1/2NQ4/PP3P2/R4RK1 b q - 0 16,d5c4 d3d2 h5g5 d2g5,2147,75,96,177,advantage middlegame quietMove short,https://lichess.org/43K9FXb4/black#32,French_Defense French_Defense_Normal_Variation
ksOoH,3r4/ppp3kp/4p1p1/8/8/1Pq1P2P/P3BQP1/5K1R w - - 0 24,g2g3 d8f8 e2f3 e6e5 f1g2 e5e4,2150,75,98,106,advantage endgame long pin quietMove,https://lichess.org/KRV5nu02#47,
ksZ1i,8/7p/1p5k/p2P3p/8/BpP2r2/P1b5/K3R3 b - - 2 44,f3c3 e1g1 h5h4 a3c1 h6h5 g1g5,2175,75,93,2616,crushing endgame long quietMove,https://lichess.org/6xqbgoKf/black#88,
kscmL,8/8/2p3k1/pp5p/4nP1K/1P5P/P5N1/8 w - - 7 49,g2e3 e4d6 h4g3 d6f5 g3f2 f5e3,2176,77,88,130,crushing endgame knightEndgame long quietMove,https://lichess.org/mABOXEsa#97,
kspTw,4r3/2q2p1k/p3PQ1p/8/5ppP/2PR4/P1P3P1/7K w - - 3 32,f6f7 c7f7 e6f7 e8e1 h1h2 g4g3 h2h3 h6h5 f7f8n h7g8,2157,73,93,6855,crushing endgame quietMove veryLong,https://lichess.org/JADqo7Cf#63,
ktHyK,7k/p4qpp/1pbb4/4p3/1P1p4/P2Q1rP1/2PB1R1P/4R1K1 w - - 0 27,e1f1 f3f2 f1f2 f7d5 d3f3 d5f3 f2f3 c6f3,2192,78,87,64,crushing master middlegame quietMove veryLong,https://lichess.org/P1BuuZQI#53,
ktRE6,8/pp4k1/8/8/P1pK2P1/8/8/8 b - - 1 48,a7a6 a4a5 c4c3 d4c3,2160,79,92,2831,crushing endgame pawnEndgame quietMove short,https://lichess.org/xz0vl3CD/black#96,
ktqbK,8/7p/8/1p2k1p1/p3P1P1/5K1P/1PP5/8 w - - 0 40,f3e3 b5b4 e3d3 a4a3 b2a3 b4a3 d3c3 e5e4 c3b3 e4d4 b3a3 d4c3,2179,76,94,1160,crushing endgame pawnEndgame quietMove veryLong,https://lichess.org/uocNE3xD#79,
ktrcT,8/8/7p/2k1pp2/2Pp4/3P3P/4K1P1/8 w - - 2 51,e2f3 e5e4 f3e2 e4d3 e2d3 f5f4 h3h4 h6h5,2172,80,88,1007,crushing defensiveMove endgame exposedKing pawnEndgame quietMove veryLong zugzwang,https://lichess.org/vcQa4zEL#101,
ktwsJ,2r4k/1q3pp1/4p2p/2P5/2Q5/4P3/1p3PPP/3R2K1 w - - 0 30,d1b1 c8a8 c4c3 a8a1,2161,80,90,959,advantage endgame master quietMove short,https://lichess.org/uTwj5krK#59,
kudEn,r1b2rk1/1p3p1p/p5p1/4q3/3pn2R/8/PPP1N1PP/R1BQ2K1 b - - 1 17,e5f5 d1d4 f8e8 c1h6 f5f2 d4f2,2157,78,70,77,advantage long middlegame quietMove,https://lichess.org/p4ACExTz/black#34,French_Defense French_Defense_Classical_Variation
kuk2i,2r3k1/q1rp1ppp/8/4p3/4P3/1P1Q1P2/1P1R2PP/1K1R4 w - - 3 27,d3b5 c8a8 b5a4 a7b8 d2d7 c7c8 a4c4 c8c4,2129,156,60,28,crushing endgame quietMove trappedPiece veryLong,https://lichess.org/UYWvuuns#53,
kuyys,Qn3rk1/p2b1ppp/2p1p3/3pq3/8/3PP3/P1PNBPPP/5RK1 w - - 1 19,d2f3 e5c7 f1b1 b8a6 a8b7 f8b8 b7a6 b8b1,2100,185,86,19,clearance crushing middlegame quietMove skewer veryLong,https://lichess.org/Z2h5R1D2#37,
kvIln,8/5kp1/4pp1p/1p1pP3/pP1P1PPP/P3K3/8/8 w - - 2 32,f4f5 f6e5 d4e5 h6h5 e3f4 h5g4 f4g4 d5d4 f5e6 f7e6 g4f4 e6d5 e5e6 d5e6 f4e4 d4d3 e4d3 e6e5 h4h5 e5d5,2104,158,85,39,crushing defensiveMove endgame pawnEndgame quietMove veryLong zugzwang,https://lichess.org/lZlMtzDm#63,
kvNnR,8/pp6/6p1/1PPK1p1k/r7/8/6RP/8 b - - 1 40,f5f4 c5c6 f4f3 g2c2 b7c6 b5c6 a4f4 c6c7,2168,124,50,13,advancedPawn crushing endgame quietMove rookEndgame veryLong,https://lichess.org/Jj612KNb/black#80,
kvaz2,8/5n2/8/2pPk3/1pP1p1B1/pP2Kp2/P4P2/8 b - - 7 50,f7h6 g4e6 h6f5 e6f5,2155,79,87,293,crushing endgame quietMove short zugzwang,https://lichess.org/8ITgMHBZ/black#100,
kvcQT,8/p6p/5ppk/2p3q1/2P3P1/1P6/P3Q1P1/6K1 b - - 4 39,g5e5 e2e5 f6e5 b3b4 c5b4 c4c5 h6g7 c5c6,2119,76,90,328,crushing endgame queenEndgame quietMove veryLong,https://lichess.org/X9qxVLGF/black#78,
kwa21,8/6p1/p3k2p/1p3p2/2pP4/P1P2P1P/4KP2/8 w - - 0 34,e2e3 g7g5 f3f4 g5g4 h3g4 f5g4,2126,77,91,1863,crushing endgame long pawnEndgame quietMove,https://lichess.org/p5SOH7h2#67,
kwnwK,5rk1/5pp1/p1R1p2p/4P3/QP1p1P2/P3q1P1/6PK/8 w - - 0 29,c6d6 f8c8 d6c6 c8c6,2167,75,79,94,crushing endgame quietMove short,https://lichess.org/t99tqMoC#57,
kwoGB,4N3/5p1p/4k1p1/8/3n4/6PP/5PK1/8 w - - 2 42,g2f1 d4b5 f1e2 e6e7,2125,75,95,485,advantage endgame knightEndgame quietMove short,https://lichess.org/cxdMI1PB#83,
kx3QQ,8/7k/1pp3q1/p2n1p1p/P2P2n1/2B5/1P2Q1PK/R4B2 w - - 2 32,h2g1 g6d6 g2g3 d6g3 e2g2 g3e3,2194,78,90,1327,advantage long middlegame quietMove,https://lichess.org/yHWL3SuK#63,
kx8TD,r4rk1/1p2b1p1/p2p3p/n1pPp3/PP3pq1/2PP1N2/B4PK1/R1BQ1R2 w - - 1 19,g2h2 f8f5 f3g5 g4g5,2130,75,85,94,crushing middlegame quietMove short,https://lichess.org/b5S3p8QA#37,Sicilian_Defense Sicilian_Defense_Modern_Variations
kxIBu,6Q1/2kq4/3p4/p1pPp3/p5P1/7P/1PP4K/8 w - - 3 32,g8e6 d7e6 d5e6 d6d5 e6e7 c7d7 e7e8r d7e8,2138,107,95,22,crushing endgame queenEndgame quietMove veryLong,https://lichess.org/qlpE6ltj#63,
kxJvL,r1b1k2r/8/2p1pq2/p2p4/P2PPn2/2N3Q1/1P1N2P1/R3R1K1 w kq - 2 25,d2f3 a8a7 e4d5 a7g7 c3e4 g7g3,2119,169,82,14,crushing long middlegame quietMove,https://lichess.org/KcOkzfJM#49,
kxS7W,8/3kpp2/6p1/2KP4/6P1/7P/8/8 b - - 0 44,f7f5 g4f5 g6f5 h3h4 f5f4 c5d4 d7d6 h4h5,2116,75,87,332,crushing defensiveMove endgame pawnEndgame quietMove veryLong,https://lichess.org/39bNF8kR/black#88,
kxWcw,8/8/1pP1k3/6R1/1r4p1/7p/5P1P/5K2 b - - 0 54,e6f6 g5c5 b6c5 c6c7 b4e4 c7c8q,2173,75,94,4732,advancedPawn advantage endgame long promotion quietMove rookEndgame sacrifice,https://lichess.org/zUh6tK6L/black#108,
kyBg9,6k1/7p/2P5/p7/1pK5/5R1P/8/1r6 b - - 0 44,a5a4 f3c3 g8g7 c6c7,2159,103,85,28,advancedPawn crushing endgame quietMove rookEndgame short,https://lichess.org/tldRYUJT/black#88,
kyNqo,2r5/pp3pkp/2n2np1/3p4/3Pr3/2PBNNq1/PP6/R1Q2RK1 w - - 8 27,e3g2 f6g4 d3e4 c6d4 c1e1 d4f3 f1f3 g3h2 g1f1 h2h1 f1e2 h1g2,2178,154,83,8,crushing deflection exposedKing fork master middlegame quietMove sacrifice veryLong,https://lichess.org/6uzQ1DiE#53,
kyThl,8/b1k5/8/1P1K4/P7/2P5/8/8 b - - 2 47,c7b6 c3c4 a7b8 c4c5 b6a5 b5b6,2162,75,79,131,bishopEndgame crushing endgame exposedKing long quietMove,https://lichess.org/THRKwMuC/black#94,
kyWXW,8/2K1B3/kp3p2/p5b1/2P3P1/7P/8/8 b - - 8 46,b6b5 c4c5 b5b4 c5c6 b4b3 e7a3,2100,76,95,1686,bishopEndgame clearance crushing defensiveMove endgame long quietMove,https://lichess.org/W6GiMzWw/black#92,
kycEx,5r2/1p3p1k/2p2Pb1/6Qp/pqP3P1/1B6/PP5P/5RK1 w - - 0 35,g4h5 f8g8 h5g6 g8g6 g5g6 h7g6,2101,76,94,1504,advantage endgame long pin quietMove sacrifice,https://lichess.org/79XWuMai#69,
kydkf,r6k/p1q3pp/3b4/1p3r2/PPp5/2PpQ2P/3P2P1/RNB1R2K w - - 0 27,e3e4 a8f8 e4f5 f8f5,2121,74,95,2375,crushing middlegame quietMove short,https://lichess.org/mgs4WKp0#53,
kz80b,8/1Pk5/5p2/3B2p1/4p2p/pK6/5P2/8 w - - 0 53,b3a3 f6f5 d5e6 f5f4 b7b8q c7b8,2166,75,92,3366,bishopEndgame crushing endgame long quietMove,https://lichess.org/4SHghIRE#105,
kzJ7x,1k1rR3/1pp2p1p/3b1p1q/pB1P2r1/2P5/1P3Q2/P4PP1/4RK2 b - - 1 24,d8e8 e1e8 b8a7 f3e3 b7b6 b5c6 h6h1 f1e2 h1h5 e2d2,2109,78,90,724,crushing defensiveMove middlegame quietMove veryLong,https://lichess.org/CukBto0y/black#48,
l0Ecp,2r3k1/p1q1r1pp/2p1pn2/2QpN3/8/2P5/PP3PPP/R3R1K1 w - - 9 20,e5c6 e7e8 c5a7 c7c6,2115,106,70,23,advantage middlegame quietMove short,https://lichess.org/2fPVDuYo#39,
l0IQY,8/6p1/3k1p1p/8/pP1K1P2/7P/1P6/8 b - - 2 38,d6c6 f4f5 c6b5 d4c3,2191,75,71,78,crushing defensiveMove endgame pawnEndgame quietMove short zugzwang,https://lichess.org/pfw7br53/black#76,
l0jBB,4r3/1pp3R1/p6p/5P2/1P2pkP1/P6P/2P4K/8 w - - 1 31,h2g1 e4e3 g1f1 e8d8 g7e7 f4f3 f1e1 d8d2 c2c4 d2a2 e1d1 e3e2 d1e1 a2a1,2106,132,86,23,advancedPawn crushing endgame exposedKing quietMove rookEndgame veryLong,https://lichess.org/di9GV3X1#61,
l0zAD,7r/p1p3k1/4q3/P3bpp1/1P4b1/2P3P1/1BQ3Br/4RRK1 b - - 1 26,g7g6 c3c4 e6c6 g2c6 h2c2 b2e5,2173,75,86,122,crushing long middlegame quietMove,https://lichess.org/FqOWOMR0/black#52,
l15D2,r1q1k2r/p5pp/4ppn1/2Bp4/8/Q7/5PPP/1RR3K1 b kq - 1 26,e8f7 c5d6 c8d7 c1c7 d7c7 d6c7,2124,76,91,588,clearance crushing long master middlegame pin quietMove,https://lichess.org/Pw1ympca/black#52,
l1Gvb,6k1/5Qp1/p6p/8/r3P3/3q3P/6P1/5R1K b - - 0 33,g8h8 f7e8 h8h7 f1f8 d3d1 h1h2 d1d6 e4e5 d6f8 e8f8,2147,75,91,2522,clearance crushing endgame fork quietMove veryLong,https://lichess.org/9aQ5bHKy/black#66,
l1Jv8,r3r1k1/1pqnbp2/1nppp2B/8/p2P4/P1P2PN1/1P1QRP1P/4R1K1 b - - 0 21,d6d5 g3h5 b6c4 d2c1,2130,198,0,9,advantage defensiveMove middlegame quietMove short,https://lichess.org/AAcam0UP/black#42,
l29o4,r2q3k/1pp3pp/p2p4/2bQpr2/3n4/1PN2P2/PBPP2PP/2KR3R w - - 0 16,d5b7 c7c6 c3a4 a8a7,2114,117,70,34,advantage middlegame quietMove short,https://lichess.org/g4ptMf0s#31,Kings_Pawn_Game Kings_Pawn_Game_Tortoise_Opening
l3EIA,5rk1/1p5p/p4r2/3RQb2/4p3/6Pq/PBP2P1P/5RK1 w - - 3 23,e5f4 f6h6 f4g5 f5g6 g5h6 h3h6,2148,102,73,48,advantage defensiveMove long middlegame quietMove,https://lichess.org/uXYnHIIr#45,
l3LXk,4r1k1/5p2/5P1p/p2p1R2/3P4/Pp1pP3/1P4PP/5K2 w - - 2 32,f5e5 e8c8 f1e1 c8c2 e5d5 c2b2,2127,77,87,425,advantage endgame long quietMove rookEndgame,https://lichess.org/m8ZqtrzN#63,
l3pe5,r4rk1/pp3p2/3qpn2/PP1pn1p1/8/2PB1P2/3Q1PP1/RN2R1K1 b - - 2 20,e5d3 d2g5 g8h7 a1a4 d5d4 a4d4 d6d4 c3d4,2167,76,95,1732,crushing fork middlegame quietMove veryLong,https://lichess.org/VWAK8jhH/black#40,
l3rAz,8/8/p5p1/6Kp/7P/3p1P2/2kB1P2/8 w - - 11 54,d2e3 a6a5 f3f4 a5a4 g5g6 a4a3 f4f5 a3a2 f5f6 a2a1q f6f7 a1h8,2171,78,91,1049,advancedPawn bishopEndgame crushing defensiveMove endgame master promotion quietMove veryLong,https://lichess.org/csEg8RGG#107,
l48jx,4k3/1r6/7R/8/7p/6pP/2K5/8 w - - 0 61,h6h4 b7g7 h4e4 e8f7,2174,77,81,115,crushing defensiveMove endgame quietMove rookEndgame short,https://lichess.org/53egC0el#121,
l4Nlf,r5k1/5p2/3Rp1pp/4P3/2PP4/3Q3P/6PK/2q5 w - - 0 30,c4c5 a8a3 d3e4 a3a1 e4f3 c1g1 h2g3 a1f1,2187,149,78,24,clearance crushing endgame quietMove veryLong,https://lichess.org/HaS6ng9d#59,
l4Qo9,4r1k1/pb3p2/1p4p1/2p4p/5PqP/2PQ1pB1/PP1NrP1K/3R2R1 w - - 3 28,d2c4 b7c8 f4f5 c8f5,2132,75,94,6864,crushing middlegame quietMove short,https://lichess.org/yZ3waoyY#55,
l4Yro,6rk/7p/2p1p2R/p2p4/3PpPp1/2P3P1/PP3K2/8 b - - 1 29,g8g6 h6g6 h7g6 a2a4 c6c5 d4c5,2129,75,93,2803,crushing endgame long quietMove rookEndgame,https://lichess.org/fSlIVXXl/black#58,
l4d2W,8/8/8/P1k2ppp/2p5/2K2P1P/5P2/8 b - - 0 37,c5b5 f3f4 g5g4 h3h4 g4g3 f2g3,2130,122,50,12,crushing endgame long pawnEndgame quietMove,https://lichess.org/1EY2M9BU/black#74,
l4gRz,8/2pR1p1k/2p2qpp/p7/2PPQpP1/5P2/3r4/5K2 b - - 4 40,c6c5 e4e8 h7g7 d7d8 f6d8 e8d8,2108,74,94,7474,advantage endgame long quietMove,https://lichess.org/xciLmR2r/black#80,
l5L6t,2k1r1nN/1pp3pp/p1p2p2/2P5/8/4B3/qPP2P2/2K1R1Q1 w - - 1 24,g1g7 e8d8 g7g4 c8b8,2126,76,81,65,crushing defensiveMove middlegame quietMove short,https://lichess.org/wnnmLPDc#47,
l5cRo,6k1/5B1p/4p1pP/p2p2r1/1p1n4/8/PP6/1K3R2 b - - 1 33,g8h8 f1c1 g5g1 c1g1,2116,76,94,2935,advantage endgame master quietMove short,https://lichess.org/5KI2k5iL/black#66,
l5oMK,3r4/2k5/1pP3p1/p1p4p/P1P1pPpP/2P1P3/5K2/3R4 w - - 1 80,d1d5 d8d5 c4d5 b6b5 a4b5 a5a4 f4f5 g6f5,2182,78,87,147,crushing endgame master quietMove rookEndgame veryLong,https://lichess.org/7c5Ne5m9#159,
l6Ezi,6k1/2N5/3p1b2/p1pP1p2/P1P2P2/5K2/8/8 b - - 13 54,g8h7 c7b5 f6e7 b5a7 h7g6 a7c6,2154,80,85,188,crushing endgame long quietMove,https://lichess.org/qQe4LfyR/black#108,
l6Oda,3rR3/2K3p1/7p/3kb3/Pp6/1P4P1/8/8 w - - 0 56,e8e5 d5e5 c7d8 e5d6 a4a5 h6h5 a5a6 d6c6,2149,126,85,16,crushing defensiveMove endgame quietMove rookEndgame veryLong,https://lichess.org/3GLrqKcH#111,
l6nTv,Bq1bk3/1P1R4/p1P5/6pK/P7/5P1P/8/8 b - - 2 47,d8b6 d7h7 b6d8 c6c7 d8c7 h7h8 e8f7 h8b8 c7b8 h5g5,2131,77,81,61,advancedPawn crushing endgame exposedKing fork quietMove skewer veryLong,https://lichess.org/vzHc9Nvz/black#94,
l6skv,5k2/6p1/4P1Pp/3p3P/1PnP4/3B1P2/1p2K3/8 w - - 3 45,e2d1 c4a3 b4b5 a3b5,2191,76,92,2517,crushing endgame quietMove short,https://lichess.org/nofzIqSi#89,
l7CtI,r2q1r1k/pp3p1n/1b1p3p/4PQ2/2BP4/6RP/PP3PP1/4R1K1 b - - 2 27,f8g8 c4d3 h7f8 g3g8,2129,96,84,17,advantage middlegame quietMove short,https://lichess.org/dYA4FUS5/black#54,
l7PDd,r3kb1r/pp3ppp/1qb1p2n/3pP3/3N1P2/4B3/PPP3PP/RN1Q1RK1 b kq - 1 10,b6b2 d4b3 h6f5 e3c1,2110,79,91,1489,advantage middlegame quietMove short,https://lichess.org/DbiHdiwO/black#20,French_Defense French_Defense_La_Bourdonnais_Variation
l7hOX,3r4/p2q3p/kp4r1/8/PQ1N1P2/3b2P1/1B5P/3R2K1 b - - 2 39,d3f5 d1e1 g6d6 b4b5 a6b7 d4f5,2190,159,88,13,advantage long middlegame quietMove,https://lichess.org/QaZO7aTY/black#78,
l7v0K,8/8/8/6p1/P1K4p/5P1P/6k1/8 b - - 0 68,g2f3 a4a5 g5g4 h3g4 h4h3 a5a6 h3h2 a6a7,2110,84,90,64,advancedPawn crushing endgame pawnEndgame quietMove veryLong,https://lichess.org/kyuGJNJ6/black#136,
l8wkz,3qr1k1/1b4bp/4p3/pp1nN1P1/2pP1P1Q/2P3K1/PP2R3/4R3 b - - 2 30,e8f8 e2h2 f8f4 h4h7,2178,111,66,15,crushing middlegame quietMove short,https://lichess.org/0Wh9QiBE/black#60,
l90BY,r4rk1/ppn3pp/3p1q2/3P4/1PP1Q3/6N1/P4PKP/4RR2 w - - 3 27,e4e7 f6f3 g2h3 f8f6 e7e3 f6h6 e3h6 g7h6,2123,75,91,934,clearance crushing middlegame quietMove veryLong,https://lichess.org/wPd6a4KE#53,
lA2sN,8/1p3pk1/2b1pN1p/3pPnp1/2rP4/5NP1/5PKP/R7 b - - 9 35,f5d4 a1a8 g7g6 g3g4 d4f5 a8g8 f5g7 h2h4 c4g4 f6g4,2187,129,76,8,advantage endgame quietMove veryLong,https://lichess.org/rCw3JeWx/black#70,
lA4KJ,r2q1r2/3n3k/p3p3/1p1p4/P2P3b/1Q2PN2/1P3pP1/R1B2R1K w - - 0 24,b3d3 h7g7 e3e4 h4g3 c1h6 g7h6,2168,84,76,47,crushing defensiveMove long middlegame quietMove,https://lichess.org/TDLDfEhD#47,
lAP8x,r1b2r2/pp3pkp/3p2p1/3Np1Q1/q7/6P1/P5PK/R4R2 b - - 1 22,a4g4 g5f6 g7h6 f1h1 g4h5 h2g1 h5h1 g1h1,2169,78,85,94,crushing middlegame pin quietMove veryLong,https://lichess.org/3D1bfKlr/black#44,
lAbwT,8/3k4/7p/1pPp2p1/1Kn5/8/2B2PPP/8 w - - 2 41,b4b5 c4a3 b5b6 a3c2 c5c6 d7c8 b6c5 d5d4 c5c4 c8c7 c4d3 c2e1,2125,153,24,9,advantage endgame fork quietMove veryLong,https://lichess.org/13Tuja4V#81,
lAdgC,5r1k/4R1p1/p4n1p/2Q5/8/3P4/q4PPP/4NK2 w - - 3 26,c5f5 f6d7 f5f8 d7f8,2102,75,76,219,crushing endgame quietMove short,https://lichess.org/pfkeaCBD#51,
lAm4E,1R6/6r1/1P3N2/4Pp1p/5n1k/8/7P/7K w - - 4 45,b8a8 f4h3 a8a4 f5f4 a4f4 h3f4,2116,76,98,90,crushing defensiveMove endgame long quietMove,https://lichess.org/lEfeT23N#89,
lAus1,8/p7/8/1P3kpp/2p5/2P2K1P/P7/8 b - - 0 38,g5g4 h3g4 h5g4 f3g3 f5e4 a2a4 e4d5 g3g4,2145,78,89,232,crushing endgame pawnEndgame quietMove veryLong,https://lichess.org/p7V7Try5/black#76,
lBlKl,8/5p2/1kpp3p/5Kp1/2PP4/7P/5PP1/8 b - - 2 31,c6c5 d4d5 b6a5 f5f6 a5b4 f6e7 b4c4 e7d6,2184,79,78,58,crushing endgame pawnEndgame quietMove veryLong,https://lichess.org/5nz8pcIz/black#62,
lBxfr,2kr1r2/pp2R3/3p3p/3Np2n/3pP3/P2P1P1q/1PP1QP1P/R6K w - - 2 19,e7h7 f8g8 d5e7 c8b8 e7g8 h5f4 a1g1 f4e2,2172,95,83,29,crushing defensiveMove middlegame quietMove sacrifice veryLong,https://lichess.org/9S6V1UQ3#37,Italian_Game Italian_Game_Schilling-Kostic_Gambit
lC3Eu,N4Qn1/p2k1pp1/6q1/3pP3/6br/6P1/PPP2P2/R1B1R1K1 w - - 1 22,f8g8 g4f3 g8f7 g6f7,2127,76,92,864,crushing middlegame pin quietMove short,https://lichess.org/C2NiAHRu#43,
lC3y3,r1b2r1k/p3R2p/1p1p4/2pP2Rq/5P2/2PQ4/P4P1P/7K b - - 3 27,h5h6 c3c4 c8f5 g5f5 f8f5 d3f5,2127,135,82,12,advantage long middlegame quietMove,https://lichess.org/3Suh5NGT/black#54,
lCYtQ,6r1/6P1/4k1K1/8/7P/8/8/8 b - - 2 50,e6e7 h4h5 g8f8 h5h6 f8f6 g6h7,2122,75,95,1665,crushing defensiveMove endgame long quietMove rookEndgame,https://lichess.org/r89aKgB9/black#100,
lCbRw,6rk/ppqn2b1/7p/4p2Q/2p1N3/P2P2RP/1PP3B1/6K1 b - - 1 27,c4d3 e4g5 d7f6 g5f7 c7f7 h5f7,2199,78,91,663,crushing exposedKing long master middlegame pin quietMove,https://lichess.org/OPP4nG5p/black#54,
lCopX,2r4r/p1P2R2/1pR2pn1/3p1k2/3PbB2/4P3/q4P1P/2Q3K1 b - - 6 32,g6f4 f7f6 f5g4 f6f4 g4g5 c1d1 a2b1 c6c1,2182,118,76,16,clearance crushing middlegame quietMove skewer veryLong,https://lichess.org/ZZ8Arpvy/black#64,
lDJol,8/8/8/5k1p/p4P2/P5K1/8/8 w - - 3 53,g3f3 h5h4 f3e3 f5g4,2117,77,86,271,crushing endgame master pawnEndgame quietMove short zugzwang,https://lichess.org/ky3fSOUg#105,
lDeVf,8/6k1/p7/1p2q1p1/3pP1Q1/1P4P1/P5K1/8 w - - 0 41,g4f5 e5f5 e4f5 g5g4 g2f1 g7f6 f1e2 f6f5 e2d3 f5e5,2147,81,81,61,crushing defensiveMove endgame queenEndgame quietMove veryLong,https://lichess.org/FzbiFENG#81,
lEK1j,3r2k1/n5p1/2pN3p/8/8/8/5PPP/4R1K1 w - - 3 31,e1e8 d8e8 d6e8 a7b5 e8f6 g7f6,2123,74,100,125,crushing endgame long quietMove,https://lichess.org/7lotELWR#61,
lEL5U,6k1/5pb1/2p1p1p1/1PP3P1/1r2N3/r4P2/2Q3K1/8 w - - 1 34,b5c6 b4b2 c2b2 g7b2 c6c7 a3a8 e4d6 b2a3,2191,85,53,29,clearance crushing endgame pin quietMove veryLong,https://lichess.org/6dhxHq1j#67,
lELU7,6k1/1pp1n1pp/p5p1/3pPrBP/3P2R1/q1PP2Q1/P5P1/6K1 w - - 1 25,g5e7 a3c1 g1h2 f5f1 g3f3 f1f3,2144,73,95,7970,advantage endgame long quietMove,https://lichess.org/8WvaomQu#49,
lEu4e,2kr1q2/p1pn1p1Q/2pp2p1/8/2P2Pb1/4P3/PP4PP/2K1RB1R w - - 0 19,h2h3 g4h5 g2g4 d7f6 g4h5 f6h7,2122,74,95,8225,advantage long middlegame quietMove trappedPiece,https://lichess.org/PBfbWBtT#37,Indian_Defense Indian_Defense_Budapest_Defense
lFBXx,4k3/p2nr3/5pp1/5p2/1P3K1p/5P2/P2R2P1/3R4 w - - 0 31,a2a4 e7e5 g2g3 g6g5,2134,81,91,1348,endgame mate mateIn2 quietMove short,https://lichess.org/wuvDoMFL#61,
lFpWy,8/Pk6/8/2P4p/1K4p1/8/7P/8 w - - 1 52,b4b5 h5h4 c5c6 b7a7 b5c5 a7b8,2152,79,91,581,crushing defensiveMove endgame long pawnEndgame quietMove,https://lichess.org/2ddgKqt9#103,
lFtCF,1B6/3b2p1/p2Pp2p/P3Pk2/8/5PKP/6P1/8 w - - 1 40,g3h4 f5f4 b8a7 d7e8 a7e3 f4e3,2173,76,87,90,advantage bishopEndgame endgame long quietMove,https://lichess.org/gXIFANcf#79,
lGB9d,r1bqk1nr/pp1p1pbp/4p1p1/2P1n3/2B1P3/2Q5/PPP2PPP/RNB2RK1 b kq - 2 9,e5c4 c3g7 d8f6 c1h6 f6g7 h6g7,2155,82,78,87,advantage hangingPiece long opening quietMove,https://lichess.org/Ze1YHGAZ/black#18,Sicilian_Defense Sicilian_Defense_Bowdler_Attack
lGCtk,3rr1k1/1q3p1p/p1p3p1/1p2B3/1Pb1P3/2Q4P/P3RPP1/2R3K1 w - - 5 27,e5h8 f7f6 h8f6 c4e2 f6d8 e8d8,2137,76,91,1211,advantage long middlegame quietMove,https://lichess.org/Sh5lHjOH#53,
lGDf6,6k1/p2q1pb1/3p2p1/2pBn1P1/2P2NbP/3P2K1/P3QB2/8 w - - 3 37,e2b2 g4d1 g3g2 d7g4 f2g3 d1f3,2161,152,87,22,crushing fork long master masterVsMaster middlegame quietMove,https://lichess.org/a9rDf2vI#73,
lGjhj,5rk1/6r1/p7/2QPN2p/2P1Pp1q/5Ppb/2RR2P1/7K w - - 0 40,g2h3 h4h3 h1g1 f8b8 c2b2 b8b2 d2b2 g3g2 b2b8 g8h7 b8h8 h7h8 c5f8 h8h7 f8f5 h3f5,2162,119,36,22,advancedPawn crushing middlegame quietMove veryLong,https://lichess.org/Nq4C6qrc#79,
lH0y1,1r6/8/3pB3/3Pk1K1/4Pp2/5P2/7P/8 b - - 3 50,b8h8 h2h4 h8h7 e6f5,2117,87,90,1028,crushing endgame quietMove short,https://lichess.org/Mqo1PhDv/black#100,
lHKbK,r3k1nr/3b1p1p/p1pQp1p1/8/2P1P3/P4B2/1qP2PPP/R4RK1 b kq - 1 15,e6e5 f1d1 b2b8 d6d7,2196,77,86,80,advantage middlegame quietMove short,https://lichess.org/uAnl2VUS/black#30,Sicilian_Defense Sicilian_Defense_Closed
lHY7G,8/8/8/5k2/3K1P2/4PBpb/8/8 w - - 4 50,e3e4 f5f4 f3h1 h3g4 h1g2 g4f3 e4e5 f3g2,2153,77,92,93,bishopEndgame crushing endgame quietMove veryLong,https://lichess.org/YQklRl8X#99,
lI8tV,4r1k1/p2n1ppp/1p6/2rpP3/1P3P2/5N1P/P6R/3RK3 b - - 0 23,c5b5 a2a3 a7a5 f3d4,2137,76,89,874,advantage endgame quietMove short,https://lichess.org/fuBLUeC3/black#46,
lIN4l,2q2rk1/8/6p1/3pp1P1/1pn5/1nP1P1B1/1P2Q3/1K1R3R w - - 0 32,c3b4 c8a6 h1h8 g8h8 g3e5 h8g8,2110,76,83,166,advantage defensiveMove long middlegame quietMove,https://lichess.org/BdKtNqQY#63,
lIUCp,r2r2k1/1p3ppp/p7/8/4BQ2/4n3/1qP3PP/1R3R1K b - - 7 25,e3f1 b1b2 d8d1 h2h4 f1d2 h1h2,2168,110,24,29,advantage hangingPiece long middlegame quietMove,https://lichess.org/dhPUnlN2/black#50,
lIUTj,7k/pp5p/5P2/3p2P1/3p1PN1/7P/PP5K/4r3 b - - 0 43,h8g8 f4f5 g8h8 g5g6 h7g6 f5g6,2126,154,88,7,advantage endgame long quietMove,https://lichess.org/SY1PMvlR/black#86,
lIXgD,1rr3k1/5pp1/p1n1qn1p/P1Q1p3/1pN1P3/4RN1P/1P3PP1/2R3K1 w - - 3 26,c4b6 c6e7 b6c8 b8c8 c5c8 e7c8,2196,79,90,1221,advantage long middlegame quietMove sacrifice,https://lichess.org/zJGdTaBw#51,
lIdee,2b2rk1/r5P1/2p1p2p/1p2Pp2/p7/P1P2P2/B1P1K1R1/6R1 b - - 0 29,f8f7 g1d1 f7g7 d1d8 g8h7 g2g7,2178,89,84,37,advantage endgame exposedKing fork long quietMove,https://lichess.org/mt9nC64G/black#58,
lIgoO,8/8/6p1/8/2p2kPK/7P/3Nn3/8 w - - 0 55,d2c4 e2g3 g4g5 g3f5,2105,78,92,1208,endgame knightEndgame mate mateIn2 quietMove short,https://lichess.org/9l6vRFET#109,
lJzKW,8/8/2K2p1p/2pB1Pp1/3bP1P1/6kP/8/8 w - - 11 51,d5c4 g3h3 c4e2 c5c4 c6d5 c4c3 d5d4 c3c2,2111,75,94,719,advancedPawn bishopEndgame crushing endgame quietMove sacrifice veryLong,https://lichess.org/fNlbO6px#101,
lK2O7,8/8/1p6/2k3R1/p1r4P/5P2/1K6/8 b - - 1 54,c5b4 g5g4 b6b5 h4h5 a4a3 b2a2 b4c5 g4c4,2176,79,85,36,crushing defensiveMove endgame quietMove rookEndgame veryLong,https://lichess.org/n4WV2oa6/black#108,
lKl0a,r3r1k1/1p3ppp/pb6/8/PpQ1p1P1/2P3qP/3N2B1/3R1R1K w - - 0 27,c3b4 b6c7 c4f7 g8h8 f7c7 g3c7,2170,78,100,88,advantage long middlegame quietMove,https://lichess.org/m1vRDlQp#53,
lKvFU,r5k1/5pp1/2R5/2p1P2p/2P5/3Pp1PP/2K5/8 w - - 2 31,c6c5 a8a1 e5e6 e3e2,2194,72,91,6782,advancedPawn crushing endgame quietMove rookEndgame short,https://lichess.org/cd9uoYZS#61,
lL1ri,7B/7p/4K1p1/1kb2p2/1p2p3/4P2P/1P3PP1/8 w - - 3 34,h8d4 c5d4 e3d4 f5f4 d4d5 e4e3,2136,91,63,33,bishopEndgame crushing endgame long quietMove,https://lichess.org/WBZH9SM5#67,
lLLfe,8/8/4Bp2/5P2/pp5r/3K1k2/P7/8 b - - 9 54,h4e4 e6d5 f3f4 d5e4 a4a3 e4d5 b4b3 d5b3,2146,77,94,11226,crushing endgame pin quietMove veryLong,https://lichess.org/1InMILty/black#108,
lLOHs,3r2k1/8/3NK3/2P2p2/5P2/3bP3/6p1/R7 w - - 1 41,c5c6 d3f1 c6c7 d8f8 c7c8r f8c8,2150,76,90,326,advantage endgame long quietMove,https://lichess.org/YamW4rNx#81,
lLXmM,5rk1/5ppp/p1r1pP2/bp1bP3/6P1/7P/PPP1Q3/1K1R4 b - - 0 27,g7g6 e2e3 g8h8 e3a3 f8c8 a3a5,2141,78,73,50,advantage endgame fork long quietMove,https://lichess.org/6VqlGFmw/black#54,
lMB3Z,r1bq1k1r/ppp1b1p1/2np1n1p/6NB/4P3/1Qp5/PP3PPP/RNB2RK1 b - - 1 10,d6d5 g5f7 d8e8 h5g6 c6d4 b3d1,2192,134,79,22,crushing fork long opening quietMove,https://lichess.org/dj6lLnB5/black#20,Italian_Game Italian_Game_Scotch_Gambit
lMbcQ,5rk1/6p1/p1r5/7p/1P1Pp3/P3P1PP/7K/4Q3 w - - 0 36,e1e2 f8c8 e2h5 c6c2 h2g1 c2c1,2193,76,93,2627,crushing endgame long queenRookEndgame quietMove,https://lichess.org/ZGdEyLNC#71,
lMhzk,r1b2rk1/p4pp1/5q1p/2bp4/Q4B2/3B4/PP3PPP/R4RK1 w - - 4 16,b2b3 c5d4 a1d1 f6f4 d3b5 d4e5 a4f4 e5f4,2134,75,94,2555,crushing interference master masterVsMaster middlegame quietMove veryLong,https://lichess.org/poOf6W7D#31,Sicilian_Defense Sicilian_Defense_Taimanov_Variation
lMrZn,2k5/1pp5/8/8/p6R/Pr1n4/5PP1/1R4K1 w - - 0 32,b1b3 a4b3 h4h8 c8d7 h8h3 d3c1 h3b3 c1b3,2136,80,80,145,advantage endgame quietMove veryLong,https://lichess.org/CxPFlPMM#63,
lNvM1,7n/8/8/6kp/2B5/2P1p3/K6P/8 w - - 0 47,c4b5 h8g6 a2b3 g6f4 b3c2 g5g4 c2d1 g4f3,2185,127,60,17,crushing defensiveMove endgame quietMove veryLong,https://lichess.org/vsQu5r5M#93,
lOC3G,1k6/8/6R1/P7/1K5p/1P6/6pr/8 w - - 0 48,b4b5 h4h3 b5b6 b8c8 a5a6 h2h1 a6a7 h1a1,2125,77,100,123,crushing endgame quietMove rookEndgame veryLong,https://lichess.org/qI7cBIU1#95,
lOCjB,r1bq3k/ppp1b1rp/4p1B1/3pP2Q/5P2/2P4P/PP3P2/RN2K1R1 w Q - 1 16,b1d2 d8g8 g6h7 g7g1 e1e2 g8h7,2127,77,84,85,advantage long middlegame quietMove,https://lichess.org/YtTV9ehS#31,Dutch_Defense Dutch_Defense_Other_variations
lOyPB,4kbnr/3rpppp/p3q3/1pQ5/2p5/2B1P2P/1P3PP1/R4RK1 b k - 1 22,e6g6 c3a5 f7f5 c5c8 e8f7 c8d7,2100,120,-65,19,advantage deflection long middlegame quietMove,https://lichess.org/laiOhwtA/black#44,
lPGR5,6k1/2R4p/2p3p1/2r5/7r/3KP3/4R2P/8 b - - 13 43,h4c4 e2a2 c4c3 d3d2 c3c2 a2c2,2193,75,92,1517,crushing defensiveMove endgame long quietMove rookEndgame,https://lichess.org/F5RvVqld/black#86,
lPIh2,b2r3k/6pp/1b3p2/1Bp1qP2/PPPrp3/4B2P/2Q3P1/3R1R1K w - - 1 32,b4c5 b6c7 e3g1 e4e3 d1d4 d8d4 c5c6 d4d2,2125,84,77,32,crushing middlegame quietMove veryLong,https://lichess.org/5s8T2Y71#63,
lPJMn,6k1/pbqp1r2/1pn1p1B1/4b2p/2P2p2/PP3R1P/3Q1PP1/3R2K1 b - - 1 30,c6d4 g6f7 g8f7 f3d3 c7c6 f2f3 d4f5 d3d7,2103,76,87,125,advantage middlegame quietMove veryLong,https://lichess.org/wsT783AM/black#60,
lPKnW,r2kr3/p3pQ2/1p1p4/2pP1p2/2P5/5q1P/8/B1RR3K w - - 0 31,h1g1 f3g3 g1f1 e8g8 f7g8 g3g8,2139,79,82,49,crushing long middlegame quietMove,https://lichess.org/3SS33Xa7#61,
lPLrl,8/1r4p1/3k1p1p/R3pP2/1pK3P1/1P6/P5P1/8 w - - 7 48,a5b5 b7b5 c4b5 d6d5 b5b4 d5d4 b4a3 e5e4 a3b2 d4d3,2161,76,94,1594,crushing defensiveMove endgame quietMove rookEndgame veryLong,https://lichess.org/kbDkA2j1#95,
lPMwL,3r1k1r/p4p1p/6p1/3p3R/2pPp3/4P1P1/PP3PP1/2R3K1 w - - 0 26,h5e5 d8d6 f2f3 f7f6 e5d5 d6d5,2119,77,92,3892,advantage endgame long quietMove rookEndgame trappedPiece,https://lichess.org/K2XGrRpX#51,
lPn82,1r6/1p1Q3r/pR6/2P2pk1/3P2n1/4P2p/P4PP1/6K1 w - - 2 42,d7d6 h3h2 g1f1 h2h1q f1e2 b8g8 d6f4 g5h4,2190,89,86,36,advancedPawn advantage deflection endgame promotion quietMove veryLong,https://lichess.org/9NJGYTYG#83,
lPrh7,r3k2r/pp1n1ppp/2pbp3/q7/3P4/2N4P/PPP1QPP1/R1B1R1K1 w kq - 0 13,c1g5 a5g5 c3e4 g5e7 e4d6 e7d6,2107,75,85,285,crushing hangingPiece long middlegame quietMove,https://lichess.org/mF3DatDT#25,Scandinavian_Defense Scandinavian_Defense_Main_Line
lQ9nl,2r5/1pP3k1/p3P1p1/3P4/6p1/1P2Rrpq/P1Q2P1P/5RK1 w - - 0 31,h2g3 c8h8 c2b2 f3f6 f2f4 h3h1 g1f2 h1h2 f2e1 h2b2,2103,137,79,23,crushing defensiveMove endgame quietMove skewer veryLong,https://lichess.org/hCzX3LNn#61,
lQACz,4B1rk/4R3/2pp3p/pp1q2nP/3P1p2/2P2P2/PP3Q2/2K5 b - - 7 35,g5f3 e8g6 g8g6 h5g6,2148,80,90,503,crushing endgame quietMove short,https://lichess.org/UijnZvXH/black#70,
lQOWt,2K5/2RP3p/p6k/8/8/P2r2p1/8/8 b - - 1 41,g3g2 c7c1 h6h5 c1g1,2114,79,91,1825,advantage endgame quietMove rookEndgame short,https://lichess.org/3c3U0fM3/black#82,
lQSX1,2r1r1k1/2P2ppp/p4n2/8/8/1R4P1/2R2P1P/6K1 b - - 0 34,e8e7 b3b8 e7e8 b8c8 e8c8 c2d2 g7g6 d2d8,2137,79,90,772,crushing endgame quietMove veryLong,https://lichess.org/hBSOI18S/black#68,
lQSrq,2R5/5K1k/pr2p1p1/7p/3n4/8/1P3PP1/1B6 b - - 0 41,b6b2 b1g6 h7h6 f2f4 b2b7 f7f6,2184,76,93,4900,crushing endgame long quietMove,https://lichess.org/fu5f7msZ/black#82,
lQsYu,r2r2k1/pR2ppbp/5np1/5q2/2P5/P1N1PP2/3P1P1P/2BQ1RK1 w - - 6 17,b7e7 f5g5 g1h1 f6h5 c3d5 d8d5,2168,78,90,1077,advantage long master middlegame quietMove,https://lichess.org/eLPumOE8#33,English_Opening English_Opening_Symmetrical_Variation
lShlI,8/8/5kp1/7p/5PP1/5K2/8/8 w - - 0 53,g4g5 f6f5 f3e3 f5g4 e3e4 h5h4 e4e5 h4h3 f4f5 h3h2,2179,80,72,113,advancedPawn crushing defensiveMove endgame pawnEndgame quietMove veryLong,https://lichess.org/BGAUDWCV#105,
lSinz,8/8/p5K1/1p6/8/kP5P/P7/8 b - - 2 41,a3a2 b3b4 a2b3 h3h4 b3b4 h4h5,2116,76,86,385,crushing defensiveMove endgame long pawnEndgame quietMove,https://lichess.org/W6lV5RM1/black#82,
lTLq6,8/6p1/p1p1p2p/3k4/1P1P2P1/P2K1P2/8/8 b - - 0 33,g7g5 a3a4 e6e5 d4e5 d5e5 d3c4 e5d6 c4d4,2186,75,93,7751,crushing defensiveMove endgame pawnEndgame quietMove veryLong,https://lichess.org/3gNpFAQR/black#66,
lTYwM,8/1R4pk/p2R2p1/2P4p/8/1P3P1P/1r4PK/4r3 w - - 4 30,b7b6 h5h4 b6b4 g6g5,2140,78,86,94,advantage defensiveMove endgame quietMove rookEndgame short,https://lichess.org/atK5SjkX#59,
lTjcj,3bk3/8/ppK1P2p/6p1/P4p2/7P/5BP1/8 w - - 3 40,f2b6 d8b6 c6b6 h6h5 b6a6 g5g4,2147,77,92,416,bishopEndgame crushing endgame long quietMove,https://lichess.org/bEnnaM0i#79,
lToEN,8/P2k4/1P6/2K5/8/2P5/6b1/8 b - - 0 58,d7c8 c5d6 g2h1 c3c4 h1f3 c4c5,2119,75,91,370,bishopEndgame crushing defensiveMove endgame long quietMove,https://lichess.org/fzCBGXSG/black#116,
lTqHt,3r2k1/1b3ppp/p3q3/3p4/2pQn3/5B2/PPP2PPP/3R2K1 w - - 0 22,f3e4 d8e8 e4d3 c4d3,2180,97,68,28,advantage endgame quietMove short,https://lichess.org/DhLCVXMS#43,
lTxwR,8/8/p7/3p4/1Pp3k1/P1K3P1/8/8 b - - 1 45,g4f5 c3d4 f5g4 a3a4 g4f3 b4b5 c4c3 d4c3 a6b5 a4b5,2173,80,91,1515,crushing endgame pawnEndgame quietMove veryLong,https://lichess.org/KXHUr6kQ/black#90,
lUO70,1r2rk2/3n1pb1/1q1p1np1/2pPp1B1/p3P3/5P1Q/PP1RB1P1/K5NR w - - 0 23,a2a3 c5c4 e2c4 e8c8 g1e2 c8c4,2111,138,88,25,advantage long middlegame quietMove,https://lichess.org/tpcGxvtV#45,
lUcQK,r4rk1/pp3p2/6pQ/n3q3/3pN1P1/5P2/PP5P/n3R1K1 b - - 0 22,a1c2 g4g5 f7f5 e4f6 e5f6 g5f6,2189,80,87,57,advantage kingsideAttack long middlegame quietMove,https://lichess.org/grtMqNWA/black#44,
lUlit,8/2p5/2b5/p1k4P/5P2/P3PpK1/5P2/8 b - - 0 56,a5a4 f4f5 c6d5 h5h6 d5g8 f5f6,2170,75,97,256,bishopEndgame crushing endgame long quietMove,https://lichess.org/ow9hNfU3/black#112,
lVBdy,8/8/1p6/p2k1p1p/5Pp1/1P1K2P1/1P3P2/8 w - - 0 40,b3b4 a5a4 b4b5 d5c5,2173,76,93,4012,crushing endgame master pawnEndgame quietMove short,https://lichess.org/fBm86kVO#79,
lVN2u,1r1qk2r/R2n1pp1/1p1Qp3/P2pP3/1R1P3p/1P6/5PP1/6K1 b k - 0 27,h4h3 a7d7 d8g5 d7e7 e8f8 e7b7 f8g8 b7b8 g8h7 b8h8 h7h8 g2g3 h8h7 d6c7 g5d2 c7f7,2152,123,82,30,crushing discoveredAttack middlegame quietMove veryLong,https://lichess.org/IuVLEEZM/black#54,
lVed3,8/1p1k4/p7/8/8/1P4PP/8/7K w - - 0 53,h3h4 a6a5 h1g2 b7b5 g2f2 a5a4 b3a4 b5a4 f2e3 a4a3,2179,74,93,473,crushing endgame master pawnEndgame quietMove veryLong,https://lichess.org/wyCYpReY#105,
lVnDj,3r1k2/ppp5/4p3/8/1P6/7P/2P2P2/5KR1 w - - 0 27,c2c4 d8d1 f1g2 d1g1 g2g1 c7c5 b4c5 a7a5 c5c6 b7c6,2151,76,93,1285,crushing endgame quietMove rookEndgame veryLong,https://lichess.org/w8RjaMcG#53,
lVzd1,4k3/R2N1p2/2n1r3/8/5P2/5K2/8/8 w - - 1 51,d7c5 c6a7 c5e6 f7e6 f3e4 a7c6 f4f5 e6e5,2183,77,86,617,crushing defensiveMove endgame quietMove veryLong,https://lichess.org/IYCOInIG#101,
lX6ft,N1b2b1r/p1Bk2pp/2p5/8/3q4/8/PP2Q1PP/4R1KR w - - 0 23,e2f2 f8c5 e1e7 d7e7 f2d4 c5d4,2142,75,87,493,crushing long master middlegame quietMove,https://lichess.org/tsGI1d76#45,
lXWn1,8/3p1k2/3Pp3/p1P3K1/P6P/2n2P2/5P2/8 w - - 1 46,h4h5 c3a4 c5c6 a4b6 c6d7 b6d7,2172,77,91,309,crushing endgame knightEndgame long quietMove,https://lichess.org/ZI1vMqJR#91,
lXuwK,8/1pr3p1/7p/PP5P/1K2pk2/6R1/6P1/8 w - - 2 53,g3g6 c7e7 a5a6 b7a6,2145,76,90,1493,crushing endgame quietMove rookEndgame short,https://lichess.org/YzTHWHAX#105,
lXvwB,8/8/4p1p1/8/P1P1k3/8/2K5/8 b - - 0 59,e4d4 a4a5 d4c5 c2d3,2136,77,88,201,crushing defensiveMove endgame master pawnEndgame quietMove short,https://lichess.org/Gg93cZzU/black#118,
lXwZF,3R4/8/4k1K1/2p5/8/2r3PP/8/8 w - - 1 47,d8c8 c3g3 g6h5 g3h3 h5g4 h3c3 g4f4 e6d5,2152,79,93,10534,crushing defensiveMove endgame quietMove rookEndgame veryLong,https://lichess.org/Y0riksC8#93,
lYVPO,8/8/7P/p7/2r1P1P1/1k3P2/4K3/8 b - - 0 45,c4c7 g4g5 c7h7 f3f4 a5a4 f4f5 a4a3 g5g6 a3a2 g6g7 a2a1q g7g8q,2139,76,100,108,advancedPawn advantage endgame promotion quietMove rookEndgame veryLong,https://lichess.org/H8tHP3qX/black#90,
lYbSi,5rk1/6p1/8/2pP1pR1/2P5/1p2PK2/2r3PP/3R4 w - - 2 33,d1d3 f8b8 d3b3 b8b3,2137,88,56,30,advantage endgame quietMove rookEndgame short,https://lichess.org/wU9FaIeY#65,
lZc3y,r1b4k/3nn1p1/1bpp3p/7q/pP1PQ1N1/2P1B2P/B5P1/5RK1 b - - 0 23,e7d5 a2b1 d7f6 g4f6,2188,76,99,161,crushing middlegame quietMove short,https://lichess.org/LxnFw7W4/black#46,
lZh06,7k/pp2Q1p1/7p/3p3P/3q1r2/4RP2/5P2/6K1 b - - 0 29,f4f6 e7d8 h8h7 e3e8 f6g6 h5g6,2111,76,88,64,clearance crushing endgame long master quietMove,https://lichess.org/oORgQmv8/black#58,
lZr2H,8/5p2/2k2p2/2P1p3/1K1p3p/5P1P/2P3P1/8 w - - 0 33,b4c4 f6f5 f3f4 f7f6 c4b4 e5e4 b4c4 e4e3,2135,74,94,3516,crushing endgame pawnEndgame quietMove veryLong zugzwang,https://lichess.org/qfWYkkny#65,
laDWa,r1q2r2/bpp2pk1/p1np1Qb1/3N4/2PP4/6P1/PP3PBP/R3R1K1 b - - 6 19,g7h7 e1e4 c8f5 e4h4,2187,79,91,393,crushing middlegame quietMove short,https://lichess.org/P6D435od/black#38,English_Opening English_Opening_Kings_English_Variation
laEVH,8/4K3/8/pp2k3/2p5/P1P5/1P6/8 b - - 1 51,e5d5 e7d7 d5c5 d7c7 b5b4 a3a4 b4b3 c7b7,2115,77,79,64,crushing defensiveMove endgame pawnEndgame quietMove veryLong,https://lichess.org/oYwxgp1L/black#102,
laNem,8/8/6k1/p1pp4/1p3K2/P1P5/1P5P/8 w - - 0 42,f4e5 d5d4 c3d4 c5c4 a3b4 a5b4 e5e4 b4b3,2143,164,43,20,crushing endgame pawnEndgame quietMove veryLong,https://lichess.org/ZQCOGw9t#83,
laOkc,4Q3/p2r2pk/1p2p2p/4P3/2Ppq3/PP2r1P1/3R3P/5RK1 b - - 3 29,e4c6 f1f8 e3e1 g1f2 d7f7 e8f7,2158,78,91,1332,crushing endgame long quietMove,https://lichess.org/54ckKuDh/black#58,
laZcM,5r1k/6q1/4Q3/p3Pp1B/5P2/6P1/P5K1/8 w - - 8 43,h5g6 f8g8 e6f5 g7g6 f5g6 g8g6,2163,78,100,78,advantage endgame long quietMove,https://lichess.org/7QIL233t#85,
laip5,8/8/8/3p1K1p/p1k2P1P/P7/8/8 w - - 1 48,f5e5 d5d4 f4f5 d4d3 f5f6 d3d2 f6f7 d2d1q f7f8q d1d4,2165,80,91,1805,advancedPawn crushing endgame pawnEndgame promotion quietMove veryLong,https://lichess.org/4B1957Tz#95,
lbemk,5rk1/ppb3p1/2p5/3r4/4pPQ1/P1P1P3/1PqB4/3RKR2 b - - 2 29,f8d8 g4e6 g8f8 f1h1 c2d1 e1d1 d5d2 d1c1 d2d1 h1d1,2113,75,91,2241,crushing middlegame quietMove veryLong,https://lichess.org/NKUfmQnT/black#58,
lbtlo,6k1/5pp1/pq1Qp2p/1p2P3/3P3R/8/P4PPP/2rB2K1 w - - 1 30,g2g3 b6b7 d4d5 c1d1,2135,178,10,13,crushing endgame pin quietMove short,https://lichess.org/nST7IL0c#59,
lc3Xn,r2qr1k1/5pBp/2p3pQ/1p1pN3/p2P4/P1P4b/2P2PPP/R5K1 b - - 1 22,h3f5 g7h8 g8h8 e5f7 h8g8 f7d8,2161,78,92,5408,advantage attraction deflection fork long middlegame quietMove sacrifice,https://lichess.org/ZTbSQNMV/black#44,
lc6TI,3rkb1r/1b5p/pB2Bppn/1p2q3/8/1QP5/PP3PPP/RN3RK1 w k - 0 17,b6d8 f8d6 g2g3 e5e4 b3d5 b7d5,2123,75,91,5681,crushing long middlegame quietMove,https://lichess.org/Ys4OEPKp#33,Modern_Defense Modern_Defense_Other_variations
lcEYL,r7/1p3pkp/2p5/p3Q3/3P4/2P5/2q3P1/4R2K b - - 2 35,g7g8 e1e3 a5a4 e3g3,2144,76,89,865,crushing endgame master quietMove short,https://lichess.org/gT54IzUK/black#70,
lctME,3r2k1/6pp/4b3/2p1p1PQ/2N1P3/1P1rP3/q4RK1/2R5 b - - 1 32,a2b3 c1h1 h7h6 g5h6,2100,82,50,52,crushing master middlegame quietMove short,https://lichess.org/Nr5yHgAb/black#64,
ldBc9,4R3/6k1/5p2/4pP2/5rP1/6K1/8/8 b - - 6 67,g7h6 e8g8 h6h7 g8g6,2141,76,94,1601,crushing endgame master masterVsMaster quietMove rookEndgame short,https://lichess.org/XOFGdUya/black#134,
ldNtA,3r4/4qpk1/pp6/2pPPRp1/2Pb2Pr/1P1B4/P3Q1K1/3R4 w - - 10 43,d1f1 d8h8 f5f7 e7f7 f1f7 g7f7 e2f1 f7g8,2108,79,86,52,advantage defensiveMove middlegame quietMove veryLong,https://lichess.org/8g7Jh4HF#85,
ldUja,8/7p/p5p1/5p2/1p2kP1P/1P2P2P/P3K3/8 w - - 1 38,e2f2 h7h5 f2e2 a6a5 e2d2 e4f3,2108,105,23,18,crushing endgame long pawnEndgame quietMove zugzwang,https://lichess.org/so9mfiZB#75,
ldXIA,8/7p/6p1/1N2kp2/8/6K1/8/8 w - - 2 53,b5c3 g6g5 g3f3 h7h5,2139,93,70,37,crushing defensiveMove endgame knightEndgame quietMove short,https://lichess.org/VDhr2jlT#105,
le1np,3rr1k1/pp3pp1/2p1pnp1/q7/P1BPn3/B1P1R3/5PPP/R3Q1K1 b - - 3 18,a5a4 a3b4 a4a1 e1a1,2153,75,90,2251,advantage master middlegame quietMove short,https://lichess.org/QDeJBAvw/black#36,Slav_Defense Slav_Defense_Czech_Variation
leeqV,8/8/8/p7/3K4/1k2B3/2p5/8 w - - 2 50,d4d3 b3b2 d3c4 a5a4 c4b4 a4a3,2166,76,91,2042,bishopEndgame crushing endgame long quietMove,https://lichess.org/opAROTeo#99,
lehv2,8/8/8/5pp1/5k2/2K5/1Bp5/8 w - - 0 59,b2c1 f4g4 c3c2 f5f4 c2d3 g4f3,2157,76,93,854,bishopEndgame crushing defensiveMove endgame long quietMove,https://lichess.org/vp1TVdVh#117,
let1U,r4r1k/2p4n/qp1p3Q/6N1/p2R4/P6P/b5P1/1R4K1 b - - 1 38,a2g8 d4h4 a6d3 b1e1 d3f5 e1e7,2168,143,82,10,advantage long master middlegame quietMove,https://lichess.org/XMeSzfJr/black#76,
lewyD,8/8/8/p4R2/3k2KP/r7/8/8 w - - 0 60,f5f3 a3f3 g4f3 a5a4 h4h5 d4e5 h5h6 e5f6 f3e2 a4a3 h6h7 f6g7 h7h8r g7h8 e2d1 a3a2,2140,78,92,1567,advancedPawn crushing endgame quietMove rookEndgame veryLong,https://lichess.org/V972lwY4#119,
lfCNz,8/5k2/3b4/p3p2K/1pPp1r2/3P4/P3RP2/6R1 w - - 5 33,g1g6 d6e7 g6g5 e7g5 h5g5 f7e6,2142,191,83,4,crushing defensiveMove endgame long quietMove,https://lichess.org/OAdY4uSp#65,
lfSdQ,rn3rk1/4pp1p/6p1/p1b5/Pp2P3/1B3R2/2PB2PP/4R2K w - - 0 19,f3f7 f8f7 e1f1 e7e6 b3e6 a8a7,2121,76,95,1090,crushing defensiveMove long master middlegame quietMove,https://lichess.org/G5PIhOsN#37,Modern_Defense Modern_Defense_Standard_Line
lfkVN,4k3/6p1/1N3p1p/B2P4/1P1r1K2/P6P/5PP1/8 w - - 5 39,f4f5 e8f7 f2f4 h6h5 g2g3 g7g6,2138,113,82,34,endgame long mate mateIn3 quietMove,https://lichess.org/WcIG6jvU#77,
lfn1M,5Q2/8/p7/8/8/1kq3K1/6P1/8 w - - 9 62,f8f3 a6a5 g3g4 c3f3,2166,78,90,115,crushing endgame queenEndgame quietMove short,https://lichess.org/0TcT4MHM#123,
lfyCY,8/4k3/4b3/2P1K3/1P3p2/5P2/8/8 b - - 4 53,e7d7 c5c6 d7e7 b4b5 e6h3 b5b6,2186,78,91,629,bishopEndgame crushing endgame long quietMove,https://lichess.org/px9M4lkL/black#106,
lgSdQ,8/7p/2k2pp1/p7/P2K4/6P1/6PP/8 b - - 1 37,h7h6 g3g4 h6h5 g4h5 g6h5 g2g3 c6d6 d4c4,2156,153,3,6,crushing defensiveMove endgame pawnEndgame quietMove veryLong,https://lichess.org/VedUU2Ac/black#74,
lhEil,4Q3/ppp3pk/6r1/3p4/3P4/3nPP1q/PP3R1P/5R1K w - - 11 28,e8d8 d3f2 f1f2 g6c6 d8g5 c6c1 g5g1 c1g1,2135,82,85,70,crushing endgame quietMove veryLong,https://lichess.org/gjzxdw1e#55,
lhFCF,8/8/P2Kp3/4p2B/4Pp2/6k1/8/6b1 b - - 20 58,f4f3 d6e5 f3f2 h5e2 f2f1q e2f1,2108,75,84,108,bishopEndgame crushing endgame long master quietMove,https://lichess.org/7aYyMJsk/black#116,
li78A,4r1k1/p6p/1p4p1/3P1pQn/8/1PKP4/P3r3/2B5 b - - 1 38,e2a2 d5d6 e8c8 c3d4 a2c2 c1a3 h5g7 g5f6,2161,86,84,48,advantage endgame quietMove veryLong,https://lichess.org/1B7oRDan/black#76,
liEdI,2r2nrk/5p1p/pq2pPpQ/1b1pP3/1p5R/1P1B4/PN4PP/5R1K b - - 15 29,c8c3 f1f3 c3d3 b2d3,2127,147,67,14,crushing middlegame quietMove short,https://lichess.org/1u2VItzQ/black#58,
liQcI,8/8/1p2k2b/p3pBpP/P1P1K1P1/8/8/8 b - - 14 46,e6d6 f5c8 h6g7 e4f5,2109,75,82,282,advantage bishopEndgame endgame master quietMove short,https://lichess.org/XxZi2DYT/black#92,
lipBs,r6k/6Rp/5p1B/p1nnpN2/4P3/1p1P2P1/5PKP/8 b - - 1 30,b3b2 f5d6 a8f8 d6f7 f8f7 g7f7,2138,188,83,7,crushing endgame long quietMove,https://lichess.org/qI9y1Zxe/black#60,
lj2hb,5r1k/p5bp/1pPp2p1/3Pp3/1P2P3/4P3/P5R1/6K1 b - - 0 31,f8f3 g2f2 f3e3 f2c2 e3f3 c6c7,2143,77,79,69,advancedPawn crushing endgame long quietMove,https://lichess.org/yefJ2Knv/black#62,
ljHVd,2r3k1/2P2pp1/1r2p2p/1P2n3/P7/3p4/3K1PPP/R1R5 b - - 0 35,g8f8 a1b1 b6b7 b5b6 e5d7 a4a5,2154,179,83,4,crushing defensiveMove endgame long quietMove,https://lichess.org/0TgfXDEB/black#70,
ljMUa,1k2r2r/pp2qp2/2pb1p2/3n2p1/3P4/2P1BQ2/PP1KNPPP/R6R w - - 0 17,h2h3 f6f5 a1e1 f5f4,2190,80,91,259,advantage master middlegame quietMove short,https://lichess.org/V5M4SYGa#33,Caro-Kann_Defense Caro-Kann_Defense_Tartakower_Variation
ljTXU,8/3K4/3p4/3P4/1pn4k/7P/6B1/8 w - - 0 52,d7c6 c4d2 c6d6 b4b3 d6c7 b3b2,2154,76,97,198,advancedPawn crushing endgame long quietMove,https://lichess.org/7mIohoZG#103,
ljYWk,6k1/4rpp1/7p/3p1Pb1/1R5P/3P2Q1/q1r3P1/5R1K b - - 1 28,g5f6 b4b8 g8h7 h4h5 c2g2 g3g2,2131,77,92,1734,advantage long middlegame quietMove,https://lichess.org/3gnHyRTK/black#56,
ljlk8,1r1r2k1/5p1p/P1P3p1/4b3/4p3/P3Q2P/6P1/R5K1 w - - 3 35,a1c1 e5d4 e3d4 d8d4 a6a7 b8c8 c1b1 d4d8 c6c7 c8c7,2183,76,92,1826,advantage endgame pin quietMove veryLong,https://lichess.org/7OmQFUvV#69,
ljlrM,3R4/8/7p/8/2k1K3/7r/5P2/8 b - - 5 59,c4c5 f2f4 h3h1 f4f5 h1e1 e4f4,2169,80,90,1034,advantage defensiveMove endgame long quietMove rookEndgame,https://lichess.org/8RXb583L/black#118,
ljsqI,8/8/8/1KP4p/8/4nkBP/8/8 w - - 1 56,c5c6 f3g3 c6c7 e3f5 b5c6 f5e7 c6d7 e7d5,2136,75,98,306,advantage endgame hangingPiece quietMove veryLong,https://lichess.org/6dn8ZTDt#111,
lkE39,6k1/6R1/3p1KB1/3Pp3/6P1/5P2/1r6/q1r5 b - - 1 49,g8f8 g6f7 e5e4 g7g8,2137,75,72,212,endgame mate mateIn2 quietMove short,https://lichess.org/yOJXnb55/black#98,
lkHbC,8/p7/1p1k4/3r2p1/3K2P1/1P5P/P1R5/8 w - - 12 52,d4c4 d5c5 c4d3 c5c2 d3c2 d6e5 a2a4 e5f4 c2d3 f4g3 d3e4 g3h3 e4f5 h3h4 b3b4 a7a6 b4b5 a6a5 f5e4 h4g4,2181,77,90,1627,crushing endgame master quietMove rookEndgame veryLong zugzwang,https://lichess.org/FALYtdpf#103,
lkYFC,8/p7/2p1p2p/1p2PkpP/3P4/2P2PK1/P1P5/8 w - - 0 35,a2a3 a7a5 c3c4 b5c4,2180,91,89,829,crushing endgame pawnEndgame quietMove short,https://lichess.org/jtffeFtE#69,
ll0rp,8/1p2r2p/6p1/k4p2/P2R1KP1/4P2P/8/8 b - - 0 32,e7e4 d4e4 f5e4 f4e4 a5a4 e4d5 b7b5 e3e4 b5b4 e4e5 a4a3 e5e6 b4b3 e6e7,2159,78,72,64,advancedPawn crushing endgame quietMove rookEndgame veryLong,https://lichess.org/DaC4dRBM/black#64,
ll1t7,8/5p2/5p2/1K2k2p/7P/5PP1/8/8 b - - 2 39,e5d4 g3g4 h5g4 f3g4 f6f5 h4h5 f5f4 h5h6 f4f3 h6h7 f3f2 h7h8q,2134,75,98,850,advancedPawn crushing endgame pawnEndgame promotion quietMove veryLong,https://lichess.org/00Tkk1zI/black#78,
ll2wK,2r3k1/1p3ppp/p3p3/5q2/3P4/R1n3PK/3Q1P1P/2R5 w - - 2 27,g3g4 f5f3 h3h4 h7h6 a3c3 g7g5,2116,176,58,11,crushing endgame long quietMove sacrifice,https://lichess.org/lTurjkNy#53,
llFc1,rn1qk3/1bp1n1b1/p2ppp2/1p5r/3PP1PB/2NB4/PPPQ1P2/2KR3R b q - 0 14,g7h6 f2f4 h6f4 d2f4,2128,74,97,243,advantage middlegame quietMove short,https://lichess.org/5G6hFbAD/black#28,French_Defense French_Defense_Knight_Variation
llOmr,7k/ppp2p2/2p2N1p/2b5/4P3/5P1P/Pr3P2/3R3K b - - 0 23,b2f2 d1g1 f2h2 h1h2 c5g1 h2g1,2106,77,86,243,crushing endgame long quietMove,https://lichess.org/dAJNWlP5/black#46,
llUvt,3B4/6pp/4P1k1/pP1p4/6P1/5K1P/r7/8 b - - 0 45,a5a4 h3h4 h7h5 g4h5,2110,78,84,99,crushing endgame quietMove short,https://lichess.org/vBs2RDN5/black#90,
llW58,rn3rk1/pp2bppp/2p5/4B3/4P1Q1/2NB3P/PqP3P1/R6K b - - 1 17,e7f6 e5f6 b2a1 h1h2 g7g6 c3d5 c6d5 f6a1,2113,77,82,89,crushing discoveredAttack middlegame pin quietMove sacrifice veryLong,https://lichess.org/eEIImLUQ/black#34,Czech_Defense Czech_Defense_Other_variations
llspK,5rk1/p3R2p/3p1rpQ/2p2p2/3q4/P2P3P/6P1/3R3K b - - 1 32,f8f7 d1e1 f7e7 e1e7 d4a1 h1h2 a1e5 e7e5,2177,77,84,195,advantage endgame quietMove veryLong,https://lichess.org/sdBe47c1/black#64,
lmDva,8/p2p1kp1/2p5/2PpR1PP/3P4/3PK3/8/5r2 w - - 1 37,h5h6 f1e1 e3f4 e1e5 f4e5 g7h6 g5h6 a7a5 e5d6 a5a4,2166,85,90,1204,crushing defensiveMove endgame master quietMove rookEndgame veryLong,https://lichess.org/TSsiM6ag#73,
lmYkw,8/6kp/pr2p3/4PpP1/1Pqb1P2/P1B1nQ2/N6R/2K5 w - - 1 42,c1b2 b6c6 c3d4 c4d4,2117,129,85,21,crushing middlegame quietMove short,https://lichess.org/odVFteLV#83,
lmogr,8/8/p3k3/6p1/3p4/6B1/6PK/8 w - - 0 51,h2h3 a6a5 g3e1 a5a4,2129,74,92,8205,bishopEndgame crushing defensiveMove endgame quietMove short,https://lichess.org/oqkDtoMb#101,
lnCaK,4r1k1/5pp1/7p/q4P2/1n1pNB2/8/1P4PP/2R1R2K b - - 0 34,b4d3 e4f6 g7f6 e1e8 g8g7 c1c8 a5a1 f4c1 a1c1 c8c1,2154,77,90,998,crushing discoveredAttack middlegame quietMove veryLong,https://lichess.org/Voqp9dug/black#68,
lngeh,8/1p6/1Pp5/2P2K1p/8/7k/5P2/8 w - - 1 42,f5e6 h3g4 e6d6 h5h4 d6c7 h4h3 c7b7 h3h2,2134,76,99,302,advancedPawn crushing endgame pawnEndgame quietMove veryLong,https://lichess.org/MVfVEFKZ#83,
lnrLG,3r2k1/5ppp/4b3/p7/8/P2p1B2/1P3PPP/3R2K1 w - - 2 27,f3e4 d3d2 e4c2 e6c4 f2f3 c4e2,2156,75,92,3420,advancedPawn crushing endgame long quietMove,https://lichess.org/mOqd237B#53,
lnxEB,2krr3/ppp1bpp1/7p/8/3p1P2/3P4/qPPQN1PP/R3R1K1 b - - 1 19,a2b2 e1b1 e7b4 d2d1 b2a1 b1a1,2173,76,92,5944,advantage long middlegame quietMove trappedPiece,https://lichess.org/GU8fKB7F/black#38,Ruy_Lopez Ruy_Lopez_Berlin_Defense
loVsz,4k3/p6p/3PP3/1p6/8/4N3/r5PP/4K3 b - - 0 29,a2a6 e3f5 e8d8 e6e7 d8d7 f5g7,2187,76,84,205,advancedPawn crushing defensiveMove endgame exposedKing long quietMove,https://lichess.org/nB9fT8Cg/black#58,
loem2,3r3r/1ppkp1b1/4p2p/1N2n1p1/3B4/R7/PPP3PP/5RK1 b - - 3 20,h8f8 f1d1 d7c6 b5a7,2170,79,72,147,advantage middlegame quietMove short,https://lichess.org/HpTRIwHG/black#40,
loohD,4rb1k/3R1P1p/3p2p1/2p5/6P1/1B6/P6K/8 b - - 0 38,e8e7 d7e7 f8e7 a2a4 h8g7 a4a5,2195,75,85,171,crushing defensiveMove endgame long quietMove,https://lichess.org/KkTknrAe/black#76,
lor9G,8/5p2/p7/1p5p/1P1k3P/P5P1/6K1/8 w - - 0 42,g3g4 h5g4 g2g3 f7f5 g3f4 d4d5,2123,75,92,278,crushing defensiveMove endgame long pawnEndgame quietMove,https://lichess.org/KVogHrnK#83,
lozNF,8/4kp2/6p1/4Pr2/2B2P2/1P4K1/8/8 b - - 3 63,e7d7 c4e2 d7d8 e2g4 f5e5 f4e5,2190,77,75,79,crushing endgame long quietMove trappedPiece,https://lichess.org/R021ENcE/black#126,
lp0os,1r2kb1r/p1p2p2/p2p1q2/3Pp1p1/4P1b1/1P2PNK1/P1P1N3/R2Q1R2 b k - 3 17,h8h3 g3g4 f6h8 e2g3 f7f5 e4f5 h3h4 f3h4,2149,82,97,187,advantage hangingPiece middlegame quietMove veryLong,https://lichess.org/BJ1porDl/black#34,Petrovs_Defense Petrovs_Defense_Three_Knights_Game
lpM9E,6rk/5Rp1/p6p/3n1N2/2pP4/P3P3/5PPP/6K1 w - - 1 33,f7d7 c4c3 d7d5 g8c8 h2h3 c3c2,2183,76,96,974,advancedPawn advantage endgame long quietMove sacrifice,https://lichess.org/mg8275Bz#65,
lpP4N,r1bq2k1/p1p3p1/1p4Qp/4p3/4P3/2Pn4/PP4PP/R4RK1 b - - 1 18,d8g5 g6e8 g8h7 f1f8 g5e3 g1f1,2166,79,91,2082,crushing defensiveMove long middlegame quietMove,https://lichess.org/LEMdSEhP/black#36,Italian_Game Italian_Game_Giuoco_Pianissimo
lpQKt,8/8/1p1p1Kp1/p1k2p1p/2P2P2/P5PP/1P6/8 w - - 7 42,b2b3 a5a4 b3a4 c5c4 f6g6 d6d5 g6f5 d5d4,2110,76,95,6454,crushing defensiveMove deflection endgame pawnEndgame quietMove sacrifice veryLong,https://lichess.org/VJNHpWGb#83,
lpSiL,8/8/6k1/R2P2P1/8/p4K2/r7/8 b - - 0 59,g6g5 d5d6 g5f6 a5d5 f6e6 d6d7,2121,76,86,68,advancedPawn advantage clearance discoveredAttack endgame long quietMove rookEndgame,https://lichess.org/KhdRAXs5/black#118,
lpUTH,8/8/8/p3k1pp/1p6/1P1pP1P1/P6P/4K3 b - - 1 45,h5h4 g3h4 g5h4 e1d2 e5e4 h2h3 e4d5 d2d3,2199,79,91,2091,crushing endgame pawnEndgame quietMove veryLong zugzwang,https://lichess.org/PhJLJFmv/black#90,
lqBO7,3r2k1/1p3ppp/p1n4r/8/1P1Pp3/PQ1NP1qP/6P1/2RR2K1 w - - 0 22,d3f2 h6g6 f2g4 h7h5,2159,79,90,1359,crushing middlegame quietMove short,https://lichess.org/ITAOfLau#43,
lqQPV,8/6pk/R7/5n1p/7b/1N3P2/1PP1r1K1/R7 w - - 0 39,g2f1 f5g3 f1g1 h4g5 a6e6 e2e6,2140,94,74,28,advantage endgame long quietMove,https://lichess.org/Rc3zBK2p#77,
lqUkD,r5k1/5pq1/P3p1p1/2pp3p/8/1P1Q4/5PPP/1R4K1 b - - 0 31,g7d4 d3d4 c5d4 b1a1 d4d3 g1f1 g8f8 b3b4 f8e7 b4b5,2127,101,69,31,crushing defensiveMove endgame quietMove veryLong,https://lichess.org/IK4Hg0Db/black#62,
lqkwi,3r4/p2P4/8/8/P2R4/5pk1/4K3/8 w - - 0 53,e2f1 d8h8 f1e1 f3f2 e1e2 h8h1 d4d3 g3g2,2168,79,84,162,advancedPawn crushing defensiveMove endgame exposedKing quietMove rookEndgame veryLong,https://lichess.org/nLFt40vw#105,
lrfDz,3R2k1/8/5p1p/2r3p1/1p1R4/3P3P/5PPK/1r6 b - - 1 37,g8g7 d4d7 g7g6 g2g4 f6f5 d7d6,2100,76,56,97,crushing endgame long quietMove rookEndgame,https://lichess.org/3sf6QXkI/black#74,
lsD27,2k3rr/ppp3q1/2np4/3N2b1/2PP1Bp1/3Q2P1/PP3PK1/3R1R2 w - - 9 23,b2b3 h8h2 g2h2 g7h6 h2g2 h6h3 g2g1 g8h8 d3f5 c8b8 f5f8 h8f8,2143,76,79,435,advantage attraction middlegame quietMove sacrifice veryLong,https://lichess.org/6N6gK5bf#45,
lsURe,8/4k3/8/8/8/2B1bR1K/2r2p1P/8 w - - 4 53,c3e5 c2c1 e5f4 f2f1q f3f1 c1f1,2187,83,82,46,advancedPawn crushing endgame exposedKing long promotion quietMove,https://lichess.org/2ypTyqjj#105,
lsr3M,7r/ppp3kp/1b4n1/5p2/2B5/1PR2PN1/bKP3PP/4r1NR b - - 5 19,a2b1 g1e2 e1h1 g3h1,2144,78,89,3850,advantage middlegame quietMove short,https://lichess.org/RQIxvjfB/black#38,Blackmar-Diemer_Gambit Blackmar-Diemer_Gambit_von_Popiel_Gambit
lt9X6,8/p1bN2k1/8/P2p1ppp/1P6/2P2PP1/5K2/8 b - - 5 40,c7d6 b4b5 g7f7 b5b6 a7b6 a5a6,2115,76,83,114,crushing endgame long quietMove,https://lichess.org/scVcx2LD/black#80,
ltGmJ,r1b2rk1/pppp1ppp/7n/8/2N1P3/2qP1N2/P1P3PP/1R1Q1RK1 b - - 7 13,f7f5 e4e5 d7d5 b1b3,2100,72,94,10011,advantage middlegame quietMove short,https://lichess.org/eozgNhqR/black#26,Italian_Game Italian_Game_Giuoco_Piano
ltZvE,8/8/8/1K2kp2/1P6/8/P7/8 w - - 0 54,a2a4 f5f4 b5c4 f4f3 c4d3 e5f4 b4b5 f4g3 d3e3 f3f2 e3e2 g3g2,2148,143,91,11,advancedPawn crushing defensiveMove endgame pawnEndgame quietMove veryLong,https://lichess.org/ZbNz1dnJ#107,
ltm1l,r2q1rk1/pp1n1pp1/2p1p2p/2P3b1/3P4/4B1P1/PPB2P1P/R2Q1RK1 b - - 5 15,d7f6 f2f4 f6d5 d1d3 f7f5 f4g5,2172,75,94,4273,crushing long middlegame quietMove,https://lichess.org/gaPg3ZZd/black#30,Queens_Pawn_Game Queens_Pawn_Game_Symmetrical_Variation
luBI7,4k3/3r1p2/3P3p/1K2P1pP/6P1/2P3B1/8/8 b - - 0 42,d7b7 b5c6 b7b3 g3e1 e8d8 c3c4,2102,155,45,8,crushing defensiveMove endgame long quietMove,https://lichess.org/gcci6Q4V/black#84,
luX4e,4r1k1/pQ3ppp/4q2b/4r3/1P6/P7/6PP/3R1R1K b - - 0 25,e5e1 d1e1 e6e1 b7f7 g8h8 h2h3 h6f4 f7f4,2166,79,87,53,advantage middlegame quietMove veryLong,https://lichess.org/iE11Fo6l/black#50,
lvCMn,6k1/6pp/p1pqp1rr/3pP3/PP1N4/2P2Q1P/6P1/4R1K1 b - - 0 28,d6c7 e1f1 c7e7 d4c6 e7e8 b4b5 a6b5 a4b5,2176,80,90,1104,crushing endgame quietMove veryLong,https://lichess.org/8WSRFyOz/black#56,
lvPyg,1Q6/5ppk/p5n1/P1Bp4/3P3p/5qP1/5P1P/6K1 w - - 2 31,b8c8 f7f5 h2h3 h4g3 f2g3 f3g3,2154,80,69,54,crushing endgame long quietMove,https://lichess.org/msnFy0xU#61,
lvR0d,3r2k1/1p3rpR/4B1P1/pKP1p3/P4q2/2P5/2P5/R7 b - - 0 37,d8d7 a1h1 g8f8 h7h8 f8e7 g6f7,2119,75,93,1893,advancedPawn crushing endgame long pin quietMove,https://lichess.org/4UrLM77f/black#74,
lveCZ,7r/1b3pk1/1p1p2p1/p1pPb3/P3P1pq/R5N1/1P2QPB1/1R4K1 w - - 4 35,e2b5 h4h2 g1f1 h8a8 b5e2 b7a6,2195,79,90,1122,crushing long middlegame pin quietMove,https://lichess.org/nb6F7hEk#69,
lviRC,6k1/1R2p2p/4N1p1/8/1P2P3/2n3P1/2r2bBP/6K1 w - - 0 26,g1f1 c3d1 b7b8 g8f7 b8f8 f7e6 g2h3 e6e5,2146,75,84,80,crushing endgame master quietMove veryLong,https://lichess.org/pOMmkqii#51,
lvxSs,2r5/5p2/5kpp/8/p3P1PP/1B3P2/1K6/2R5 b - - 0 38,c8c1 b2c1 a4b3 f3f4 f6e6 c1b2 e6d6 b2b3,2114,77,91,483,crushing endgame quietMove veryLong,https://lichess.org/0tCdhEby/black#76,
lwAOw,4r2k/P1p4p/5K2/8/3p4/2p5/8/2R5 b - - 0 42,c7c5 c1b1 e8f8 f6e7 c3c2 b1b8,2131,78,90,433,crushing defensiveMove endgame long quietMove rookEndgame,https://lichess.org/1DlGkNEA/black#84,
lwSSm,8/pp6/5kpK/5p2/P4P2/1P3P2/8/8 b - - 0 43,a7a6 a4a5 f6f7 h6h7,2163,75,95,1087,crushing endgame pawnEndgame quietMove short zugzwang,https://lichess.org/RoNF5DOy/black#86,
lwX7t,8/5p2/6k1/6p1/8/4RKPP/7r/8 w - - 4 40,f3g4 h2f2 e3e5 f7f5 e5f5 f2f5,2173,75,94,766,crushing endgame long quietMove rookEndgame,https://lichess.org/IrIxRxGQ#79,
lwmBM,4r1k1/6pp/p7/3p4/2p5/2P2Q2/q5PP/2R4K b - - 1 31,a2d2 c1f1 d2e1 f3f7 g8h8 h2h3 e1f1 f7f1,2129,78,89,1144,advantage endgame quietMove veryLong,https://lichess.org/xaiywZjW/black#62,
lx0i5,4r2k/3b1Q1p/p2ppRp1/1p6/4q3/P1P4P/BP4P1/7K w - - 0 33,a2e6 d7c6 f7e8 c6e8,2100,79,84,99,crushing endgame quietMove short,https://lichess.org/8qVuhsC6#65,
lx1kB,1q2r3/5k1p/3pRn2/2pP1Q1P/2P5/8/5PP1/6K1 b - - 0 29,b8d8 g2g4 e8e6 d5e6,2155,76,91,1752,advantage endgame master quietMove short,https://lichess.org/obCVmjNT/black#58,
lxaub,6k1/p5p1/1p1b3p/2p1q3/3pb1P1/2P4P/PP3Q2/R1B3K1 w - - 6 29,c1d2 e4c6 a1e1 e5d5,2197,112,71,20,crushing endgame quietMove short,https://lichess.org/XrMQdFam#57,
lxlQ4,7k/p5p1/3N3p/1P6/r1P4P/6P1/6PK/8 b - - 0 43,a4b4 c4c5 b4b1 c5c6 b1c1 d6c8,2112,76,91,759,crushing endgame long quietMove,https://lichess.org/3Vd2oe6U/black#86,
lxx79,8/7p/pp1p2p1/2pPk3/P1P4P/4K1P1/1P6/8 w - - 0 42,g3g4 h7h6 e3f3 e5d4,2183,77,78,209,crushing endgame pawnEndgame quietMove short zugzwang,https://lichess.org/ngOeq1U7#83,
ly0L2,8/8/5p2/2k1p1pp/2P5/2K1PP1P/8/8 w - - 0 35,c3d3 f6f5 e3e4 f5f4,2105,75,84,100,crushing defensiveMove endgame pawnEndgame quietMove short,https://lichess.org/i3VLfW8x#69,
ly3Ap,6n1/4B1P1/8/1p6/1Pk5/8/5P2/5K2 w - - 3 43,f2f4 g8e7 f4f5 e7g8 f1g2 c4b4 g2f3 b4c5 f3e4 c5d6,2166,97,80,48,crushing defensiveMove endgame hangingPiece quietMove veryLong zugzwang,https://lichess.org/aYqDC49X#85,
lykOA,8/8/p2b1p1P/P1p5/1pP1k1PK/1P6/8/8 b - - 0 50,f6f5 g4g5 d6f8 h4h5 f5f4 g5g6 f4f3 g6g7 f8g7 h6g7 f3f2 g7g8q,2129,83,100,66,advancedPawn advantage bishopEndgame endgame promotion quietMove veryLong,https://lichess.org/n9Ue50hE/black#100,
lymCV,r2qr1k1/1p6/1bpp3Q/3nPbN1/P2P4/R7/5PPP/1N3RK1 b - - 4 23,e8e7 a3g3 e7g7 g5e6 g7g3 f2g3,2191,110,86,16,crushing fork long middlegame quietMove,https://lichess.org/uvUy3ThD/black#46,
lysM7,3r1nrk/2q3p1/p7/1pp1pPRN/4B3/3P4/PPP2Q1K/8 b - - 0 33,c7e7 f2h4 e7g5 h4g5,2184,76,90,266,crushing middlegame quietMove short,https://lichess.org/Rd8DP7qq/black#66,
lywBc,6K1/8/8/2p4P/Nk6/1n6/8/8 w - - 1 48,a4c5 b3c5 h5h6 c5e4 g8f7 e4g5 f7g6 g5e6 g6f5 e6f8,2158,154,100,37,defensiveMove endgame equality hangingPiece knightEndgame quietMove veryLong,https://lichess.org/SWXWrpQa#95,
lyxvR,3k2n1/2p2q2/1pB5/1P5p/3Q4/6Pb/P3PP1P/6K1 b - - 6 29,d8c8 d4a4 c8d8 a4h4 g8e7 h4h3 e7c6 b5c6,2162,83,73,47,crushing endgame fork quietMove veryLong,https://lichess.org/Oo8VvF1R/black#58,
lz9dH,8/p7/1p6/5k2/5p2/P4K2/1P4P1/8 b - - 0 58,a7a5 a3a4 f5g5 f3e4,2196,79,87,86,crushing endgame pawnEndgame quietMove short zugzwang,https://lichess.org/NZ1ZcWD2/black#116,
lzC43,r5k1/1pp3r1/5q2/p1RPp3/4Pp2/7b/PP2B3/3Q2RK w - - 0 28,c5c7 g7g3 c7c3 f6h4 g1g3 f4g3 c3g3 h4g3,2124,133,87,28,crushing middlegame quietMove veryLong,https://lichess.org/GHmldK4k#55,
lzNO2,4q1k1/p1P2ppp/4n3/1N6/8/8/PPP2PPP/3R1K2 b - - 3 25,e6c7 b5c7 e8c8 d1e1 g8f8 e1e8 c8e8 c7e8,2170,75,94,5168,crushing endgame fork hangingPiece quietMove veryLong,https://lichess.org/ZvAGnGoq/black#50,
lzSzA,r5k1/b2R1ppp/p1q5/8/1Q6/5pP1/PPP2P1P/6K1 w - - 0 23,d7a7 a8d8 h2h4 c6e6 g1h2 e6e2 b4b6 d8e8 a7f7 g8f7,2162,137,86,21,advantage endgame quietMove veryLong,https://lichess.org/udyINgkB#45,
m0as3,1k1n4/2p4r/1p3R2/7P/5KP1/8/8/8 b - - 2 38,h7f7 f6f7 d8f7 g4g5 b8b7 g5g6,2132,75,95,818,crushing endgame long quietMove,https://lichess.org/g7osyoIZ/black#76,
m0g3g,8/8/5R2/2pBn1p1/1pP5/2k5/r7/1R1K4 w - - 0 46,f6f5 e5d3 b1c1 d3c1,2168,77,96,1022,crushing endgame quietMove short,https://lichess.org/papeUj06#91,
m0gwW,r1b2rk1/p3ppbp/2p3p1/2p3Bq/2P1N3/3P1P1P/P4P2/1R1Q1RK1 b - - 2 18,f8e8 h3h4 g7e5 e4g3 e5g3 f2g3,2108,85,84,34,advantage long middlegame quietMove,https://lichess.org/AbUUCtt6/black#36,Sicilian_Defense Sicilian_Defense_Nyezhmetdinov-Rossolimo_Attack
m14Mz,r2q1rk1/ppp2ppp/2n5/5Q2/2BP4/2n2N1P/PP3PP1/R4RK1 b - - 0 13,c6d4 f3d4 d8d4 c4d3 g7g6 b2c3,2151,75,94,2411,advantage long master middlegame quietMove,https://lichess.org/upMmai4L/black#26,Queens_Gambit_Accepted Queens_Gambit_Accepted_Old_Variation
m1PjU,3q1r2/6k1/5p1p/5R2/4B2P/Pp6/8/1K4R1 b - - 3 45,g7f7 e4d5 f7e7 g1e1 e7d6 d5f3 d8b6 f5d5 d6c7 e1c1 c7b8 a3a4,2164,113,75,16,advantage clearance defensiveMove endgame quietMove veryLong,https://lichess.org/zTDYLRRY/black#90,
m1pfU,r5r1/1p2pk1p/2np3B/2bN4/p3PR2/P7/1P3P1K/2R5 b - - 2 28,f7g6 c1g1 g6h5 h6g7 g8g7 g1g7,2109,89,71,26,crushing long middlegame quietMove,https://lichess.org/LOFfts9S/black#56,
m2FLX,8/4kr2/2p1p1P1/2PpP2R/8/4K3/8/8 b - - 0 50,f7g7 h5h6 e7f8 e3f4 f8g8 f4g5,2123,133,88,15,crushing defensiveMove endgame long master quietMove rookEndgame,https://lichess.org/IBJwPsiz/black#100,
m2cnD,8/1p6/8/p2P1pk1/2P5/P3K3/8/8 b - - 0 37,g5f6 e3f4 b7b6 a3a4 f6g6 f4e5,2193,78,82,89,crushing endgame long pawnEndgame quietMove zugzwang,https://lichess.org/3wLphp6P/black#74,
m2oVe,rn2nrk1/3qb1p1/3p2p1/2p1p1N1/1p2P3/1N1PB3/1P2QP2/1K1R3R b - - 0 23,d7a4 e2g4 e7g5 g4e6,2199,81,74,31,advantage middlegame quietMove sacrifice short,https://lichess.org/Zd4jFYZj/black#46,
m2s99,5k2/5P2/7N/p1pn3N/8/1P5P/r7/6K1 b - - 0 39,d5e3 h5f4 f8e7 f4g6,2161,78,91,264,crushing endgame master quietMove short,https://lichess.org/j4O9JJZx/black#78,
m2tKw,8/1p4kp/p1p3p1/P1P3K1/1P4P1/2r4P/8/7R w - - 3 59,h3h4 c3f3 h4h5 h7h6 g5h4 g6g5,2172,77,95,481,endgame long mate mateIn3 quietMove rookEndgame,https://lichess.org/SF3fKBjB#117,
m2ywq,8/4B3/p5k1/1b4R1/2p1p2P/2r5/P5P1/6K1 b - - 2 43,g6f7 h4h5 c3d3 h5h6 f7e7 h6h7 d3d1 g1h2,2151,79,91,2450,advancedPawn crushing endgame quietMove sacrifice veryLong,https://lichess.org/VlbFG04a/black#86,
m32mv,8/1b6/pp5p/4k1p1/2P1NpP1/PP1K1P1P/8/8 w - - 0 40,a3a4 b7e4 f3e4 a6a5 b3b4 a5b4 c4c5 b6c5,2128,79,80,118,crushing endgame quietMove veryLong zugzwang,https://lichess.org/YmmKn3BF#79,
m3G5h,8/8/pk1p4/3Pp3/1K2P3/8/1P6/8 b - - 2 56,b6a7 b4a5 a7b7 b2b3 b7a7 b3b4 a7b7 b4b5 a6b5 a5b5,2148,78,88,67,crushing endgame pawnEndgame quietMove veryLong zugzwang,https://lichess.org/TTteGPH7/black#112,
m3N0E,8/p7/r5k1/5RP1/5PK1/8/8/8 w - - 3 70,f5f6 a6f6 g5f6 a7a5 g4f3 a5a4,2158,74,98,1083,crushing defensiveMove endgame long master quietMove rookEndgame,https://lichess.org/wZskrVDc#139,
m47Qb,r2r1bk1/2p2ppp/p7/1pn1PN2/4b3/4B3/PPBR1PPP/R5K1 w - - 9 20,e3c5 d8d2 c2e4 a8d8 f5d6 c7d6,2139,82,84,49,crushing long master middlegame quietMove,https://lichess.org/saJq2zD2#39,
m4APn,r4rk1/pp4pp/2q1bb2/2p3N1/4B3/2P1B1P1/PP2Q2P/R5K1 b - - 0 23,e6d5 e4h7 g8h8 e2h5 f6g5 e3g5,2132,78,90,712,advantage kingsideAttack long middlegame quietMove,https://lichess.org/hxhydPCH/black#46,
m4Ae0,3rkb1r/pp2q1pp/2p2n2/4B3/3Q4/5R2/PPP1B1PP/RN4K1 w k - 1 14,d4a7 e7e5 f3e3 f6e4 e3e4 e5e4,2151,77,94,8302,advantage hangingPiece long middlegame quietMove,https://lichess.org/vUHsU5sA#27,Kings_Gambit_Accepted Kings_Gambit_Accepted_MacLeod_Defense
m4SGU,6rb/2r1k3/1ppR2Kp/4p2P/6p1/1P4B1/1P3PP1/3R4 w - - 1 36,g6h6 h8f6 d6f6 e7f6,2112,77,90,695,advantage endgame master quietMove short,https://lichess.org/LbGph2hE#71,
m4zfh,7R/4kp1P/1p5r/6P1/8/p7/5PK1/8 b - - 0 46,a3a2 g5h6 a2a1q h8g8 a1c3 h7h8q,2135,76,89,568,advancedPawn clearance crushing endgame long promotion quietMove rookEndgame,https://lichess.org/uiEU3FJj/black#92,
m5M7z,6k1/p4p2/1p6/1P3P2/P3p2p/2PpK2P/8/8 b - - 0 41,f7f6 c3c4 g8f7 c4c5 f7e8 c5c6,2195,215,88,11,endgame equality long pawnEndgame quietMove,https://lichess.org/fHKNX8Hp/black#82,
m5iBk,8/6b1/4p3/3pP1Bp/2kP2pP/6P1/2N3K1/8 w - - 8 51,g5e3 c4d3 c2b4 d3e3 b4c6 g7h6 c6d8 e3d4,2177,152,88,10,crushing endgame quietMove veryLong,https://lichess.org/zxhSadJV#101,
m5vgf,r1b1k2r/ppp2p2/2p2q2/2b3p1/4PBB1/2NP2P1/PPP2P2/R2Q1RK1 w kq - 0 13,e4e5 f6h6 g1g2 h6h2 g2f3 c8g4,2155,76,87,204,advantage kingsideAttack long middlegame quietMove,https://lichess.org/12OJzVfS#25,Russian_Game Russian_Game_Stafford_Gambit
m64Ax,3r4/p4Bk1/6p1/p3Pp1p/3B1P2/2P5/2P3PP/7K w - - 1 30,e5e6 d8d4 c3d4 a5a4 g2g4 a4a3,2171,76,96,338,advantage endgame long quietMove sacrifice,https://lichess.org/U4HxckSn#59,
m7nrj,4k3/4R1R1/3p3p/5p2/3PpP1P/8/r2r1PK1/8 b - - 4 37,e8d8 e7b7 d2f2 g2g1 f2g2 g7g2 a2g2 g1g2,2195,80,83,445,crushing defensiveMove endgame quietMove rookEndgame veryLong,https://lichess.org/wna4WAyg/black#74,
m80sb,r2r2k1/2q2pp1/1pp1pR1p/p3R2P/P2P4/1PP3N1/3Q1PP1/6K1 b - - 0 26,g7f6 d2h6 f6e5 g3e4 f7f5 e4f6,2150,76,87,238,crushing endgame kingsideAttack long quietMove sacrifice,https://lichess.org/4hfPAUXu/black#52,
m82oI,1Q6/6bk/1N1p1q2/3Ppb2/1P4p1/6P1/6K1/5R2 w - - 4 37,b8c7 f5e4 g2g1 f6h6 f1f7 h6e3,2198,76,83,80,crushing endgame long quietMove,https://lichess.org/blUGpIBw#73,
m8CUH,3r2k1/5pp1/pR2p2p/2P1q3/1P2p3/4P1P1/P1Q3PP/6K1 w - - 3 28,c5c6 e5a1 g1f2 d8d1 b6b8 g8h7 c2e4 f7f5,2107,76,80,142,advantage endgame quietMove veryLong,https://lichess.org/yIEGeyQj#55,
m8PaG,8/p4k1p/2pBpp2/1qNp4/3P1Q2/P7/1P1K1P1P/R5r1 b - - 6 30,g1a1 c5d3 a1d1 d2d1,2155,76,82,147,advantage endgame master quietMove short,https://lichess.org/0eyj1xMl/black#60,
m8j4p,r2q1rk1/pb2b1p1/1p3p2/3p3p/3P2NQ/P2BPP2/6PP/B4RK1 b - - 1 19,h5g4 d3g6 f8f7 h4h7 g8f8 h7h8,2186,76,93,179,kingsideAttack long mate mateIn3 middlegame quietMove,https://lichess.org/SfJW1cLc/black#38,
m93P1,6k1/2p2ppp/6b1/2P5/3N2P1/4PP1P/rr1p4/3R1RK1 w - - 1 27,f1f2 b2b1 f2f1 a2a1 d1d2 b1f1,2110,75,92,3173,crushing endgame long master quietMove,https://lichess.org/PfTyctvp#53,
m9UrM,8/7R/5b2/8/3pK1k1/7p/8/8 w - - 0 70,h7h6 f6h4 h6g6 h4g5,2141,77,92,1512,crushing endgame quietMove short,https://lichess.org/upyZ3D9F#139,
m9pau,r4r2/5p1k/p1p2P2/1p4R1/8/5K2/PPB2P2/8 b - - 2 31,h7h6 f3g4 f8g8 f2f4 g8g6 c2g6,2167,83,82,39,crushing endgame long quietMove,https://lichess.org/xldoHWZd/black#62,
m9vBh,8/7R/1p2kp2/8/1p2P3/7P/2r3P1/4K3 w - - 2 39,h7b7 c2c6 b7a7 b4b3,2141,78,84,57,crushing endgame quietMove rookEndgame short,https://lichess.org/t3hwFsh9#77,
mA11S,5k2/1p3b2/2p2PB1/6Kp/3P4/7P/8/8 w - - 1 39,g5h5 b7b5 h5h6 f7g6 h6g6 b5b4,2122,77,87,211,bishopEndgame crushing defensiveMove endgame long quietMove,https://lichess.org/PteGCb9m#77,
mA1tm,r4bk1/5ppp/n1p5/p3Q3/8/P1Nq4/1P1B1PPP/2KR4 w - - 0 22,d2f4 a6c5 e5c5 d3d1 c3d1 f8c5,2105,75,94,2738,crushing long middlegame queensideAttack quietMove,https://lichess.org/cvuYS5yF#43,
mA7me,6k1/2p5/2P5/P7/1p2n1p1/4P2p/2K4N/8 w - - 2 42,h2g4 e4c5 a5a6 c5a6,2105,75,92,561,crushing endgame knightEndgame quietMove short,https://lichess.org/nQ7v9d6I#83,
mAd3n,r7/p2k2r1/2p5/Q1P2b2/2Pp3q/P2P2P1/5P1P/2R1R1K1 w - - 4 30,g1h1 f5g4 h1g1 g4f3,2157,118,81,15,crushing defensiveMove middlegame pin quietMove short,https://lichess.org/XNUwY0cr#59,
mB00S,8/8/8/p1k5/1pP5/1P1K4/8/8 b - - 4 55,a5a4 b3a4 b4b3 a4a5 b3b2 d3c2 b2b1r c2b1,2111,79,91,201,crushing endgame pawnEndgame quietMove veryLong,https://lichess.org/YnMVspou/black#110,
mB65N,4rrk1/pp4pp/2pb4/3p4/PP1Pp3/1Q2P3/5PP1/R1BRK2n w - - 3 24,e1e2 f8f2 e2e1 e8f8 a1a2 f2a2 b3a2 d6g3 e1d2 f8f2 d2c3 f2a2,2116,129,67,15,advantage middlegame quietMove skewer veryLong,https://lichess.org/cp4s8QRc#47,
mBNEy,8/4kb2/7p/p1ppP2P/4pKB1/1P2P3/P7/8 b - - 4 39,f7e6 g4e6 e7e6 a2a4 e6d7 f4f5,2186,84,90,1547,bishopEndgame crushing endgame long quietMove zugzwang,https://lichess.org/3gPUVOhP/black#78,
mBPH8,r3r1k1/2p1qp2/1p1p1n1p/p2Pp1B1/2b1P3/P1P1R1QP/5PP1/R5K1 b - - 0 22,h6g5 g3g5 g8h8 e3g3 e8g8 g5h4,2145,79,84,59,crushing kingsideAttack long middlegame quietMove,https://lichess.org/vAlvu7Ye/black#44,
mBRPN,7R/8/1q3p2/pPk1pP2/3p2K1/3P4/1R6/8 b - - 2 55,a5a4 h8c8 c5d5 b2c2 e5e4 c2c7 b6d6 c7c6,2175,135,88,16,crushing endgame queenRookEndgame quietMove veryLong,https://lichess.org/seFy063I/black#110,
mBs3b,6k1/8/4K3/5p2/3P2p1/3Nn1P1/8/8 b - - 0 42,e3f1 d4d5 f1g3 d5d6 g3e4 d6d7 e4g5 e6e7 g5f7 d3e5 f7e5 d7d8q,2196,80,91,756,advancedPawn crushing defensiveMove deflection endgame knightEndgame promotion quietMove veryLong,https://lichess.org/YXvu6ezj/black#84,
mBzTe,2rB1bk1/2q3p1/2bp2r1/4p3/pp2P3/5PR1/PPP4Q/2KR4 b - - 1 28,g6h6 h2h6 c8d8 d1h1 d8e8 h6g6,2188,108,60,27,crushing long middlegame pin quietMove,https://lichess.org/510wloLz/black#56,
mCBKW,2r1r1k1/5ppp/p3b3/3pQ3/8/2P2N2/1q3PPP/R3R1K1 w - - 0 22,a1a6 e6d7 e5d5 e8e1 f3e1 b2b1 d5d2 c8e8,2173,121,82,21,crushing discoveredAttack middlegame pin quietMove veryLong,https://lichess.org/clZfsGUi#43,
mCQpT,8/8/4p2k/7p/P4bp1/1PB2N2/1K6/8 w - - 0 42,f3g1 h5h4 g1e2 h4h3 e2f4 h3h2,2106,75,94,2002,advancedPawn advantage endgame long quietMove sacrifice,https://lichess.org/ZEiyd596#83,
mCnCG,5rk1/5pp1/3R3p/3PR3/8/p5P1/5PKP/r7 w - - 0 37,e5e2 f8a8 d6b6 a3a2 b6b2 a1g1 g2g1 a2a1q,2147,77,95,6022,advancedPawn attraction crushing endgame promotion quietMove rookEndgame veryLong,https://lichess.org/2HJY9kwz#73,
mCyPz,8/p3k3/1p6/3PP1p1/P1P3Kp/8/8/8 b - - 0 49,a7a6 a4a5 h4h3 g4h3 b6a5 c4c5 a5a4 c5c6,2172,77,86,461,crushing endgame pawnEndgame quietMove veryLong,https://lichess.org/QafMQPhl/black#98,
mDHos,8/1kbK4/8/p1P5/3B4/8/8/8 b - - 0 95,c7b8 c5c6 b7a6 d4c5 a5a4 c5d6 a6b5 d6b8,2196,86,82,34,bishopEndgame clearance crushing endgame quietMove veryLong,https://lichess.org/itewAyHQ/black#190,
mDip9,4r1k1/ppp3pp/3b4/2qP4/2Pn1P2/P4BP1/R1Q3KP/2B1R3 b - - 0 24,d4c2 e1e8 g8f7 e8e4 c2d4 c1e3,2136,81,84,76,crushing hangingPiece long middlegame quietMove,https://lichess.org/KNA8JI85/black#48,
mEBgC,3r3Q/pp1knp2/n1p5/q4b2/2P2P2/P1N1P1p1/1P4P1/R1B1KB2 w Q - 4 17,h8f6 a6b4 a3b4 a5a1,2138,78,83,135,crushing master middlegame pin quietMove short,https://lichess.org/LfAc8mWV#33,Zukertort_Opening Zukertort_Opening_Slav_Invitation
mEED2,8/1q3pk1/4p2p/1P2P1p1/3Q4/1r6/2r2PPP/R3R1K1 b - - 0 29,b7b5 d4d8 b5b7 a1a8 b7a8 d8a8,2198,76,93,2402,crushing endgame long master quietMove,https://lichess.org/2Z00Alxa/black#58,
mER6Z,r6r/3p1kp1/pQ2pp2/8/P6p/1P2R3/2P2PKP/R1Bq4 w - - 0 24,h2h3 h8h6 c1b2 h6g6 g2h2 d1c2 a1f1 c2b2,2148,107,36,36,advantage middlegame pin quietMove veryLong,https://lichess.org/TxqrLzii#47,
mETCG,8/6p1/2p1p2p/1p1pP3/1P1P1P1k/5K1P/7P/8 w - - 5 34,f3g2 g7g6 g2f2 h4h3 f4f5 g6f5,2174,74,76,99,crushing endgame long pawnEndgame quietMove,https://lichess.org/hpIFWgus#67,
mEYXj,8/p2q1kpp/2nPp3/1BP2p2/P7/7P/4KPP1/1R6 b - - 0 29,f7f6 b1d1 f6f7 b5c6 d7c6 d6d7,2198,76,92,4049,advancedPawn crushing endgame long quietMove,https://lichess.org/9F3ZKZ5R/black#58,
mEcBz,8/1p4pp/pK3p2/2P2P2/3kP3/5P1P/8/8 b - - 0 38,d4c4 f3f4 a6a5 e4e5 a5a4 e5e6 a4a3 e6e7 a3a2 e7e8q,2167,79,86,85,advancedPawn crushing endgame pawnEndgame promotion quietMove veryLong,https://lichess.org/TUTvsnnL/black#76,
mEtum,5rk1/1R4p1/3p3p/1PpP4/2Pq1b2/R3p3/4QP2/5K2 w - - 0 44,a3a7 f4e5 b7f7 f8f7,2132,115,86,21,crushing endgame master quietMove short,https://lichess.org/89Yo2qJn#87,
mF2M0,8/8/3r2pk/R6p/6r1/2K3N1/6R1/8 w - - 8 39,a5a2 d6f6 c3d3 f6f3,2112,84,84,31,crushing endgame quietMove short,https://lichess.org/YM2Pf977#77,
mF2np,8/8/4kp1R/5r1p/5P1K/6P1/8/8 b - - 2 41,e6f7 h6h5 f5h5 h4h5 f7g7 f4f5 g7h7 h5g4,2172,123,81,12,crushing defensiveMove endgame quietMove rookEndgame veryLong zugzwang,https://lichess.org/GmPQAvbT/black#82,
mFE3z,r6k/6rp/p5p1/1q1nQ3/8/2p2P1B/PP5P/2KRR3 w - - 0 27,b2c3 a8b8 d1d5 b5b1 c1d2 b8b2 d2e3 b1e1,2137,78,84,100,crushing deflection exposedKing master middlegame quietMove sacrifice veryLong,https://lichess.org/jqcvSIuF#53,
mFNaX,8/pp4pp/2p1k3/4p3/P1P1K1PP/1P6/3P4/8 b - - 3 30,g7g6 c4c5 g6g5 h4g5,2182,80,91,2425,crushing endgame master pawnEndgame quietMove short,https://lichess.org/qMGbayub/black#60,
mFVqJ,r5k1/5ppp/3qpn2/B2nN3/3P4/6P1/2Q1bPBP/1R4K1 b - - 0 23,a8a5 c2c8 d6f8 b1b8 a5a1 g2f1 a1f1 g1g2 d5e3 f2e3 f6d7 e5d7,2104,93,83,53,crushing middlegame quietMove sacrifice veryLong,https://lichess.org/NW9oqw54/black#46,
mFayZ,r1br2k1/p4pp1/7p/2B1q3/4Q1n1/1PN5/1PP2PPP/R4RK1 b - - 0 21,e5c5 e4a8 c5c7 g2g3 c8b7 a8a7,2112,78,84,51,advantage hangingPiece interference long middlegame quietMove,https://lichess.org/l8tLomYE/black#42,
mFsrb,rnbq4/1p4k1/3p2p1/2pPp1N1/p1P1PPpr/P7/1P1QNP1K/R4R2 w - - 0 24,h2g3 d8h8 f1h1 h4h1 a1h1 h8h1,2106,79,93,570,advantage long middlegame quietMove,https://lichess.org/zmEq1g5x#47,
mG0Fa,r5k1/ppp2p1p/6p1/3pr3/1P4P1/2PB2q1/P1Q3P1/RNB3K1 w - - 0 18,c1d2 a8e8 d3f1 e5e2 c2d1 g3f2,2127,77,82,187,crushing long middlegame quietMove,https://lichess.org/A5MBzv4J#35,Vant_Kruijs_Opening Vant_Kruijs_Opening_Other_variations
mGIlS,8/8/2p5/4p3/2k3P1/8/1K6/8 b - - 0 51,c4d3 g4g5 e5e4 b2c1 e4e3 c1d1 d3e4 g5g6 e4f3 d1e1,2181,75,84,170,crushing defensiveMove endgame pawnEndgame quietMove veryLong,https://lichess.org/ARRDXRJ1/black#102,
mGhiC,8/2k5/2P1b3/pB2B3/P3pp2/2P1b3/6K1/8 b - - 3 49,c7d8 c6c7 d8e7 b5a6 f4f3 g2g3 f3f2 g3g2,2181,106,83,32,advancedPawn bishopEndgame crushing endgame quietMove veryLong,https://lichess.org/GqFRcJdj/black#98,
mGqcY,r1b3k1/pp6/2pb1n1p/3p2q1/3P3R/6P1/PP3QBP/4R1K1 b - - 5 22,c8f5 e1f1 f5c8 f2f6 g5f6 f1f6,2105,75,94,293,advantage long middlegame quietMove,https://lichess.org/iACoMrjm/black#44,
mGvyF,8/8/3k4/1P3pp1/3K4/4P3/8/8 w - - 0 40,b5b6 g5g4 e3e4 g4g3 e4e5 d6c6,2114,78,92,2696,crushing defensiveMove endgame long pawnEndgame quietMove,https://lichess.org/v9tiSkSb#79,
mHEMG,2kr4/1p3pp1/1pp1p1p1/5q2/3P4/4QP2/PP3P2/R4RK1 w - - 0 23,b2b4 d8h8 f3f4 f5h5 g1g2 h5h2,2199,79,91,965,advantage endgame long quietMove,https://lichess.org/aH68rghC#45,
mHF6D,8/8/1r6/1P2p1kp/1R2K3/6P1/8/8 b - - 1 61,g5g4 b4b3 h5h4 g3h4,2137,77,85,62,crushing endgame quietMove rookEndgame short,https://lichess.org/kkMrEMhd/black#122,
mHb7z,3Q4/q4pk1/1p2p1p1/1Pp3Kp/2P1PP2/5P1P/8/8 w - - 1 43,f4f5 a7a1 f5f6 g7h7,2127,76,84,75,crushing endgame master queenEndgame quietMove short,https://lichess.org/RfGKTnEV#85,
mHdVj,8/2b5/2k1K3/3p4/P2B1p2/5P2/8/8 w - - 5 47,e6e7 c7b6 d4e5 b6e3 e7e6 d5d4 e5d4 e3d4,2157,81,90,1250,bishopEndgame crushing endgame master masterVsMaster quietMove veryLong,https://lichess.org/2Gb25lo5#93,
mHvBc,8/5k2/6p1/6Pp/5P2/5K2/8/8 w - - 0 56,f3e4 f7e6 e4d3 e6f5 d3e3 f5g4 e3e4 h5h4 e4e3 h4h3 e3f2 g4f4,2193,79,90,790,crushing endgame master pawnEndgame quietMove veryLong zugzwang,https://lichess.org/CdstU9CJ#111,
mHzZL,5R2/2k5/1p4K1/2p5/n6P/8/3p4/8 w - - 0 60,f8f1 c5c4 h4h5 c4c3 h5h6 c3c2,2160,77,83,122,advancedPawn crushing endgame long quietMove,https://lichess.org/iF2urb5s#119,
mIw1T,2rr2k1/1p3ppp/4b3/1pB1Q3/1P6/q7/2P2PPP/3RR1K1 b - - 1 24,a3a6 c5d4 f7f6 e5e6 a6e6 e1e6,2191,78,91,940,crushing kingsideAttack long middlegame quietMove,https://lichess.org/aVDuPClL/black#48,
mJEmz,8/1n5k/1P6/1K4p1/8/2P5/P1P5/8 w - - 0 47,b5a6 b7d8 c3c4 g5g4 c4c5 g4g3 c5c6 d8c6,2165,97,79,27,crushing endgame knightEndgame quietMove veryLong,https://lichess.org/bDevZZti#93,
mJLWj,4r1k1/5pp1/1p5p/1PbQ4/P7/4rNqP/6P1/3R1R1K w - - 4 33,f3d4 c5d6 d5d6 g3d6,2136,75,92,4945,crushing middlegame quietMove short,https://lichess.org/uukSgkLJ#65,
mJMWH,8/8/8/p7/1P3k2/P4p2/5K2/8 b - - 0 45,f4e4 b4b5 e4e5 a3a4,2186,77,92,3111,crushing defensiveMove endgame pawnEndgame quietMove short,https://lichess.org/NTtsrdTX/black#90,
mJOZ7,5rk1/2q3pp/2p2p2/3p2P1/1pnP3P/3Q1N2/1PP2P2/2KR3R w - - 0 26,g5f6 f8a8 f3d2 a8a1 d2b1 c7f4 d1d2 c4d2 d3d2 a1b1 c1b1 f4d2,2199,108,53,48,crushing deflection middlegame pin queensideAttack quietMove veryLong,https://lichess.org/OfsrF6IV#51,
mJP0O,2rqr1k1/1p3p1p/pb2p1p1/3pP1B1/1P3Q2/2P4P/5PP1/R3R1K1 b - - 5 25,d8d7 g5f6 d7e7 f6e7,2114,77,91,420,advantage middlegame quietMove short,https://lichess.org/rnpEx2DA/black#50,
mJSSh,6k1/5p2/1p1K4/7p/2P3p1/8/8/7B w - - 0 45,d6c6 h5h4 c6b6 h4h3,2110,75,91,3338,bishopEndgame crushing endgame quietMove short,https://lichess.org/dqwcDSJk#89,
mK76n,8/pp6/3p2k1/4p3/1P4KP/P1P5/8/8 b - - 3 42,e5e4 c3c4 e4e3 g4f3 e3e2 f3e2,2187,80,75,61,crushing endgame long pawnEndgame quietMove,https://lichess.org/PgJZabQW/black#84,
mK7Y1,8/6p1/8/3NN2p/P3P1b1/3K4/5bk1/8 w - - 0 50,d5e3 f2e3 d3e3 g4c8 e5g6 g2g3 g6e7 h5h4 e7c8 h4h3,2149,275,82,7,crushing endgame quietMove sacrifice veryLong,https://lichess.org/kAZigK13#99,
mK8qw,r5k1/ppP3p1/5n1p/8/8/P2B4/1b3PPP/3R2K1 b - - 0 21,a8c8 d3g6 g8f8 d1d8 f8e7 d8c8,2100,75,95,566,advantage endgame long quietMove,https://lichess.org/eCp95mKr/black#42,
mKBuG,7K/4R3/3k4/2p5/p3P3/Pp6/8/8 w - - 2 63,e7e8 c5c4 e4e5 d6d7,2137,82,82,44,crushing defensiveMove endgame quietMove rookEndgame short,https://lichess.org/dytL7PpY#125,
mKJxK,8/5p1K/1p3k2/p4p2/7P/1P3P2/5P2/8 b - - 0 33,b6b5 h4h5 a5a4 b3a4,2126,78,89,572,advantage endgame master pawnEndgame quietMove short,https://lichess.org/lfgH43mV/black#66,
mKXMQ,8/8/5p2/2k1b1p1/K3P1Pp/1R5P/1p6/8 w - - 10 75,b3b5 c5c4 b5b3 e5c3 a4a3 c4d3,2180,77,92,595,crushing defensiveMove endgame long quietMove,https://lichess.org/ETqmYQ0e#149,
mKdz5,1k1r2nr/Rppq1pb1/2b4p/3p2p1/4P1P1/1PPP3P/4QB2/1N2K1NR b K - 2 16,d8e8 e2a2 b7b6 f2b6 c7b6 a7d7,2146,77,89,285,advantage long middlegame quietMove,https://lichess.org/b9SDsuTv/black#32,Bishops_Opening Bishops_Opening_Other_variations
mLNZx,8/8/1pk2pp1/4p3/PP1pP1K1/6P1/4P3/8 w - - 2 35,g4h4 f6f5 e4f5 g6f5 g3g4 e5e4 h4g3 d4d3,2164,85,87,43,crushing endgame master pawnEndgame quietMove veryLong,https://lichess.org/nuP3UM2V#69,
mLddP,5k2/5p1p/bqNp2p1/p2P4/1n2P3/Q7/6PP/3R3K w - - 4 41,c6a5 b4d3 h2h3 d3f2 h1h2 f2d1,2169,78,76,62,advantage endgame fork long quietMove,https://lichess.org/6vCKIHGp#81,
mMMsi,r5k1/3p4/2b1q1p1/1p2p3/rP5Q/P1R5/1KP5/6R1 b - - 1 35,a8f8 c3h3 e6h3 h4h3,2162,76,87,150,advantage middlegame quietMove short,https://lichess.org/1uolEOfL/black#70,
mMN2v,8/1k2b3/1P4p1/P2K1p2/5P2/7p/8/6B1 b - - 1 58,e7b4 a5a6 b7a6 d5c6 b4d2 g1h2 d2e3 b6b7 e3a7 c6c7,2118,77,91,2035,advancedPawn bishopEndgame crushing defensiveMove endgame quietMove veryLong,https://lichess.org/ta4Gqqhf/black#116,
mMck2,rnQ3nr/pppp3p/7k/8/3P4/8/PPq1BP1P/RN2KR2 w Q - 0 16,c8b7 c2c1 e2d1 g8f6 b1c3 h8e8 c3e2 c1a1,2188,92,74,262,advantage clearance middlegame quietMove veryLong,https://lichess.org/2Kq8Dhw6#31,Kings_Pawn_Game Kings_Pawn_Game_Damiano_Defense
mMjov,8/1p3kp1/2p4p/8/3P1PPP/2p5/P3K3/8 b - - 1 35,b7b5 a2a3 f7e6 e2d3,2114,76,91,5670,crushing endgame pawnEndgame quietMove short,https://lichess.org/rTugDod5/black#70,
mMoCt,3R2k1/1b4p1/6Np/8/p5PP/4r1n1/1PP5/1K6 b - - 6 32,g8h7 h4h5 e3e1 b1a2 b7d5 d8d5,2142,79,72,53,advantage endgame long quietMove,https://lichess.org/sOWhzLWA/black#64,
mN13F,6k1/p3q2p/b1p3p1/4PQ1B/r1Pr4/7P/5P2/6RK b - - 2 33,a6b7 h5g6 g8h8 g6f7 a4a1 g1a1,2186,78,90,680,crushing long middlegame quietMove,https://lichess.org/QJ1ZIYdq/black#66,
mO6cQ,8/3K2k1/5p2/6p1/6Pp/7P/5P2/8 b - - 0 55,f6f5 f2f3 g7f7 d7d6 f7f6 d6d5 f5g4 f3g4,2143,75,96,393,crushing endgame pawnEndgame quietMove veryLong,https://lichess.org/7OqM719b/black#110,
mP6U1,8/6pp/2k1p3/p4p2/P1KP1P2/6PP/8/8 w - - 0 33,g3g4 f5g4 h3g4 h7h6 d4d5 e6d5,2158,81,100,42,crushing endgame long pawnEndgame quietMove,https://lichess.org/JXrfsUQP#65,
mP8su,2r1k2r/1p6/pqbQ1pp1/8/2B1PR2/2P5/P1P5/1K4R1 w k - 1 26,c4b3 b6g1 b1b2 h8h1 b3f7 e8f7 d6f6 f7g8,2175,78,86,110,advantage hangingPiece master middlegame quietMove veryLong,https://lichess.org/h5G2gjSD#51,
mPW5M,r3r1k1/1pp1Pp1p/2q1b1p1/p3QnB1/Pn1N4/1B1P4/1PP4P/R4RK1 b - - 0 21,f5d4 g5h6 d4e2 g1f2 c6c5 e5c5,2145,75,93,2888,crushing long middlegame quietMove,https://lichess.org/Kvc5eWfZ/black#42,
mPk5w,4r3/ppk4p/2p5/6RP/P1PP4/1P3R1B/3K4/1b2r3 w - - 3 46,c4c5 e8e2 d2c3 a7a5 g5g7 c7b8,2141,135,100,11,crushing defensiveMove endgame long quietMove,https://lichess.org/pGsTQJLA#91,
mPkli,8/6pk/6p1/4p3/7P/6P1/5P2/5K2 b - - 1 51,h7h6 g3g4 h6h7 f1e2 g6g5 h4h5,2133,77,87,55,crushing defensiveMove endgame long pawnEndgame quietMove,https://lichess.org/Rkb4JbZN/black#102,
mPq3z,rr4k1/2q2p2/2p3p1/p5R1/2P1R1P1/pPQ4P/5P2/5K2 b - - 0 33,c7h2 g5g6 f7g6 e4e7 h2h1 f1e2 h1e4 e7e4,2127,77,90,665,advantage endgame quietMove sacrifice veryLong,https://lichess.org/lxCVh9Pv/black#66,
mQBuw,2kN1b2/5p2/1P1p4/2p4r/P3PBq1/2P3P1/5P2/R2R2K1 b - - 0 29,c8d8 b6b7 d8c7 a1b1 g4d1 b1d1,2148,76,91,1666,advancedPawn crushing endgame long quietMove,https://lichess.org/HajXYueG/black#58,
mQQ6P,8/5pp1/4p3/4P2p/3k1P1P/5KP1/8/8 w - - 4 55,g3g4 g7g6 g4g5 d4d3,2163,77,92,4067,crushing defensiveMove endgame pawnEndgame quietMove short,https://lichess.org/Gv2imKfX#109,
mQsHA,1n2r1k1/3p1p1p/3P2p1/1Pp5/6P1/P1Q2b2/4qPP1/2B2RK1 b - - 0 20,f3b7 c1b2 e2e5 c3e5 e8e5 b2e5,2149,76,98,998,advantage long middlegame quietMove,https://lichess.org/WvFU8elZ/black#40,
mR206,6k1/1p3p1p/p2p2p1/8/1P1PrP2/2Bn2P1/2R3KP/8 b - - 2 30,e4d4 c2e2 g8f8 c3d4,2105,76,95,2049,crushing endgame intermezzo quietMove short,https://lichess.org/7d2fWAlS/black#60,
mR4yu,2r3k1/p2q1pp1/1p5p/3p4/1P6/2r3PP/P3QPB1/N2R2K1 w - - 0 29,g2d5 c3c1 g1g2 c1d1 e2d1 c8d8 d5f7 g8f7,2121,75,92,1903,crushing master middlegame quietMove veryLong,https://lichess.org/QLxILyAE#57,
mRIxI,8/8/3p4/4p3/1PP1Pk1p/5p2/6NK/8 b - - 0 56,f3g2 h2g2 f4e4 b4b5 d6d5 b5b6 d5c4 b6b7,2164,79,89,1446,advancedPawn crushing endgame pawnEndgame quietMove veryLong,https://lichess.org/cZwoMfPC/black#112,
mRJbz,r1bq1rk1/pp3p1p/3p2pB/1N2p3/2P1P3/2N2PP1/PP4P1/2KR3R b - - 0 18,f8e8 d1d6 c8d7 h1d1 d7b5 d6d8,2169,155,37,15,advantage long middlegame quietMove,https://lichess.org/bmi3G5Ig/black#36,Sicilian_Defense Sicilian_Defense_Dragon_Variation
mRO5n,rnbq3r/2p2kb1/ppPp1n2/3Pp3/PP2Ppp1/2NB3P/3BQ1PN/R4RK1 w - - 0 22,h3g4 h8h2 g1h2 f6g4 h2g1 d8h4 g2g3 h4g3 e2g2 g3d3,2117,82,91,1814,advantage attraction deflection intermezzo kingsideAttack middlegame quietMove veryLong,https://lichess.org/y4CUKCVJ#43,
mRr2G,8/p7/8/3p4/1k5K/1P3P2/P5P1/8 w - - 0 41,h4g3 d5d4 g3f2 b4c3 f3f4 d4d3,2133,74,83,220,crushing endgame long pawnEndgame quietMove,https://lichess.org/HaCj1FRH#81,
mS0o8,8/1R4pk/8/8/4PPp1/p3K1P1/r6P/8 w - - 0 35,f4f5 a2a1 b7a7 a3a2 e3f4 a1f1,2131,99,88,18,advancedPawn advantage endgame long quietMove rookEndgame,https://lichess.org/nzqpdAwQ#69,
mS2Iu,r2bqr1k/1pp2pp1/p2p3p/3NpB2/3nP2P/3P4/PPPQ1P2/2K3RR b - - 7 18,c7c6 g1g7 d4f5 h1g1 f8g8 g7g8 e8g8 g1g8,2192,130,77,20,advantage clearance fork middlegame quietMove sacrifice veryLong,https://lichess.org/DKwuLZ2a/black#36,Vienna_Game Vienna_Game_Falkbeer_Variation
mSJnF,8/7p/6p1/p1pk4/6P1/1P1KP3/7P/8 b - - 0 35,h7h5 g4h5 g6h5 h2h4 d5e5 d3c4,2103,185,25,6,crushing endgame long pawnEndgame quietMove zugzwang,https://lichess.org/VWs9Ocb3/black#70,
mSKJ0,6k1/1r1b1p2/5B1p/8/2p2ppP/8/6P1/3R2K1 b - - 3 32,d7e6 d1d8 g8h7 h4h5 b7b1 g1f2 g4g3 f2f3,2128,125,83,13,advantage endgame master quietMove veryLong,https://lichess.org/1OWQYDMZ/black#64,
mTmD0,2r2rk1/2R2ppp/p1pP4/1p6/8/8/P1R2PPP/6K1 b - - 1 24,c8c7 d6c7 f8c8 c2d2 g8f8 d2d8 f8e7 d8c8,2100,75,84,112,advancedPawn crushing endgame quietMove rookEndgame veryLong,https://lichess.org/p6hDndCE/black#48,
mTnLQ,8/2p4p/6p1/p1p3k1/P1K5/1P6/7P/8 b - - 1 42,g5h4 c4c5 h4h3 b3b4 a5b4 c5b4 g6g5 a4a5 g5g4 a5a6 h3h2 a6a7 g4g3 a7a8q g3g2 a8a2,2130,74,82,204,advancedPawn crushing endgame pawnEndgame promotion quietMove veryLong,https://lichess.org/8tCfrLjZ/black#84,
mTneC,2kr4/1pp5/1n3p2/1N1Pnpp1/pPP5/P5P1/B3KPq1/R2Q1R2 w - - 7 27,d1d4 d8e8 d4e3 f5f4 g3f4 g5f4,2127,154,87,11,crushing long middlegame quietMove,https://lichess.org/xVIMp9Ko#53,
mU6XO,8/ppk2p2/1p4q1/3Rp3/4r3/2P2QP1/PP3P2/6K1 w - - 0 33,a2a4 e4e1 g1g2 g6h7 d5d7 c7d7,2163,86,86,40,crushing endgame long quietMove,https://lichess.org/95kniZpB#65,
mU6m6,5r1k/p2B2p1/8/1pRnb3/8/6PP/PP3P2/6K1 b - - 3 36,d5b6 d7e6 f8f2 c5e5,2112,76,90,507,crushing endgame master quietMove short,https://lichess.org/aii04VZC/black#72,
mUWTz,7r/P2k4/1R6/1p1p4/1r6/2p2PK1/8/5R2 b - - 0 52,h8a8 f1h1 a8a7 h1h7,2125,79,84,40,advantage endgame quietMove rookEndgame short,https://lichess.org/EhnWcoGA/black#104,
mV71K,8/4k3/8/3BP1p1/8/2r1n1PK/3R3P/8 w - - 0 62,d5e4 c3c8 g3g4 c8h8 h3g3 e3f1,2199,75,95,3095,crushing endgame long master quietMove,https://lichess.org/h8lEgCFg#123,
mVY1n,6k1/p3bp2/1p2p2p/4P1p1/P2BbP2/1PP5/3p2PP/3B2K1 w - - 0 35,g2g3 g5g4 d1g4 e4c2,2153,77,88,649,bishopEndgame crushing endgame master quietMove short,https://lichess.org/7hjMxzXP#69,
mVlTD,8/3R4/5p2/4p3/1R4P1/rp2P2P/2r1kP2/6K1 w - - 5 35,d7b7 e2f3 b4b3 c2c1 g1h2 a3a1 e3e4 f3f4,2140,97,87,76,crushing endgame quietMove rookEndgame veryLong,https://lichess.org/KA5LYJIA#69,
mWJCl,8/8/8/k1K5/2B1b3/1P3p2/8/8 b - - 0 62,e4a8 c4b5 f3f2 b3b4,2143,77,91,2592,bishopEndgame endgame mate mateIn2 quietMove short,https://lichess.org/ks8CgfNG/black#124,
mWS2M,8/8/5p2/1pkp1p1p/7P/2PK2P1/2P5/8 b - - 4 45,f5f4 g3g4 h5g4 h4h5 g4g3 d3e2,2144,76,92,506,crushing defensiveMove endgame long pawnEndgame quietMove,https://lichess.org/zjBkGbq8/black#90,
mX0bv,6R1/8/2P5/1P6/P7/3bp3/5kp1/2K5 w - - 0 55,c6c7 d3f5 c7c8r f5c8,2180,80,88,328,crushing endgame quietMove short,https://lichess.org/OrNO8TVf#109,
mXKoI,8/2r2p1k/6pp/p1p5/q1P2Q2/7P/5PP1/4R1K1 b - - 1 34,a4b4 e1e8 b4b1 g1h2 b1b6 f4e5 f7f6 e5d5 c7g7 d5a8,2147,77,84,606,crushing defensiveMove endgame quietMove veryLong,https://lichess.org/PHx4wJIs/black#68,
mXbgc,r4rk1/5pp1/3b1p2/1p1q3P/2pPR1QP/pP6/P1P2P2/1K1R4 b - - 1 25,c4b3 d1g1 g7g6 h5g6 b3c2 b1c1,2134,77,94,2318,crushing long middlegame quietMove,https://lichess.org/qIAEmG6n/black#50,
mXckP,2R5/5pk1/1p1r1np1/1P2q2p/3pP3/6NP/3Q1PP1/6K1 b - - 1 32,h5h4 g3f5 g6f5 d2g5 g7h7 g5h4 h7g6 c8h8 f5e4 h4h6 g6f5 g2g4 f5e6 h8e8 e6d5 e8e5,2117,79,82,43,advantage endgame master masterVsMaster pin quietMove sacrifice skewer veryLong,https://lichess.org/EkloQ7rs/black#64,
mXfiT,r2r2k1/p4ppp/3R1n2/1p6/5B2/4PQ2/qP3PPP/4R1K1 b - - 1 21,a2b2 e1d1 d8e8 f3a8 e8a8 d6d8 f6e8 d8a8,2163,81,63,61,advantage attraction middlegame pin quietMove sacrifice veryLong,https://lichess.org/JttQBdnd/black#42,
mXl9J,8/p7/8/k1K2N2/6Pp/5pbP/P7/8 w - - 0 43,c5d5 g3f4 d5e4 f3f2 e4f4 f2f1q,2100,73,93,7013,advancedPawn crushing endgame long promotion quietMove,https://lichess.org/3f59rXmO#85,
mXqMN,8/k7/P6R/2p5/6P1/1p1K3P/r7/8 w - - 0 46,h6c6 a2c2 c6c7 a7a6,2194,82,89,270,crushing endgame quietMove rookEndgame short,https://lichess.org/tVF1JB2U#91,
mYCRP,8/2r2rk1/p5b1/2Pp4/3Pp1q1/1R2P1B1/PQ3Pp1/5RK1 w - - 0 32,g1g2 g4f3 g2g1 g6f5 b2e2 f3e2,2136,78,66,96,crushing long middlegame quietMove,https://lichess.org/ilokh6QM#63,
mYHwK,3Q4/p5qp/4p1pk/3p4/4r3/7P/P5P1/5R1K b - - 4 31,a7a5 g2g4 g7e5 d8f8,2109,76,84,75,crushing endgame master quietMove short,https://lichess.org/icpPsUSN/black#62,
mYIOZ,r7/5pk1/2b1p1p1/2N1P3/P1P2P1p/1P1Q2Pq/5R1P/6K1 w - - 0 34,d3c3 a8d8 f2d2 h4g3 c3g3 h3g3 h2g3 d8d2,2195,81,91,994,advantage endgame master quietMove veryLong,https://lichess.org/rXux7zXP#67,
mYRJH,1R1Q4/2r2ppk/4p2p/1pPn4/1P2P2P/5P2/6PK/3q4 b - - 1 45,d1e1 h4h5 e1h4 d8h4,2147,76,91,2482,crushing endgame master quietMove short,https://lichess.org/LUemuAEE/black#90,
mYlPy,8/8/2p5/8/p7/Pk3P2/3K1P2/8 b - - 0 43,b3a3 d2c3 c6c5 f3f4 a3a2 c3c2,2158,76,85,253,crushing defensiveMove endgame long pawnEndgame quietMove,https://lichess.org/TaXcdM8v/black#86,
mZUOH,8/8/p7/3k1p1p/1P6/4K2P/6P1/8 w - - 0 48,e3d3 h5h4 d3e3 d5c4,2190,76,91,937,crushing endgame pawnEndgame quietMove short,https://lichess.org/H7DK2f2U#95,
mZeXW,8/8/8/5K2/6pp/8/5pkP/1R6 b - - 3 62,f2f1q b1f1 g4g3 h2g3 h4g3 f1f4 g2h2 f4h4 h2g1 f5g4 g1f2 g4h3 g3g2 h4f4 f2e3 f4g4,2176,125,78,29,clearance crushing endgame quietMove veryLong,https://lichess.org/tS3XcyfW/black#124,
ma4OU,8/p1N3p1/1p5p/8/4k3/7P/6PK/8 w - - 0 40,h2g3 a7a5 g3f2 e4d3,2144,78,74,60,advantage defensiveMove endgame knightEndgame quietMove short,https://lichess.org/qDzqwasx#79,
ma8cB,2rq2r1/2p2p1k/p3p1np/1p2P3/3P1p2/P2B1P2/1PQ2P2/R4KR1 b - - 3 25,d8d4 a1d1 d4e5 d3g6,2131,78,82,159,advantage middlegame pin quietMove short,https://lichess.org/QWUkralK/black#50,
masrF,6k1/2p3p1/p6p/1p1pP3/3P4/P1PK4/1P5r/6R1 b - - 3 34,h2b2 g1f1 b2h2 e5e6 h2h3 d3d2,2131,85,87,50,advantage defensiveMove endgame long quietMove rookEndgame,https://lichess.org/9dGF1jWy/black#68,
mb1vu,8/1p6/p2pp1k1/2p1p3/2P1P2K/P2P4/1P4P1/8 w - - 0 34,b2b4 c5b4 a3b4 b7b6 h4g3 a6a5 b4a5 b6a5,2103,76,93,5883,crushing endgame pawnEndgame quietMove veryLong,https://lichess.org/aRsmhglu#67,
mbo5E,4R3/8/7P/8/1p6/pKbP1k2/4p3/8 b - - 0 50,e2e1q e8e1 c3e1 d3d4 e1c3 d4d5 f3g4 d5d6,2157,86,65,31,crushing endgame quietMove veryLong,https://lichess.org/VwthlD96/black#100,
mbw9E,4B3/6k1/1p6/p6p/P3N3/5K1P/4r3/8 b - - 3 43,e2h2 e4f2 h5h4 e8c6 g7f7 f3e2,2173,214,74,17,crushing defensiveMove endgame long quietMove,https://lichess.org/iD5ZcYPk/black#86,
mc4C8,2r3k1/pp3p1p/6pQ/3q4/1P4PP/1R3P1N/KP6/4rB1R w - - 0 25,h3g5 c8c1 h6h7 g8f8 h7h8 f8e7 h8e8 e7e8,2167,75,94,3475,crushing middlegame quietMove veryLong,https://lichess.org/4yKZtj4y#49,
mc5GW,5K2/6Pp/8/pk1b3P/8/8/8/8 w - - 1 63,g7g8q d5g8 f8g8 h7h6 g8g7 a5a4 g7h6 a4a3 h6h7 a3a2 h7g8 a2a1q,2153,79,90,1035,advancedPawn crushing endgame master promotion quietMove veryLong,https://lichess.org/7pDI964t#125,
mcNH2,8/p3Q1kp/1p6/8/q5P1/5PK1/8/8 b - - 6 47,g7g6 f3f4 a4b3 g3h4 b3c2 f4f5 c2f5 g4f5,2190,80,86,154,crushing defensiveMove endgame exposedKing queenEndgame quietMove veryLong,https://lichess.org/M25MfD3C/black#94,
mcPsy,N7/1k6/4p3/2p5/3pn3/4P1p1/1PP4p/R6K w - - 0 43,h1g2 d4e3 a1e1 e4f2 g2g3 h2h1q e1h1 f2h1,2111,86,76,32,advancedPawn crushing endgame promotion quietMove veryLong,https://lichess.org/iMkItvxQ#85,
mccCp,6rk/pp5r/8/3Q4/6q1/6N1/PP3P1P/4R1K1 b - - 2 34,g4h3 d5d4 h7g7 e1e4 g8f8 e4h4 h3h4 d4h4,2130,78,80,41,crushing endgame exposedKing fork quietMove veryLong,https://lichess.org/D0Euiqo1/black#68,
mcd9K,8/1k3p2/3Kp1pp/p3P3/2P2P2/6P1/7P/8 w - - 0 50,c4c5 b7c8 d6e7 a5a4 e7f7 a4a3 f7e6 a3a2,2127,75,93,8701,advancedPawn crushing endgame pawnEndgame quietMove sacrifice veryLong,https://lichess.org/RweBxwsH#99,
mcygq,8/8/4r3/P1P5/1PK1k3/8/8/8 b - - 2 49,e4e5 b4b5 e6h6 b5b6,2101,76,87,351,crushing endgame quietMove rookEndgame short,https://lichess.org/tlOju6iG/black#98,
mdU33,1B6/8/p5k1/1p2Kp2/1P1Pb3/8/P7/8 b - - 1 43,g6g5 d4d5 g5g6 e5e6,2102,105,100,28,bishopEndgame crushing endgame quietMove short,https://lichess.org/2ZCN3GlM/black#86,
mdZGx,1r5r/1p1k4/1Pp5/2Pp1p2/3qP2p/5QbP/4B1P1/R3RK2 b - - 3 32,f5e4 f3f7 d7d8 e2g4 d4f2 f7f2 g3f2 f1f2,2112,79,91,422,advantage clearance middlegame quietMove veryLong,https://lichess.org/CUiaWRUL/black#64,
mdl58,3r1k2/1p3p1p/4N3/4q3/6PP/pP3P2/PnQR4/K7 b - - 1 31,f7e6 d2d8 f8e7 d8c8 b2d3 c2c3 e5e1 c3e1,2124,135,71,24,crushing endgame hangingPiece quietMove veryLong,https://lichess.org/AeKLzGlJ/black#62,
mdqNw,2q2rk1/1b3ppp/4p3/p3P3/PN1B1P2/3P4/4B1PP/3R1R1K w - - 0 27,d1c1 c8a8 b4c6 b7c6,2193,79,87,757,advantage middlegame quietMove short,https://lichess.org/3TrQggex#53,
me8um,8/7p/2Pk4/2pPpp2/p4P2/P7/3RK1P1/r7 b - - 0 34,e5e4 d2b2 a1g1 b2b7,2196,108,52,28,crushing endgame quietMove rookEndgame short,https://lichess.org/AM10Og0h/black#68,
meUpu,8/3k4/1p4p1/1PbP1p1p/2K2B2/8/6PP/8 b - - 2 40,c5d6 f4d6 d7d6 h2h4 f5f4 c4d4,2142,144,69,9,bishopEndgame crushing defensiveMove endgame long quietMove,https://lichess.org/E3mt495h/black#80,
mfFLE,1k6/1p2pp2/p2p3p/3P4/5pP1/P2P3P/6K1/8 b - - 1 34,e7e5 d5e6 f7e6 h3h4 b8c7 g4g5 h6g5 h4h5,2156,77,81,73,advantage defensiveMove enPassant endgame pawnEndgame quietMove veryLong,https://lichess.org/VrVIIoB7/black#68,
mfdqB,6k1/5p2/4p1p1/p6p/4P2P/p1P3P1/2K3P1/8 b - - 1 45,f7f5 e4e5 a3a2 c2b2 a2a1r b2a1,2168,77,91,889,crushing endgame long pawnEndgame quietMove,https://lichess.org/fDOINr0X/black#90,
mfkMT,8/8/1p2p3/2p1k3/P1P3p1/3PK1P1/7P/8 w - - 1 37,e3d2 e5d4 d2e2 e6e5 e2d2 e5e4 d3e4 d4e4 d2e2 e4d4 h2h3 g4h3,2135,77,92,415,crushing endgame pawnEndgame quietMove veryLong,https://lichess.org/vLN6CF3k#73,
mfpbF,8/5k2/1p1p4/1P1P1pP1/7K/8/8/8 w - - 1 46,h4h5 f7g7 g5g6 f5f4 h5g4 g7g6 g4f4 g6f6,2109,76,91,1071,crushing defensiveMove endgame pawnEndgame quietMove veryLong zugzwang,https://lichess.org/Ws12nrEU#91,
mg5Ti,r3k2r/2p2ppp/p1p1p1q1/Q2p2P1/3P2n1/1P2P2R/PBP3PP/R5K1 b kq - 0 20,g6c2 b2a3 c2f2 g1h1 f2e2 h3f3,2169,90,62,33,advantage long middlegame quietMove,https://lichess.org/k6mP3qVs/black#40,
mgNGE,1r4k1/5pq1/p5p1/P2pP1P1/5P2/K6Q/8/7R w - - 0 34,h3d7 g7f8 d7d6 f8c8 d6b8 c8b8,2109,77,74,66,crushing endgame long quietMove,https://lichess.org/YMkBYMpf#67,
mgfVS,r3k1nr/8/pqp5/3p1p2/3P2b1/1P1QBN1p/P1P2PP1/R4RK1 w kq - 0 21,g2g3 g4f3 g1h2 g8f6 d3f5 f6g4 f5g4 f3g4,2108,77,90,217,crushing hangingPiece kingsideAttack middlegame quietMove veryLong,https://lichess.org/RYay42SQ#41,
mghrn,8/5p2/7p/4k1p1/4P3/5K1P/5P2/8 w - - 3 41,f3e3 h6h5 h3h4 g5h4,2170,90,88,28,crushing endgame master pawnEndgame quietMove short zugzwang,https://lichess.org/3UJjWl98#81,
mgo7t,8/3r4/1R6/pP2p1k1/P5P1/2K1P2p/5P2/8 w - - 1 59,b6b8 d7h7 b8g8 g5h4 g4g5 h3h2,2182,78,93,6731,advancedPawn crushing defensiveMove endgame long quietMove rookEndgame,https://lichess.org/TiBuj5ET#117,
mgxtl,8/6p1/3k2p1/p1p2p2/P1K2P2/1P5P/8/8 b - - 1 39,d6c6 h3h4 g6g5 f4g5 c6d6 h4h5,2171,74,80,91,crushing defensiveMove endgame long pawnEndgame quietMove zugzwang,https://lichess.org/KMp7ixaK/black#78,
mhqXk,2k1r3/pp4p1/3rppP1/q2p3p/1nnP3P/2N2P2/PPP1Q3/1KBRR3 w - - 7 22,f3f4 b4a2 c3a2 d6a6 c2c3 a5a2,2100,74,87,142,crushing intermezzo long middlegame queensideAttack quietMove sacrifice,https://lichess.org/VCpj32JW#43,
miFyg,8/p6p/8/KP2kpp1/6P1/7P/8/8 w - - 0 50,g4f5 h7h5 a5a6 g5g4 h3g4 h5g4,2113,76,87,148,crushing endgame long pawnEndgame quietMove,https://lichess.org/Bx62Qazk#99,
miUhi,8/8/p6p/6p1/2k4P/6P1/P2K2P1/8 w - - 0 48,d2c2 g5g4 h4h5 c4d4 c2b3 d4e3 b3b4 e3f2,2167,140,83,17,crushing endgame pawnEndgame quietMove veryLong,https://lichess.org/Jj7prnIF#95,
miaSM,3r1k2/pr3pp1/4p2p/2Pn4/P1NPK3/8/5PPP/2RR4 w - - 11 31,c5c6 b7b3 e4e5 f8e7,2147,79,92,400,advantage defensiveMove endgame quietMove short,https://lichess.org/kehrs8aL#61,
minGR,8/8/6p1/5p2/2k1p3/7P/1P4P1/3K4 w - - 2 44,d1e2 f5f4 h3h4 c4b3,2121,74,74,133,crushing endgame pawnEndgame quietMove short,https://lichess.org/n7x17aDV#87,
mj2Qz,1rnQ1b1k/1p1b3p/p2q4/4pp2/3N4/2PP2P1/P5BP/R3R1K1 w - - 4 24,e1e5 c8b6 e5e6 b8d8 e6d6 f8d6,2129,75,86,183,advantage discoveredAttack long master middlegame quietMove,https://lichess.org/Cx4MEndg#47,
mjMgl,1r2r1k1/5p1p/8/3P1p2/1pPN4/pP1n3P/P4PP1/1N1R2K1 b - - 3 32,e8e1 d1e1 d3e1 c4c5 e1d3 c5c6,2153,142,16,14,crushing endgame long quietMove,https://lichess.org/kp5x20bS/black#64,
mjVjO,6k1/3p2pp/1P1Pp3/1r6/3B4/3K4/7P/8 b - - 2 37,g8f7 d3c4 b5b1 d4c5 b1b6 c5b6,2111,76,86,459,crushing endgame long master quietMove,https://lichess.org/y9a9vFa6/black#74,
mjo12,8/5np1/6Np/6kP/2nBp1P1/6K1/8/8 b - - 3 61,e4e3 g6f8 e3e2 f8e6,2176,162,71,17,endgame master mate mateIn2 quietMove short,https://lichess.org/ZEEsY8sd/black#122,
mju0i,r1bq1k1r/ppppbBpp/2n2n2/6N1/4P3/1QP5/P4PPP/RNB1K2R b KQ - 6 10,h7h6 f7g6 d7d5 g5f7,2184,76,76,302,advantage opening quietMove short,https://lichess.org/4quPyB8U/black#20,Scotch_Game Scotch_Game_Scotch_Gambit
mk6LJ,8/6k1/1p3pPp/2pp3K/p2P3P/2P5/PP4P1/8 w - - 1 33,g2g4 c5c4 g4g5 h6g5,2167,78,89,58,crushing endgame pawnEndgame quietMove short,https://lichess.org/jdhOV6tR#65,
mkEiI,8/4k3/8/5n1p/1KP5/8/8/B7 w - - 1 57,a1h8 e7e6 h8b2 h5h4 b2c1 e6e5 c1g5 h4h3,2184,75,89,175,crushing endgame quietMove veryLong,https://lichess.org/o1fxNuxi#113,
mkrEe,r4r2/4k1b1/1p1p1pp1/p1pPpPq1/P1N1P1P1/2P5/1P4K1/R2Q1R2 w - - 4 25,c4b6 a8b8 b6c4 f8h8 d1f3 h8h4 c4e3 g5h6,2125,120,85,15,advantage middlegame quietMove veryLong,https://lichess.org/OjLLnrjl#49,
mlEVB,4bk2/8/3pBP2/2pPpKP1/1pP4p/1P6/8/8 w - - 0 47,g5g6 e8g6 f5g6 e5e4 e6g4 e4e3 g6f5 h4h3 g4f3 h3h2,2126,75,87,408,advancedPawn bishopEndgame crushing endgame quietMove sacrifice veryLong,https://lichess.org/2nH7bXSC#93,
mlUZN,8/7p/2p1k2P/p3pp2/2P5/8/4rBR1/1K6 w - - 4 47,b1c1 f5f4 g2g6 e6f5 g6c6 e2f2,2198,88,78,35,crushing defensiveMove endgame long master quietMove,https://lichess.org/gM6Gqzhh#93,
mlfiR,8/7k/1p4n1/p2p4/3P4/P3B3/5QPK/1q6 b - - 3 49,b1e4 f2f7 h7h8 e3g5 e4h4 g5h4,2163,76,92,1718,crushing endgame long master quietMove,https://lichess.org/XQpubjH9/black#98,
mlgpT,r3kb1r/5ppp/p1R1p3/q2pP3/Pp6/1Q1BP3/1P4PP/R5K1 b kq - 0 19,e8d7 a1c1 f8e7 b3c2,2151,81,82,37,crushing defensiveMove master middlegame quietMove short,https://lichess.org/0EYQMQfp/black#38,French_Defense French_Defense_Advance_Variation
mlpzS,r2q1rk1/1p1b1p2/4pPn1/3p2Q1/8/p2B4/PP3PPP/1K1R3R b - - 0 18,d8b6 d1d2 e6e5 d3g6,2183,77,89,427,crushing middlegame quietMove short,https://lichess.org/iFFA3hz9/black#36,French_Defense French_Defense_Tarrasch_Variation
mmBWW,5rk1/R1R3p1/4p3/6pn/P5N1/7P/1r4P1/6K1 w - - 3 27,a4a5 b2b1 g1h2 f8f1 g4f6 f1f6,2133,75,91,1480,crushing endgame long master quietMove,https://lichess.org/6XJf8AFv#53,
mmPGi,5r1k/ppp2r1p/5P2/nq1p4/3P2Q1/2P1P3/P2R3P/2K3R1 b - - 0 24,a5c4 d2g2 h7h5 g4h5,2179,77,90,1354,crushing middlegame quietMove short,https://lichess.org/blYtsagl/black#48,
mmTQs,4r1k1/5pp1/2p4p/1p1p2q1/1PnP4/3NP3/r4PPP/R1R1Q1K1 b - - 9 27,c4e3 g2g3 a2a1 c1a1,2155,83,91,49,advantage master middlegame quietMove short,https://lichess.org/MXCZ3NPN/black#54,
mmso5,8/6p1/8/6P1/PPB1Pk2/2n2P2/r7/4K3 b - - 0 48,f4f3 c4a2 c3a2 e4e5 a2b4 e5e6 b4d5 a4a5 f3f4 a5a6,2113,118,88,13,crushing endgame quietMove veryLong,https://lichess.org/EjHSFYsu/black#96,
mnDfP,8/6R1/6P1/3k4/1r5p/7K/8/8 b - - 1 53,d5e6 g7f7 b4b1 h3h4,2174,75,98,349,crushing endgame quietMove rookEndgame short,https://lichess.org/782GuKtV/black#106,
mnUKd,3r2k1/6p1/p2r1q1p/1p3R1Q/2p1R3/P6P/1P4P1/6K1 b - - 0 33,f6b2 e4e8 d8e8 h5e8 g8h7 f5f8 d6d1 g1h2,2193,80,94,9700,crushing defensiveMove endgame quietMove veryLong,https://lichess.org/6zGBjlUv/black#66,
mnYDO,3Q1nk1/3n1pp1/1N5p/4p3/4P3/3qPN1P/6PK/8 b - - 1 30,d7c5 b6d5 c5d7 f3e5 d3d5 e4d5,2160,78,90,883,crushing endgame long quietMove,https://lichess.org/bIq8m1KK/black#60,
mo53V,8/n6p/P7/3pk3/5PP1/4P1K1/8/8 b - - 0 48,e5e4 f4f5 e4e5 g3h4 e5f6 h4h5 d5d4 e3d4,2135,76,89,749,crushing endgame knightEndgame quietMove veryLong,https://lichess.org/3C8sLaqp/black#96,
moYCM,8/2k2p2/6p1/pP6/2K4P/4P3/8/8 w - - 1 54,e3e4 c7b6 e4e5 a5a4 c4b4 a4a3 b4a3 b6b5 e5e6 f7e6,2135,79,93,9885,crushing deflection endgame pawnEndgame quietMove veryLong,https://lichess.org/cVrPwhq0#107,
mpRQT,r4q1k/pp6/2p3Q1/4b3/8/2P5/PP3PPP/4R1K1 b - - 1 24,e5g7 e1e3 h8g8 e3h3 f8e7 g6h7,2167,82,89,266,advantage endgame long quietMove,https://lichess.org/nl9xpK2P/black#48,
mpW4L,1r1b1rk1/p2n1p2/2q1p1pQ/5bP1/3PpN2/4P3/5RBP/5RK1 b - - 1 27,f8e8 f4h5 g6h5 f2f5 e6f5 h6c6,2128,76,91,1675,crushing deflection discoveredAttack long middlegame quietMove,https://lichess.org/dcLrqfVp/black#54,
mpWVV,8/7p/4p3/3k4/1p3P1P/1P1K4/8/8 b - - 0 50,h7h5 d3e3 e6e5 f4f5 e5e4 f5f6 d5e6 e3e4 e6f6 e4f4,2140,76,97,575,crushing defensiveMove endgame pawnEndgame quietMove veryLong zugzwang,https://lichess.org/ohnrFxHC/black#100,
mpg4D,8/8/4R1p1/1r5k/4PK2/3P4/8/8 w - - 1 50,e6e5 g6g5 f4f5 b5e5 f5e5 g5g4 e5f4 h5h4 e4e5 g4g3 f4e3 h4h3 e5e6 g3g2 e3f2 h3h2 e6e7 g2g1q,2113,90,84,27,advancedPawn crushing endgame promotion quietMove rookEndgame veryLong,https://lichess.org/HO1p4tZp#99,
mpoiJ,7r/3k1ppp/p3pb2/8/5B2/8/Pr3PPP/R2R2K1 b - - 1 18,d7e7 f4d6 e7e8 a1c1 f6d8 c1c8,2169,78,93,3531,crushing endgame long quietMove,https://lichess.org/HDXvg8UU/black#36,Sicilian_Defense Sicilian_Defense_Staunton-Cochrane_Variation
mqH42,5B2/8/6p1/3bPp1p/2k2P2/P2p2PP/3K4/8 w - - 0 41,g3g4 f5g4 h3g4 h5h4 f8c5 c4c5,2125,78,94,348,bishopEndgame crushing endgame long quietMove,https://lichess.org/PRN9Yxbt#81,
mqJqC,r7/2R1k2p/1p4p1/1P1P1p2/p2Pp3/4P1P1/r6P/1R4K1 b - - 5 34,e7d6 b1c1 a2a1 c7c6 d6d5 c1a1,2132,79,92,2215,crushing endgame exposedKing long quietMove rookEndgame,https://lichess.org/PYdTBj9h/black#68,
mqnx6,2k2b2/ppp2pr1/5pq1/PP6/2BrP3/1Q4p1/2P2P1P/R4RK1 w - - 0 21,f2g3 f8c5 g1h1 g6e4,2104,89,84,24,advantage middlegame quietMove short,https://lichess.org/QJ3LwXLn#41,
mrX2F,8/2k1r3/3b1Q2/2pP4/4p3/6P1/3R1PKP/1q6 b - - 5 43,b1e1 d2a2 e1d1 a2a7 c7b8 f6d6,2107,75,93,2330,crushing deflection endgame exposedKing long quietMove,https://lichess.org/30ECdUq0/black#86,
mrd1r,4N3/p7/1p2pp2/6pP/6P1/P7/1P3kbK/8 b - - 0 34,f6f5 e8f6 g2f3 h5h6 f5g4 f6g4 f3g4 h6h7,2189,79,85,109,advancedPawn crushing endgame quietMove sacrifice veryLong,https://lichess.org/vFCNlBR3/black#68,
mrjxE,8/8/4p3/3bP2k/7P/2K4B/1P3p2/8 w - - 2 43,c3d2 d5c4 h3f1 c4f1,2128,146,83,14,bishopEndgame crushing endgame master quietMove short,https://lichess.org/TasehnNK#85,
mrpoB,r5k1/pb3ppp/1p1Q4/2p5/PnP1q2P/5NP1/1P3PB1/R5K1 b - - 0 19,a8f8 f3e1 e4d4 d6d4 c5d4 g2b7,2103,76,91,1539,crushing long middlegame quietMove,https://lichess.org/2WpL6q5x/black#38,Hungarian_Opening Hungarian_Opening_Indian_Defense
msbdM,b1rr2k1/5p1p/p3pPpB/1p2P1P1/1np4R/7R/1P2P1BP/6K1 b - - 2 22,a8g2 g1g2 b4d3 h6g7 d3f4 h4f4,2199,78,75,72,advantage long middlegame quietMove,https://lichess.org/EdY93o5P/black#44,
msv1C,2r2rk1/1p3p1p/p1np2p1/4p2P/2P2PQ1/2P5/PqBK1P2/5R1R b - - 5 25,c6a5 h5g6 h7g6 g4h4 g8g7 f4f5 b2c3 d2c3,2100,111,86,33,crushing middlegame quietMove veryLong,https://lichess.org/BDvVOMnU/black#50,
mtAgE,2Q2bk1/p4p1p/5np1/8/3P4/3Bq2P/Pr4P1/R4R1K w - - 3 21,c8a6 e3g3 d3e2 f8d6 a6d6 g3d6,2170,79,84,240,crushing long middlegame quietMove,https://lichess.org/Yf4cRt7S#41,
mtP97,3R4/2p2ppk/7p/1pq5/4r3/3R4/6PP/3Q3K w - - 9 34,h2h3 c5e5 d3f3 e4e1 f3f1 e1d1,2134,75,93,2388,advantage endgame fork long pin quietMove,https://lichess.org/ndc0FIX9#67,
mtck5,2B3k1/p4ppp/4p3/3b4/6n1/P4nK1/7P/1R6 b - - 6 31,g4h2 b1b8 h2f1 g3f2 g7g5 c8e6 g8g7 e6d5,2113,78,90,1185,advantage defensiveMove discoveredAttack endgame quietMove veryLong,https://lichess.org/w1uKEGtn/black#62,
mtu9Q,r5k1/5ppp/R7/1PB5/1Pp5/6P1/6KP/2r5 b - - 2 31,c1a1 a6a1 a8a1 b5b6 a1a8 c5d6 c4c3 b6b7,2122,93,-3,28,advancedPawn advantage endgame quietMove veryLong,https://lichess.org/BXk4QGtB/black#62,
mu6br,8/2p2ppk/7p/2NQb3/3pPq2/1P3P1P/P5P1/6K1 w - - 4 35,d5c4 f4e3 g1f1 e5g3 c5d3 e3d2 c4c1 d2d3,2122,78,92,6501,clearance crushing endgame quietMove veryLong,https://lichess.org/WLy4vf2m#69,
muTaQ,8/3P3R/3r4/8/P7/2kp2P1/8/3K4 w - - 3 50,g3g4 d6b6 d1e1 d3d2,2196,78,94,1881,advancedPawn crushing endgame master quietMove rookEndgame short,https://lichess.org/uL0uSdxb#99,
mubRW,3r1rk1/1p3ppp/p1p1pn2/2b5/2P2BP1/1P1b1PNP/PK1Q4/3R2Nq b - - 0 27,c5b4 d2f2 d3g6 d1d8 f8d8 g3h1,2170,188,100,14,discoveredAttack equality long middlegame quietMove trappedPiece,https://lichess.org/XDIjSBrz/black#54,
mv3Go,8/1pkb4/p2p2p1/2pP2P1/2P1B3/2n2KB1/P5P1/8 b - - 0 31,d7g4 f3g4 c3e4 g3e1 b7b5 g4f4 e4f2 e1f2,2139,95,81,31,crushing endgame master masterVsMaster quietMove trappedPiece veryLong,https://lichess.org/Rq1jDdM1/black#62,
mvFV4,8/5ppp/p7/8/1PK5/4k1P1/1P5P/8 w - - 4 33,c4c5 f7f5 c5b6 g7g5 b6a6 f5f4,2181,84,86,42,crushing endgame long pawnEndgame quietMove,https://lichess.org/j2XmDzT4#65,
mvZcE,7r/P4k2/R4Pp1/6K1/2pBbP1P/8/1P6/8 w - - 7 50,a6d6 e4f5 d6d7 f5d7,2157,76,80,67,advantage endgame quietMove short,https://lichess.org/8nkD2vm1#99,
mvZxF,8/8/8/1p4K1/3k4/8/P7/8 w - - 5 54,g5f4 b5b4 f4f5 d4c3 f5e4 c3b2 e4d5 b2a2,2176,85,85,35,crushing endgame pawnEndgame quietMove veryLong,https://lichess.org/o0wJ4M0C#107,
mvqio,8/1p6/2p5/P4K2/8/3k1p2/8/4B3 w - - 0 62,f5e5 c6c5 e1f2 c5c4 e5f4 d3e2,2179,75,95,190,bishopEndgame crushing endgame long quietMove,https://lichess.org/GJgLpoMq#123,
mvuz6,r1b4N/ppppkBpp/8/4n3/4n2q/5Q2/PPPP2PP/RNB2K1R w - - 6 11,f3f5 d7d6 f5e4 h4e4,2183,77,86,79,advantage middlegame quietMove short,https://lichess.org/lVAaE1FE#21,Kings_Pawn_Game Kings_Pawn_Game_Busch-Gass_Gambit
mwGMU,6rk/4q2p/R2p1p1Q/1p1PpP2/1P2P3/P2B4/1n5P/7K w - - 3 34,d3b5 b2d1 h2h3 d1f2 h1h2 f2e4,2112,76,87,280,crushing endgame long quietMove,https://lichess.org/TzlrYtfh#67,
mwKUU,8/2p3p1/p1p1k1p1/5p2/1PPK1PP1/1P5P/8/8 b - - 1 36,e6d6 g4g5 c6c5 b4c5,2136,77,91,447,crushing endgame master pawnEndgame quietMove short zugzwang,https://lichess.org/LXDVDpnP/black#72,
mwf8b,8/5kp1/p1p2p1p/PpPp1K2/1P3P2/3P3P/5P2/8 w - - 2 46,d3d4 h6h5 f2f3 g7g6,2162,78,81,245,endgame mate mateIn2 pawnEndgame quietMove short,https://lichess.org/3047E20W#91,
mwvYF,8/kp4p1/2p2p2/1q5p/p2P1P1P/P7/1PQK4/8 b - - 2 42,b5b3 c2b3 a4b3 f4f5 a7b6 d2c3 b6c7 c3b3,2191,104,100,16,crushing endgame queenEndgame quietMove veryLong,https://lichess.org/VigV3paH/black#84,
mwvsy,1r4k1/p1p2p2/2pp1P1B/3rb3/4N1b1/1P1B4/P1P5/1K5R b - - 0 25,g4f5 h6g7 e5f6 g7f6,2150,77,95,1013,crushing master middlegame quietMove short,https://lichess.org/MVtfiWeM/black#50,
mx9wv,8/4k2p/8/2b1KPP1/pp6/2p5/P7/3R4 w - - 0 44,d1d5 c5b6 f5f6 e7e8 d5d1 c3c2,2132,149,25,11,advancedPawn crushing defensiveMove endgame long master quietMove,https://lichess.org/QRgjyj2e#87,
mxZMY,4k3/6pp/2K5/8/8/1P4PP/P7/6b1 b - - 0 36,g1h2 a2a4 e8d8 c6b7 h2g3 a4a5,2123,126,88,18,bishopEndgame crushing defensiveMove endgame long master masterVsMaster quietMove,https://lichess.org/pNHjDdeh/black#72,
mxl39,5r1k/p3p1bp/1p3ppB/3bq3/2r3B1/5P1P/PP1Q2P1/4RR1K b - - 1 29,g7h6 d2h6 e5b8 e1e7 f8f7 f1e1 f7e7 e1e7,2154,77,83,59,advantage middlegame quietMove skewer veryLong,https://lichess.org/r81vGwgO/black#58,
my37k,8/6pp/p1N2p2/8/8/1p3PP1/k2K3P/8 w - - 0 42,d2c3 a6a5 c6a5 b3b2,2130,114,87,22,advancedPawn crushing endgame knightEndgame quietMove short,https://lichess.org/aR0Z0k87#83,
myE9W,8/8/4p3/1k2Pb1p/1P1P3P/3N1p2/3K4/8 b - - 4 47,f5d3 d2d3 f3f2 d3e2 b5c4 b4b5 f2f1b e2f1,2180,121,86,14,crushing endgame quietMove veryLong,https://lichess.org/SgcOBpcY/black#94,
myQDR,8/8/8/p1p1K3/Pb2Bp2/5P2/1k6/8 w - - 1 72,e5f4 c5c4 f4e3 c4c3 e3d4 c3c2,2120,75,91,128,advancedPawn bishopEndgame crushing endgame long quietMove,https://lichess.org/8ZyA1ABU#143,
myUSF,8/8/4p3/1Pk1p3/p2p2P1/P3P1K1/8/8 b - - 1 46,d4d3 g3f2 c5b5 g4g5 b5c4 f2e1,2180,82,86,594,crushing defensiveMove endgame long master masterVsMaster pawnEndgame quietMove superGM,https://lichess.org/U4uehFPM/black#92,
myYxc,r1b1kb1r/5ppp/p1q1p3/3N2B1/3Q4/8/PPP2PPP/R4RK1 w kq - 0 14,d5f6 g7f6 g5f6 c8b7 d4g4 h7h5,2168,79,100,61,advantage long middlegame quietMove,https://lichess.org/9FXR9Qb6#27,Sicilian_Defense Sicilian_Defense_Chekhover_Variation
mya1K,8/5pk1/6p1/8/PRK1p3/4P3/3q4/8 b - - 8 47,d2b4 c4b4 g6g5 b4c3 g7f6 a4a5 g5g4 c3d2,2194,81,85,50,crushing defensiveMove endgame hangingPiece master quietMove veryLong,https://lichess.org/fESRyQex/black#94,
mzNie,8/2p5/8/k7/pp5P/6P1/1K3P2/8 b - - 1 38,b4b3 b2a3 c7c5 h4h5 c5c4 h5h6 c4c3 h6h7,2149,88,79,32,advancedPawn crushing endgame pawnEndgame quietMove veryLong,https://lichess.org/nORfsq3O/black#76,
mzY4K,1rb1kB2/5p1Q/2p1pPp1/p1ppP3/P1P5/3q4/6PP/5RK1 b - - 0 23,d3d4 g1h1 d4d3 f1g1 b8b1 f8c5 b1g1 c5g1,2130,76,84,164,clearance crushing endgame quietMove veryLong,https://lichess.org/kHattlW1/black#46,
mzeS1,r2r1bk1/1bq5/5QPp/2p1p3/2P1P3/p4N2/2B2R2/2R3K1 b - - 0 36,f8g7 f6e6 g8h8 f3g5 b7c8 g5f7 h8g8 f7h6,2130,79,89,642,advantage doubleCheck exposedKing fork middlegame quietMove veryLong,https://lichess.org/2qaKISyA/black#72,
mzkUP,r1bk4/1pp2rp1/p6p/3Np3/4P3/1P2B1KP/P1P3P1/R7 b - - 1 17,f7d7 a1f1 d8e8 e3c5 d7f7 f1f7 e8f7 d5c7,2110,188,88,15,advantage attackingF2F7 capturingDefender endgame quietMove veryLong,https://lichess.org/g7BR6CHI/black#34,Italian_Game Italian_Game_Anti-Fried_Liver_Defense
n01Q9,8/1b6/1P6/6p1/P7/2N1k3/1P6/K7 w - - 1 44,a4a5 g5g4 a5a6 b7a6 c3d5 e3f3 d5b4 a6b7,2173,78,84,127,crushing defensiveMove endgame quietMove veryLong,https://lichess.org/L9VevTFf#87,
n02vz,4r1k1/1bp2ppp/1b3nq1/8/1B6/PBNP1P2/1PP3PP/R2Q2K1 w - - 2 21,g1h1 f6h5 d3d4 g6h6,2149,139,25,21,advantage defensiveMove middlegame quietMove short,https://lichess.org/0ChLx3EF#41,
n0JHs,2r3k1/1pb1Rpq1/p1p2n2/P2b4/1P1R4/2P3PQ/7P/6K1 b - - 4 32,g7f8 d4h4 g8g7 h3f5,2195,77,83,52,crushing middlegame quietMove short,https://lichess.org/U4f0c0ij/black#64,
n0Rzr,8/p4p1p/4p3/3kP1p1/PP1p1P2/3K4/6PP/8 w - - 0 37,g2g3 g5g4 b4b5 d5c5 a4a5 c5b5,2179,81,86,58,crushing endgame long pawnEndgame quietMove,https://lichess.org/RQzLc2ij#73,
n0ZpO,8/2p5/5p2/p1p1k1p1/2P1P2p/PP2K1PP/8/8 w - - 0 34,g3h4 g5h4 e3f3 f6f5 e4f5 e5f5 a3a4 c7c6 f3e3 f5e5,2108,86,72,39,crushing defensiveMove endgame pawnEndgame quietMove veryLong zugzwang,https://lichess.org/SfiPeTYH#67,
n0s4k,r1b2rk1/bpp2pp1/p1n1p3/5qP1/2Q1N3/5R2/PPPB2PP/R6K b - - 0 17,f5d5 e4f6 g7f6 c4h4 d5f3 g2f3,2128,75,84,167,advantage clearance long middlegame quietMove sacrifice,https://lichess.org/YmYzcahp/black#34,Pirc_Defense Pirc_Defense_Other_variations
n14sB,2kr4/1p2rpp1/p1p5/Q4bPp/3p4/P2P2Bq/1PP2P1N/1R4RK w - - 6 29,b1e1 f5g4 a5f5 g4f5,2109,77,84,150,advantage middlegame quietMove short,https://lichess.org/uktnZWBo#57,
n1MgC,5r2/p5pk/6pp/3p2q1/8/2NQ4/PPP4R/7K w - - 0 32,h2g2 g5h4 h1g1 h4e1 g1h2 f8f5 c3e2 f5h5,2122,82,87,581,crushing endgame exposedKing quietMove veryLong,https://lichess.org/TJhYUMzs#63,
n1Wdx,3r1r1k/5ppB/5b2/p1p1pQ2/P1P2nP1/B5q1/7R/5R1K b - - 7 31,f4h3 a3c1 g7g6 f5f6 h8h7 c1b2,2117,154,69,18,crushing long middlegame quietMove,https://lichess.org/6189iifq/black#62,
n1kmh,r1b2r1k/ppp5/4B1q1/2N5/3bN2p/1Q3P2/PP4KP/R3R3 w - - 1 25,e6g4 c8g4 f3g4 g6g4 g2h1 f8g8 e4g3 h4g3,2188,99,77,40,advantage middlegame quietMove veryLong,https://lichess.org/Yl4xzugb#49,
n1ovO,5r1k/8/r7/3p4/pP1Ppp2/P1P5/3B1P2/R3R1K1 w - - 0 35,b4b5 a6g6 g1f1 f4f3 e1b1 f8g8 d2g5 g6g5,2188,82,90,604,advantage endgame quietMove veryLong,https://lichess.org/GC33UInU#69,
n1zux,r2q1r1k/1b1p1ppB/1p2p3/4P3/pbNQ4/2n2N2/R1P2PPP/2B2RK1 b - - 2 19,c3a2 c1g5 b4e7 d4h4 e7g5 f3g5 d8g5 h4g5,2167,75,94,5952,advantage middlegame quietMove veryLong,https://lichess.org/IWmnthwl/black#38,French_Defense French_Defense_Knight_Variation
n237k,4R2Q/pbp3p1/2p2pkp/3n4/3B3P/3q2P1/1P3P2/6K1 w - - 1 32,d4e3 d3d1 g1h2 d5e3 e8e3 c6c5 h8e8 g6h7 f2f3 b7f3 e3f3 d1f3,2185,78,84,79,crushing endgame quietMove veryLong,https://lichess.org/ZysWaZXD#63,
n2LGi,1rb1k2r/3p1p2/2p1q3/2b5/B1N1P1p1/1P1P1Q2/P4PP1/R4RK1 w k - 0 23,f3g3 e6h6 g3e5 e8d8 e5h8 h6h8,2120,75,96,221,crushing defensiveMove long middlegame quietMove,https://lichess.org/i5L35wX2#45,
n2MQ6,1k1r1r2/1pp5/R3Q2p/4P1p1/3P1q2/5P1P/6P1/3R2K1 b - - 0 27,d8d4 d1a1 b7a6 e6a6 d4d1 a1d1,2198,77,72,259,crushing endgame long quietMove sacrifice,https://lichess.org/yfU61PFJ/black#54,
n2vRl,2r1r3/1p3p1k/p7/5Q1p/2qP3P/2P2P2/P4P2/2R4K b - - 0 31,h7h8 c1g1 c4e6 f5h5 e6h6 h5h6,2151,76,92,263,endgame exposedKing long mate mateIn3 quietMove,https://lichess.org/WCiuJt9I/black#62,
n3Cbk,8/1p6/p3kpK1/6p1/1P6/P5P1/5P2/8 w - - 1 39,f2f4 g5f4 g3f4 b7b5 g6h7 e6f5 h7g7 f5f4,2168,79,92,3546,crushing endgame pawnEndgame quietMove veryLong zugzwang,https://lichess.org/OiDc0Fhz#77,
n3IVI,1r4k1/2R1Q1pp/4p1r1/1q1p4/p3p3/P3P1P1/1P3PP1/5RK1 b - - 10 28,b5b2 e7f7 g8h8 f1c1 b8d8 c7c8 b2c1 c8c1,2147,102,100,24,crushing endgame quietMove veryLong,https://lichess.org/i3ZH8fcT/black#56,
n3QNH,r6k/1pp3p1/p1nq3r/3p1p2/3P2b1/P1NBPN2/1P3PK1/R2Q3R w - - 0 19,d1e2 d6g6 h1h6 g7h6,2155,76,99,164,advantage middlegame quietMove short,https://lichess.org/Df1WLyGf#37,
n3U9y,r5k1/5ppp/4p3/7n/4P3/2P2P1P/pN4P1/Q6K w - - 3 35,c3c4 h5g3 h1g1 g3e2 g1f2 e2c1 a1c1 a2a1q c1a1 a8a1,2190,83,75,294,advancedPawn advantage endgame master promotion quietMove veryLong,https://lichess.org/r00fZeiX#69,
n42jC,6k1/3q3p/4pQp1/1p2P1P1/3r4/5R2/1KP5/8 b - - 1 51,d4b4 b2c1 d7e8 f3d3 b4f4 f6f4,2139,75,94,2162,crushing defensiveMove endgame long quietMove,https://lichess.org/jcrDKfTL/black#102,
n4C4S,6k1/pp5p/2p1P1p1/2P2p2/1P3q2/2B5/PK4PP/3R4 b - - 0 29,g8f8 c3f6 f4b4 b2a1 b4a5 d1d8 a5d8 f6d8,2135,74,89,785,crushing defensiveMove endgame exposedKing quietMove veryLong,https://lichess.org/tnED46GS/black#58,
n52IS,1b4k1/5p2/6p1/4p3/1Pp3qp/4P1P1/3Q1PK1/2B5 b - - 1 35,e5e4 d2d8 g8h7 c1b2 c4c3 b2c3,2112,148,85,10,crushing endgame fork long quietMove,https://lichess.org/uVsuMTgE/black#70,
n5zSr,8/8/8/1p6/p7/k7/B1K5/8 w - - 2 59,a2b1 b5b4 c2c1 b4b3 b1f5 a3a2 f5e6 a2a1,2192,80,91,1607,bishopEndgame crushing defensiveMove endgame quietMove veryLong zugzwang,https://lichess.org/b18BAobI#117,
n5zxp,r1b1r1k1/1pp2pbp/pq1p2p1/2nP2B1/1P2PP2/P1N5/2Q3PP/R3RB1K b - - 0 20,g7c3 c2c3 c5e4 e1e4 e8e4 a1d1 b6f2 g5h6,2129,132,85,40,advantage defensiveMove middlegame quietMove veryLong,https://lichess.org/RuH9SY7Y/black#40,
n6CsA,K1k5/1p6/3bp1p1/1P5p/3B1P2/6PP/8/8 w - - 0 45,d4e5 d6e5 f4e5 c8c7 a8a7 g6g5 b5b6 c7c6 a7b8 c6b6,2150,76,93,4591,bishopEndgame crushing endgame quietMove veryLong zugzwang,https://lichess.org/HYpeIeYr#89,
n7WSs,r2q1r1k/1b1n1ppB/p2p4/1p1np1BQ/1P6/2N5/P1P2PPP/R4RK1 b - - 0 15,d7f6 h5h4 f6h7 g5d8,2143,82,90,1536,advantage middlegame quietMove short,https://lichess.org/M5r2ygWd/black#30,Philidor_Defense Philidor_Defense_Lion_Variation
n7lrp,8/8/1p1P4/pNp5/P1P2Pk1/1P6/5K2/1r6 b - - 0 50,b1b3 b5c7 b3d3 c7d5,2107,95,87,39,crushing endgame master quietMove short,https://lichess.org/yp2hi5Av/black#100,
n81Wp,r5k1/3n1p1p/2pQp1p1/p7/1rPP2P1/3BBq1P/5P2/K2R3R w - - 3 27,d6d7 a8b8 d3c2 f3e2 e3d2 e2c4,2177,125,90,17,crushing long middlegame quietMove,https://lichess.org/Hd2OTyGy#53,
n83xC,8/8/5p2/3k3p/3Pp2P/4K3/5P2/8 w - - 0 44,f2f3 f6f5 f3e4 f5e4,2171,79,89,961,crushing endgame pawnEndgame quietMove short zugzwang,https://lichess.org/qfmpfIxC#87,
n8JFa,r2r2k1/pp1bqpp1/5n2/4p1N1/7Q/2P2R2/PP3PPP/R5K1 b - - 1 23,d7c6 f3h3 g8f8 h4h8 f6g8 g5h7 f8e8 h8g8,2196,74,94,4267,advantage deflection kingsideAttack middlegame quietMove veryLong,https://lichess.org/y40RZwgU/black#46,
n8P7V,r1b2rk1/ppp2pp1/2np1q1p/b7/2BPNP2/2P3Q1/PB4PP/R4RK1 b - - 1 15,f6d8 f4f5 c8f5 f1f5,2182,76,91,212,crushing middlegame quietMove short,https://lichess.org/8NIG5H6e/black#30,Nimzowitsch_Defense Nimzowitsch_Defense_Other_variations
n8Qxo,rn4k1/ppp3p1/4b2p/7Q/3q4/3P4/PbPN2PP/R4R1K b - - 3 16,b2a1 h5e8 g8h7 f1f8 g7g6 e8e6,2171,76,90,507,advantage fork long middlegame quietMove,https://lichess.org/Mrqq1GTQ/black#32,Philidor_Defense Philidor_Defense_Other_variations
n8UKt,6k1/1N3p1p/2B3pb/1P1Pp3/1q2P3/2p4P/5PP1/1N3RK1 w - - 0 34,d5d6 c3c2 d6d7 h6g5 d7d8q g5d8,2105,77,90,353,advancedPawn advantage endgame long master quietMove,https://lichess.org/l4EqUJnx#67,
n96Pn,7k/6p1/5p1P/8/3q4/p4QP1/r7/5R1K b - - 0 40,g7g6 f3b7 f6f5 f1e1 a2h2 h1h2 d4d2 h2h3 d2h6 h3g2 h6d2 g2f1,2178,149,87,21,crushing defensiveMove endgame quietMove veryLong,https://lichess.org/M5l3ZSRb/black#80,
n9Pw8,8/8/8/6pp/5k2/3K1P1P/8/8 w - - 0 57,d3e2 f4g3 h3h4 g3h4 e2f2 h4h3 f3f4 g5f4 f2f3 h5h4 f3f4 h3g2,2166,74,93,5358,crushing endgame pawnEndgame quietMove veryLong,https://lichess.org/2IOlphvc#113,
n9QiZ,1r2r1k1/1bq2p2/p1p2Pnp/1p3Q2/P1pR3N/2P5/4BPPP/R5K1 b - - 0 22,e8e5 f5h3 e5e2 h4g6 f7g6 h3g4 b8e8 g4g6,2176,163,86,20,crushing kingsideAttack master middlegame quietMove sacrifice veryLong,https://lichess.org/p3OaZEyt/black#44,
n9ZNg,8/2K2n2/3Pp1p1/6k1/1P6/8/5N1p/8 b - - 0 51,g5f5 b4b5 e6e5 b5b6 e5e4 b6b7 e4e3 b7b8q,2195,76,91,1944,advancedPawn advantage endgame knightEndgame promotion quietMove veryLong,https://lichess.org/7oq8XrKx/black#102,
n9syN,2r2rk1/p4ppp/4p1n1/1p1p4/1q1P4/1P1QPN1P/nNR2PP1/R5K1 b - - 1 24,a2c3 a1c1 b4b3 c2c3 c8c3 d3c3 b3c3 c1c3,2102,76,94,6091,advantage middlegame quietMove veryLong,https://lichess.org/3AUHOagH/black#48,
nAMFW,k7/pN4pp/2p2n2/3p4/3R1Q2/6P1/P2R1PKP/2q3r1 w - - 1 28,g2h3 c1f1 h3h4 h7h6 f4f6 g7f6,2167,75,93,2763,advantage long middlegame quietMove,https://lichess.org/35fhVU4f#55,
nAU25,2q1rr1k/p5bp/1pn5/2p1p2Q/P1NpP3/3P1N2/1PPBK3/6R1 b - - 0 28,c8e6 g1h1 e6g8 f3g5,2120,113,87,25,advantage middlegame quietMove short,https://lichess.org/4iVHaLXl/black#56,
nAdbg,8/8/8/4kpp1/8/5KPP/8/8 w - - 0 45,g3g4 f5f4 h3h4 g5h4 g4g5 h4h3,2193,75,98,193,crushing endgame long pawnEndgame quietMove zugzwang,https://lichess.org/hXChrKNV#89,
nApZ5,2r3k1/p1r2p2/q2P2p1/5b1p/8/2N4P/3Q2P1/2R1R2K b - - 0 35,c7d7 c3d5 d7d6 c1c8 a6c8 d5e7 g8h7 d2d6,2137,106,100,23,advantage discoveredAttack fork middlegame quietMove veryLong,https://lichess.org/5EUmSU1x/black#70,
nBFXK,5bk1/pp3p1p/1np1bQp1/2q5/2P4N/P5P1/1r3PBP/3RB1K1 b - - 2 27,b2e2 e1c3 c5f2 f6f2 e2f2 g1f2,2116,76,93,3254,crushing long middlegame quietMove,https://lichess.org/6nUW050I/black#54,
nBvIV,8/8/4k1p1/5pP1/5K1P/8/8/8 w - - 2 54,h4h5 g6h5 g5g6 h5h4 g6g7 e6f7 g7g8q f7g8,2195,81,88,75,crushing endgame pawnEndgame quietMove veryLong,https://lichess.org/PI1ygpca#107,
nC8tu,3Rr1k1/rq3pbp/pp2p1p1/4P1B1/5P2/1P5P/6P1/2RQ2K1 b - - 2 25,e8d8 d1d8 g7f8 c1c8 b7c8 d8c8,2103,107,75,29,crushing long middlegame quietMove,https://lichess.org/mP7TdY6j/black#50,
nCFFG,r6r/1pp1q1kp/p3Bpn1/3P2p1/4Qp2/1P5P/PBP1N3/5K2 b - - 1 27,g6f8 e2d4 f8e6 d4f5 g7f7 f5e7,2113,75,87,600,advantage fork long middlegame quietMove sacrifice,https://lichess.org/LBMtm7m1/black#54,
nCLy1,8/p6p/2pk1pp1/8/1PP1KP2/5P2/7P/8 w - - 0 38,f4f5 g6g5 c4c5 d6c7,2171,75,72,138,crushing defensiveMove endgame master pawnEndgame quietMove short,https://lichess.org/drPfNDXH#75,
nCdHA,3B4/8/2r2pR1/3pp2p/7P/8/5k2/1K6 w - - 0 48,d8f6 d5d4 g6g5 c6f6,2156,76,91,417,advantage endgame master quietMove short,https://lichess.org/2UERpsXZ#95,
nCmIe,8/1R6/1P6/7p/4pk2/1r5P/4KP2/8 b - - 0 53,b3h3 b7b8 h3b3 b6b7,2151,140,83,19,advancedPawn crushing endgame quietMove rookEndgame short,https://lichess.org/xt0VJrIF/black#106,
nCzq0,8/8/8/6p1/4k3/K3P3/3nB3/8 w - - 4 49,a3b2 d2f3 e2b5 g5g4 b5d7 g4g3,2143,86,72,29,crushing endgame long quietMove,https://lichess.org/k0nO7jiK#97,
nD2xg,8/7p/2P3pk/4Pp2/2pP1P2/6P1/5K1P/1r6 b - - 1 54,b1b6 d4d5 c4c3 c6c7 b6c6 d5c6 c3c2 c7c8q,2125,83,83,41,advancedPawn crushing endgame promotion quietMove rookEndgame veryLong,https://lichess.org/TorvRAqc/black#108,
nD4EK,7k/p1pP4/P1P2q2/4p1pp/4Q3/4P3/3r3P/6RK w - - 0 37,h2h4 g5g4 d7d8r d2d8,2157,84,51,36,crushing endgame quietMove short,https://lichess.org/fNsxKrhK#73,
nDCeg,3Q4/5ppk/4b2p/p3p1P1/4P3/P1qp1P1P/6RK/8 b - - 0 38,h6g5 d8g5 g7g6 h3h4 d3d2 h4h5 c3f3 h5g6,2169,99,71,31,crushing endgame quietMove veryLong,https://lichess.org/Qul5FyoS/black#76,
nDNKI,5q1k/3P2p1/4Qb2/6p1/8/p4N2/6K1/8 b - - 0 41,f6d8 e6e8 h8g8 f3d4 a3a2 d4e6 a2a1q e8f8,2128,106,87,34,crushing endgame master quietMove veryLong,https://lichess.org/J2v0J5Wd/black#82,
nDPdl,6k1/6p1/5rrp/R1P1K3/4P3/8/7P/3R4 w - - 1 45,d1d6 g6g5 e5d4 f6d6 c5d6 g5a5 d6d7 a5a8 d4e5 g8f7,2128,209,-3,8,crushing defensiveMove deflection endgame quietMove rookEndgame veryLong,https://lichess.org/3nJSwpSV#89,
nDTRh,2r2r2/1p3ppk/p4n1p/2qNpP2/7Q/3B2R1/PPP3PP/2K4R b - - 0 23,f6d5 f5f6 g7g6 g3h3 c5e3 h3e3,2123,75,90,2361,crushing discoveredAttack long middlegame quietMove,https://lichess.org/iviQtIn6/black#46,
nEFxU,8/7p/p3p1p1/1p1k4/1P3P1P/P3K1P1/8/8 w - - 2 46,e3d3 h7h5 d3e3 d5c4 e3e4 c4b3 e4e5 b3a3 e5e6 a3b4,2124,78,91,5745,crushing endgame pawnEndgame quietMove veryLong zugzwang,https://lichess.org/D6gXaS0j#91,
nEHcT,3qr1k1/3bnppp/p7/1p6/3Q1B2/2r2B1P/P1P3P1/1R2R1K1 b - - 1 22,c3c2 b1d1 c2c4 d4d7 d8d7 d1d7,2158,75,95,3021,crushing long middlegame quietMove,https://lichess.org/qOfrAmGf/black#44,
nEdC2,8/p6k/1pn2p1p/5p2/4q3/4B1QP/PP3PP1/6K1 w - - 4 32,e3f4 c6d4 g3e3 d4e2,2154,76,92,729,crushing endgame master quietMove short,https://lichess.org/B6idjM9A#63,
nEklj,8/6b1/1p2B1pk/3P3p/P3R3/1P5P/3r2PK/8 w - - 1 36,e4b4 g7e5 h2g1 e5g3 g1f1 d2f2 f1e1 f2f4 e1d2 f4b4,2114,77,91,115,advantage discoveredAttack endgame quietMove veryLong,https://lichess.org/hIrHK8V2#71,
nF3JI,3B4/8/6R1/4k1p1/5p2/7P/6P1/3r1nK1 w - - 12 49,g6g5 e5e4 g1f2 f1g3 g5g3 f4g3,2101,74,91,3081,crushing defensiveMove endgame long master quietMove,https://lichess.org/OUJXzV48#97,
nFJ4v,4b3/3q2pk/5p1p/2Q2N2/2p3P1/P5P1/5P1K/8 b - - 3 44,d7c6 c5f8 c6d7 f5e7 d7e6 f8e8,2115,74,95,4357,crushing endgame long quietMove,https://lichess.org/DU4n3DEW/black#88,
nFV2l,8/1p2rkpp/2p5/3p1Q2/8/2P5/PP1q2PP/6RK b - - 8 29,f7g8 g1f1 h7h6 f5f8 g8h7 f8e7,2119,75,86,131,crushing endgame fork long master quietMove,https://lichess.org/64xmwgfN/black#58,
nFbu6,6k1/3b4/3b2p1/p2Ppp1p/P6P/1PQ3P1/5qBK/2B5 b - - 5 36,e5e4 c1h6 d6g3 c3g3 f2g3 h2g3,2129,75,93,1153,crushing endgame long quietMove,https://lichess.org/Z5ECQrwe/black#72,
nFppG,8/8/6R1/8/2n5/5kp1/3p4/3K4 w - - 2 65,g6g5 g3g2 g5g8 c4e3 d1d2 e3g4 g8f8 f3g3,2136,78,92,3269,advancedPawn crushing defensiveMove endgame exposedKing quietMove veryLong,https://lichess.org/4U7xfwpn#129,
nG46o,8/p7/4p1p1/1p1k3p/1P5P/P2K1PP1/8/8 w - - 0 41,f3f4 a7a6 d3e3 d5c4 e3e4 c4b3 e4e5 b3a3,2107,75,88,1260,crushing endgame pawnEndgame quietMove veryLong zugzwang,https://lichess.org/U4Hd3Q5q#81,
nGQHg,8/8/2p1k3/p1P3pp/P2PKp2/8/6PP/8 w - - 0 35,h2h3 h5h4 e4f3 e6f5 d4d5 c6d5,2140,93,86,38,crushing endgame long pawnEndgame quietMove zugzwang,https://lichess.org/HRKFA9So#69,
nH88C,3k4/8/3K1p2/8/3P4/8/8/8 b - - 11 62,d8e8 d6c7 f6f5 d4d5 e8e7 d5d6,2182,75,91,92,crushing endgame long pawnEndgame quietMove,https://lichess.org/OqX3Tfk5/black#124,
nHNVC,rn2k2r/pp3p1p/2pbpn2/8/5p2/2NP3q/PPPBB2N/R2Q1R1K w kq - 0 14,d2f4 h8g8 f1f2 d6f4 d1f1 h3f1,2147,79,74,53,advantage kingsideAttack long opening quietMove,https://lichess.org/AdM3IqTT#27,Scandinavian_Defense Scandinavian_Defense_Main_Line
nHhLP,2q1r1k1/1pp3p1/1p3p1p/nP2pN2/2b1P3/2P3P1/5PBP/2QR2K1 b - - 7 27,c8e6 g2h3 e6f7 d1d7 f7d7 f5h6 g7h6 h3d7,2125,77,83,54,advantage discoveredAttack middlegame quietMove sacrifice veryLong,https://lichess.org/bmefM7J7/black#54,
nHwxZ,8/4kpR1/7P/5p2/4pP2/2Kpr1P1/8/8 b - - 0 46,e7f6 g7g8 e3e2 h6h7,2195,77,89,752,advancedPawn crushing endgame master quietMove rookEndgame short,https://lichess.org/Jtx2RoHE/black#92,
nI3jq,8/8/2p1b3/P7/4k2P/6p1/8/5K2 b - - 1 49,e4f3 h4h5 g3g2 f1g1 e6c4 h5h6 c4d3 a5a6 d3a6 h6h7 a6f1 h7h8q,2118,77,90,2134,advancedPawn bishopEndgame crushing endgame promotion quietMove veryLong,https://lichess.org/XwGcFRfq/black#98,
nIBAU,8/pR6/5k2/8/8/1BP4P/Pr4r1/7K w - - 0 45,b7a7 g2e2 a7f7 f6g6 h1g1 b2b3 a2b3 g6f7,2147,86,67,42,crushing defensiveMove endgame quietMove veryLong,https://lichess.org/0nAfp5cI#89,
nIBaD,8/1p2k3/2pN4/p2Pp2p/2P2p2/1Pb2P2/7P/5K2 w - - 2 37,d6b7 c6d5 c4d5 c3b4 f1e2 e7d7,2138,88,85,65,crushing defensiveMove endgame long quietMove,https://lichess.org/vmAJ0MpG#73,
nIPd8,7k/p5p1/1p6/3R1bqp/4pp2/1B2b2P/PP2Q1P1/7K b - - 1 35,g7g6 e2c4 f4f3 g2g3 f3f2 d5d1 f2f1r d1f1,2153,161,83,15,advantage endgame quietMove veryLong,https://lichess.org/BbHHhSMl/black#70,
nJ71o,7k/p7/7p/Q3PqpK/2pP4/2P5/6PP/8 w - - 4 40,a5d8 h8g7 d8e7 f5f7 e7f7 g7f7 d4d5 a7a5 d5d6 a5a4 d6d7 f7e7 e5e6 a4a3 h5g6 a3a2 d7d8q e7d8,2184,84,89,724,advancedPawn advantage defensiveMove endgame master queenEndgame quietMove veryLong,https://lichess.org/a5fd68kf#79,
nJRfA,6k1/5ppp/2n2n2/3p4/2pP1N2/1pP3P1/rP1N1PP1/1R4K1 b - - 4 23,c6d4 c3d4 c4c3 d2b3 a2b2 b1b2 c3b2 b3d2 f6e4 d2b1,2169,76,75,77,advantage capturingDefender defensiveMove endgame hangingPiece quietMove veryLong,https://lichess.org/pWNQQ9Ic/black#46,
nJhpj,5k2/p3R1pp/b7/8/8/3p4/P5PP/6K1 w - - 1 29,e7a7 a6b5 g1f2 d3d2 a7d7 b5d7,2175,80,90,429,advancedPawn crushing endgame long quietMove,https://lichess.org/c8wilg6k#57,
nJzm1,4rk2/pp2b3/2p1qp1Q/3bB3/3P2N1/P6P/1P3PP1/6K1 b - - 2 31,f8f7 h6h7 f7f8 g4h6 f6e5 h7h8 e6g8 h6g8,2157,141,82,8,advantage middlegame quietMove sacrifice veryLong,https://lichess.org/0fMb9l3L/black#62,
nKFo1,8/8/1p1K1k1p/2p2Pp1/P1P5/7P/2P5/8 w - - 1 46,d6c6 h6h5 c6b6 g5g4 h3g4 h5h4,2181,79,90,1351,crushing defensiveMove endgame long pawnEndgame quietMove sacrifice,https://lichess.org/MIuXiLDW#91,
nKcMk,4r3/3RBk1p/3P2p1/5p2/2p5/1pP5/5P1P/5K2 w - - 0 36,f1e2 e8b8 e7g5 f7e6 d7e7 e6d6,2120,95,82,30,advantage defensiveMove endgame long quietMove,https://lichess.org/7bGpDt17#71,
nKdjf,2r3k1/2q2pr1/pp2pQ2/2p3Pp/2P5/1P5K/P5R1/3R4 b - - 0 41,e6e5 g2d2 g7g6 d2d8 c7d8 d1d8 c8d8 f6d8,2107,76,97,211,advantage endgame quietMove veryLong,https://lichess.org/wrQHozF2/black#82,
nKt6S,1B6/5B2/2b5/pp1p2k1/3P1p2/P4Pp1/6K1/8 w - - 0 46,f7e6 b5b4 a3b4 a5a4 e6f5 g5f5,2188,77,87,411,advantage bishopEndgame endgame long quietMove,https://lichess.org/jc5o3gab#91,
nKtoz,1r6/p1kqb3/P1p3Q1/2Pp2p1/3P1P2/4B1p1/6Pr/R4RK1 w - - 1 29,f4g5 b8h8 e3f4 c7d8,2188,81,76,40,crushing defensiveMove middlegame quietMove short,https://lichess.org/eVJEhLTp#57,
nKziH,5r1k/6pp/4Q3/8/8/8/P1q2PPP/4R1K1 w - - 0 23,e6e8 c2f2 g1h1 h7h6 e8f8 f2f8,2122,77,89,799,advantage endgame long quietMove,https://lichess.org/aNCr6wZo#45,
nL7tK,r3r3/3b4/1Pk4p/P5p1/3pBp2/5P2/2P3PP/R5K1 b - - 2 35,c6c5 e4a8 e8a8 b6b7 a8f8 a1b1 f8b8 a5a6,2196,81,84,37,advancedPawn advantage endgame quietMove veryLong,https://lichess.org/Wlg2kOjb/black#70,
nL8BO,r3r1k1/pp3ppp/5b1B/2pP4/6Q1/q1P2R2/5PPP/3R2K1 b - - 5 22,f6e5 h6g7 e5g7 f3g3 a3c3 g3c3,2102,75,94,1562,crushing long middlegame pin quietMove sacrifice,https://lichess.org/qlXSvQk6/black#44,
nLSl5,3r2k1/2p2p2/4b3/4Q3/p3P2b/1q3PN1/4B1K1/r1B1R3 b - - 2 41,b3b4 c1h6 b4d4 e5d4 d8d4 e1a1,2185,77,75,81,advantage capturingDefender long middlegame quietMove,https://lichess.org/o1IV94D3/black#82,
nMFBQ,8/8/1p3k1p/p1p2P2/4K2P/8/PP6/8 b - - 0 44,h6h5 a2a4 c5c4 e4f4,2149,73,94,10399,crushing defensiveMove endgame pawnEndgame quietMove short,https://lichess.org/3IMNvi0R/black#88,
nNioc,6k1/5p2/1p2pP1K/p2p1p2/3P4/1P3P2/P4P2/8 w - - 0 36,h6g5 e6e5 d4e5 d5d4 g5f5 d4d3 f5e4 d3d2,2162,97,80,26,advancedPawn crushing endgame pawnEndgame quietMove sacrifice veryLong,https://lichess.org/PMBQhCcC#71,
nNkVG,6B1/8/8/1p6/3nP3/p1k2P1P/6P1/1K6 w - - 4 46,h3h4 b5b4 b1a2 d4e2,2170,78,90,1497,crushing defensiveMove endgame quietMove short,https://lichess.org/k4Xkhcq0#91,
nO1Wo,3k4/5K2/2PB2p1/4P3/5P2/7p/6r1/8 b - - 0 51,h3h2 e5e6 g2e2 d6e5 e2e5 f4e5 d8c7 e6e7 h2h1q e7e8q,2198,91,81,41,advancedPawn clearance crushing endgame promotion quietMove veryLong,https://lichess.org/v5xjBUAU/black#102,
nOPiG,6r1/5kPK/8/4BP2/8/8/8/8 b - - 0 57,g8e8 e5d6 e8c8 d6f8,2139,74,85,119,crushing defensiveMove endgame quietMove short,https://lichess.org/ayRu0jVV/black#114,
nOb6G,5rk1/pp4p1/3Rp2B/5p1Q/4pP2/7R/Pqr3PP/7K w - - 0 23,h6g5 c2c1 d6d1 c1d1 h5d1 f8c8 h3e3 c8c1 e3e1 c1d1,2175,77,92,4519,crushing middlegame pin quietMove veryLong,https://lichess.org/ao5oVWOu#45,
nP0hR,8/8/p7/1p2p1pp/P3k3/1PP5/4K1PP/8 b - - 0 33,g5g4 a4b5 a6b5 g2g3 b5b4 c3b4,2162,86,86,34,crushing endgame long pawnEndgame quietMove zugzwang,https://lichess.org/SYJQn8EY/black#66,
nPIh8,r6r/p1p2Qpp/1pkp4/4P3/8/4P3/P3KPPP/qN5R b - - 2 18,a1e5 h1c1 c6b7 c1c7 b7a6 b1c3 h8c8 f7c4 b6b5 c4c6 a6a5 c7c8 a8c8 c6c8,2162,115,8,28,crushing endgame quietMove veryLong,https://lichess.org/ijYlyWlV/black#36,Englund_Gambit_Complex Englund_Gambit_Complex_Englund_Gambit
nPLJ1,8/6kp/p2q1n2/1p3Bp1/3B4/1P2P2R/6PP/6K1 b - - 15 43,h7h6 h3f3 g7g8 d4f6,2147,78,91,1755,advantage endgame quietMove short,https://lichess.org/GcEyzQ3D/black#86,
nPZ75,4k3/8/8/6P1/PKp5/8/1n6/8 b - - 1 52,e8f7 a4a5 b2d3 b4c4 d3e5 c4b5,2157,79,91,1395,crushing defensiveMove endgame knightEndgame long quietMove,https://lichess.org/v1Ohw1eo/black#104,
nPsHW,6k1/5pp1/P6p/4P3/5P2/6PK/4Q3/7q w - - 6 61,h3g4 g7g6 e2h2 h1h2,2193,75,94,2249,crushing endgame queenEndgame quietMove short,https://lichess.org/u9Ht3p88#121,
nQise,r1r3k1/pp3pPp/4p1n1/1q1p3B/8/8/PPP2QPP/R4R1K b - - 3 21,c8c7 h5g6 h7g6 f2h4 g8g7 h4f6,2108,80,85,42,crushing kingsideAttack long middlegame quietMove,https://lichess.org/BuG42SzJ/black#42,
nRA5g,3b4/5p2/p3p3/1p1kP1p1/1P1P4/3K1P1P/3B4/8 b - - 2 46,d8b6 d2g5 b6d4 f3f4 d4e5 f4e5,2191,76,87,220,bishopEndgame crushing endgame long quietMove,https://lichess.org/RfvERUDl/black#92,
nRMLx,4kb1r/1b1p1pp1/p2Pp3/1pq1N2p/8/1P5P/1B1Q1PP1/3R2K1 b k - 2 21,c5d5 d2d5 b7d5 d1c1 f8d6 c1c8 e8e7 c8h8,2152,79,91,353,advantage middlegame quietMove skewer veryLong,https://lichess.org/oR0WZILM/black#42,
nRbhh,8/5k1p/8/1p1n4/7P/P2pB3/1P5K/8 w - - 2 58,e3d2 d5f6 h2g3 f6e4 g3f4 e4d2,2152,80,38,79,crushing endgame exposedKing fork long master quietMove,https://lichess.org/8MgaQiGR#115,
nRlTT,r7/8/P7/1P3pk1/6p1/2P3Kp/8/R7 w - - 0 47,b5b6 f5f4 g3f2 g4g3 f2f3 a8e8 a1a5 g5h4 a6a7 h3h2 a5a1 h4h3,2189,82,84,34,advancedPawn crushing defensiveMove endgame exposedKing quietMove rookEndgame veryLong,https://lichess.org/LqOvb9ts#93,
nS2fj,r3B1k1/1bp2pb1/1p1p1q2/p5N1/P2P1n1Q/2P5/1P3PPP/4R1K1 b - - 10 24,f4g2 e8f7 f6f7 h4h7 g8f8 g5f7 g2e1 f7g5 e1f3 g5f3,2106,112,85,17,advantage kingsideAttack middlegame quietMove sacrifice veryLong,https://lichess.org/uHDqrNkm/black#48,
nSPRN,3r3k/6p1/4Rp1p/q2R1P2/1bQ4P/8/2P2PP1/6K1 b - - 0 28,d8d5 e6e8 h8h7 c4c8 d5d1 g1h2 a5c7 c8c7 b4d6 c7d6,2189,81,83,42,advantage endgame quietMove veryLong,https://lichess.org/RVOvZqFJ/black#56,
nSSec,5rk1/pp4p1/3p2Np/2p3n1/3n4/2R1QP1P/1q4P1/3B2K1 b - - 1 28,f8f6 e3e8 g8h7 g6e7 b2a2 c3b3 d4f3 g1h1 h6h5 e8g8 h7h6 g8h8,2139,98,11,42,crushing middlegame quietMove veryLong,https://lichess.org/SaumUbWz/black#56,
nSSvv,6k1/7R/3p1p2/1KnPp1p1/4P2p/5P2/8/8 w - - 10 45,h7h5 c5d3 b5c6 d3f4 c6d6 f4h5,2195,78,89,449,crushing endgame long quietMove,https://lichess.org/bFEM4cB7#89,
nSam7,8/3k4/8/Ppp2PK1/3r3P/P7/3p4/3R4 w - - 0 53,f5f6 c5c4 a5a6 c4c3 a6a7 d4a4,2147,77,95,993,clearance crushing endgame long quietMove rookEndgame,https://lichess.org/h3JAKqwS#105,
nSnaw,3rr1k1/pp2ppbp/2p3p1/2Pn2B1/P1QPN2q/1P3P2/5PKP/3RR3 b - - 10 27,h4h5 h2h4 h7h6 e4g3 h6g5 g3h5,2196,75,94,2313,advantage long middlegame quietMove trappedPiece,https://lichess.org/nU4CYDij/black#54,
nSt1g,8/8/P1p1kp2/2b5/4P1P1/2B5/4Kp2/8 b - - 1 44,c5b6 c3a5 b6c5 a5c7 f2f1r e2f1,2124,77,90,1487,bishopEndgame crushing endgame long quietMove,https://lichess.org/Ni6b1FIT/black#88,
nT2WU,2k5/4R3/p1p2NK1/5r2/7P/5P2/8/4r3 b - - 3 64,e1e5 e7e5 f5e5 h4h5 e5e3 h5h6 e3f3 h6h7 f3g3 g6h6,2159,76,97,190,advancedPawn crushing defensiveMove endgame quietMove veryLong,https://lichess.org/2TVZgFiP/black#128,
nT97N,2R5/8/1k2p3/1p2P1P1/2p1r3/8/5K1P/8 b - - 0 43,e4e5 h2h4 b6b7 g5g6 b7c8 g6g7,2112,77,90,391,advancedPawn advantage endgame long quietMove rookEndgame sacrifice,https://lichess.org/UWwlEbBF/black#86,
nT9aH,3k4/8/B1b5/1p5p/1P4p1/P5PP/7K/8 w - - 3 44,h3h4 d8c7 h2g1 c6d7 g1f2 c7b6 a3a4 b6a6,2112,328,-87,7,bishopEndgame crushing endgame quietMove trappedPiece veryLong,https://lichess.org/PPKQVTiK#87,
nTJPL,8/5p1k/7p/2Q5/2P5/1P1q4/r2p1PP1/5RK1 w - - 1 32,c5d5 d3d5 c4d5 a2c2 f1d1 c2c1 g1f1 c1d1,2190,77,94,2679,crushing endgame master pin quietMove veryLong,https://lichess.org/jYUVWF0O#63,
nTnAD,rn2r1k1/pb3pbp/5qp1/2ppN3/5B2/2PB4/PP3PPP/R2QR1K1 w - - 3 16,e5g4 e8e1 d1e1 f6f4 e1e7 b7c6 e7d8 g7f8 g4f6 g8g7,2106,74,93,293,crushing opening quietMove veryLong,https://lichess.org/s9KSJBDF#31,Indian_Defense Indian_Defense_Other_variations
nUMsy,8/p5p1/1p1p1k2/2p4p/1PPpPK1P/P2P2P1/8/8 b - - 2 34,g7g6 b4b5 f6e6 f4g5 e6f7 g5h6,2197,99,52,23,crushing endgame long pawnEndgame quietMove zugzwang,https://lichess.org/rq5QtFJS/black#68,
nUQDX,8/8/5R2/4p3/6PP/3pkb2/8/2K5 w - - 2 48,f6f3 e3f3 c1d2 e5e4 g4g5 e4e3,2154,76,84,188,crushing endgame hangingPiece long quietMove,https://lichess.org/rR2Hxla7#95,
nURln,8/8/p7/1p3kp1/3K4/1P4P1/P7/8 w - - 0 41,d4e3 f5g4 e3f2 g4h3 b3b4 g5g4 a2a3 h3h2,2186,82,91,6707,crushing endgame pawnEndgame quietMove veryLong,https://lichess.org/1WBhjGOc#81,
nUY6U,8/1R1B3r/P3Pkp1/8/8/P1P5/4r3/2K5 w - - 1 54,c1d1 e2g2 d7b5 h7h1 b5f1 h1f1,2175,77,85,347,endgame exposedKing long mate mateIn3 quietMove,https://lichess.org/ro5eXqtY#107,
nVe56,8/kp2q3/1p5p/8/1PPn4/P2Q3B/5PP1/3Rr2K w - - 3 39,d1e1 e7e1 h1h2 d4e2 d3e2 e1e2,2114,76,91,1616,advantage endgame long quietMove,https://lichess.org/wUkL8HCF#77,
nVhgR,5r1k/ppqn2pp/5p2/2pQ4/5P1N/1P1P4/PBP1r1PP/5RK1 b - - 4 22,e2c2 h4g6 h7g6 f1f3 c7f4 f3f4,2107,113,50,27,crushing long middlegame quietMove sacrifice,https://lichess.org/cUJ2jVt2/black#44,
nVnvk,8/8/1p4p1/6k1/1Pp4p/2P2P1K/P7/8 b - b3 0 39,g5f4 a2a4 g6g5 a4a5 b6a5 b4a5 f4f3 a5a6,2156,75,96,3537,crushing endgame pawnEndgame quietMove veryLong,https://lichess.org/9GrLFdQ8/black#78,
nWxs7,r4rk1/pp4pp/4b3/3N4/8/P7/1PB2qPK/1RBQ4 b - - 0 21,a8d8 c2h7 g8h8 d1h5 e6g4 h5g4,2120,75,90,374,crushing long middlegame quietMove,https://lichess.org/0XmS44fe/black#42,
nXOLO,rnbqk2r/6p1/2pp1b1p/pp2p3/4P3/1BN2N2/PPPQ1PPP/2KR3R w kq - 0 12,c3b5 c6b5 d2d5 a8a7 d5b5 c8d7,2146,81,87,323,advantage hangingPiece long middlegame quietMove,https://lichess.org/qD3CmdZK#23,Philidor_Defense Philidor_Defense_Other_variations
nXOP1,8/5p2/8/3K2kp/8/5PP1/8/8 w - - 0 53,d5e5 f7f5 e5d4 f5f4 d4d3 f4g3,2152,76,81,81,crushing endgame long pawnEndgame quietMove zugzwang,https://lichess.org/7UNBZPMv#105,
nXaSB,8/K2R1R1p/5pk1/p7/1r3P2/1r4P1/7P/8 b - - 0 36,a5a4 g3g4 b4b7 d7b7 b3b7 f7b7,2155,80,93,2535,crushing endgame long quietMove rookEndgame,https://lichess.org/Glt9mVGE/black#72,
nXmvl,8/1pk5/3R4/KpP5/3P4/Pr4r1/R7/8 w - - 2 55,a3a4 g3g8 a4b5 g8a8 d6a6 b7a6,2153,74,95,1767,crushing endgame long quietMove rookEndgame,https://lichess.org/sgO8kQzt#109,
nXpUx,2r3k1/Bp1q1r1p/6p1/3pQ3/6P1/P1P4n/1P3P1K/2R2R2 b - - 1 25,d7g4 a7d4 g4f4 h2h3 f4e5 d4e5,2154,75,76,311,crushing long middlegame quietMove,https://lichess.org/8K43IAxM/black#50,
nXpuN,8/p7/2p3k1/1p3p1p/1P3K2/P4P1P/8/8 b - - 0 43,a7a6 f4e5 g6g5 f3f4 g5h4 e5f5 h4h3 f5g5 h5h4 f4f5 h3g3 f5f6 h4h3 f6f7 h3h2 f7f8q h2h1q f8f4,2197,75,85,90,advancedPawn crushing deflection endgame pawnEndgame promotion quietMove veryLong,https://lichess.org/CBibUPOP/black#86,
nXtbF,8/P2k2pp/2N5/1p1P4/1P2K3/6P1/r7/8 b - - 0 50,d7c7 c6a5 a2e2 e4d4 e2e8 d4c5,2132,75,65,247,crushing defensiveMove endgame long quietMove,https://lichess.org/obw8gINL/black#100,
nYGP9,r1b1k2r/1p1p1pq1/p1nPp3/6B1/6Q1/2PB4/PP3PP1/R4RK1 w kq - 3 21,g4f4 h8g8 d3e4 g7g5 f4g5 g8g5,2116,77,86,211,advantage long master middlegame quietMove,https://lichess.org/JxTNgWMs#41,
nYY29,1r6/2N1k1pp/1pR2n2/p1p5/P1P5/5P2/1P4PP/6K1 w - - 3 33,c7b5 f6e8 c6c7 e8c7,2168,77,91,594,advantage endgame quietMove short,https://lichess.org/x4UrtvtC#65,
nYbiS,5r1k/pp4p1/1bp1Pq1p/3p1n2/8/1B1Q1PB1/PP2RPKP/8 b - - 1 27,f8e8 b3c2 e8e6 e2e6 f6e6 d3f5 e6f5 c2f5,2117,73,94,5368,advantage middlegame quietMove veryLong,https://lichess.org/HuzigumP/black#54,
nYykd,8/3k4/8/1p2PB2/pPp5/P1B2K2/8/5bb1 b - - 0 67,d7c6 e5e6 c6d6 c3f6 f1d3 e6e7,2153,86,89,700,advancedPawn bishopEndgame clearance crushing endgame long master masterVsMaster quietMove,https://lichess.org/zeXIIDlz/black#134,
nZ2ze,8/8/4p3/P1N5/5pp1/6k1/6r1/R4K2 w - - 0 40,c5e6 g2h2 e6f4 h2h1 f1e2 h1a1,2125,82,86,73,crushing endgame exposedKing long quietMove skewer,https://lichess.org/iz5huLKP#79,
nZ4Ei,r2qr1k1/pp3ppp/2p5/4n3/3P2b1/P1B5/1P2BP2/R2Q1RK1 w - - 0 19,e2g4 e5g4 d1g4 e8e6 d4d5 e6g6,2169,79,81,63,advantage long middlegame pin quietMove,https://lichess.org/B7NxJw9m#37,French_Defense French_Defense_Steiner_Variation
nZg8B,8/8/4k2P/8/p3pP2/B3K3/8/1b6 b - - 0 67,e6f6 f4f5 b1a2 a3b2 f6g5 h6h7,2113,75,94,2434,advancedPawn bishopEndgame crushing endgame exposedKing long quietMove,https://lichess.org/6YdC5SOZ/black#134,
nZqQV,6k1/6bp/rp1RP1p1/1p6/2b5/3NB2P/1P4P1/5K2 b - - 0 30,g8f8 e3g5 c4e6 d6e6,2190,78,90,1146,advantage endgame quietMove short,https://lichess.org/t4QlDDpG/black#60,
na4HO,2k1r2r/p2p2bp/2nB4/2Np1p2/2bP4/P4N2/3K1PPP/4R2R b - - 1 22,c6d4 f3d4 g7d4 e1b1 d4b2 b1b2,2108,161,25,13,advantage long middlegame quietMove,https://lichess.org/1HWJ5CiZ/black#44,
na4om,4q2k/6p1/2r2p1p/2PQ1p2/1PpR4/2P5/6PP/6K1 w - - 1 38,d5c4 e8e3 g1f1 c6e6 c4e6 e3e6,2121,80,87,73,advantage endgame long quietMove,https://lichess.org/pgTIIYK3#75,
naBTn,2r3k1/5p2/p3p1pQ/3p4/2q3R1/7P/P4PPK/8 b - - 0 34,c4a2 g4h4 a2a1 h6h7 g8f8 h7h8 a1h8 h4h8 f8e7 h8c8,2146,76,84,88,crushing endgame quietMove skewer veryLong,https://lichess.org/TrGO0Hl4/black#68,
naDQm,3k4/8/1P6/7p/3K4/8/8/8 w - - 1 52,d4c5 h5h4 c5b5 d8c8 b5a6 c8b8,2124,74,86,128,crushing defensiveMove endgame long pawnEndgame quietMove,https://lichess.org/8Xi4T28e#103,
naLmV,2q3k1/6p1/p2Q2Pp/2P2p1P/4r3/3N4/P5P1/7K b - - 2 33,e4h4 h1g1 h4e4 d3e5 e4e5 d6e5,2122,143,87,15,crushing endgame long quietMove,https://lichess.org/hsVKo8DA/black#66,
naOCi,5kb1/6pK/7p/p4P2/Bp5P/1P4P1/1P6/8 w - - 3 54,h7h8 h6h5 a4c6 g8b3,2196,75,97,550,bishopEndgame crushing endgame quietMove short,https://lichess.org/2oENQGaP#107,
naXKH,8/7p/5kp1/p7/4K1PP/8/P7/8 b - - 0 48,a5a4 g4g5 f6e6 a2a3 e6d6 e4d4,2130,75,83,114,crushing defensiveMove endgame long master pawnEndgame quietMove zugzwang,https://lichess.org/aI0lPqfp/black#96,
nacV2,2r5/6k1/2P5/1P6/7p/3K4/6p1/2R5 w - - 0 48,d3e3 c8f8 e3e2 h4h3,2104,75,97,667,crushing endgame quietMove rookEndgame short,https://lichess.org/UtMQ5xQe#95,
nayN6,7k/4r1p1/4P2p/pQ2R3/8/PP4q1/K3Rr2/8 w - - 1 53,a2a1 g3c3 a1a2 f2f1 e2b2 c3c1 b5f1 c1f1,2111,74,90,1186,crushing endgame quietMove veryLong,https://lichess.org/Csj7Gvk7#105,
nbHpw,8/3Bn1k1/2p4p/pp1p3K/3P3P/2P2P2/P7/8 w - - 2 36,f3f4 e7g8 h5g4 g8f6 g4f5 f6d7,2164,76,91,279,crushing endgame fork long quietMove,https://lichess.org/0Rd0tl1N#71,
nbkgS,8/2r5/p2pB3/3Pk2r/1pp2R2/4KP2/PP6/8 b - - 0 44,c4c3 f4f8 c7c4 f3f4 c4f4 f8f4,2115,76,96,327,advantage endgame long master quietMove,https://lichess.org/q1tRxJTs/black#88,
nc14D,8/p7/1p3kp1/4p3/1P3PP1/P3K3/8/8 w - - 0 44,e3e4 e5f4 e4f4 b6b5 g4g5 f6e6,2195,76,84,64,crushing defensiveMove endgame long pawnEndgame quietMove zugzwang,https://lichess.org/wfmRdnOo#87,
ncKDa,2r5/1qr1bpk1/p2p2p1/3Pp1P1/Bpn5/5Q2/1PP2PK1/R1BR4 b - - 3 29,c4a5 d1h1 f7f5 g5f6,2186,91,52,37,crushing enPassant master middlegame quietMove short,https://lichess.org/Cae6H12b/black#58,
ncLNY,8/K2k4/1P6/1n5p/8/P3N1p1/8/8 w - - 3 45,a7a8 b5d6 e3g2 d7c6 b6b7 d6b7,2113,77,85,122,crushing endgame knightEndgame long quietMove,https://lichess.org/rbUge7AK#89,
ncn2i,8/8/7p/6pK/p1k5/P5P1/7P/8 w - - 2 42,h5h6 g5g4 h6g5 c4b3 g5g4 b3a3,2123,75,93,652,crushing endgame long pawnEndgame quietMove,https://lichess.org/u3sJf0x9#83,
ncoov,8/8/8/3B3k/3p3P/1P6/3K4/1b6 b - - 0 37,h5h4 b3b4 h4g5 b4b5 b1f5 b5b6 f5c8 d2d3 g5f6 d3d4 f6e7 d4c5,2147,78,91,2974,bishopEndgame crushing defensiveMove endgame master quietMove veryLong,https://lichess.org/kY2AXvDY/black#74,
nctnT,2R5/pR4pk/8/4r3/1P2p3/4PPP1/r7/4K3 w - - 2 38,c8c7 e5h5 c7g7 h7h8 g7h7 h5h7,2159,75,100,77,crushing endgame long quietMove rookEndgame,https://lichess.org/VXTUylj1#75,
ncyFX,5N2/6p1/3kp2p/1K4pP/1p2n3/1P4P1/P4P2/8 b - - 1 40,e4c3 b5b4 c3a2 b4c4 a2c1 b3b4 e6e5 b4b5,2116,98,86,35,crushing defensiveMove endgame knightEndgame quietMove veryLong,https://lichess.org/mPbfNdPE/black#80,
ndI6Q,2r2rk1/1p1b1pb1/4pBp1/q2pPn2/p2P2Q1/R1PB1N2/5P1P/5RK1 b - - 3 29,c8c3 d3f5 e6f5 g4h4 c3f3 a3f3,2127,92,87,28,advantage long middlegame quietMove,https://lichess.org/PqiyrnBm/black#58,
ndPZa,8/8/p6R/3r2p1/1P2r3/P3n1k1/4R3/4N1K1 w - - 0 40,h6g6 d5f5 g6g5 f5g5,2163,159,86,15,crushing endgame master quietMove short,https://lichess.org/ubpanOSS#79,
ndZz8,8/6pk/7p/ppR5/8/2P2PP1/1r3P2/6K1 w - - 0 30,c3c4 a5a4 c5b5 b2b5 c4b5 a4a3,2165,76,94,3282,crushing endgame long quietMove rookEndgame,https://lichess.org/gKtgXrin#59,
ndo3c,8/8/4p1pp/p4p2/K2k1P2/6P1/1P5P/8 b - - 0 38,d4c4 a4a5 g6g5 b2b4 g5f4 g3f4,2155,76,91,157,crushing endgame long pawnEndgame quietMove,https://lichess.org/Pgh3tmrU/black#76,
ndqiL,8/6R1/p3R3/1p5P/1P3p2/r4kn1/7K/8 w - - 1 55,h5h6 a3a1 e6e3 f3e3,2119,80,78,36,crushing endgame quietMove short,https://lichess.org/bWMaeOQ1#109,
nduFY,8/1K4b1/8/6Bp/5Pk1/8/8/8 w - - 1 42,b7c6 g7h6 g5h6 h5h4 f4f5 h4h3 h6f8 h3h2,2126,83,85,44,advancedPawn bishopEndgame crushing endgame quietMove sacrifice veryLong,https://lichess.org/JLyYcT8J#83,
neZEM,r7/ppNkbp1p/3p3p/6r1/2QPP3/7q/P4P1P/R3NR1K w - - 1 19,c7a8 g5h5 c4c7 d7e8 c7c8 h3c8,2111,76,92,6861,crushing long middlegame quietMove,https://lichess.org/aghJfHvl#37,Italian_Game Italian_Game_Evans_Gambit
nfJkX,Q7/p4Bpk/8/2p1r3/1p6/1PbP3P/P1P2qPK/1R6 w - - 0 25,f7c4 c3d2 a8f3 d2f4 f3f4 f2f4,2107,137,54,13,crushing endgame long quietMove xRayAttack,https://lichess.org/gayGBibs#49,
nfnLb,8/4PK1k/r7/8/5P2/8/8/8 b - - 0 67,a6a7 f4f5 h7h6 f5f6 h6g5 f7e6,2197,80,87,219,crushing defensiveMove endgame long quietMove rookEndgame,https://lichess.org/IhA0ojth/black#134,
ngTah,8/p7/6p1/7p/PP1k4/1K5P/8/8 w - - 2 64,b4b5 g6g5 a4a5 d4c5 b5b6 a7b6 a5a6 c5c6,2164,75,87,485,crushing defensiveMove endgame pawnEndgame quietMove veryLong,https://lichess.org/le74hbNN#127,
nhIUr,3q2k1/6r1/3p4/2pPp2b/P1P1Pp1p/5NrP/2Q3PK/R4R2 w - - 9 32,f1f2 h5f3 f2f3 d8g5 f3g3 g5g3,2195,80,86,48,crushing long middlegame quietMove,https://lichess.org/KgbDH4OS#63,
nhXWI,8/8/1p1b4/3P4/1PKB4/8/6p1/5k2 w - - 0 49,d4b6 d6g3 d5d6 g3d6,2138,74,94,1128,bishopEndgame crushing endgame master quietMove short,https://lichess.org/V98THY28#97,
niSHP,8/Q6R/5pp1/4pn2/6kP/P5P1/3q1P1K/8 w - - 1 46,a7a4 f5d4 h2g2 d2d3 a4d7 f6f5 d7d5 e5e4 d5d4 d3d4,2189,116,70,28,crushing defensiveMove endgame pin quietMove veryLong,https://lichess.org/t5uVpsWz#91,
niTrY,8/1p6/1p6/5k2/4p3/2P1K3/PP6/8 w - - 2 43,b2b4 b6b5 a2a3 f5e5 c3c4 b5c4,2196,82,89,516,crushing endgame long pawnEndgame quietMove,https://lichess.org/zc7VXqyY#85,
nie22,8/1pp3p1/k7/6PK/1P3P2/8/7n/8 b - - 0 51,a6b5 f4f5 h2f3 f5f6 g7f6 g5g6 b5b4 g6g7,2135,77,93,5413,advancedPawn crushing endgame knightEndgame quietMove sacrifice veryLong,https://lichess.org/wgC4djy5/black#102,
nj2w5,8/6p1/8/3b3k/3B1p2/3R1P1P/3Nn1PK/2r5 w - - 2 40,d4g7 e2g3 d3d5 h5g6 d5g5 g6g5 d2e4 g5g6 e4g3 f4g3 h2g3 g6g7,2123,88,83,43,crushing defensiveMove endgame quietMove sacrifice veryLong,https://lichess.org/Mh1u1rYR#79,
njUg0,2k4r/R3np2/2qpbn1N/4p3/1pP1P1pP/1P2B3/2B2PP1/4R1K1 b - - 4 28,e7g6 e1a1 h8h6 e3h6,2101,79,77,43,advantage middlegame quietMove short,https://lichess.org/gepUWtOK/black#56,
njXvL,r1b1R3/2pp1ppk/p2P3p/1p5r/3N1P1q/1B1P4/PPP3Pn/R1BQ2K1 w - - 3 19,b3f7 h2g4 d1g4 h4g4 f7h5 g4h5,2124,113,33,19,advantage long middlegame quietMove,https://lichess.org/qPrdUTBv#37,Four_Knights_Game Four_Knights_Game_Spanish_Variation
njYAX,8/8/p6R/4k2N/4p3/4PbPK/8/5r2 w - - 3 48,h3h4 f1h1 h4g5 h1h5 h6h5 f3h5 g5h5 a6a5 g3g4 a5a4 g4g5 a4a3,2162,78,91,1874,crushing endgame quietMove veryLong,https://lichess.org/x0EFqKoQ#95,
njhLZ,2k5/p3pNb1/2p1P1p1/1p3q1r/2P2Bp1/2Pb4/P2Q1PP1/3R2K1 b - - 0 23,b5c4 d1b1 f5f4 d2f4,2122,77,81,121,crushing middlegame quietMove short,https://lichess.org/5PpljLCz/black#46,
njkEI,5k2/7p/6p1/p7/1pp4P/2P3P1/PP4K1/8 b - - 1 42,b4b3 a2a4 f8g7 g2f3,2181,81,90,868,crushing defensiveMove endgame pawnEndgame quietMove short,https://lichess.org/eqgj8CBF/black#84,
njuPJ,r5k1/2p2p2/1p3P1p/p3R1p1/q2r4/4Q3/6PP/5RK1 b - - 0 28,d4d8 e5g5 h6g5 e3g5 g8f8 f1e1 a4d4 g1h1,2112,78,65,67,crushing defensiveMove endgame quietMove sacrifice veryLong,https://lichess.org/nwxgqaRY/black#56,
nk357,8/8/4R3/2p2r1P/3k4/8/8/6K1 w - - 0 49,e6h6 c5c4 h6d6 d4c5,2101,76,88,376,crushing defensiveMove endgame quietMove rookEndgame short,https://lichess.org/M89myr5W#97,
nk3GK,2b5/1p4qk/3Q3b/p2P1p2/2PNpP2/P2nB2P/1P5K/3B4 w - - 1 35,d1h5 d3e1 d6g6 g7g6 h5g6 h7g6,2109,77,92,259,advantage long master middlegame quietMove,https://lichess.org/O48DH19b#69,
nkBQE,3r1r1k/1pp1qppn/p4N1p/3PP2Q/6R1/8/PP4PP/5RK1 b - - 3 21,g7f6 h5h6 f8g8 g4h4 g8g7 e5f6,2144,81,94,1741,crushing long middlegame quietMove,https://lichess.org/Bs6zZnGu/black#42,
nkGtT,8/p2r1p1k/1p3Qpp/8/2p5/2P4P/2qr2P1/4RR1K b - - 3 39,c2d3 e1e8 d3f1 f6f1 d2d1 e8e1 d1e1 f1e1,2160,75,95,3479,crushing endgame master quietMove veryLong,https://lichess.org/wkjl5auT/black#78,
nkKWQ,6k1/pppb3p/5ppQ/7P/2P1P3/2n5/3NBPPK/2q5 b - - 0 27,g6h5 e2d3 c3e2 d3e2,2188,125,79,27,advantage endgame quietMove short,https://lichess.org/UQ4tVf7W/black#54,
nkmE9,8/2Rr1r2/R2Pk2p/2p2p2/5Pp1/6K1/8/8 b - - 1 41,d7c7 d6c7 e6d7 a6a8 d7c7 a8a7 c7d6 a7f7,2197,77,89,720,advancedPawn crushing discoveredAttack endgame quietMove rookEndgame skewer veryLong,https://lichess.org/MMssC3bK/black#82,
nl8t8,8/7B/8/1k2p3/p1n1P2P/8/K7/8 b - - 1 41,c4d6 h7g6 b5c5 h4h5,2122,76,84,105,crushing defensiveMove endgame master masterVsMaster quietMove short,https://lichess.org/NCpM5fxX/black#82,
nl97p,8/p3k1pp/4pn2/3p4/P1bPPKP1/5P2/P1R5/8 w - - 1 35,f4e5 g7g5 e4d5 c4d5 c2c7 f6d7 c7d7 e7d7,2190,79,91,1707,crushing endgame quietMove veryLong,https://lichess.org/VtWymulu#69,
nlV7V,r5k1/pp1nbr1p/2p1Q1p1/q7/3P4/3BB2P/PPP3P1/5RK1 b - - 0 16,a8f8 d3c4 g8h8 f1f7,2197,78,93,186,advantage middlegame quietMove short,https://lichess.org/iEXR2gmy/black#32,Blackmar-Diemer_Gambit_Accepted Blackmar-Diemer_Gambit_Accepted_Teichmann_Defense
nlbab,r2q4/p5k1/1p2P1Pp/2p1Pp2/3pbQp1/6P1/PP3K2/1BR5 b - - 0 31,d8g5 b1e4 g5f4 g3f4 f5e4 f4f5 a8f8 f5f6,2152,75,90,124,crushing endgame quietMove veryLong,https://lichess.org/osPAGVAM/black#62,
nldbI,4RQ2/2p3pk/p2q3p/1p6/1P6/2P4P/1P3PPK/1r6 w - - 3 33,g2g3 d6d5 f8g8 d5g8 e8g8 h7g8,2165,74,93,8563,crushing endgame long quietMove,https://lichess.org/SdgOBUAm#65,
nmBC4,5r2/1p4k1/pNp5/P1Pp4/1P1Pp1b1/1B2Pp2/2Q2Kp1/2R4r w - - 2 43,c1g1 h1g1 f2g1 f8h8 c2g2 f3g2,2111,80,88,40,advancedPawn crushing long middlegame quietMove,https://lichess.org/gPRuq0GD#85,
nmtzU,3r4/2Qpkp2/2b1pnrq/p1p5/P1P5/1P1R2P1/1B3P1P/3R2K1 b - - 7 28,h6h3 b2f6 e7f6 c7d8 f6f5 f2f3 g6g3 h2g3 h3g3 g1f1,2155,161,100,12,attraction equality middlegame quietMove veryLong,https://lichess.org/vYSMN24D/black#56,
nmuA3,8/8/3k2p1/5p2/2KP4/7P/8/8 w - - 3 44,c4d3 d6d5 d3e3 g6g5 e3d3 f5f4 d3c3 d5e4 d4d5 e4d5 c3d3 d5e5,2143,81,87,83,crushing defensiveMove endgame pawnEndgame quietMove veryLong zugzwang,https://lichess.org/u4cph7jX#87,
nmzZ5,8/8/7R/3k4/r3p1PK/7P/8/8 w - - 0 46,g4g5 e4e3 h4g3 a4e4 h6b6 e3e2,2193,76,93,479,advancedPawn clearance crushing discoveredAttack endgame long quietMove rookEndgame,https://lichess.org/nT4ew7WR#91,
nnaaY,6k1/pp2B2p/3Pr1p1/6Q1/8/2P4P/6PK/1q6 b - - 4 36,b1d3 g5f4 d3f5 f4f5 g6f5 d6d7 e6e7 d7d8q,2189,78,86,84,advancedPawn crushing endgame promotion quietMove veryLong,https://lichess.org/Rqm3dzPi/black#72,
nnbu8,8/8/8/p7/B7/1p6/1k6/3K4 w - - 0 53,a4b5 b2a1 d1d2 b3b2 b5d3 a5a4 d2c3 a4a3,2135,76,86,411,advancedPawn bishopEndgame crushing endgame master quietMove veryLong,https://lichess.org/Vbyh6YOB#105,
nnpzA,8/1p4pp/pKp1k3/3p1p2/8/2P1PP1P/P5P1/8 w - - 0 28,b6b7 f5f4 e3f4 c6c5 b7c6 d5d4,2197,96,79,33,advantage endgame long pawnEndgame quietMove,https://lichess.org/i6gh8nM2#55,
noAkZ,8/7p/4pp2/7k/3PPP1p/7K/8/8 b - - 0 41,h7h6 d4d5 e6d5 e4d5 h5g6 d5d6 g6f7 f4f5 f7e8 h3h4 e8d7 h4h5,2197,117,91,17,crushing endgame pawnEndgame quietMove veryLong,https://lichess.org/DHPELetB/black#82,
noPkT,4k2r/4bp1p/p5pB/1p1R4/8/P5P1/5PKP/8 b k - 0 30,e7a3 h6g7 h8g8 g7f6 a3e7 d5e5 e8d7 e5e7,2160,75,91,1478,advantage endgame pin quietMove veryLong,https://lichess.org/K7d4jjbv/black#60,
npIo7,8/7p/2B5/5p2/1p4k1/1P2P1P1/n2K4/8 w - - 1 46,c6d7 a2c3 d2d3 c3e4,2108,76,90,933,crushing endgame quietMove short,https://lichess.org/soGx57Af#91,
npKVD,3r4/6kp/p2p2p1/P2R4/1Pp2P2/7P/6P1/6K1 w - - 0 38,b4b5 c4c3 d5d3 d8c8 d3c3 c8c3,2103,75,95,1328,crushing endgame long quietMove rookEndgame,https://lichess.org/gSaowjKZ#75,
npjhJ,2k5/pp3p2/3P4/2p5/7r/2B3n1/PP4K1/3R4 b - - 0 35,g3e4 d6d7 c8d8 c3e5 h4g4 g2f3,2193,80,91,1027,advancedPawn crushing endgame long master quietMove,https://lichess.org/Msd5rEiA/black#70,
nqIT1,r1r4k/1q3p1p/4pPp1/3pP1B1/3P3Q/n6P/1p4P1/1R3RK1 b - - 1 27,a3b1 h4h6 c8g8 f1f4 b1d2 h6h7 h8h7 f4h4,2139,81,84,90,attraction kingsideAttack mate mateIn4 middlegame quietMove sacrifice veryLong,https://lichess.org/Jvj1AZvK/black#54,
nqL7Z,r5k1/ppp2pb1/2b4p/3q2p1/8/2PB1P1P/PPQ2BP1/4R1K1 b - - 0 23,a8d8 e1d1 g7f6 d3h7 g8g7 d1d5,2151,76,91,2342,advantage discoveredAttack long master middlegame quietMove,https://lichess.org/ZmMfjl0P/black#46,
nqtyt,2r5/1k5p/5ppB/2P5/1P1p3P/1K1Pr3/3R4/8 w - - 0 49,h6e3 d4e3 d2e2 c8e8 d3d4 f6f5 b3c3 f5f4 c3d3 b7c6,2133,75,93,1038,advantage endgame quietMove veryLong,https://lichess.org/GO12J1Rd#97,
nrAYQ,8/4k1p1/p6p/1p1p1p2/1P1P3P/P3KPP1/8/8 b - - 0 37,e7e6 h4h5 e6f6 e3f4,2193,76,87,73,crushing endgame pawnEndgame quietMove short,https://lichess.org/ym3wPnak/black#74,
nrEUt,5rk1/6b1/1p1p3p/p2Pp1p1/4R3/1P1Q2P1/P4qKP/3R4 w - - 0 28,g2h3 h6h5 d1d2 g5g4 e4g4 h5g4,2128,76,72,62,crushing endgame long quietMove,https://lichess.org/ihPJ3dE0#55,
nrHpU,8/pk1r1Q2/1pq5/7P/8/4B2P/PP3P1K/8 w - - 1 34,f7f4 d7g7 f2f3 c6c2 e3d2 g7d7,2137,79,88,56,advantage endgame long quietMove,https://lichess.org/3j4aq5Bd#67,
nraY3,8/1p1q3k/3Pr2p/QnP1p1p1/5p2/8/5PPP/2BR2K1 w - - 0 39,a5b5 d7b5 d6d7 e6e8 d7e8r b5e8,2191,77,93,11003,advantage endgame hangingPiece long quietMove xRayAttack,https://lichess.org/9T96NXdi#77,
nrdMA,8/8/1pB1K3/1P6/2R5/8/1kp4p/6b1 w - - 0 85,c6h1 g1d4 c4c2 b2c2,2190,98,66,33,crushing endgame quietMove short,https://lichess.org/lNK774gB#169,
nrdtP,8/1p6/2p1k1pp/p2b4/2B2PPP/1P2K3/P7/8 b - - 0 32,d5c4 b3c4 a5a4 c4c5 e6d5 g4g5 h6h5 f4f5,2137,166,86,8,crushing endgame quietMove veryLong,https://lichess.org/9SGb57em/black#64,
nsAW9,7k/2r3pp/p4pb1/1pB2B2/1P6/r6P/5PPK/4R3 b - - 5 31,a3c3 e1d1 g6e8 d1d8,2131,78,90,751,advantage endgame master pin quietMove short,https://lichess.org/44cjHddX/black#62,
nsKh7,8/p7/1kb5/1p1p4/3N4/3P4/PP2K3/8 b - - 3 36,a7a5 d4c6 b6c6 d3d4 c6d6 e2f3 d6e6 f3g4,2168,77,90,576,crushing defensiveMove endgame quietMove veryLong,https://lichess.org/y4Zvh698/black#72,
nsiZu,8/2p2R2/1p6/p7/P7/2P5/2K2pk1/8 w - - 2 53,c2d3 f2f1q f7f1 g2f1 c3c4 c7c5 d3e3 f1e1,2188,76,93,1413,advancedPawn crushing defensiveMove endgame promotion quietMove veryLong zugzwang,https://lichess.org/k0KvETkS#105,
ntrGt,8/r2nRpkp/3p2p1/3B4/P1p2P2/6P1/1r5P/R5K1 b - - 1 32,c4c3 e7f7 g7h8 a1e1 b2b8 e1e7 d7f6 e7a7,2148,77,92,5075,crushing endgame master quietMove veryLong,https://lichess.org/0j2FzFOx/black#64,
nuNpk,1R6/8/2n5/7p/2k4P/6P1/1p1B2r1/3K4 w - - 6 59,b8b6 g2d2 d1d2 c6b4 b6f6 b2b1q,2141,75,97,266,advancedPawn crushing endgame long master promotion quietMove sacrifice,https://lichess.org/iodeYGS8#117,
nufBK,3r1rk1/1bp2ppp/5n2/p2q4/PpNB4/1P4RP/1P3PP1/2RQ2K1 w - - 7 23,d4f6 d5d1 g1h2 g7g6 c1d1 d8d1,2136,132,69,10,advantage long middlegame quietMove,https://lichess.org/nY4AbEQL#45,
nujax,2R5/pp2bkpp/4p3/n2n4/5q2/P2B3P/1P3BP1/1K3R2 b - - 2 24,a5b3 f2e1 f4f1 d3f1,2157,76,90,944,crushing middlegame pin quietMove short,https://lichess.org/6koLY8jO/black#48,
nv9dx,8/p6p/6p1/6P1/8/kPK4P/8/8 b - - 0 45,a7a5 h3h4 a3a2 b3b4 a5b4 c3b4,2161,78,87,61,crushing endgame long pawnEndgame quietMove zugzwang,https://lichess.org/odp5dnMt/black#90,
nvOrn,1r6/1P4kp/3p2p1/N2P4/7P/8/5KP1/8 b - - 2 41,g7f6 g2g4 f6f7 a5c6 b8b7 c6d8,2142,82,85,48,crushing endgame long quietMove,https://lichess.org/K7Qmumi1/black#82,
nvPtK,8/5pk1/p1r3p1/2p1Q2p/1p5P/4P3/P1q2PP1/3R2K1 b - - 1 27,g7h7 d1d8 c2d1 d8d1,2165,80,83,119,crushing endgame master quietMove short,https://lichess.org/nutYs7BQ/black#54,
nvUfU,8/7R/3p4/3P4/P7/2P1pnkp/2K5/8 w - - 0 39,c2d3 f3h4 h7g7 g3f2 g7f7 h4f3 d3e4 h3h2,2136,97,83,24,advancedPawn crushing defensiveMove endgame master quietMove veryLong,https://lichess.org/skhA33Fy#77,
nvdNP,8/1k6/2p1Q2p/3p4/3P1P2/2q3PK/8/8 b - - 0 45,c3d4 f4f5 h6h5 f5f6,2156,77,85,103,crushing endgame queenEndgame quietMove short,https://lichess.org/fS9rkF8U/black#90,
nw6FH,r1b4k/p4p1p/2p4r/q4P1P/3pB3/2P2Q2/P1PK1P2/R6R b - - 1 20,c8f5 f3f5 a5c3 d2e2 a8e8 f2f3 c3c2 e2f1,2161,86,74,40,advantage middlegame quietMove veryLong,https://lichess.org/lRwyaJQ1/black#40,
nwRtv,3r4/p4pkp/5Np1/1q2p1P1/5nQP/8/P4P2/4R1K1 b - - 1 32,d8d2 g4c8 f4h3 c8h3,2140,77,86,146,crushing endgame quietMove short,https://lichess.org/nnenojDb/black#64,
nwTSH,8/5p1k/3q1p1p/R2p3b/1P5r/4P3/3Q1PP1/4R1K1 w - - 2 31,g2g3 h5f3 d2d3 f3e4 g3h4 e4d3,2190,78,86,185,crushing defensiveMove endgame long quietMove,https://lichess.org/LFVLFEgc#61,
nwVmF,r1q1r1k1/p4pp1/2p5/3p1Q2/2nP1Np1/2P3P1/P4P1P/R3R1K1 w - - 3 28,f5g5 e8e1 a1e1 c4d2 g5e7 d2f3,2173,100,82,23,advantage kingsideAttack long middlegame quietMove,https://lichess.org/fU2FQuDe#55,
nwksm,4r1k1/p4p1p/1p4qP/3p2p1/3Q4/P7/KP4P1/7R b - - 0 32,e8e4 h1c1 g6h6 c1c8 h6f8 c8f8,2179,76,91,226,advantage endgame long quietMove,https://lichess.org/oB1x1fb0/black#64,
nwuwC,8/1pp5/p2p4/P5p1/1Pk3P1/2P2P2/3K4/8 b - - 2 44,d6d5 f3f4 g5f4 g4g5 d5d4 g5g6,2177,77,90,494,crushing endgame long pawnEndgame quietMove,https://lichess.org/P6S0Dpt5/black#88,
nxCFD,1Q6/8/q4p1p/5Pp1/1PK1P1k1/8/8/8 w - - 2 46,b8b5 a6b5 c4b5 h6h5 b5c5 h5h4 b4b5 h4h3 b5b6 h3h2 b6b7 h2h1q b7b8q h1e4,2136,77,92,1976,advancedPawn crushing endgame promotion queenEndgame quietMove veryLong,https://lichess.org/9cVP1esq#91,
nxJQY,r1b2r1k/ppp3pp/8/2b1Bp2/2BP2nq/1P4N1/P1P2PPP/R2Q1RK1 w - - 1 13,g3e2 f5f4 e5f4 f8f4,2173,75,93,8992,advantage opening quietMove short,https://lichess.org/huq8TShm#25,Kings_Pawn_Opening Kings_Pawn_Opening_Other_variations
nxj9l,3b4/3P4/8/4P3/p5Pp/5K1k/P7/8 b - - 0 49,a4a3 f3f4 h3g2 g4g5 h4h3 g5g6 h3h2 g6g7 h2h1q g7g8q g2f2 g8d8,2148,132,85,9,advancedPawn bishopEndgame crushing endgame fork promotion quietMove veryLong,https://lichess.org/KtqMSadj/black#98,
nxsOI,8/7p/3p1kp1/p2P1p2/1pP2KPP/1P6/P7/8 b - - 0 38,h7h6 g4f5 g6f5 h4h5 f6e7 f4f5,2186,141,81,21,crushing endgame long pawnEndgame quietMove zugzwang,https://lichess.org/dKus2rv8/black#76,
nxv17,r1bqk1nr/pp1p1pbp/4p1p1/4n3/2BQ4/2N5/PP3PPP/R1B1K1NR b KQkq - 1 9,e5c4 d4g7 d8f6 c1h6 f6e5 g7e5 c4e5 h6g7,2132,76,86,91,advantage clearance hangingPiece opening quietMove veryLong,https://lichess.org/mwt7Mdnh/black#18,Modern_Defense Modern_Defense_Other_variations
nxxCw,r3k1r1/1p1qbp2/p1n1p3/4B1pp/2BP2n1/2N5/PP3PPP/2RQR1K1 b q - 3 17,e8c8 c3a4 g4e5 a4b6 c8b8 b6d7,2101,77,91,541,crushing fork long middlegame quietMove sacrifice,https://lichess.org/cmCblgCF/black#34,English_Opening English_Opening_Symmetrical_Variation
nyJVM,6r1/8/p7/5P2/6PK/8/P1kp4/6R1 b - - 1 46,d2d1q g1d1 c2d1 g4g5 g8h8 h4g4,2174,84,88,800,advantage endgame long master quietMove,https://lichess.org/F1BWw7EB/black#92,
nyUGW,r1b2rk1/3nbppp/pqNpp3/5PPQ/4P3/2R5/PPP4P/2K2B1R b - - 2 17,e7d8 c3h3 d8g5 h5g5,2155,77,83,105,crushing master masterVsMaster middlegame quietMove short,https://lichess.org/pLFOO9K9/black#34,Sicilian_Defense Sicilian_Defense_Najdorf_Variation
nymz2,8/8/6pp/ppp1k3/P3P3/1P1K2PP/8/8 b - - 0 36,b5a4 b3a4 g6g5 g3g4 e5f4 d3c4 h6h5 g4h5,2156,75,83,181,crushing endgame pawnEndgame quietMove veryLong zugzwang,https://lichess.org/5yGij4sL/black#72,
nzHoa,8/3n4/3P4/4p1N1/3kPp2/5K2/8/8 b - - 14 63,d7f6 g5e6 d4c4 e6f8 c4c5 d6d7 f6d7 f8d7,2187,91,88,255,advancedPawn crushing endgame knightEndgame quietMove veryLong,https://lichess.org/6CMpZi9M/black#126,
nzWka,8/8/6pp/2k5/1p2pPP1/1K2P1P1/8/8 w - - 0 41,f4f5 g6f5 g4f5 h6h5 f5f6 c5d6 f6f7 d6e7 f7f8r e7f8,2127,91,84,39,crushing endgame pawnEndgame quietMove veryLong,https://lichess.org/sCjKME9B#81,
nzpap,8/2pk3p/2p2p2/p1K3p1/P4P2/6PP/8/8 b - - 0 37,h7h5 f4f5 g5g4 h3h4 d7e8 c5c6 e8d8 c6b5 d8d7 b5a5,2161,117,85,15,crushing endgame pawnEndgame quietMove veryLong zugzwang,https://lichess.org/RaYi7zgW/black#74,
nzqF6,7B/8/2b5/2P5/1K4pP/p7/k7/8 b - - 0 53,g4g3 h4h5 a2b1 b4a3,2195,76,86,106,bishopEndgame crushing endgame quietMove short,https://lichess.org/aX846jHk/black#106,
nzwET,3r1r1k/1pp3pp/p1p3q1/8/2Q5/2N1B2P/PPP2b2/R3R2K w - - 0 22,e3f2 f8f2 c4e4 g6d6 e4e5 f2f1 h1h2 d6e5 e1e5 f1a1,2111,248,-46,6,crushing exposedKing master middlegame quietMove veryLong,https://lichess.org/gTLnCkQJ#43,
o0WNI,2kr3r/p1p3pp/1p2Rq2/n4p2/3N4/2P5/P1P2PPP/R2Q2K1 b - - 0 16,d8d4 d1e2 d4e4 e2a6 c8b8 e6f6,2134,75,95,3570,advantage long middlegame quietMove,https://lichess.org/qFny8bnz/black#32,Owen_Defense Owen_Defense_Other_variations
o0X6P,r4rk1/1Q3p1p/4p1p1/4P3/1B1p1P2/N2B2K1/R5PP/2qn4 b - - 0 29,f8b8 a3c4 g6g5 b4d2,2103,128,83,21,advantage middlegame quietMove short,https://lichess.org/iozjuWoG/black#58,
o0x4y,2r3k1/4r3/p2qp1QP/1p1p1n2/1P6/2P5/P4PK1/2R2R2 b - - 6 33,g8f8 f1h1 d6e5 h6h7,2163,283,100,13,advancedPawn equality middlegame quietMove short,https://lichess.org/7Qy8UoXv/black#66,
o1JWW,2kr4/Bp4p1/2pbqnp1/P7/4p3/1P2P1Pr/5PB1/RQ3RK1 w - - 0 21,a5a6 d8h8 a6b7 c8b7 b1a2 h3h1 g2h1 e6h3 a2a6 b7c7 a7b6 c7d7 a6b7 d7e6 b7c8 h8c8,2161,76,85,95,clearance crushing middlegame quietMove sacrifice veryLong,https://lichess.org/1fb19tQd#41,
o1QP0,8/8/p7/1p1kpK2/1P6/5P2/P7/8 b - - 1 49,d5c4 f5e5 c4b4 f3f4 b4a3 f4f5 b5b4 f5f6 a3a2 f6f7 b4b3 f7f8q b3b2 f8f2,2131,77,97,419,advancedPawn crushing endgame pawnEndgame promotion quietMove veryLong,https://lichess.org/AHaJrl8a/black#98,
o1nkz,r3kb1r/4pppp/2pp4/p7/4P3/2N3Q1/PqP2PPP/1R2KR2 b kq - 1 15,b2c2 f2f4 g7g6 f1f2 c2b1 c3b1,2155,77,92,3354,advantage clearance long middlegame quietMove trappedPiece,https://lichess.org/nKQtjNQQ/black#30,Sicilian_Defense Sicilian_Defense_Classical_Variation
o20rB,8/N2k4/8/6pp/P2P4/3n1P2/1P3K2/8 w - - 1 39,f2e3 h5h4 e3e2 h4h3 e2f1 d3e1 f1g1 e1f3,2116,85,90,752,crushing endgame knightEndgame quietMove veryLong,https://lichess.org/0lYJk9nr#77,
o28nn,b7/P3k3/5p2/5Pp1/3B3p/2P5/5K2/8 w - - 1 50,c3c4 g5g4 d4c5 e7d7,2185,78,97,919,bishopEndgame crushing defensiveMove endgame quietMove short,https://lichess.org/IDKqoh0r#99,
o2ghj,r4r2/p4kpQ/b3pp1R/3p4/BP1P1P2/P1q1P3/3n1NPP/R5K1 w - - 3 29,h7g6 f7e7 h6h7 c3a1 f2d1 f8f7 h7g7 a8f8 g7f7 f8f7,2169,77,85,404,clearance crushing middlegame quietMove veryLong,https://lichess.org/LO3OE2ug#57,
o2xoP,r2qr2k/p6p/5ppB/2P1p3/3p4/1Q6/P4PPP/5RK1 b - - 0 23,e5e4 b3f7 e8g8 f1b1 d8f8 h6f8,2193,75,85,318,crushing endgame long quietMove,https://lichess.org/edZRRcbE/black#46,
o30Hs,6r1/pQ5p/2p1pk2/3pq3/4p3/2P1P2P/PP3r2/2KR1R2 b - - 3 25,g8g2 f1f2 g2f2 d1g1 e5g5 g1g5,2137,76,90,896,clearance crushing endgame long quietMove,https://lichess.org/r8TxKEI4/black#50,
o33qf,8/p7/8/P2pk1pp/1P6/2P1K3/6P1/8 b - - 0 44,g5g4 g2g3 e5d6 e3f4,2177,80,69,45,crushing endgame pawnEndgame quietMove short zugzwang,https://lichess.org/SKr8riYI/black#88,
o3NUk,8/8/3k4/p7/Pp3P1p/1P3K2/8/8 b - - 1 51,h4h3 f3g3 d6d5 g3h3 d5d4 f4f5 d4e5 h3g4 e5f6 g4f4,2175,77,94,312,crushing defensiveMove endgame pawnEndgame quietMove veryLong,https://lichess.org/wdj0uyT4/black#102,
o3QGy,8/8/8/6p1/3K1k2/8/6P1/8 w - - 4 53,d4d5 g5g4 d5e6 g4g3 e6d5 f4e3,2158,77,90,1499,crushing defensiveMove endgame long pawnEndgame quietMove,https://lichess.org/Zcc3cB6Q#105,
o3fpz,3Q2k1/pp2r3/5qp1/5pp1/3P4/2P2R2/PP4PK/8 b - - 5 39,g8g7 f3h3 g5g4 d8h8 g7f7 h3h7 f7e6 d4d5,2155,84,100,52,crushing endgame quietMove veryLong,https://lichess.org/grqutP4O/black#78,
o48mb,4r1k1/5pp1/2b2q2/4n3/8/1BP1QpPP/PP3P2/R3R1K1 w - - 5 25,h3h4 f6f5 b3c4 e5c4 e3e8 c6e8,2142,75,93,553,advantage long middlegame quietMove,https://lichess.org/L7sCe12U#49,
o4ceK,3k4/1p1n4/2pB4/PPP2p1p/1KP2Pp1/7P/5P2/8 w - - 0 49,h3g4 h5h4 b5c6 b7c6 d6e7 d8e7,2150,102,45,37,advantage endgame long quietMove,https://lichess.org/1nKuENpP#97,
o4zLN,8/8/1K6/pp6/2k5/P7/1P6/8 b - - 1 60,b5b4 a3a4 b4b3 b6a5,2140,76,77,87,crushing endgame pawnEndgame quietMove short,https://lichess.org/0qFbzAoJ/black#120,
o550Z,8/p4p1p/1p6/2p1k1p1/1PP5/P3KP1P/6P1/8 w - - 2 34,g2g3 c5b4 a3b4 a7a5 c4c5 a5a4 c5b6 e5d6 b6b7 d6c7 e3d3 c7b7,2199,113,93,22,crushing endgame pawnEndgame quietMove veryLong,https://lichess.org/Kj6N1rx0#67,
o55T8,8/8/8/3pNp2/1P2p1pk/4K3/8/8 b - - 3 56,h4h3 e5g6 g4g3 g6f4,2132,78,86,52,crushing endgame knightEndgame quietMove short,https://lichess.org/c0kA1WoM/black#112,
o5Sqj,6k1/5p1p/p2b1Pp1/3P4/1p2B3/1P6/P3R1KP/3r4 b - - 0 33,d6e5 e4f3 d1d5 f3d5,2108,81,82,80,advantage endgame quietMove short,https://lichess.org/qPrkY8gq/black#66,
o5pEi,8/8/5p2/2Kp1k1p/5P1P/2P5/8/8 b - - 4 40,f5e4 f4f5 e4e5 c5c6 d5d4 c3d4 e5d4 c6d6,2107,76,94,2449,crushing defensiveMove endgame pawnEndgame quietMove veryLong,https://lichess.org/cA5b6BC0/black#80,
o5rgi,5k2/4b3/3p1pQ1/3PqN2/4P3/1n5K/6P1/8 b - - 6 37,b3d4 f5h6 e5h5 g6h5,2104,76,87,176,crushing endgame quietMove short,https://lichess.org/BBNcFS3Y/black#74,
o6jZw,r4rk1/ppp2p1p/3p1Q2/1q6/1P6/P7/5PPP/1bB2RK1 b - - 0 21,b1d3 c1b2 b5e5 b2e5,2114,93,85,30,advantage middlegame quietMove short,https://lichess.org/WBjYqpor/black#42,
o6sO9,1rN5/3nkppp/1p2p3/pP2r3/P7/5P2/6PP/R1R3K1 b - - 1 27,e7d8 c8a7 e5d5 a7c6,2139,76,79,70,advantage endgame master quietMove short,https://lichess.org/gyWsYewO/black#54,
o7EIa,r2k3r/ppp2Bpp/8/8/1b1p1qb1/1PP5/PB1P1PPP/R2QR1K1 w - - 1 16,d1c1 b4d6 g2g3 f4f7,2106,81,91,1172,crushing middlegame quietMove short,https://lichess.org/c73FPKZZ#31,French_Defense French_Defense_Horwitz_Attack
o7JUK,3b4/1p1K4/8/1P4pp/5k1P/1P6/8/4B3 b - - 3 42,g5h4 d7d8 h4h3 e1b4 f4f3 b4d6,2137,76,90,107,bishopEndgame crushing defensiveMove endgame hangingPiece long quietMove,https://lichess.org/aQdvOVBe/black#84,
o7PJ6,4rrk1/p1pqbppp/3p1n2/N1p5/8/1P3Q2/PBP1RPPP/R5K1 b - - 1 16,d7g4 f3g4 f6g4 a1e1 e7h4 e2e8,2151,83,86,377,advantage long middlegame quietMove,https://lichess.org/FN5mTMg8/black#32,Scotch_Game Scotch_Game_Scotch_Gambit
o7VpV,5Q2/1kp5/1pPp4/p2Pp1p1/3bP1P1/B7/PP1q3r/K1R5 b - - 0 30,b7a7 c1b1 a7a6 f8c8 a6b5 c8c7,2108,164,84,10,advantage endgame long quietMove,https://lichess.org/lWhBSUfd/black#60,
o7YGd,5rk1/3Q1pp1/p6r/4p1q1/P7/6P1/1P3P2/1R2R1K1 w - - 1 24,e1e4 g5h5 e4h4 h5g6 h4h6 g6b1,2159,98,80,28,crushing endgame long quietMove,https://lichess.org/DqY6nTqI#47,
o7cbX,8/8/8/3p1k1p/5P1P/4K3/8/8 w - - 2 68,e3f3 d5d4 f3g3 f5e4 f4f5 e4f5 g3f3 f5e5,2123,76,88,630,crushing defensiveMove endgame pawnEndgame quietMove veryLong zugzwang,https://lichess.org/KOvWJAFm#135,
o7dr6,8/8/7p/p4p2/P2k3P/3p1P2/1P1K4/8 w - - 1 42,b2b3 h6h5 f3f4 d4e4 b3b4 a5b4 a4a5 b4b3 a5a6 b3b2,2188,77,96,514,advancedPawn crushing endgame pawnEndgame quietMove veryLong,https://lichess.org/91lQgIkc#83,
o7gGL,8/8/8/2K1p3/1p3kPp/1P5P/8/8 w - - 1 42,c5b4 e5e4 g4g5 e4e3 b4c3 f4f3 g5g6 e3e2 c3d2 f3f2 g6g7 e2e1q,2199,144,29,10,advancedPawn crushing endgame pawnEndgame promotion quietMove veryLong,https://lichess.org/oMT7rpDt#83,
o8ZzN,5Q2/2k3K1/3p4/PP6/6q1/8/8/8 w - - 2 53,g7h8 g4c8 f8c8 c7c8 h8g7 d6d5 g7h6 d5d4 h6g5 d4d3 g5f4 d3d2,2140,78,89,294,advancedPawn crushing endgame queenEndgame quietMove veryLong,https://lichess.org/IRnBjCsH#105,
o93JD,7k/2pb4/5q1p/2pP2p1/1bB1QpP1/1P3P1P/6K1/5N2 b - - 1 34,c7c6 c4d3 h8g8 e4h7 g8f8 h7d7,2132,74,92,5209,crushing endgame exposedKing fork long quietMove,https://lichess.org/ccOv59TI/black#68,
o9A5L,8/2B2k2/2p3p1/2Pp1pK1/3P1P2/8/6nP/8 w - - 1 43,h2h4 g2e1 h4h5 e1f3 g5h6 g6h5 h6h5 f3d4,2131,76,85,140,crushing endgame quietMove veryLong,https://lichess.org/UBTmhXbC#85,
o9PvT,7k/p2p1Qp1/1pq1p2p/8/1PP5/6PK/P4R1P/4r3 b - - 4 31,e1e5 f7e8 h8h7 f2f8 e5h5 e8h5,2133,76,94,2040,clearance crushing endgame long quietMove,https://lichess.org/GCCJRBy0/black#62,
o9bm1,8/6p1/4p1p1/3pPpP1/3P1P1P/8/1k1KN1b1/8 b - - 0 48,g2f3 e2c3 b2b3 c3b5 b3c4 b5c7 c4d4 c7e6,2178,76,92,2051,crushing endgame quietMove veryLong,https://lichess.org/6BcNf4WJ/black#96,
oA6wF,2k4r/5p2/3bp2p/1p1p4/2qP1P2/2P3rP/1PQB2P1/4RRK1 w - - 0 27,e1a1 g3g2 g1g2 c4e2 g2h1 h8g8 f1g1 e2f3,2101,83,74,67,advantage attraction kingsideAttack middlegame quietMove sacrifice veryLong,https://lichess.org/Boi1uPI2#53,
oAP4N,8/8/1pb1pk1p/p3P3/5P2/1B2K3/P6P/8 b - - 0 36,f6f5 h2h3 f5g6 b3e6,2149,73,94,6193,bishopEndgame crushing endgame quietMove short,https://lichess.org/5zM0rhf8/black#72,
oBCgB,8/2p5/2p4p/p1k1p1p1/P3P1P1/2P2P1P/2K5/8 b - - 0 30,c5c4 c2d2 c4c5 d2d3 c5b6 d3c4 b6a7 c4c5 a7b7 c3c4 b7b8 c5c6,2174,79,86,795,crushing endgame pawnEndgame quietMove veryLong zugzwang,https://lichess.org/EkGExanM/black#60,
oC3cX,5B2/1R6/4k3/rp3p2/6p1/5nP1/5PKP/8 w - - 2 37,h2h4 a5a1 b7e7 e6d5,2194,83,82,46,crushing defensiveMove endgame quietMove short,https://lichess.org/EnuBKEtf#73,
oC4oT,8/5p1p/3p2p1/3Pk3/bN2P1PP/2p1K3/8/8 b - - 2 41,a4d7 g4g5 d7b5 b4c6 b5c6 d5c6 c3c2 e3d2 c2c1r d2c1,2141,76,86,162,crushing endgame quietMove veryLong,https://lichess.org/MJ2v1uCb/black#82,
oC6D1,8/2p5/1p2kPK1/pPb1p1P1/5r2/3P4/P7/7R b - - 6 50,f4f5 h1h8 f5f3 h8e8,2115,91,63,35,advantage endgame quietMove short,https://lichess.org/LpM0kdTw/black#100,
oC800,2rr3k/p4Qp1/2p1R2p/1p1n3P/8/P1P3q1/1P1B2P1/1K3R2 b - - 0 25,d8f8 f7f8 c8f8 f1f8 h8h7 e6e8 g3g6 h5g6,2174,75,88,408,crushing kingsideAttack middlegame quietMove veryLong,https://lichess.org/XsgJdivx/black#50,
oCFhv,8/5pk1/p1p1b3/2p3Pp/2Pp4/1P1P2P1/P7/4N2K w - - 0 40,h1g1 e6g4 e1g2 g7g6,2124,78,91,65,advantage endgame quietMove short,https://lichess.org/3FXs6q9K#79,
oCuID,8/4k2p/5p2/3Kp1P1/8/5PP1/8/8 b - - 0 46,e7f7 g5f6 f7f6 g3g4 h7h6 d5d6 h6h5 g4h5,2180,75,94,1391,crushing endgame pawnEndgame quietMove veryLong,https://lichess.org/ZiglAbBs/black#92,
oD6UY,1r2k3/7R/4pp2/3p4/2b3PP/2p5/2B3P1/7K b - - 0 36,b8d8 h4h5 c4b3 c2b3,2115,145,42,11,crushing endgame quietMove short,https://lichess.org/CNQ64BsT/black#72,
oDQpz,8/8/5qp1/8/4Q3/6K1/2k3P1/8 b - - 5 48,c2d2 e4f4 f6f4 g3f4 d2e2 g2g4 e2f2 g4g5,2128,77,96,2973,crushing defensiveMove endgame queenEndgame quietMove veryLong,https://lichess.org/n2AjkzhD/black#96,
oDTzh,rn2k2r/pp1b1ppp/4p3/q2p4/1b1PnB2/1QN1PN2/PP3PPP/2R1KB1R w Kkq - 7 11,f1d3 d7a4 f4c7 b7b6 b3b4 a5b4,2199,80,88,251,crushing long middlegame quietMove,https://lichess.org/Ff3JuS7B#21,Slav_Defense Slav_Defense_Exchange_Variation
oEdgM,4b3/1p2P3/2p1B3/p7/2P5/1k5P/6P1/6K1 w - - 0 38,g2g4 c6c5 e6f5 a5a4 g4g5 a4a3,2138,79,90,1072,bishopEndgame crushing endgame long quietMove,https://lichess.org/U1EFHStz#75,
oEfIm,r6k/pp4pp/8/8/4p3/1QPp3B/PP3qPP/R6K w - - 4 24,b3b7 a8f8 g2g3 e4e3,2136,81,87,149,crushing endgame quietMove short,https://lichess.org/DtXBXri3#47,
oEgms,8/8/2p1p3/1p4k1/p2p2P1/P2P2K1/1PP5/8 w - - 2 37,g3f3 c6c5 f3e4 g5g4 e4e5 g4f3,2152,91,46,40,crushing defensiveMove endgame long pawnEndgame quietMove,https://lichess.org/yaQxYmB6#73,
oFJjZ,8/6kp/p3b1p1/2P2pP1/1P3P2/P3K3/7P/8 b - - 1 45,e6d7 e3d4 h7h6 h2h4 h6g5 h4g5 g7f7 d4d5 f7e7 c5c6 d7e6 d5c5,2191,75,70,146,bishopEndgame crushing defensiveMove endgame master quietMove veryLong,https://lichess.org/K1f6vh5Z/black#90,
oFR71,5rk1/2p3p1/ppb2r1p/2q1pP1Q/4P1P1/2P4P/P1P4K/4RRN1 w - - 3 24,f1f3 g7g5 h3h4 c6e8 h5e8 f8e8,2190,81,96,97,advantage long middlegame quietMove trappedPiece,https://lichess.org/t4jYPfMI#47,
oFWiO,r2qr1k1/1p3pBp/4pPp1/p1bpn3/3N4/PP2Q3/2P3PP/R4R1K b - - 1 20,e5c6 f1f3 c5d4 e3h6,2167,123,54,13,crushing middlegame quietMove sacrifice short,https://lichess.org/WjpihS8W/black#40,
oFitA,3N3k/p4q2/1p3r1p/4Q1pb/4R3/2P5/PP3P2/6K1 b - - 4 40,f7f8 e4d4 h8g8 d8e6,2154,99,50,19,advantage endgame quietMove short,https://lichess.org/t90AgBES/black#80,
oFptG,8/8/4pKp1/4Pb2/4k1P1/7P/8/8 b - - 0 41,e4f4 g4f5 g6f5 f6e6 f4g5 h3h4 g5g4 h4h5 f5f4 h5h6,2177,133,88,34,crushing endgame master quietMove veryLong,https://lichess.org/JvQNTMXs/black#82,
oG4mV,8/1p6/7B/1P5p/2r1n1kP/4R3/r5K1/4R3 w - - 3 40,g2g1 e4g3 e3g3 g4g3,2166,84,90,728,crushing endgame master quietMove short,https://lichess.org/IWcZV9yF#79,
oG57b,6k1/2R4p/3N2p1/4p3/8/2P1b1PP/5r2/6K1 w - - 3 34,c7c8 f2f8 g1g2 f8c8 d6c8 e3c5 g2f3 g8f7 f3e4 f7e6,2197,80,85,359,crushing defensiveMove discoveredAttack endgame quietMove veryLong,https://lichess.org/pfRPIPee#67,
oGYeN,3B4/4p3/p2pPkp1/2pP4/3b1P1P/4p1P1/4K3/8 b - - 4 51,c5c4 g3g4 c4c3 e2d3,2186,76,83,270,bishopEndgame crushing endgame master quietMove short,https://lichess.org/HirfwDkL/black#102,
oHA0H,r4rk1/pp1n2pp/2p1b3/3pPp2/1P2nP2/P1N1q1P1/1B4BP/R2Q1R1K b - - 1 17,e4f2 f1f2 e3f2 c3a4 d7b6 b2d4 f2d4 d1d4,2135,79,56,57,advantage clearance middlegame quietMove sacrifice trappedPiece veryLong,https://lichess.org/KOtV0OlC/black#34,English_Opening English_Opening_Agincourt_Defense
oHy52,8/5k2/3P2p1/2K2p2/1P5p/8/8/8 b - - 2 54,f7e8 b4b5 h4h3 b5b6 h3h2 b6b7 h2h1q b7b8q,2186,77,92,107,advancedPawn crushing endgame pawnEndgame promotion quietMove veryLong,https://lichess.org/sIXz8lm4/black#108,
oIN6c,8/5p2/3n1k2/3P1p1p/Pp1K1P2/1P4P1/7P/8 b - - 1 46,d6e4 a4a5 f6e7 a5a6 e4d6 d4c5 d6c8 c5c6,2108,82,81,43,crushing defensiveMove endgame knightEndgame quietMove veryLong,https://lichess.org/adeODlV5/black#92,
oIbwQ,r2k3r/4b2p/4R3/3p1B2/pq1P1P2/5QP1/3P3P/7K b - - 3 30,a8a5 e6c6 b4b7 c6c8 b7c8 f5c8,2111,78,86,256,advantage exposedKing long master middlegame quietMove,https://lichess.org/Y5fcVA43/black#60,
oIf3c,r1n3k1/1rPN1p1p/6p1/1N6/P7/7P/2K5/4R3 b - - 2 37,c8b6 d7b6 b7b6 e1d1 b6c6 c2b3,2133,336,40,3,crushing defensiveMove endgame long master quietMove,https://lichess.org/nRTkuod7/black#74,
oIjmC,8/8/2p5/p1r5/P2pk3/1P1R4/2P5/2K5 b - - 8 42,c5c3 d3c3 d4c3 b3b4 a5b4 a4a5 c6c5 a5a6,2115,76,93,6313,crushing endgame quietMove rookEndgame veryLong,https://lichess.org/SRY6wbPo/black#84,
oIthg,8/1p2k3/4P3/5P1p/4K2b/5N2/8/8 b - - 1 40,h4f2 e4d5 h5h4 f3g5 h4h3 g5h3,2174,119,100,22,crushing endgame long quietMove,https://lichess.org/0iDSDpEr/black#80,
oJYPu,2k1B3/8/5p2/p7/4n2P/1p2P1P1/4KP2/8 w - - 0 39,e8g6 a5a4 g6e4 a4a3 e4d5 a3a2 d5b3 a2a1q,2139,73,95,7597,advancedPawn advantage endgame promotion quietMove sacrifice veryLong,https://lichess.org/TguZdONO#77,
oKPuM,5rk1/1R1b3p/8/p2p3p/8/b2BB3/5PP1/6K1 b - - 0 30,d7f5 e3d4 f8f7 b7f7 g8f7 d3f5,2193,75,94,7770,advantage capturingDefender endgame long master quietMove,https://lichess.org/uwkIVzdY/black#60,
oKaF5,r1br2k1/3n1ppp/p2Rp3/1p6/8/1B3N2/PPP2PPP/5RK1 b - - 1 15,c8b7 f1d1 b7f3 g2f3 a8a7 c2c4,2133,75,85,186,crushing long middlegame quietMove,https://lichess.org/i2WruMqX/black#30,Sicilian_Defense Sicilian_Defense_Scheveningen_Variation
oKprC,8/7p/8/1pk3P1/1p6/1K6/1P6/8 b - - 0 42,c5b6 b3b4 b6c6 b4a5 c6c5 b2b3 b5b4 a5a4 c5d4 a4b4,2167,79,66,78,crushing endgame pawnEndgame quietMove veryLong zugzwang,https://lichess.org/sqTmJRdr/black#84,
oKxAZ,6k1/pp2bppp/4p3/1P1p4/n2P2P1/P4PBP/2K1N3/8 b - - 0 28,a7a6 b5a6 b7a6 g3c7 e7a3 c2b3,2125,74,91,2989,advantage endgame long quietMove,https://lichess.org/HfPhEoLf/black#56,
oLC3r,r3kb1r/ppp2pp1/2np4/4p3/6P1/1P2P1q1/PBPP2B1/RN1Q1RK1 w kq - 0 13,d1e1 g3h2 g1f2 f8e7 f1h1 e7h4,2125,79,89,190,advantage long opening quietMove,https://lichess.org/0RcEfXCw#25,Nimzo-Larsen_Attack Nimzo-Larsen_Attack_Modern_Variation
oMAbx,8/p7/1bk2p1p/1R2pPp1/P2pK1P1/7P/8/8 w - - 3 41,b5d5 a7a6 a4a5 b6c7 d5d4 e5d4,2129,76,89,708,crushing endgame long quietMove,https://lichess.org/boiCvym1#81,
oMOfI,8/p7/7p/1p4p1/4K1P1/2k4P/2N5/8 w - - 2 42,c2e3 a7a5 e3d5 c3c4,2161,107,80,20,crushing defensiveMove endgame knightEndgame master quietMove short,https://lichess.org/v4nc3Xfj#83,
oMWyo,8/1p1b1p1p/pk2p1p1/3pP1P1/P2N1P1P/1PK5/8/8 b - - 2 31,b6c5 a4a5 b7b6 b3b4,2193,77,95,1975,endgame mate mateIn2 quietMove short,https://lichess.org/SXg5I6Ns/black#62,
oMxmN,k7/8/P5p1/1K5p/5BP1/5n2/8/8 w - - 0 47,g4g5 h5h4 b5c6 h4h3 c6d5 h3h2,2193,76,97,309,advancedPawn crushing endgame long quietMove,https://lichess.org/cBHMVjEM#93,
oN06o,8/8/pp1k2pp/3p4/PP1K1P2/6P1/7P/8 w - - 0 36,h2h4 h6h5 d4e3 a6a5 b4a5 b6a5,2173,77,90,719,crushing endgame long pawnEndgame quietMove zugzwang,https://lichess.org/gxViRZBN#71,
oNOgQ,8/p2prk2/2p5/P7/3R4/2p3P1/5PKP/8 w - - 0 41,h2h4 d7d5 d4d3 c3c2 d3c3 e7e2,2115,85,87,37,advancedPawn crushing endgame long quietMove rookEndgame,https://lichess.org/Vo2I9Vc0#81,
oNT2D,3r4/p1q1k1pp/3n1p2/4pP2/7Q/6PK/PP3R1P/3R4 w - - 0 30,h4h7 d6f7 d1d8 f7g5,2168,74,89,884,advantage endgame quietMove sacrifice short,https://lichess.org/D9UM5dII#59,
oNWep,4kbr1/p2rnNpp/2p1q3/1p6/Q3P1P1/2N4P/PPP5/R4RK1 w - - 0 21,a4a5 e7g6 f7g5 e6e5,2185,136,60,7,advantage middlegame quietMove short,https://lichess.org/ON30NSp9#41,
oNYDp,2rq1rk1/1p2pp2/p2p2pQ/3Nb3/P3P1P1/R7/1P3P1P/5RK1 b - - 0 21,e7e6 a3h3 f8e8 h6h7 g8f8 h3f3,2195,76,85,79,advantage long middlegame quietMove,https://lichess.org/cyY4Z5VJ/black#42,
oNdx7,8/6p1/8/8/8/5kP1/3K1P2/8 w - - 4 72,d2d3 g7g5 g3g4 f3f2 d3e4 f2g3 e4f5 g3h4,2116,74,87,676,crushing endgame master pawnEndgame quietMove veryLong zugzwang,https://lichess.org/utDsZQvj#143,
oNiXv,7k/p6p/1p6/3BP3/3p3r/P2K4/1PP5/8 b - - 1 35,h4f4 e5e6 f4f8 d5c6 h8g7 e6e7,2107,75,97,462,advancedPawn crushing endgame long quietMove,https://lichess.org/a4pDYzt3/black#70,
oNknq,6k1/p1p1r1p1/4pbQp/3q4/2nPN3/7P/P5P1/4R1BK b - - 7 36,f6d4 g1d4 d5d4 e1f1 c4d6 e4f6 d4f6 f1f6,2169,110,71,18,crushing middlegame pin quietMove veryLong,https://lichess.org/jj0vshg9/black#72,
oO6tP,6k1/1prqbP2/p6p/8/bP6/P2pP1P1/B3QP2/4R1K1 b - - 0 32,g8f8 e2b2 e7f6 b2f6,2184,76,95,286,crushing middlegame quietMove short,https://lichess.org/b2UDM6Xs/black#64,
oO9zd,8/1p6/2k2p2/Pp1p1P1p/3P3P/3KP3/8/8 w - - 13 47,e3e4 d5e4 d3e4 b5b4 d4d5 c6c5 d5d6 c5d6,2148,75,88,296,crushing endgame master pawnEndgame quietMove veryLong,https://lichess.org/xY7l8EOt#93,
oOVEd,6Q1/8/pb3q1k/1p3p1p/5P2/P1P3PK/1P2r2P/3R4 b - - 3 33,h5h4 d1d7 e2e7 g8g5 f6g5 f4g5 h6g5 d7e7,2180,76,95,2776,crushing endgame exposedKing quietMove veryLong,https://lichess.org/r0UbeAPe/black#66,
oOku1,8/8/7k/1R5P/1P2K3/P5p1/5r2/8 w - - 0 50,b5c5 g3g2 c5c6 h6h5 c6c8 f2f6 c8c1 f6f1,2116,90,78,36,advancedPawn crushing endgame quietMove rookEndgame veryLong,https://lichess.org/Sl8hY2Jk#99,
oPfWk,8/R7/8/1b5p/5p1P/2k5/3p4/3K4 w - - 4 53,a7a5 b5c4 a5a3 c4b3 a3b3 c3b3 d1d2 b3c4,2161,80,65,63,crushing defensiveMove endgame exposedKing quietMove veryLong,https://lichess.org/teuPGjrx#105,
oPnhU,4rrk1/pp3ppp/2p1q3/8/4R1R1/3P2P1/2PQ3P/6K1 b - - 5 26,e6d5 d2h6 g7g6 g4h4 d5h5 h4h5,2115,76,92,1406,advantage endgame long pin quietMove,https://lichess.org/l6jwbMwP/black#52,
oQlAN,r4r2/p4p1k/2p1pPpp/3p4/7Q/7R/P2q1PPP/5RK1 b - - 3 26,a8b8 f2f4 h6h5 h4g5 h7g8 h3h5 d2d4 g1h1 d4f6 g5f6,2153,75,92,284,crushing discoveredAttack endgame pin quietMove veryLong,https://lichess.org/KiAAgW7o/black#52,
oQrDM,5k2/2pR4/1pP5/1n6/5P2/p7/6PP/6K1 w - - 0 40,d7d5 a3a2 d5d1 b5c3 d1a1 b6b5 g1f1 b5b4 a1a2 c3a2,2123,81,80,40,advancedPawn crushing endgame quietMove veryLong,https://lichess.org/GeZDtIRM#79,
oRDdo,5rk1/2P5/qP1p3p/3P2p1/5r2/p1B1p2P/Q5P1/4R1K1 b - - 0 44,a6b6 a2c2 e3e2 g1h2,2181,78,91,1920,crushing defensiveMove endgame quietMove short,https://lichess.org/QYuJXUVm/black#88,
oRNuI,8/8/6P1/8/8/6K1/pkr5/R7 w - - 1 54,g6g7 c2c8 a1f1 a2a1q f1a1 b2a1 g3g4 c8g8 g4f5 g8g7,2183,81,91,316,advancedPawn crushing endgame promotion quietMove rookEndgame veryLong,https://lichess.org/CYP6vTAG#107,
oRU28,8/r3bk2/1q2p1p1/p2rP2p/3PQ2P/P3B3/6P1/5R1K b - - 1 28,f7g7 e4f4 e7a3 f4h6 g7g8 h6g6 a7g7 g6e8,2189,214,42,8,crushing deflection middlegame quietMove veryLong,https://lichess.org/HOo4IROs/black#56,
oRW8H,2rr2k1/p4p2/1p3Qp1/q2b4/2BP4/1P3P2/PB4PP/3R2K1 b - - 0 25,a5a2 b2c1 d8d6 f6d6,2148,78,90,839,crushing middlegame quietMove short,https://lichess.org/9onfuu4p/black#50,
oRYS4,r6r/b1pbk1p1/p4p1p/Pp2R1BQ/1P6/2Pq4/5PPP/R5K1 b - - 0 23,e7d6 g5f4 g7g6 a1e1 a7f2 g1f2 d3d2 f4d2,2151,170,33,16,crushing middlegame quietMove veryLong,https://lichess.org/VZKD1Jk7/black#46,
oRyjP,8/8/7p/1k2p3/4KpPP/8/8/8 b - - 2 50,b5c6 g4g5 h6g5 h4h5 g5g4 h5h6 g4g3 e4f3 e5e4 f3g2 e4e3 g2f3 c6d5 h6h7 e3e2 f3e2,2194,77,91,574,advancedPawn crushing defensiveMove endgame pawnEndgame quietMove veryLong,https://lichess.org/SeJzGWqx/black#100,
oSJxE,8/3r4/2R5/6P1/4p3/1kpp2R1/5P2/2K5 w - - 0 55,c1d1 d7a7 c6b6 b3c4,2194,75,81,53,crushing defensiveMove endgame quietMove rookEndgame short,https://lichess.org/cEOdITF1#109,
oScJu,5rk1/6pp/p1R5/1p6/1P2p3/P5PP/5PK1/8 b - - 1 33,f8f6 c6f6 g7f6 g3g4 g8f7 g2g3 f7e6 g3f4,2132,79,92,2351,crushing endgame quietMove rookEndgame veryLong,https://lichess.org/IFul3I0B/black#66,
oSgmy,4rrk1/p2pq1p1/1p1bpp1p/8/1nP3Q1/1P3N2/1B3PPP/3RR1K1 b - - 1 22,e6e5 f3h4 f6f5 h4f5 f8f5 g4f5,2165,75,86,118,advantage long middlegame quietMove,https://lichess.org/9LJDMgDk/black#44,
oT3RJ,r1bqr1k1/p3b1np/2p1p1pB/3p1pP1/2pP4/2N1PPQN/PPP4P/R3K2R w KQ - 0 17,g3e5 g7h5 h3f4 e7d6 e5d6 d8d6,2113,74,95,9144,crushing long middlegame quietMove trappedPiece,https://lichess.org/afXc8hKs#33,Dutch_Defense Dutch_Defense_Other_variations
oTKSM,1r5k/6p1/p2p2B1/4p3/4R3/2q4P/2P3P1/2KR4 b - - 1 30,b8b2 e4h4 h8g8 d1f1 b2c2 g6c2,2195,78,91,1471,advantage endgame long quietMove,https://lichess.org/F2pAkQ67/black#60,
oTy3t,8/5ppk/pP5p/bpPp4/3P4/4P2P/5KP1/8 b - - 2 36,h7g6 e3e4 d5e4 d4d5 a5b4 c5c6,2190,96,83,24,advantage bishopEndgame endgame long quietMove,https://lichess.org/uqggzNVk/black#72,
oUSXK,8/8/8/R3p1p1/1r3kP1/1p3P2/1P2K3/8 w - - 0 48,a5d5 b4c4 d5d3 c4c2 e2d1 c2b2,2127,77,86,371,crushing endgame long quietMove rookEndgame,https://lichess.org/f8WpRS5y#95,
oUaYD,8/1p1Bnpk1/p6p/3p3K/3P1P1P/8/PP6/8 w - - 1 35,f4f5 e7g8 h5g4 g8f6 g4f3 f6d7,2120,75,86,232,crushing endgame fork long master quietMove,https://lichess.org/CJmk4Swk#69,
oV10S,r4rk1/ppp3p1/2n5/8/2PpNq2/P2Pn3/1P2Q3/1K4RR b - - 7 26,c6e5 e2h5 e5g4 e4g5 f4g5 h5g5,2166,83,84,45,crushing long middlegame quietMove,https://lichess.org/pP9Ocl1M/black#52,
oVG9x,8/p3q2k/1p1n2bn/2PPp1p1/4P3/3B3P/PP3Q2/1K3R2 b - - 0 35,d6e4 f2c2 e4c5 d3g6,2181,82,84,209,crushing master middlegame quietMove short,https://lichess.org/xi5Ne0Oc/black#70,
oVLqw,2R5/8/7P/3k4/7P/3bP3/2p2P2/6K1 w - - 0 48,f2f3 d3c4 e3e4 d5d4 g1f2 c2c1q c8d8 d4e5,2112,85,79,36,advancedPawn crushing defensiveMove endgame promotion quietMove veryLong,https://lichess.org/1RezjD9C#95,
oVMEJ,3r4/pp3qkp/2p2pp1/4p3/P6Q/2P3PP/3r2BK/2B2R2 b - - 5 31,d2c2 c1h6 g7g8 f1f6 f7d5 f6f3 c2g2 h2g2,2161,76,87,593,advantage deflection middlegame quietMove veryLong,https://lichess.org/YXMkArKc/black#62,
oVne3,8/1P3ppk/2N4p/3P4/8/6P1/5PKP/q7 b - - 1 34,a1d1 c6b4 d1e2 b7b8q,2145,72,93,9558,advancedPawn crushing endgame promotion quietMove short,https://lichess.org/ALtr7mGK/black#68,
oVtUK,3r3k/4b2p/pp4p1/2p2R2/4pP2/1PP1B3/P4KPP/8 w - - 0 31,f5f7 d8d7 g2g3 h8g8 f7e7 d7e7,2109,96,57,25,crushing endgame long quietMove trappedPiece,https://lichess.org/wCi3mAH9#61,
oWNsI,2k5/ppp4p/5n2/8/1qP4r/3PPQ2/P1P1KP2/R7 b - - 2 24,f6d7 a1g1 b4f8 f3f8 d7f8 g1g8 c8d7 g8f8,2159,80,87,255,advantage endgame pin quietMove veryLong,https://lichess.org/VM4jvmdA/black#48,
oWttJ,r3kb1r/pp2nppp/1qb1p3/3pP3/P2N4/2P1B3/1P3PPP/RN1QK2R b KQkq - 0 10,b6b2 d4b3 d5d4 e3c1 b2a1 b3a1,2135,77,85,88,advantage long opening quietMove trappedPiece,https://lichess.org/ELhErscc/black#20,French_Defense French_Defense_Advance_Variation
oWw2S,8/5k2/4p3/2r1N1P1/P4K2/1P6/8/8 b - - 2 49,f7g7 b3b4 c5c3 a4a5 c3b3 e5c6,2179,76,92,1069,crushing defensiveMove endgame long quietMove,https://lichess.org/6XfqC7ju/black#98,
oXIm0,2r2k2/R3p3/4P3/4P1p1/2p3P1/P1Kp4/8/8 w - - 3 48,a3a4 c8d8 a7d7 f8e8,2136,76,92,2734,crushing endgame quietMove rookEndgame short,https://lichess.org/mrHAaWbz#95,
oXpTs,6k1/6p1/p4b1p/1p2Np1Q/1P1p1P2/P2P2PK/q1r4P/4R3 w - - 7 30,e1h1 f6e5 h5e8 g8h7 e8e5 a2f7 g3g4 f5g4,2126,81,86,46,crushing endgame quietMove veryLong,https://lichess.org/gkRUOHSF#59,
oXvm4,8/pp6/4k2p/2p5/P3K1PP/8/P7/8 b - - 0 35,a7a6 a4a5 c5c4 e4d4 c4c3 d4c3,2107,76,91,3567,crushing endgame long pawnEndgame quietMove,https://lichess.org/SCb8BbQC/black#70,
oYD8c,6k1/1pqn1p1p/p2p4/P1p2PB1/2Qbr1P1/7P/1PP3K1/R4R2 w - - 0 25,a1e1 c7c6 e1e4 c6e4,2161,76,91,204,advantage master middlegame quietMove short,https://lichess.org/Hfnh4tjW#49,
oYXGN,1q4k1/5pp1/3bp2p/2Np4/RP1P4/3Q2P1/1r3PP1/6K1 w - - 0 30,d3c3 b2b1 g1h2 b8d8 f2f4 d6f4 g3f4 d8h4 c3h3 h4f4 h3g3 b1h1 h2h1 f4g3,2141,74,93,3694,crushing deflection endgame quietMove sacrifice veryLong,https://lichess.org/7byrGS7u#59,
oZ7wb,8/8/4kb2/pp2pN2/2p1Pp1p/P1K2P1P/1P4P1/8 b - - 1 38,f6e7 f5e7 e6e7 a3a4 e7d6 a4b5 d6c5 b5b6 c5b6 c3c4 b6c6 b2b3 c6b6 c4d5,2131,79,90,1206,crushing deflection endgame quietMove veryLong zugzwang,https://lichess.org/UrZKLVfj/black#76,
oZTvj,4r1k1/2Q2p1p/6p1/2pq4/7P/rPPB1NP1/2P5/1K3R2 w - - 0 28,d3c4 e8a8 c7f7 d5f7,2149,112,77,23,advantage middlegame quietMove short,https://lichess.org/ff0eFg5v#55,
oZi7E,4r1k1/5p1p/3Bp1pQ/p4q2/2pP4/2PbPPR1/Pr3P1P/6RK b - - 9 27,b2f2 g3h3 f5h3 h6h3,2127,81,79,32,crushing middlegame quietMove short,https://lichess.org/c6ftRAuX/black#54,
oaKI2,1rb2r1k/p3q1p1/1p2p3/8/4B3/3Q1N2/PP3PPP/2R3K1 b - - 2 21,f8d8 f3e5 d8d3 e5g6 h8g8 g6e7,2136,77,81,84,crushing fork long middlegame quietMove sacrifice,https://lichess.org/NkE27cKP/black#42,
oaLUM,8/5Bb1/1kp3P1/1p1p4/1P1PrPP1/8/5K2/R7 w - - 2 42,f4f5 g7d4 f2f3 d4a1 g4g5 a1e5 f5f6 e4f4,2168,84,86,35,crushing endgame fork quietMove veryLong,https://lichess.org/3VZpk07K#83,
oaPyT,3r1r1k/ppq2ppb/3b3p/2ppN2Q/3P4/2P4P/PP3PP1/R1B1R1K1 w - - 0 19,c1f4 f7f6 e5g6 h7g6 f4d6 c7f7 h5g6 f7g6,2181,77,93,5312,advantage master masterVsMaster middlegame quietMove veryLong,https://lichess.org/WFyprL1I#37,Alekhine_Defense Alekhine_Defense_Modern_Variation
oaiWf,8/8/5kp1/2K1p3/5p2/5P2/6PP/8 b - - 0 45,f6f5 c5d5 g6g5 h2h3 f5f6 d5d6,2103,87,60,47,crushing endgame long pawnEndgame quietMove zugzwang,https://lichess.org/bhPR0cPO/black#90,
oapxe,5b2/6p1/4P3/1p1N3p/1P1P1Pk1/3K4/8/8 w - - 0 50,d5e3 g4f4 e3d5 f4f3 e6e7 f8e7 d5e7 h5h4 d4d5 h4h3 d5d6 h3h2,2111,81,100,42,advancedPawn advantage endgame quietMove veryLong,https://lichess.org/xnNUGi0H#99,
oavIt,8/8/4p3/2R2p2/PPk3p1/2r3P1/2P5/2K5 b - - 2 41,c4b4 c5c3 b4c3 a4a5 f5f4 c1d1,2168,75,94,2309,crushing defensiveMove endgame long quietMove rookEndgame,https://lichess.org/b7KZ4MDb/black#82,
obZew,8/8/2K1p1p1/2Rr3p/1P3k1P/8/8/8 b - - 1 41,d5c5 c6c5 g6g5 b4b5 g5g4 b5b6 g4g3 b6b7,2100,80,88,369,advancedPawn crushing endgame quietMove veryLong,https://lichess.org/ec0gsG3N/black#82,
obi1D,5rk1/1p2p1n1/3p2rq/1NpP4/2P1P3/pP6/P5QP/1R3R1K w - - 7 36,g2e2 f8f1 b1f1 g7h5 f1g1 h5g3 g1g3 g6g3,2156,78,84,85,crushing kingsideAttack middlegame pin quietMove veryLong,https://lichess.org/0dKKheBr#71,
oblM0,8/6p1/2p5/1p5p/pK1kN2P/5PP1/8/8 w - - 4 54,e4g5 c6c5 b4a3 c5c4 a3b4 c4c3,2123,76,90,350,crushing endgame knightEndgame long quietMove,https://lichess.org/buPaNnLF#107,
obrLO,4rr1k/6pp/p5n1/1p1p1n2/PP1P4/1B2BPPq/3Q3P/2R2RK1 w - - 3 27,e3f2 f5h4 g3h4 g6f4 f2e3 e8e3,2111,75,92,509,crushing long middlegame quietMove sacrifice,https://lichess.org/VjMSTzH2#53,
ocFnR,8/5p1B/7p/2pk4/P6P/5q2/1P1Qb3/1K6 b - - 1 33,d5c4 h7c2 f3f1 b1a2,2186,87,76,29,crushing defensiveMove endgame quietMove short,https://lichess.org/gXQAQgbk/black#66,
ocJBD,2r5/2P5/8/1pR1p3/1P2kp2/2P4p/5P1K/8 w - - 0 50,h2h3 e4f3 h3h4 e5e4 c5f5 c8c7,2127,74,92,1628,advantage endgame long master masterVsMaster quietMove rookEndgame,https://lichess.org/SU7KdMrY#99,
ocOCI,1q4k1/pp4pp/8/4pp2/8/P7/1P1R1PK1/4R3 b - - 0 37,f5f4 e1d1 g8f7 d2d8 b8d8 d1d8,2163,74,92,1872,crushing endgame long queenRookEndgame quietMove,https://lichess.org/hidSfeTw/black#74,
ocXqm,7r/5R1p/2R3n1/2Pp3k/4r3/6P1/4nPPK/8 b - - 0 39,g6e5 f7f5 h5g4 c6f6 e2d4 f2f3 d4f3 g2f3 e5f3 f5f3,2148,188,63,13,endgame equality fork quietMove veryLong,https://lichess.org/tavZ3eSG/black#78,
oct1U,8/3k4/1pp3p1/5p1p/7P/6P1/5KB1/8 b - - 1 46,c6c5 g2f1 d7c6 f1c4 b6b5 c4f7,2184,114,78,19,bishopEndgame crushing endgame long quietMove,https://lichess.org/reno3rW1/black#92,
od0zV,2k5/Qp3p2/2p1ppq1/8/2Pr4/6P1/5P2/5RK1 b - - 0 33,d4c4 f1d1 c8c7 a7a5,2113,77,90,119,crushing endgame quietMove short,https://lichess.org/MYHSSciG/black#66,
odOt6,7Q/5r2/8/8/4K3/8/2p5/1k6 w - - 0 52,h8g8 f7b7 g8g6 c2c1q,2110,165,87,13,advancedPawn crushing endgame master promotion queenRookEndgame quietMove short,https://lichess.org/N8AJVpKV#103,
odrIl,8/ppp1k3/5p2/4p1p1/qPP4p/P4P1P/1K2B1P1/4R3 b - - 2 36,a7a5 b4b5 c7c6 e1c1 c6b5 e2d1 a4c4 c1c4,2134,84,83,34,advantage endgame quietMove trappedPiece veryLong,https://lichess.org/wM6bdM6m/black#72,
oenUv,2Q5/2p3pk/p4r2/1p3p2/3P1P1q/2P2R1P/PP4K1/8 w - - 0 36,c8c7 f6g6 g2f1 g6e6 c7e5 e6e5,2114,82,86,57,advantage endgame long quietMove,https://lichess.org/A9Ae9gZD#71,
og0qa,R7/2B5/4p3/n7/k1p1KPP1/2r5/p7/8 b - - 3 52,c3a3 a8a5 a4b4 a5a3 b4a3 c7e5 a3b3 e5a1,2135,75,95,1368,crushing defensiveMove endgame quietMove veryLong,https://lichess.org/idt67dgr/black#104,
ogNS9,8/5ppk/r6p/P5r1/8/5P2/3R1P1K/R7 w - - 5 46,d2a2 a6g6 a2a4 g5h5 a4h4 h5h4,2169,74,94,4820,endgame exposedKing long mate mateIn3 quietMove rookEndgame,https://lichess.org/p8YzCocF#91,
ogjlp,3r1k2/5ppp/3P4/1p1R4/1P2P3/2p5/5PPP/6K1 w - - 0 31,e4e5 c3c2 d5c5 d8a8 f2f4 a8a1,2101,75,83,128,advancedPawn crushing endgame long quietMove rookEndgame,https://lichess.org/gla7D5az#61,
oh0l9,8/5rp1/1B1P4/2P5/8/4pk2/P6P/4K3 b - - 3 44,f7d7 b6c7 d7f7 c5c6 f7f6 d6d7,2164,80,91,770,advancedPawn crushing endgame long quietMove,https://lichess.org/pRAhinpn/black#88,
ohZOn,1r6/8/5p2/5P2/3N2r1/7k/1p3R2/1R5K b - - 1 49,g4d4 b1g1 d4d2 f2d2 b2b1q d2h2,2190,75,95,9024,endgame long mate mateIn3 quietMove rookEndgame,https://lichess.org/G9oja4k4/black#98,
ohbMG,n2r4/1p1k1p2/P1p3p1/1N1pP1p1/3P4/1P5q/Q2B1P2/2R3K1 w - - 0 31,c1c3 h3g4 c3g3 g4d1 g1g2 d8h8 d2e1 d1e1 g3h3 h8h3,2162,96,79,23,advantage kingsideAttack middlegame quietMove veryLong,https://lichess.org/cVgjTv4n#61,
ohfaI,8/p3np2/1p6/1Pp3p1/P2pP2r/3PkPK1/8/2N2R2 b - - 0 37,h4f4 f1f2 e7f5 e4f5 f4f3 f2f3,2175,77,91,1651,crushing endgame long quietMove,https://lichess.org/t1LGdfHK/black#74,
ohz2X,4brk1/p6p/3pRP2/q1p5/6R1/3N3P/P5P1/7K b - - 2 33,g8f7 d3f4 f8g8 e6e7 f7f6 f4d5,2121,86,100,27,advantage endgame exposedKing long quietMove,https://lichess.org/nyL4zQjD/black#66,
ohzEc,8/8/p3p2p/1p4p1/6P1/PkPK1P1P/8/8 b - - 4 47,b3a4 f3f4 g5f4 h3h4 a4a3 g4g5,2170,75,84,242,crushing endgame long pawnEndgame quietMove sacrifice,https://lichess.org/Nvq4RbqB/black#94,
oi4q8,8/2b3k1/2P1N3/pK6/5p1p/8/6P1/8 b - - 1 51,g7h7 e6c7 f4f3 g2f3 h4h3 c7e6 h3h2 c6c7 h2h1q c7c8q,2142,76,88,168,advancedPawn crushing endgame hangingPiece promotion quietMove veryLong,https://lichess.org/beSSKWmo/black#102,
oiB6U,8/1p1k4/p1p2P2/8/2P2K2/8/7P/8 b - - 2 43,d7e6 f4g5 e6f7 h2h4 b7b5 c4b5 c6b5 h4h5 b5b4 h5h6 b4b3 h6h7 b3b2 h7h8q,2121,75,86,145,advancedPawn crushing endgame pawnEndgame promotion quietMove veryLong,https://lichess.org/tKIqlyvo/black#86,
oiRHD,2R5/p3rk1p/1pR2p2/8/5Pp1/1P1r2P1/5P1P/5K2 w - - 1 40,b3b4 d3d1 f1g2 e7e1 c6c7 f7g6 c8g8 g6f5 g8g4 f5g4,2180,85,81,40,crushing endgame quietMove rookEndgame veryLong,https://lichess.org/YgVyyKkt#79,
ojAd0,3r1b1r/k1p1qp2/p1Qp1p1p/1P1Pp3/2P1n3/P4N2/5PPP/2R2RK1 b - - 0 19,a6b5 c4b5 e4c5 c1c5 d6c5 c6a6 a7b8 b5b6 c7b6 a6b6 b8c8 f1b1 e7c7 b6a6 c8d7 b1b7,2121,86,70,34,advantage clearance exposedKing middlegame pin quietMove veryLong,https://lichess.org/5rdkmSMA/black#38,Ruy_Lopez Ruy_Lopez_Steinitz_Defense
ojBMX,1r4k1/pbp2ppp/2p5/2P1q3/4B3/8/P1PQ1PPP/5RK1 w - - 1 18,d2d7 e5e4 d7c7 e4e8 f1b1 e8d8,2135,75,90,772,advantage endgame long quietMove,https://lichess.org/oBAtCjsZ#35,Four_Knights_Game Four_Knights_Game_Scotch_Variation_Accepted
ojErf,4k1r1/p1p2p2/2p1r3/8/6P1/2P1Nb2/PP3P2/3RR1K1 w - - 1 28,d1d4 g8h8 d4d8 e8d8,2145,86,86,43,crushing endgame quietMove short,https://lichess.org/Hk265uE8#55,
ojIzu,7r/R2pk2p/b2q1p2/3BnQp1/4P1P1/7P/5PK1/1N6 w - - 2 38,a7a8 e5g6 f5g6 h7g6,2172,84,84,47,crushing middlegame quietMove short,https://lichess.org/U3VgpzvC#75,
ojJS1,r6r/3b2k1/p2p3n/1p2n2Q/5p1R/2P3P1/PP3P1P/R5K1 w - - 0 31,a1d1 h6f7 h5e2 h8h4,2153,80,80,88,advantage discoveredAttack middlegame quietMove short,https://lichess.org/igrxl3CP#61,
ojK7F,8/6k1/8/p7/6PP/1pN2K2/1n6/8 w - - 0 42,f3f4 a5a4 c3b5 b2c4,2151,76,87,77,crushing defensiveMove endgame knightEndgame quietMove short,https://lichess.org/A5q4W6Uv#83,
ok4yn,8/p7/3P2pk/4P1p1/8/3r4/6Kp/2R5 b - - 0 45,d3d5 c1e1 h6g7 e5e6,2115,93,72,28,crushing endgame quietMove rookEndgame short,https://lichess.org/iRK14dwd/black#90,
okJPu,8/4q2p/6pk/p4p2/2Q4b/1P1P3P/P1R3P1/5R1K w - - 3 32,f1f4 e7e1 f4f1 e1f1 h1h2 f5f4 c4f4 f1f4,2128,77,90,1399,crushing endgame quietMove veryLong,https://lichess.org/YC9Gd7YQ#63,
okJaB,6k1/p6p/1p1b1rp1/3p1b2/3P3n/P1PQ1p1q/1PBB1R1N/6RK w - - 3 28,d3f1 h4g2 g1g2 f3g2 f1g2 h3g2 f2g2 f5c2 d2g5 f6f5,2113,80,78,56,advancedPawn advantage exposedKing fork middlegame quietMove veryLong,https://lichess.org/Q7q5kDLi#55,
okaYA,8/2k2Np1/5p2/4P3/2P4p/3PKP1P/6r1/8 b - - 0 32,g2g3 e5e6 g3h3 d3d4 h3h1 d4d5,2105,77,85,251,crushing defensiveMove endgame long quietMove,https://lichess.org/9O9wkYTT/black#64,
okibA,8/5p2/5p1k/4pP1p/2P5/7K/6P1/8 b - - 0 44,e5e4 c4c5 h6g5 c5c6 e4e3 h3g3 g5f5 c6c7,2161,97,96,28,advancedPawn crushing endgame pawnEndgame quietMove veryLong,https://lichess.org/24WHRXO3/black#88,
olPZY,2r3k1/pp3p1p/3ppPp1/8/4P2P/2PPQ3/1q4P1/2R4K b - - 0 25,c8c3 c1f1 g8f8 e3h6 f8e8 h6h7 c3c1 h7g8 e8d7 g8f7,2113,111,78,33,advantage deflection endgame quietMove veryLong,https://lichess.org/Q0ZrsXrY/black#50,
olU34,8/1R1p4/4p3/p7/P3KP2/1P1r4/2k5/8 w - - 5 39,b7b5 d7d5 e4e5 d3e3 e5f6 d5d4 b5c5 c2b3 c5a5 d4d3,2155,82,85,243,crushing endgame quietMove rookEndgame veryLong,https://lichess.org/qo883D8z#77,
oltDx,4R3/2p2q1k/p5p1/1p5p/4Qn2/8/PP4KP/8 w - - 3 40,g2h1 f4e6 h1g1 f7e8,2150,76,93,7670,crushing endgame interference quietMove short,https://lichess.org/NorvjSPz#79,
om1Lz,R7/5pk1/6p1/2q2rPp/2p1rP1P/3bP3/1Q4K1/4R3 b - - 5 48,c4c3 b2b8 e4e8 b8e8 d3e4 e8e4,2173,79,87,168,crushing long middlegame quietMove,https://lichess.org/6eDs740G/black#96,
omA3B,8/2r2p2/1p1k4/3Pp1p1/4KpP1/5P1P/2R5/8 w - - 0 50,c2c7 d6c7 e4e5 b6b5 d5d6 c7c6,2195,79,88,354,crushing endgame long quietMove,https://lichess.org/ywPhixYJ#99,
omhID,8/7p/5p2/p1p5/Pp4k1/1P2K3/2P2PP1/8 w - - 0 33,e3e4 f6f5 e4d5 f5f4 d5c5 f4f3,2114,75,95,2080,advantage endgame long pawnEndgame quietMove,https://lichess.org/yeDxPYRN#65,
omvnR,8/6pp/8/8/pK3PP1/8/7P/1k6 b - - 2 43,b1c2 f4f5 h7h6 h2h4 a4a3 b4a3,2196,77,92,1870,crushing endgame long pawnEndgame quietMove,https://lichess.org/EtMThweP/black#86,
on2pi,8/8/1kp3Q1/p2p4/1q1P4/4P1P1/3K4/8 w - - 10 37,d2e2 a5a4 g6c2 a4a3,2171,87,90,292,crushing endgame master queenEndgame quietMove short,https://lichess.org/hGwA1ALA#73,
on52N,6k1/6pp/p2pr3/8/3N4/7P/PP1RnrPK/1R6 b - - 3 33,e6g6 b1g1 e2g1 d2f2,2173,83,92,813,advantage endgame quietMove short,https://lichess.org/xgTUtQ6J/black#66,
onjFE,6R1/8/2P4p/3N1pp1/4n2k/7P/2r3P1/6K1 w - - 0 46,c6c7 c2c1 g1h2 e4g3 c7c8q c1h1,2156,82,90,93,endgame long mate mateIn3 quietMove,https://lichess.org/susvSy71#91,
onoJk,8/p6p/2p5/2P2p2/PK2k2P/4P3/1P6/8 w - - 1 40,b4c4 e4e3 b2b4 f5f4 b4b5 f4f3 b5c6 f3f2 c6c7 f2f1q,2100,76,88,129,advancedPawn crushing endgame pawnEndgame promotion quietMove veryLong,https://lichess.org/Rx8q9cey#79,
onvz4,r1b3k1/1pq2pp1/p1n2n1p/2bp4/8/P1NBPN1P/1PP1Q1P1/3R1R1K w - - 2 18,e3e4 f6h5 e2e1 h5g3 e1g3 c7g3,2146,87,76,46,advantage fork long middlegame quietMove,https://lichess.org/UUHXM6An#35,Russian_Game Russian_Game_French_Attack
ooG17,8/8/6p1/p1p1k1p1/8/1PP1PK2/P7/8 b - - 0 38,e5f5 a2a3 g5g4 f3g3 f5e4 b3b4 a5b4 a3b4 c5b4 c3b4,2198,75,98,83,crushing defensiveMove endgame pawnEndgame quietMove veryLong,https://lichess.org/SgWLp3SG/black#76,
oobxS,1k3r2/bp6/p1ppB3/P3p3/1P1PP1p1/2P1QbPq/8/1R3RK1 w - - 2 35,f1f3 f8h8 f3f8 h8f8,2117,99,72,31,crushing middlegame quietMove short,https://lichess.org/cEW3IgWz#69,
ooqbY,3r1r2/k5p1/Ppp4q/2p1P3/4Q1p1/1PP2N2/4BPP1/R5K1 w - - 0 26,f3h2 f8h8 g1f1 h6h2,2122,121,78,11,crushing middlegame quietMove short,https://lichess.org/oCh4DY5h#51,
op28s,8/5pp1/4p3/p2pP2p/1k1P4/1P2P2P/1PK3P1/8 w - - 0 34,g2g4 h5g4 h3g4 g7g5 c2b1 b4b3,2156,77,90,679,crushing endgame long pawnEndgame quietMove zugzwang,https://lichess.org/e3s5LdPN#67,
op5gZ,3r1q1k/p2nNpp1/1p2p2p/8/nPP4Q/P4N2/5PPP/4R1K1 w - - 2 24,e1d1 d7f6 d1d8 f8d8,2121,78,90,569,advantage middlegame quietMove short,https://lichess.org/vFz5qpGi#47,
opC5Z,8/8/1KP5/8/5k2/3n4/5pB1/8 b - - 1 54,d3e5 c6c7 e5c4 b6c5 c4e3 g2h3 f2f1q h3f1,2126,76,90,1593,advancedPawn crushing defensiveMove endgame quietMove veryLong,https://lichess.org/Tyb2UHdc/black#108,
optSY,5b2/p1Q3k1/4p2p/1q1p2p1/3P4/4PB1P/6P1/6K1 b - - 1 38,g7f6 f3h5 b5b1 g1h2,2178,91,76,35,crushing defensiveMove endgame quietMove short,https://lichess.org/PAGFQAjp/black#76,
optwY,2k5/1pp2R2/8/b5p1/P6p/4p1rP/4R1PK/8 w - - 0 37,f7f3 g3f3 g2f3 a5d2 e2g2 c7c5,2167,79,90,189,crushing defensiveMove endgame long quietMove,https://lichess.org/LgXrxsYX#73,
or1So,r4q1k/ppp4p/3b2p1/3Q1P1n/8/3B3P/PPP3P1/R2R2K1 w - - 1 22,f5g6 d6c5 g1h1 h5g3 h1h2 f8f4 d5c5 g3e4 h2h1 e4c5,2181,76,87,155,advantage discoveredAttack middlegame quietMove sacrifice veryLong,https://lichess.org/hkXgPB7K#43,
orHnn,r1b2rk1/4q1b1/p3p2p/2NpN1p1/3P4/2P3P1/P1Q3PP/1R3RK1 b - - 0 21,f8f1 b1f1 g7e5 d4e5 e7c5 g1h1 a8a7 c2g6 a7g7 g6e8 g8h7 f1f8 c5f8 e8f8,2125,87,82,34,advantage exposedKing kingsideAttack middlegame quietMove veryLong,https://lichess.org/DvXz3ZYd/black#42,
orLL5,8/8/4k1p1/5pP1/5K1P/8/8/8 w - - 2 62,h4h5 g6h5 g5g6 h5h4 g6g7 e6f7 g7g8q f7g8,2159,78,98,178,crushing endgame pawnEndgame quietMove veryLong,https://lichess.org/qZx1FyJd#123,
orM8c,6k1/pp4p1/3bqp2/7p/2PB2b1/1P4P1/P1Q1pP1P/4R1K1 w - - 0 27,d4e3 g4f3 c2e2 f3e2,2104,79,85,93,advantage endgame quietMove short,https://lichess.org/Nvckcevl#53,
orRrB,rn3rk1/1p1b1ppp/p2bp1q1/2p3Q1/8/2N2N2/PPPP1PPP/R1B2RK1 b - - 9 12,g6c2 d2d3 c2d3 f1d1 d3d1 c3d1,2130,85,76,37,advantage long opening quietMove,https://lichess.org/f2DgzzMW/black#24,Sicilian_Defense Sicilian_Defense_Bowdler_Attack
orqrZ,8/8/2kb1p2/1P6/P7/5K1p/5B2/8 b - - 0 48,c6d5 a4a5 d6b8 a5a6,2130,83,32,32,bishopEndgame crushing endgame master quietMove short,https://lichess.org/wii8wj8j/black#96,
orzl7,1R6/5p2/8/7p/1n3P2/1k6/2pK4/8 w - - 0 50,b8b7 h5h4 b7c7 h4h3 c7c3 b3b2,2122,81,32,49,crushing defensiveMove endgame long master quietMove,https://lichess.org/kOjoPthz#99,
osKZl,r1bqr2k/3p1P1p/p1n3pQ/1p1N4/1b1P4/8/PPP3PP/R1B2RK1 w - - 3 20,f7f8q b4f8 f1f8 e8f8 c1g5 d8e8 g5f6 f8f6,2122,74,83,135,advantage opening quietMove veryLong,https://lichess.org/TyJBWHpB#39,
osLdb,5r1k/pp2R1p1/2p2n2/2P2p1p/PP1Q3P/3P1Bq1/6P1/6K1 w - - 0 34,e7b7 f8e8 b7e7 e8e7,2109,80,92,1659,crushing endgame quietMove short,https://lichess.org/aw1YFrud#67,
osVFT,r2qr1k1/bpp1npp1/p4Nb1/3np1P1/1P4P1/1BPP1Q2/P4P2/R1B1K2R b KQ - 6 20,g7f6 f3h3 g6h5 h3h5,2171,77,79,115,crushing master middlegame quietMove short,https://lichess.org/aHkDhYk5/black#40,
oslhV,8/8/3bP3/1k4K1/8/7P/8/8 b - - 1 57,b5c6 g5f6 c6d5 h3h4 d5e4 h4h5,2112,76,92,1328,bishopEndgame crushing defensiveMove endgame long quietMove,https://lichess.org/LmkqReyU/black#114,
otKaF,8/2p1p2R/2qp1pk1/1p1n2p1/3PN3/5P2/3K2P1/7R b - - 0 37,b5b4 g2g4 c6c2 d2c2,2190,75,86,96,crushing endgame quietMove short,https://lichess.org/DUHoRICH/black#74,
ouBBX,1Q6/6pk/7r/8/5pK1/1P2p1n1/P5P1/8 w - - 0 49,g4f4 e3e2 b8e8 h6h1 e8e2 g3e2,2126,78,91,1591,advancedPawn crushing endgame long quietMove,https://lichess.org/tzbp4Mxd#97,
outDu,8/p2bk3/P1p1p3/2K1P2p/2BP4/5p2/R5p1/6Rr w - - 2 45,a2a1 h1g1 a1g1 h5h4 c4f1 h4h3,2112,72,94,9484,crushing endgame long quietMove,https://lichess.org/J5bpd5WU#89,
ov4uR,6k1/8/6KP/8/8/1n4P1/4P3/8 b - - 2 48,b3d4 e2e4 d4f3 g3g4 f3e5 g6f5,2163,86,90,726,crushing defensiveMove endgame knightEndgame long quietMove,https://lichess.org/VeR19yUU/black#96,
ovGFf,8/5k1p/2p5/2b5/p7/PR2p2P/6K1/8 w - - 0 42,b3c3 e3e2 c3c1 c5a3 c1e1 a3b2 e1e2 a4a3,2114,75,94,5609,advancedPawn crushing endgame master quietMove veryLong,https://lichess.org/ZWGUxewB#83,
ovkYL,6B1/4k3/p6K/2n1p1p1/2P5/8/5PPP/8 w - - 1 43,h6g5 a6a5 g8h7 e5e4 h7e4 c5e4,2126,77,75,89,advantage endgame long quietMove,https://lichess.org/JFnsUeqi#85,
ovo57,r2q1rk1/pb2bpp1/1p2p2p/8/2pPN3/5NR1/PPQ2P1P/2KR4 b - - 7 19,d8d5 d1g1 g8h8 g3g7 d5e4 c2d2 e4h7 g7h7,2197,146,67,13,advantage middlegame quietMove sacrifice veryLong,https://lichess.org/HBLgQBfS/black#38,
ovoAU,1q1r2k1/5p2/6pp/P1QB4/4P3/6Pb/1p3P1P/1R4K1 w - - 2 28,c5b6 b8b6 a5b6 d8c8 f2f3 c8c1 g1f2 c1b1,2114,76,96,1561,crushing endgame master masterVsMaster quietMove veryLong,https://lichess.org/iY6wuUe8#55,
ovxwC,8/8/1p3Rpk/p6p/P1B4b/1Pr5/6PK/8 w - - 0 44,f6b6 h4g3 h2g1 c3c1 c4f1 g3e5 b6b5 e5d4 g1h2 c1f1,2124,76,91,91,advantage deflection endgame quietMove veryLong,https://lichess.org/Da4JQQSX#87,
owTGC,rn2k1nr/1p3pRp/p2p4/q2P4/4P2b/P1NPBP2/1P2K2P/R1Q5 b kq - 0 16,h4f6 c1g1 g8e7 e3b6 a5b6 g1b6,2116,81,80,132,advantage long middlegame quietMove trappedPiece,https://lichess.org/v3VOgIGr/black#32,Benoni_Defense Benoni_Defense_Semi-Benoni
owTGZ,1k1r3r/2pq1ppp/Q3b3/1Pb1n3/2Pp4/PN4P1/4PP1P/1RB1K2R b K - 4 16,c5a7 b3a5 d7c8 a5c6 e5c6 b5c6,2122,82,90,44,crushing discoveredAttack fork long middlegame quietMove,https://lichess.org/2Nnb56iT/black#32,Queens_Gambit_Declined Queens_Gambit_Declined_Albin_Countergambit
owUi3,3r4/p1pk1ppp/2Q1pnb1/1P3n2/2P5/2N4P/3P1PP1/q1B2RK1 b - - 3 20,d7e7 c6c5 f5d6 c1a3 a1a3 c5a3,2130,75,91,679,crushing long middlegame pin quietMove trappedPiece,https://lichess.org/okAEFLbm/black#40,
owWOn,3r4/p1p4p/1p2P2p/3P4/3k2P1/5BPK/PP6/8 b - - 4 35,d4d3 g4g5 h6g5 f3h5 d8d5 e6e7,2175,85,90,510,advancedPawn clearance crushing endgame long quietMove sacrifice,https://lichess.org/Yo16LfEd/black#70,
ox2QC,1k5r/ppqr4/3b4/8/6Q1/P4N2/1PP2PP1/R2R2K1 w - - 1 23,d1d3 d7h7 g2g3 h7h1 g1g2 h1a1,2182,76,93,2528,crushing long middlegame quietMove skewer,https://lichess.org/uE6e9dTU#45,
ox4tj,8/8/1p3k2/3Bp2p/4Pn2/6KP/P7/8 w - - 1 40,g3h4 f4d5 e4d5 e5e4 d5d6 f6e6 d6d7 e6d7,2162,75,94,2369,crushing endgame quietMove veryLong,https://lichess.org/iRI2umUm#79,
oxJvp,8/5pp1/1p5p/1P1k4/2pP2P1/2K2P2/7P/8 w - - 0 28,h2h4 g7g5 h4h5 f7f6 c3c2 d5d4,2102,76,89,1110,crushing endgame long pawnEndgame quietMove zugzwang,https://lichess.org/a5JJgZMz#55,
oxQlw,8/5p1k/8/2BrpR2/2p2p1P/PbP5/1P6/4K3 w - - 4 45,c5d4 f7f6 f5f6 e5d4,2118,76,68,131,crushing endgame quietMove short,https://lichess.org/ZqqZJhxT#89,
oxdnk,8/8/ppp3k1/3p1pP1/2PP1K2/1P6/P7/8 w - - 0 46,a2a4 a6a5 c4c5 b6c5 d4c5 d5d4 b3b4 a5b4 a4a5 b4b3 a5a6 b3b2 a6a7 b2b1q,2161,82,90,157,advancedPawn crushing endgame pawnEndgame promotion quietMove veryLong zugzwang,https://lichess.org/qHdyV9BN#91,
oxgte,6k1/4q1p1/4p2p/3p1p1P/p2BbP2/P3P1QK/r5P1/6R1 b - - 3 33,a2a3 g1c1 e7f7 g3g6 f7g6 h5g6,2189,85,71,38,crushing endgame long quietMove,https://lichess.org/RuezWTzk/black#66,
oxh5G,8/5pp1/5b1p/7P/4N1P1/1k3P2/1p6/1K6 b - - 0 45,b3c4 e4f6 g7f6 f3f4 f6f5 g4g5,2157,75,96,394,crushing endgame long quietMove,https://lichess.org/vs08n87i/black#90,
oxs9S,5r2/1p1r1pk1/p1pq1p1p/5Q2/3P4/1BP2R1P/PP4P1/6K1 b - - 5 24,d7e7 f5g4 g7h8 f3g3 d6g3 g4g3,2112,84,81,35,advantage endgame long quietMove,https://lichess.org/SLr6PczI/black#48,
oyCwn,8/8/1k3P2/p2p2p1/P1pP1nN1/2P5/2K5/8 b - - 0 46,b6c6 f6f7 f4e6 g4e5 c6d6 e5g6 e6f8 g6f8,2105,76,87,293,advancedPawn crushing endgame knightEndgame quietMove veryLong,https://lichess.org/yTT0leaa/black#92,
oyE5U,8/p7/4pp1p/1p2k3/4P1PP/5K2/PP6/8 b - - 0 33,a7a6 b2b4 f6f5 e4f5 e6f5 g4g5,2196,76,94,3163,crushing endgame long pawnEndgame quietMove zugzwang,https://lichess.org/6qQBGbm3/black#66,
oyQjo,1k4r1/pp2Q1R1/2p5/3p1r2/3P1P2/4P3/PqPN4/3K4 b - - 3 28,f5f8 d2b3 b2b1 d1d2 g8g7 e7f8 b8c7 f8g7,2174,77,94,3304,crushing defensiveMove endgame fork master quietMove veryLong,https://lichess.org/dsBvpvYa/black#56,
oz7Oc,8/pp6/6kb/8/1P4N1/KP1b1P2/3p2PP/2rR3R b - - 2 28,c1d1 h1d1 d3c2 g4f2 c2d1 f2d1,2185,82,90,1417,advantage endgame long quietMove,https://lichess.org/q0iituAe/black#56,
ozQAF,2b1q1k1/6r1/p3p1PQ/3pNr2/2pP4/P1P3R1/5PPK/8 b - - 0 32,f5e5 d4e5 c8d7 g3h3 e8g6 h6h8 g8f7 h3f3,2147,76,91,2220,advantage endgame exposedKing hangingPiece quietMove veryLong,https://lichess.org/vQ9eIDkI/black#64,
ozcgj,4k2Q/1p4p1/p3prp1/5b2/P1B5/8/1q3PPP/4R1K1 b - - 1 25,e8f7 e1d1 f5d3 c4d3,2105,78,91,1070,crushing endgame quietMove short,https://lichess.org/9BVuvxne/black#50,
p0kz0,5r2/4R2p/2b3pk/R7/1pB5/1P4bP/P5P1/7K w - - 1 43,c4f7 f8d8 f7d5 c6d5,2119,76,90,120,advantage endgame quietMove short,https://lichess.org/1YALMDGo#85,
p0zhj,r5kr/pp1Q2bp/3R2p1/6N1/5P2/4n3/q5PP/5R1K b - - 2 21,e3f1 d6d5 f1g3 h2g3,2180,75,94,649,advantage middlegame quietMove short,https://lichess.org/CGDKhFTI/black#42,
p1Evi,8/3k4/8/3K4/3P4/2R5/2p4r/8 w - - 2 51,d5c5 h2h8 c3c2 h8c8 c5d5 c8c2,2183,77,62,153,crushing endgame long master quietMove rookEndgame skewer,https://lichess.org/wXx6X5s6#101,
p1TUH,8/8/2p3p1/3k1pPp/3p1P2/1P1K3P/2P5/8 b - - 0 46,c6c5 h3h4 d5d6 d3c4 d6c6 b3b4 c5b4 c4d4,2101,78,95,299,advantage deflection endgame pawnEndgame quietMove veryLong zugzwang,https://lichess.org/KF5LEH3x/black#92,
p1UEc,3q2k1/1p1r1pbp/p1p3p1/P1P5/1P1P4/4BpPP/3Q1P1K/4R3 b - - 2 30,g7d4 e1d1 d4e3 d2d7 d8d7 d1d7,2106,77,85,107,crushing endgame long quietMove,https://lichess.org/hmUldGqK/black#60,
p1cYa,1R2r2k/Q4pbp/3p2p1/2pq4/5B2/6P1/P4P1P/6K1 b - - 5 26,d5e6 a7a8 e6e1 g1g2 e1e4 a8e4,2113,77,99,640,crushing endgame long pin quietMove,https://lichess.org/uY0g5xsL/black#52,
p1gls,4r1k1/5ppp/r7/p1pPq3/1pP1B3/3PN2n/P4P2/R2Q1R1K w - - 2 24,d1g4 a6h6 h1g2 h3f4 g2f3 h6h3 g4h3 f4h3,2184,86,91,2946,crushing exposedKing kingsideAttack middlegame quietMove veryLong,https://lichess.org/Nbh9eXW0#47,
p25T2,3r4/p3qpk1/1p2b1pp/1P6/Q7/5BP1/P4PP1/2R3K1 b - - 1 24,e6d5 a4d4 e7f6 c1d1 f6d4 d1d4,2160,77,94,2536,crushing endgame long quietMove,https://lichess.org/sxdXvIhh/black#48,
p280l,7k/6p1/1p1n2Bp/1Pp1q3/2P4P/3Q2P1/7K/8 b - - 4 48,e5d4 d3f3 d4c4 f3f8 c4g8 f8d6,2195,80,94,3255,crushing endgame fork long master quietMove,https://lichess.org/WR2zkQOS/black#96,
p2mJn,8/p5pp/8/5P2/1k5P/2pK2P1/P7/8 w - - 2 38,d3c2 h7h5 g3g4 h5g4 h4h5 g4g3 h5h6 g3g2 h6h7 g2g1q,2199,81,81,61,advancedPawn crushing endgame pawnEndgame promotion quietMove veryLong,https://lichess.org/WeIeKZYw#75,
p2pxD,r7/2B3pR/5k2/8/p7/n4P2/6PP/6K1 w - - 1 36,f3f4 a3c4 c7e5 c4e5,2147,179,73,11,crushing endgame quietMove short,https://lichess.org/lUzvb4DL#71,
p37G9,r6k/ppp3bp/3p3q/3B4/2Pp1P1P/3P3b/PP3P2/R2Q1RK1 w - - 1 19,d5g2 a8g8 g2h3 g7e5,2183,144,84,9,crushing discoveredAttack master middlegame quietMove sacrifice short,https://lichess.org/c9pd1K3g#37,
p3biJ,1k6/6p1/1K3p2/P2N4/3np1P1/8/8/8 b - - 3 43,g7g6 d5c7 e4e3 a5a6 d4c6 b6c6 b8a7 c7b5,2173,148,88,13,crushing endgame knightEndgame quietMove veryLong,https://lichess.org/RTCJZJwI/black#86,
p3iKf,8/R1P5/4pk2/3p4/1Pr5/2PK1p2/8/8 b - - 2 67,f3f2 d3e2 f6e5 b4b5 e5d6 b5b6,2143,74,94,6713,crushing endgame long quietMove rookEndgame,https://lichess.org/Fw591SAg/black#134,
p3rRL,4k2r/p2rb1p1/2Qp1q1p/5p2/5PP1/P1P5/2P4P/R1B2R1K b k - 0 21,f5g4 a1b1 d6d5 b1b8 e8f7 c6f6 e7f6 b8h8,2150,77,65,77,crushing exposedKing middlegame quietMove veryLong,https://lichess.org/b5Mhak5c/black#42,
p44FY,8/1p1k4/p3pp2/PPK2p1p/3P1P2/6PP/8/8 b - - 2 34,d7c7 b5a6 b7a6 h3h4 c7d7 c5b6,2111,93,47,31,crushing endgame long pawnEndgame quietMove zugzwang,https://lichess.org/TW8HRFoL/black#68,
p4IAy,8/p7/1p6/6p1/1P2K3/k6P/6P1/8 w - - 0 39,e4f5 a3b4 g2g4 a7a5 h3h4 g5h4,2179,81,88,90,crushing endgame long pawnEndgame quietMove,https://lichess.org/oYTuz5CO#77,
p4J2Z,8/6pk/8/3p1p1p/2pP1P1K/2P3P1/7P/8 b - - 1 51,g7g6 h4g5 h7g7 h2h3 g7f7 g5h6,2181,75,75,86,crushing endgame long pawnEndgame quietMove zugzwang,https://lichess.org/rMVFLctB/black#102,
p4nlI,8/7p/6p1/p2R1r2/1kP1p1p1/1P6/P4PKP/8 w - - 4 36,d5f5 g6f5 g2g3 h7h5 a2a3 b4c5 g3f4 h5h4,2173,76,86,87,crushing defensiveMove endgame quietMove veryLong,https://lichess.org/JQuI03JS#71,
p4zxe,8/1bp2Qpk/1p1p3p/p1nP4/2Pq4/P5P1/2P2P1P/5BK1 b - - 0 22,b7a6 f1h3 d4d1 g1g2,2103,78,75,71,advantage endgame quietMove short,https://lichess.org/zLIrDHrV/black#44,
p52Tt,6r1/1p3k2/p2R4/2pPpB2/2P4q/7P/P4P2/3Q2K1 w - - 1 27,f5g4 h4h3 f2f3 h3g3 g1f1 g8h8 d1d2 h8h1,2187,76,82,64,crushing endgame pin quietMove veryLong,https://lichess.org/AglaOLJy#53,
p5U9W,1k1r4/pp6/5bN1/2n1p3/2P3p1/1PNp1P2/PKn4P/3R1R2 w - - 0 28,c3d5 d8d5 f3g4 d5d6 f1f6 d6f6,2101,90,82,45,advantage long middlegame quietMove,https://lichess.org/AaHTdpiw#55,
p6cjQ,8/8/p3k3/2p1P3/P4Kp1/6P1/8/8 w - - 0 44,f4e4 a6a5 e4f4 c5c4 f4e4 c4c3 e4d3 e6e5 d3c3 e5e4 c3c4 e4f3 c4b5 f3g3,2186,76,93,5189,crushing endgame pawnEndgame quietMove veryLong zugzwang,https://lichess.org/WSj3PxTb#87,
p6rWW,4B1k1/p4pp1/5b1p/5P2/6P1/7P/r1P2P2/2K4R w - - 0 27,h1d1 f6c3 e8f7 g8f7,2159,75,84,157,advantage endgame quietMove short,https://lichess.org/LtG12hDl#53,
p71ue,1R6/6k1/5p1p/pP1p2r1/P2P4/3rPqP1/5P2/4QRK1 w - - 3 36,b8b7 g7g6 e1b1 g5h5 b1d3 f6f5,2196,92,98,68,crushing defensiveMove endgame long quietMove sacrifice,https://lichess.org/LDri1ygX#71,
p79rB,8/2k5/6p1/1PP1p2p/6P1/8/8/6K1 w - - 0 40,g1f2 h5h4 f2f3 g6g5,2100,74,78,1175,crushing defensiveMove endgame pawnEndgame quietMove short,https://lichess.org/pQ5p0BZC#79,
p7LgO,8/8/3p1kp1/3Pp3/p1R5/P7/1r1K1PP1/8 w - - 6 44,c4c2 b2c2 d2c2 e5e4 c2c3 f6e5 c3c4 g6g5 c4b5 e5d5,2188,76,100,202,crushing endgame master quietMove rookEndgame veryLong zugzwang,https://lichess.org/rY0ird53#87,
p7NKw,5k2/3R4/3N1rp1/4p2p/P3P2P/6K1/8/5n2 w - - 1 47,g3h3 f6f2 d7f7 f2f7,2119,76,90,635,crushing endgame master quietMove short,https://lichess.org/rfoivvbK#93,
p7Z1Z,8/2r5/1k6/8/4K1p1/2p3P1/5R1P/8 w - - 0 47,f2c2 b6b5 e4f5 c7c4 c2c3 c4c3,2116,77,82,77,crushing endgame long quietMove rookEndgame,https://lichess.org/8Jv9jeQF#93,
p7s4p,2B5/b7/K2k1ppp/P1p5/4P3/8/6PP/8 b - - 2 50,a7b8 a6b7 c5c4 c8g4 c4c3 g4d1 b8a7 b7a7,2175,76,97,413,bishopEndgame crushing endgame quietMove veryLong,https://lichess.org/EWuqKaxc/black#100,
p7si9,r4rk1/pp1b1p1p/1b2p1p1/2qpP3/5P1Q/1P1B1R2/P1P3PP/1R5K b - - 3 20,f8e8 f3h3 h7h5 h3g3,2157,113,73,27,crushing middlegame quietMove short,https://lichess.org/3jwPk3dF/black#40,
p7uOs,6k1/pp5p/2p3p1/2P5/1Pp5/P4P1P/5K2/8 b - - 1 31,b7b5 c5b6 a7b6 a3a4 g8f7 a4a5 f7e6 a5a6 e6d6 a6a7,2132,77,92,6781,advancedPawn crushing enPassant endgame pawnEndgame quietMove veryLong,https://lichess.org/9hnOXwjd/black#62,
p8JkX,5b2/5p2/2p2P2/1p4Pp/p1p1NP2/P3kP2/1PK5/8 b - - 0 35,e3f3 f4f5 f3e4 g5g6,2146,75,93,2839,crushing endgame quietMove sacrifice short,https://lichess.org/np6emoti/black#70,
p8OJN,5k2/7b/p1pNp1p1/1pP3P1/1P1P4/8/P2K4/8 b - - 0 33,f8e7 d6e4 h7g8 e4f6,2158,101,59,24,crushing endgame quietMove short,https://lichess.org/SKqYbQRB/black#66,
p8UvM,8/p4p2/1p2b3/4k1P1/6BP/7P/1P3K2/8 b - - 3 32,e6g4 h3g4 e5f4 h4h5 f4g5 f2e3,2180,77,91,3001,crushing defensiveMove endgame long quietMove,https://lichess.org/OQ1hsBdd/black#64,
p99h5,3r4/8/3Pp3/5kPp/3R1P1P/1p2KP2/8/8 w - - 0 36,e3d3 d8b8 d6d7 b3b2 d3e2 b2b1q,2166,74,93,9435,advancedPawn advantage endgame long promotion quietMove rookEndgame,https://lichess.org/vj1uP2Tq#71,
p9mBI,8/1R5p/3B2p1/2Pk1p2/4p2P/4P1P1/4bP1K/3r4 w - - 1 38,b7h7 e2f3 g3g4 d1h1 h2g3 h1g1,2188,78,91,942,crushing endgame long quietMove,https://lichess.org/DFthWBTr#75,
pAK5a,8/8/k7/P4Pp1/1B3r1p/8/8/1R4K1 w - - 1 45,b1f1 f4b4 f5f6 b4b8 f6f7 b8f8 g1h2 g5g4,2165,193,100,20,defensiveMove endgame equality hangingPiece quietMove veryLong,https://lichess.org/YO4w6B7a#89,
pB2QK,r5k1/6b1/6pp/6P1/2R5/8/Pp1p4/1K3R2 w - - 0 37,g5h6 a8e8 f1d1 e8e1,2101,78,69,51,crushing endgame pin quietMove short,https://lichess.org/FxwVqkRb#73,
pBKkk,3rr1k1/2q2p1n/p4n1Q/1p1Bp2p/7N/1P5P/PB3PP1/3R2K1 b - - 4 37,d8d5 h4f5 d5d1 g1h2 f6g4 h3g4 f7f6 h6g6,2110,77,91,1232,crushing master middlegame quietMove sacrifice veryLong,https://lichess.org/dcOxmBIb/black#74,
pBUJq,8/8/6p1/4kp2/KP5P/P6P/8/8 w - - 0 43,b4b5 f5f4 a4b4 f4f3 b5b6 e5d6 b6b7 d6c7,2151,77,82,163,crushing endgame pawnEndgame quietMove veryLong,https://lichess.org/h7rUJsFc#85,
pCU1A,q3r3/7k/2p3pp/2b1Pp2/3Nb3/3Q3P/1P3PP1/1B2R1K1 w - - 6 30,d3c3 a8a7 e1e4 f5e4 d4c6 c5f2,2151,91,80,30,advantage long middlegame quietMove,https://lichess.org/Ahwa1GQE#59,
pCUrB,8/1p6/1pp4p/4kp2/1PP5/P3K3/6PP/8 b - - 0 35,h6h5 g2g3 b6b5 c4c5 h5h4 g3h4,2153,77,95,331,crushing endgame long pawnEndgame quietMove,https://lichess.org/09emhZw6/black#70,
pCwjW,8/pk6/2p4p/2Pp2p1/K2Pp1P1/1P2P2P/8/8 b - - 14 43,b7a6 b3b4 a6b7 b4b5 c6b5 a4b5,2114,81,85,50,crushing endgame long pawnEndgame quietMove,https://lichess.org/yKQeBVgZ/black#86,
pD8i7,8/6k1/8/PN1p4/4b3/3p4/3K4/8 b - - 0 49,g7f8 b5d4 f8e7 a5a6 e7d6 a6a7,2124,75,86,273,advancedPawn crushing endgame long quietMove,https://lichess.org/NAvwjEqJ/black#98,
pDCsS,r4r2/7R/p3p3/npPpP1k1/3P1P2/P4R2/6PP/6K1 b - - 0 34,f8f4 h7g7 g5h6 f3g3 a8f8 g3g6,2195,136,82,30,crushing endgame long quietMove,https://lichess.org/B4gvljdV/black#68,
pDNEr,6k1/pp1q1ppp/3p1P2/2p5/5R1P/6r1/PPP2K2/5Q2 b - - 2 24,d7h3 f1h3 g3h3 f4e4 g7f6 f2g2 h3h4 e4h4,2185,91,89,343,advantage endgame quietMove trappedPiece veryLong,https://lichess.org/44lggftm/black#48,
pDih8,1r4k1/p4ppp/3n4/3R2P1/6Q1/q1pK1P2/2P4P/7R w - - 4 32,h1d1 b8e8 g4d7 a3a6,2105,116,81,16,crushing endgame quietMove short,https://lichess.org/EH5iOHBq#63,
pEQBE,5b2/6p1/3kP1p1/2pP1p1r/r1P2R2/7P/P4PP1/R5K1 b - - 2 25,g6g5 f4f5 f8e7 a1b1 a4b4 b1b4,2174,76,85,68,crushing endgame long quietMove,https://lichess.org/bhcJadVE/black#50,
pEf0y,8/b7/P7/5kBp/7P/8/5p2/5K2 b - - 3 64,f5e6 g5f4 e6d5 f4g3 a7b6 g3f2 d5c6 a6a7 b6a7 f2a7,2117,75,94,4576,advancedPawn bishopEndgame crushing endgame quietMove veryLong xRayAttack,https://lichess.org/VC9Jd60v/black#128,
pEhIm,4r1k1/R4pp1/7p/8/P7/3P1P1P/1r3qP1/Q5RK w - - 0 28,a4a5 b2e2 d3d4 e2e1 g1e1 e8e1 a1e1 f2e1,2105,183,88,15,crushing endgame fork quietMove veryLong,https://lichess.org/1e9TcF8q#55,
pF0Gd,r5k1/7p/1p2R1p1/3p4/4p3/P2b2P1/1P3PBP/6K1 w - - 0 28,g2f1 a8c8 e6d6 c8c1,2146,76,94,288,advantage endgame quietMove short,https://lichess.org/RBWjqqtn#55,
pF1r5,5bk1/5p2/4P3/p2B4/Pp2QPq1/6p1/6K1/8 b - - 0 48,g4h4 e4e5 f7f6 e6e7,2155,171,54,8,advancedPawn crushing discoveredAttack endgame quietMove short,https://lichess.org/HDkz0sfJ/black#96,
pF6fU,8/8/pp3p2/4k2p/PP2P2P/4K3/8/8 w - - 0 41,a4a5 b6b5 e3f3 f6f5 e4f5 e5f5,2118,80,90,175,crushing endgame long pawnEndgame quietMove zugzwang,https://lichess.org/y50Z8bOO#81,
pFH0c,7k/4qQp1/p1p1P1pp/1p1p4/3Pn1P1/P1P4P/1P4KN/8 b - - 2 34,e7d6 h2f1 e4g5 e6e7 g5f7 e7e8q h8h7 e8f7,2104,92,61,30,advancedPawn advantage endgame fork promotion quietMove veryLong,https://lichess.org/CGy0cnXL/black#68,
pFIxQ,8/8/1p5p/3k2p1/1P6/4K1PP/8/8 w - - 4 47,e3d3 h6h5 b4b5 d5c5,2199,80,80,206,crushing endgame pawnEndgame quietMove short,https://lichess.org/PjH3OPuh#93,
pFL5l,5r2/1Q4bk/p2pB1p1/2pPp1p1/2P5/P4qP1/5P1P/5RK1 w - - 7 30,b7a6 e5e4 a6d6 g7d4 d6f8 f3f8,2114,83,71,39,clearance crushing endgame long quietMove,https://lichess.org/npjYpyKC#59,
pFfLh,2rq3k/5p2/b3pP1p/p2pP1pP/Pp4P1/1P1PQN2/KP1R3R/5r2 w - - 8 37,f3g5 c8c1 d2d1 c1d1 g5f7 h8g8,2157,76,72,92,crushing long middlegame quietMove,https://lichess.org/9f45YghM#73,
pFrcG,8/2n5/4p2p/6P1/1k2K2P/8/5P2/8 b - - 0 44,h6g5 h4h5 c7d5 e4e5 d5f4 h5h6,2160,75,93,6289,crushing endgame knightEndgame long quietMove,https://lichess.org/sMfEKnMo/black#88,
pGBxl,r4rk1/7p/4P3/2p3q1/p1B1pp2/PpQ5/1P4PP/2R3K1 b - - 1 33,g5e7 c1d1 e7g7 e6e7,2148,79,83,36,advancedPawn advantage discoveredAttack endgame quietMove short,https://lichess.org/kSM46FWm/black#66,
pGLVx,5r1k/1ppq2pp/1p1p4/3Qn3/4P3/2R2P1P/PP3P2/5RK1 w - - 3 23,g1g2 e5g6 d5g5 g6f4 g5f4 f8f4,2109,165,15,13,crushing endgame long quietMove,https://lichess.org/y72nrONO#45,
pGQcV,8/4rkpp/4N3/1R2KPP1/4P3/8/7r/8 b - - 0 39,h2e2 b5b8 e7e6 f5e6,2167,76,89,188,crushing endgame quietMove short,https://lichess.org/9Wo2cDYX/black#78,
pGapQ,1k1r1bnr/1pp2ppp/p1q5/3p1Q2/4p3/1PN1P3/PBPP1PPP/R3K2R w KQ - 4 12,f5f7 g8f6 c3e2 d8d7 e2d4 d7f7 d4c6 b7c6,2174,79,91,654,crushing middlegame quietMove trappedPiece veryLong,https://lichess.org/ATHRvCjW#23,Nimzo-Larsen_Attack Nimzo-Larsen_Attack_Modern_Variation
pGwT8,4r1nr/4k1pp/p2b4/2pq4/1pN5/1P2P3/P3Q1PP/R4RK1 b - - 4 21,d6c7 a1d1 d5g5 e2f3 g8f6 f3b7,2180,126,25,23,advantage long middlegame pin quietMove,https://lichess.org/6lesdcFY/black#42,
pH6II,8/7p/7p/3k1K2/6P1/7P/8/8 b - - 0 49,d5d4 f5f6 d4e4 f6g7 h6h5 g4g5 h5h4 g7h7,2187,95,71,34,crushing endgame pawnEndgame quietMove veryLong,https://lichess.org/zek7EE7p/black#98,
pHJ16,8/8/ppk2p1R/2p5/2P1n3/1P4p1/P7/3K4 w - - 0 56,d1e2 g3g2 h6g6 e4g5 e2f2 g5h3 f2g2 h3f4 g2f3 f4g6,2188,80,91,1310,advancedPawn crushing endgame exposedKing fork quietMove veryLong,https://lichess.org/jj67prwO#111,
pI79K,8/1R3p2/5P2/4Pk2/7r/1p1K4/8/8 w - - 2 68,b7f7 h4b4 f7g7 b3b2 g7g1 b2b1q g1b1 b4b1,2193,75,95,3170,advancedPawn crushing endgame exposedKing master masterVsMaster promotion quietMove rookEndgame veryLong,https://lichess.org/P6NR00Sy#135,
pIJtP,rnbr2k1/ppp2pbp/6p1/4N3/4n3/2P5/PPB2PPP/RNB1K2R w KQ - 0 10,e5f7 d8e8 f7h6 g7h6 c1h6 e4g3 h6e3 g3h1,2168,82,91,739,advantage discoveredAttack opening quietMove veryLong,https://lichess.org/WNTDbBLb#19,Modern_Defense Modern_Defense_Other_variations
pIy5b,2k4r/pp2Rpp1/8/3r4/3n4/3P2P1/PP3P2/R1B3K1 w - - 0 19,c1f4 d5h5 g3g4 h5h1 g1g2 h1a1 e7c7 c8d8,2125,75,82,115,advantage endgame master quietMove skewer veryLong,https://lichess.org/CdWMzCTA#37,
pJO0t,5rk1/R4ppp/4b3/8/8/4B3/2r2PPP/5RK1 w - - 5 25,f1c1 c2c1 e3c1 f8d8 f2f3 d8d1 g1f2 d1c1,2100,83,85,85,crushing endgame fork quietMove veryLong,https://lichess.org/gRM2CDtU#49,
pJPUH,1k6/8/p7/2p1P3/3pP3/1P4K1/5P2/8 w - - 0 34,g3f3 a6a5 f3e2 c5c4 b3c4 a5a4,2189,91,82,35,crushing defensiveMove endgame long pawnEndgame quietMove,https://lichess.org/MhMZpYfk#67,
pJSp3,1kbr1r2/2p5/1p4q1/5p2/3Pp3/2P1P1B1/5PK1/R2Q3R w - - 0 28,d1a4 c8b7 g2f1 f5f4,2162,80,85,255,crushing middlegame quietMove short,https://lichess.org/LC03gyA7#55,
pJZqu,r3n1k1/4q2p/1p4p1/p2pP3/8/PP2bQ1P/1B4P1/5B1K b - - 1 27,e3h6 f3d5 e7f7 f1c4 f7d5 c4d5 g8f8 d5a8,2104,74,91,1658,advantage fork middlegame quietMove veryLong,https://lichess.org/7D6KctWJ/black#54,
pJhmd,8/1pp5/p1p3k1/P3Pp1p/1P3P1K/2P5/8/8 b - - 0 34,b7b6 c3c4 b6b5 c4c5,2135,76,92,2654,crushing defensiveMove endgame pawnEndgame quietMove short,https://lichess.org/FKRrRyst/black#68,
pJiJR,3r4/1k6/p5r1/R2p4/1P1Np2p/2P4P/5nPK/3R4 w - - 0 49,d1d2 e4e3 d2c2 d8g8 g2g4 h4g3,2120,136,79,36,crushing enPassant endgame long quietMove,https://lichess.org/HQQ8im7Y#97,
pJtaM,8/6R1/3p4/8/5P1p/P5rk/5K2/8 w - - 2 45,g7g3 h4g3 f2g1 d6d5 f4f5 d5d4 f5f6 d4d3 f6f7 d3d2,2186,77,86,272,advancedPawn crushing endgame quietMove veryLong,https://lichess.org/pJzTCWoM#89,
pK2Xv,8/8/7p/p5p1/3P2P1/3kp2P/PP6/4K3 b - - 0 51,d3d4 e1e2 d4e4 b2b3 e4d4 a2a3,2150,75,96,150,crushing defensiveMove endgame long master pawnEndgame quietMove zugzwang,https://lichess.org/mVQlycxb/black#102,
pK7FK,8/1k6/4p1pp/pK3p2/P5P1/7P/5P2/8 w - - 0 44,b5a5 f5g4 h3h4 e6e5 a5b5 e5e4,2103,87,80,50,crushing defensiveMove endgame long pawnEndgame quietMove,https://lichess.org/5nbll8jz#87,
pKPO0,4r3/pp4bk/3Q3p/1PN3pq/2P2pb1/4B1P1/P4P2/1R3BK1 w - - 0 28,e3d4 g4f3 f1d3 h7g8 d6d5 f3d5,2126,77,90,416,crushing defensiveMove long master middlegame quietMove,https://lichess.org/F2jY4I6i#55,
pKalC,3rr1k1/Q4R1p/3p4/6p1/7N/6P1/Pq3PBP/6K1 b - - 0 26,g5h4 g2d5 b2c1 g1g2 h4h3 g2h3 c1h6 h3g2,2167,75,88,247,crushing endgame quietMove veryLong,https://lichess.org/IfC1xonV/black#52,
pL9r0,8/8/7p/3K2pP/6k1/8/5P2/8 w - - 0 51,d5e5 g4f3 e5f6 f3f2 f6g7 g5g4 g7h6 g4g3 h6g6 g3g2 h5h6 g2g1q,2198,76,97,252,advancedPawn crushing endgame master pawnEndgame promotion quietMove veryLong,https://lichess.org/FvxXwZSK#101,
pLKn5,3q1r2/2r2p1k/p2p1Rp1/1p2p1P1/4P2p/P2PPQ1B/1PP4P/6K1 b - - 0 28,c7c2 f6f7 h7g8 h3e6 d8g5 g1f1 c2c1 f1e2,2194,84,91,226,advantage defensiveMove endgame quietMove veryLong,https://lichess.org/arvyaTsU/black#56,
pLYxT,5rk1/1b1q1p1p/p3pBp1/1p1p4/1Pr1P3/P2R1P1P/4Q1P1/4R1K1 b - - 1 24,d7c7 e2e3 e6e5 e4d5,2101,128,54,13,crushing middlegame quietMove short,https://lichess.org/Fw4mXlfq/black#48,
pLkgn,1k6/6p1/P6p/1K6/6P1/4bP2/2Bp4/8 w - - 1 58,b5a5 g7g6 a5b4 h6h5 b4c4 h5h4,2173,77,94,4209,bishopEndgame crushing defensiveMove endgame long quietMove,https://lichess.org/KL0H72XP#115,
pLsXa,8/8/6p1/p2p1k1p/P1pP4/1pP3KP/1P3P2/8 w - - 0 41,f2f3 g6g5 g3h2 f5f4 h2g2 f4e3,2155,76,94,4525,crushing endgame long pawnEndgame quietMove zugzwang,https://lichess.org/zfAv5S7W#81,
pM6nG,8/1p6/p6p/2p2kp1/P1Pp2PP/1P3K2/3P4/8 b - - 0 34,f5e5 h4g5 h6g5 a4a5 e5e6 f3e4 e6f6 e4d5,2146,77,100,172,crushing endgame pawnEndgame quietMove veryLong zugzwang,https://lichess.org/nmdkyixq/black#68,
pMQ42,4rnk1/2R2ppp/3B4/2PN4/3n4/3Q3P/5PPK/q7 w - - 2 29,d6f8 d4e2 d3e2 e8e2,2175,75,94,2242,advantage master middlegame quietMove short,https://lichess.org/LMECWTjs#57,
pMQTD,5rk1/p4ppp/brQ5/8/4Pn1q/2N3N1/P4PPP/R2R2K1 w - - 1 21,c6c5 b6h6 h2h3 f4h3 g2h3 h4h3,2120,76,91,120,advantage kingsideAttack long middlegame quietMove,https://lichess.org/0lJvNeAr#41,
pMTz4,1r6/RP6/4k3/5ppp/8/P4K2/5P2/8 b - - 1 46,e6e5 a3a4 g5g4 f3g2 f5f4 a4a5,2105,195,20,8,advantage defensiveMove endgame long quietMove rookEndgame,https://lichess.org/tfzNGDuM/black#92,
pMc3i,6r1/3p1k1R/p1b1ppq1/1p6/1B6/3Q1PP1/PP3PK1/8 b - - 0 30,f7e8 h7e7 e8d8 d3d6 d8c8 b4a5 c6f3 g2f3,2161,79,86,698,advantage endgame quietMove veryLong,https://lichess.org/CwDBeRx1/black#60,
pMcmH,8/1p3pp1/p7/P2k1P1p/1P1Pp2P/4K1P1/5P2/8 w - - 0 38,f2f3 e4f3 f5f6 g7g6 e3f3 d5d4,2187,75,80,330,crushing endgame long pawnEndgame quietMove,https://lichess.org/9OQ1gkPS#75,
pMvmQ,1rr2nk1/1b2RQp1/7p/8/2pq4/7P/2P2PP1/4R1K1 b - - 5 31,g8h8 e1e5 d4a1 g1h2 a1e5 e7e5 f8h7 e5e7 c8g8 e7b7,2164,75,92,4309,advantage master middlegame quietMove veryLong,https://lichess.org/YPIGPGbN/black#62,
pMxOW,8/1k6/8/1P2p1K1/6PP/8/5n2/8 b - - 0 44,f2h3 g5f5 h3f2 g4g5 e5e4 f5f4,2105,76,95,10671,crushing defensiveMove endgame knightEndgame long master masterVsMaster quietMove,https://lichess.org/OBiIshbe/black#88,
pNGNa,8/r7/P2k2pp/1K2pp2/2B5/3P1P1P/6P1/8 b - - 9 45,d6c7 c4d5 c7d6 d5b7,2170,84,82,144,advantage defensiveMove endgame quietMove short,https://lichess.org/oFoao5se/black#90,
pNYhG,1r3rk1/1p2q3/pNp1b2Q/P2p4/3P2p1/4P3/1PR1BnP1/R5K1 w - - 1 26,e2d3 f2d3 h6g6 g8h8 g2g3 e6g8 c2h2 g8h7,2180,118,53,52,clearance crushing hangingPiece middlegame quietMove veryLong,https://lichess.org/ietscGRf#51,
pNhRK,1k6/p7/Pp6/1P5p/7b/4rBp1/6K1/2R5 b - - 0 38,e3b3 f3b7 b3b2 g2g1 b2b1 c1b1,2115,74,95,2673,crushing defensiveMove endgame long quietMove,https://lichess.org/1AEFL2Xy/black#76,
pO58X,5k2/5q2/1pp3Q1/7K/8/7P/6P1/8 w - - 4 44,g2g4 b6b5 h5g5 f7g6 g5g6 b5b4,2177,113,85,26,crushing defensiveMove endgame long pin queenEndgame quietMove,https://lichess.org/3hzXV1Se#87,
pOJoQ,8/5Bpk/7p/pp6/qP6/P2b2P1/5PKP/2Q5 w - - 0 30,c1c3 a4d1 f7b3 d1f1,2141,109,68,30,crushing endgame quietMove short,https://lichess.org/QiYLLv6M#59,
pOLeq,8/8/4k1P1/1pp5/p1P1PK2/P7/8/8 b - - 0 44,b5c4 e4e5 c4c3 f4e3 c5c4 e3e2 c3c2 e2d2 c2c1b d2c1,2135,74,93,1524,crushing endgame pawnEndgame quietMove veryLong,https://lichess.org/JUKJqJhX/black#88,
pON0n,8/1p2k2N/p5PP/5p2/3p4/1b6/3K4/8 b - - 0 39,a6a5 h7g5 e7f6 h6h7 f6g7 g5f7 g7g6 h7h8q,2127,75,86,221,advancedPawn crushing endgame promotion quietMove veryLong,https://lichess.org/GaH8BmuO/black#78,
pOOYZ,8/5p2/1p1k4/3r4/5P2/5KP1/3R4/8 w - - 0 46,d2d5 d6d5 g3g4 b6b5 f3e3 b5b4 e3d3 b4b3,2108,81,91,1176,crushing endgame quietMove veryLong,https://lichess.org/MUZXnEko#91,
pOgVF,8/5k1p/6p1/8/2pK2P1/7P/5P2/8 b - - 2 39,f7f6 f2f4 f6e6 d4c4 g6g5 f4f5,2114,75,85,73,crushing endgame long pawnEndgame quietMove,https://lichess.org/VU8onoRl/black#78,
pOpic,6k1/1p3p2/p2P4/P5p1/P5Pp/4N2P/5P2/1q2RK2 b - - 11 42,b1b3 e1d1 g8f8 d6d7 b3d1 e3d1,2101,76,92,1818,advancedPawn crushing endgame long quietMove,https://lichess.org/yAxERiJc/black#84,
pP3m6,8/p2b3k/1p1P2p1/7p/1PP5/4BP1P/8/6K1 b - - 0 35,d7h3 b4b5 h3c8 e3b6 a7b6 c4c5,2179,125,87,23,bishopEndgame crushing endgame long quietMove sacrifice,https://lichess.org/RemEbgUz/black#70,
pP9C2,7k/ppp4p/3p2pb/6r1/P3P1b1/2NBK3/1PP5/R1R5 w - - 3 29,e3f4 g4h5 f4e3 g5g1 e3f2 g1c1 a1c1 h6c1,2188,74,92,4139,advantage discoveredAttack middlegame quietMove veryLong,https://lichess.org/JL7zsK8j#57,
pPFvI,8/1p6/8/2Pk2pp/1P1p4/3K2P1/7P/8 b - - 0 37,d5e5 b4b5 e5d5 c5c6 b7c6 b5b6 d5d6 d3d4,2107,89,50,32,crushing endgame pawnEndgame quietMove veryLong,https://lichess.org/EFSbapVt/black#74,
pPkpK,8/8/P7/3b3p/1K5k/8/8/1B6 b - - 0 66,d5a8 b1f5 h4g3 f5c8,2103,103,76,22,bishopEndgame crushing defensiveMove endgame quietMove short,https://lichess.org/bTGbFzj4/black#132,
pPpXF,8/8/1p6/p1pp1k1p/PP3P2/2P1K2P/8/8 w - - 0 44,b4b5 h5h4 e3f3 d5d4,2162,76,93,699,crushing endgame master pawnEndgame quietMove short zugzwang,https://lichess.org/ovztrO6z#87,
pQK3T,8/8/4p1kP/3p1pP1/p2P1K2/Pp6/1P5r/6R1 b - - 4 51,h2b2 g1h1 g6h7 g5g6 h7g6 h6h7,2144,76,95,3048,advancedPawn crushing endgame long quietMove rookEndgame,https://lichess.org/bVIPnemI/black#102,
pQTsD,8/8/8/Kn6/1Pk5/7p/7B/8 w - - 0 63,h2b8 b5d4 b8g3 d4c6,2182,85,86,52,crushing endgame quietMove short,https://lichess.org/dP2L8CR7#125,
pQhq6,6k1/5ppp/1p2p3/1N1p4/1P1Pn3/P7/2r2PPP/R5K1 b - - 2 29,c2f2 a3a4 f2c2 a4a5 b6a5 b4a5,2177,81,74,67,advantage endgame long quietMove,https://lichess.org/CFqfCYp4/black#58,
pR0wP,6k1/5p1p/pBp3p1/P1P2b2/3q2P1/5P2/4Q1KP/8 b - - 0 43,f5d3 e2e8 g8g7 b6c7 d4b2 g2g3 b2e2 c7e5,2115,75,91,1056,crushing endgame quietMove veryLong,https://lichess.org/DiyP0Yws/black#86,
pRJwr,4r1k1/5ppp/2p5/2Q5/1P6/2P2qP1/P3rP1P/R2R2K1 w - - 3 26,a2a4 h7h5 d1f1 h5h4,2194,111,71,17,crushing endgame quietMove short,https://lichess.org/7Rqdl8Tp#51,
pRLUd,r4rk1/2qnbp2/p2p1n1Q/1p1b2N1/4P2P/8/PPP1BPP1/2KR3R w - - 0 18,d1d5 f8c8 d5d2 e7f8,2136,72,95,8584,clearance crushing middlegame quietMove short,https://lichess.org/U0be01hW#35,Sicilian_Defense Sicilian_Defense_Najdorf_Variation
pRUjJ,r5kr/p4pp1/1p4R1/3Q2Pp/PP3P2/7q/5R1P/5K2 w - - 7 31,f1g1 a8e8 g6g7 g8g7,2123,77,90,423,advantage endgame master quietMove short,https://lichess.org/bfeTXdJT#61,
pScsD,8/8/4p1k1/3bQppp/2q5/7P/1R4PK/8 b - - 1 49,c4c6 b2b8 g6f7 b8h8,2107,100,82,29,crushing endgame master quietMove short,https://lichess.org/kDRi3NjK/black#98,
pSz2m,8/3k3p/6p1/2p2p2/4p3/1P4KP/2P2PP1/8 b - - 1 37,d7e6 g3f4 e6d5 c2c3 c5c4 b3b4,2186,118,53,20,crushing defensiveMove endgame long pawnEndgame quietMove,https://lichess.org/kfgKzfDI/black#74,
pT0tD,6rk/2p1bp1q/p1Pp3p/1p1PpP1Q/1P2Pp2/P4N1P/5P2/R6K w - - 4 38,f3h4 h7g7 f5f6 e7f6,2161,80,91,783,crushing endgame quietMove short,https://lichess.org/qr3wjqfN#75,
pTAks,3q1rk1/p2n1ppp/1pr1pb2/8/8/1P1Q2P1/PB2PPKP/2R2R2 w - - 0 17,b2f6 d8a8 d3f3 c6c1 f3a8 f8a8,2157,81,90,584,crushing long master middlegame quietMove,https://lichess.org/9LSdOKOo#33,Queens_Pawn_Game Queens_Pawn_Game_Symmetrical_Variation
pTiwf,8/1p4pp/2k5/p1P2p2/2PK1P2/6PP/P7/8 w - - 0 37,a2a4 h7h5 d4e5 c6c5 e5f5 c5c4 f5g6 b7b5,2166,95,80,32,crushing endgame pawnEndgame quietMove veryLong zugzwang,https://lichess.org/DkNsW2z0#73,
pU3qi,r5k1/3r1p1p/p1p1pp2/8/6Q1/2PP4/PP3P2/2KR2Nq b - - 1 21,g8h8 g1h3 a8g8 g4g8 h8g8 d1h1,2199,78,90,321,advantage endgame long quietMove,https://lichess.org/svpz1WMz/black#42,
pUAUa,8/5ppk/3b3p/3PpP2/4P1R1/2q4P/R4QPK/3r4 w - - 2 47,g4g3 c3c1 g3g7 h7g7 f5f6 g7g8 f2g3 c1g5,2144,83,73,88,advantage endgame quietMove veryLong,https://lichess.org/iEzbKDsP#93,
pUI9V,8/4k3/6K1/1pp2P2/2B5/p1P5/8/8 w - - 0 47,f5f6 e7f8 c4a2 c5c4 g6f5 b5b4 c3b4 c4c3,2102,77,87,432,bishopEndgame crushing defensiveMove endgame quietMove veryLong,https://lichess.org/h5ozeNta#93,
pUKpg,8/5p2/2Bk4/PKnp1P1p/8/8/1P6/8 w - - 0 38,a5a6 c5a6 b5a6 h5h4 c6b5 h4h3,2161,143,85,22,crushing endgame long quietMove sacrifice,https://lichess.org/YDS9qXUx#75,
pUNOj,8/3p4/4n1p1/p1ppPp1k/P2P1P1P/2P3K1/8/4B3 w - - 0 52,e1f2 c5c4 f2e3 e6c7 e3c1 c7a8,2122,78,86,118,crushing defensiveMove endgame long quietMove,https://lichess.org/vF7iTchM#103,
pUyVh,8/p2rkp2/N1R1p1p1/Pp1pP1Pp/1P3P1n/3P4/5K2/8 b - - 0 28,h4f5 a6c5 f5d4 c6c8 d7d8 c8c7,2130,76,87,125,advantage endgame long quietMove,https://lichess.org/8aoKvQVb/black#56,
pUz2W,8/6p1/1p2kpP1/1p1p4/3P1K2/P1P5/1P6/8 b - - 0 39,f6f5 f4g5 f5f4 g5f4 e6f6 b2b3 f6g6 f4e5,2153,77,78,108,crushing endgame pawnEndgame quietMove veryLong zugzwang,https://lichess.org/BTQlJK5W/black#78,
pVBap,8/2Q5/7p/2P2rp1/4p1k1/1P2PqP1/3R1P1P/6K1 w - - 1 47,c7h7 h6h5 h7f5 f3f5,2103,94,86,19,crushing endgame quietMove short,https://lichess.org/oc1m9agz#93,
pVElX,8/5p2/1k6/1ppp4/3P2p1/2P1P1P1/1KR2P2/5r2 w - - 0 48,c2e2 c5c4 e3e4 d5e4,2103,81,71,52,crushing endgame quietMove rookEndgame short,https://lichess.org/iSiTukeH#95,
pVUZM,8/8/pp2k2p/2p1p3/P1P3P1/5K1P/8/8 b - - 3 37,e6d6 f3e4 d6e6 h3h4 e6d6 e4f5,2174,75,71,96,crushing endgame long pawnEndgame quietMove zugzwang,https://lichess.org/MMuJ5Io0/black#74,
pVWlo,2k4B/p1r4p/1p2p3/8/P1qPp1P1/2P5/3K3P/1R1Q4 w - - 0 31,d1c2 c7f7 d2c1 e4e3,2129,74,91,912,crushing endgame quietMove short,https://lichess.org/cZzpWPGc#61,
pVa0a,8/r2k1p2/P3p1p1/R2pP1P1/1Nb2P2/2P1K3/4r3/R7 w - - 5 50,e3d4 a7c7 b4d5 e6d5 a5d5 c4d5,2115,75,84,95,advantage endgame long quietMove,https://lichess.org/LYfaj6e6#99,
pVhyn,8/8/1b4p1/1p1k1pP1/1Pb1pP2/1BB1P3/5K2/8 w - - 4 39,b3c2 c4a2 c2d1 d5c4,2131,77,90,2464,bishopEndgame crushing endgame quietMove short,https://lichess.org/4oAByPin#77,
pW1c0,1r1q1r1k/1p2p3/3pP1Q1/p1pP4/Pn3P2/4B3/6PP/2R3K1 b - - 0 30,d8e8 g6h6 h8g8 h6g5 g8h7 f4f5 f8f5 g5f5,2140,82,84,44,advantage exposedKing kingsideAttack middlegame quietMove veryLong,https://lichess.org/bZX5Tnia/black#60,
pW5bl,8/1p4p1/p4p1k/1P1r1P1p/1R6/2P4P/1P4PK/8 b - - 0 32,d5b5 b4b5 a6b5 h3h4 h6h7 h2g3,2106,76,83,50,crushing defensiveMove endgame long quietMove rookEndgame,https://lichess.org/o5ahxdhN/black#64,
pWITL,2bk1b2/1pp2p2/2np3p/rB3Pq1/8/1QP2Pp1/1B1N2P1/2K1R3 w - - 3 28,b5c6 b7c6 b3f7 f8e7 c3c4 a5f5,2177,77,92,1624,advantage long middlegame quietMove,https://lichess.org/3FMED5aM#55,
pWIlI,8/8/7p/5p2/5Pp1/6P1/4k1KP/8 w - - 10 62,h2h3 h6h5 h3g4 h5g4,2114,74,99,285,crushing endgame pawnEndgame quietMove short,https://lichess.org/QNPbdTbR#123,
pWgN0,4r3/b1P2k1p/p6P/B5p1/1PK5/P7/5p2/5R2 w - - 0 52,c4d5 g5g4 b4b5 a6b5,2143,74,92,3244,crushing endgame quietMove short,https://lichess.org/rhxfASrz#103,
pX7WW,8/8/8/p1kp1p2/5Pp1/P2KP1P1/8/8 b - - 0 47,c5b5 d3d4 b5a4 d4d5 a4a3 e3e4 f5e4 d5e4 a5a4 f4f5 a3b3 f5f6 a4a3 f6f7 a3a2 f7f8q,2187,77,93,1165,advancedPawn crushing endgame pawnEndgame promotion quietMove veryLong,https://lichess.org/U8L5VZSG/black#94,
pX88Y,8/1R4pk/1R5p/p2r1p2/1p6/2bP1P1P/4KP2/8 w - - 0 47,b6b5 d5b5 b7b5 a5a4 e2d1 b4b3,2130,87,76,35,advantage endgame long quietMove,https://lichess.org/WDfNcM07#93,
pXEqq,6k1/5pp1/N3p2p/1RP5/3b4/1P3KP1/1r5P/8 w - - 2 32,c5c6 f7f5 g3g4 b2f2 f3g3 f5f4,2180,96,85,40,advantage endgame long quietMove,https://lichess.org/0iGiN6pz#63,
pXM9D,8/8/kp3R2/8/1rP5/2K5/8/8 b - - 11 41,a6a5 f6f8 b6b5 f8a8 a5b6 c3b4,2102,75,87,127,crushing deflection endgame long master quietMove rookEndgame,https://lichess.org/C59WkRqL/black#82,
pXO5J,r5k1/1p3pp1/2p1r2p/N2n2q1/3Pp3/PP2P2b/2RQ1PPP/4RBK1 w - - 3 25,a5b7 h3g2 f1g2 e6g6 f2f4 e4f3,2152,80,82,71,crushing enPassant long middlegame pin quietMove sacrifice,https://lichess.org/HVRIWoUZ#49,
pXghs,8/7p/p1k2pp1/P6P/2K2PP1/8/8/8 b - - 0 48,f6f5 h5g6 h7g6 g4g5 c6d6 c4d4,2122,75,92,4186,crushing defensiveMove endgame long pawnEndgame quietMove zugzwang,https://lichess.org/94pzLJFJ/black#96,
pY1SF,8/p4p1k/1p4q1/4PpQp/5P2/7P/P1P5/6K1 w - - 4 34,g1f2 g6g5 f4g5 h5h4 a2a4 h7g6,2136,76,87,281,crushing endgame long queenEndgame quietMove,https://lichess.org/pBgqNk7p#67,
pYch9,7R/p4pk1/1prq2pp/r7/2pP4/P1P5/5PPP/2Q1R1K1 b - - 7 27,g6g5 e1e8 d6a3 e8g8 g7f6 h8h6 f6e7 c1e3 c6e6 h6e6,2178,145,80,30,crushing deflection endgame interference quietMove veryLong,https://lichess.org/DwJqAOuY/black#54,
pZGhk,5R2/2br4/4R3/1P4k1/P7/8/7K/8 w - - 4 59,h2h3 d7d2 f8g8 g5f5 e6f6 f5f6,2126,234,72,12,defensiveMove endgame equality long quietMove,https://lichess.org/pYXdyT2e#117,
pZNZJ,3Q2k1/3b2p1/2p1p1pp/2P1P3/r7/3q4/5PPP/1R2B1K1 b - - 6 41,g8h7 b1b8 g6g5 d8h8 h7g6 b8g8,2112,74,93,2210,advantage clearance endgame long quietMove,https://lichess.org/U4usDVoe/black#82,
pZniV,8/5p2/p3p3/1p2P3/1P3rk1/P1R5/4K3/8 b - - 1 43,f4c4 c3c4 b5c4 a3a4 g4f4 b4b5 a6b5 a4a5,2115,74,89,142,crushing defensiveMove endgame quietMove rookEndgame veryLong,https://lichess.org/1EKr1e8i/black#86,
paGrR,2k5/pppb4/7p/6pK/Pr4P1/8/4Bn1P/R5R1 w - - 2 32,g1f1 b4b6 f1f2 d7e8 f2f7 e8f7,2148,76,93,451,endgame long mate mateIn3 quietMove sacrifice,https://lichess.org/Oizr9TiU#63,
paW5I,8/n7/6p1/4P3/2P4p/6k1/6B1/6K1 b - - 0 47,h4h3 g2b7 g3f4 e5e6,2169,86,76,32,crushing endgame master masterVsMaster quietMove short,https://lichess.org/3hOlNmP0/black#94,
pakXD,8/8/k6r/1p5P/p3K1P1/8/8/R7 b - - 1 43,a6a5 a1h1 a4a3 g4g5 h6h8 g5g6 a3a2 g6g7,2163,93,84,33,advancedPawn crushing endgame quietMove rookEndgame veryLong,https://lichess.org/bm6DsGzU/black#86,
pb4n1,5r1k/pp4p1/4B2p/5pq1/2Q4b/P4P1P/1P4K1/3R1N2 w - - 2 28,g2h2 h4f2 h3h4 g5g1 h2h3 g1h1 f1h2 h1d1,2146,76,95,3552,advantage middlegame quietMove veryLong,https://lichess.org/KVWJLu0R#55,
pbZuW,8/R3R1pk/p6p/1p6/2p5/2q2P1P/6P1/7K b - - 3 36,c3b4 e7g7 h7h8 g7e7 b4e7 a7e7,2126,73,93,11201,crushing endgame long queenRookEndgame quietMove,https://lichess.org/aor8VJ2G/black#72,
pbcHl,2b5/ppp1n2p/6pP/4pk2/4N3/2PPKP2/PP2B3/8 b - - 8 34,e7g8 e2f1 f5e6 f1h3 e6e7 h3c8,2106,76,91,1013,crushing endgame long quietMove skewer,https://lichess.org/9quNDB3u/black#68,
pbdzF,2r3k1/5pp1/p3p2P/3p3P/3P4/1rpQ4/q1P2P2/3K2RR b - - 0 26,b3b2 g1g7 g8f8 h1g1 a2b1 d1e2 b1c2 d3c2,2130,119,78,20,crushing endgame quietMove veryLong,https://lichess.org/Ou59NNUf/black#52,
pcsZ5,1k1r3r/ppp5/1q4n1/5Q2/1P1pN1Pp/P2P3B/2P4P/5R1K b - - 2 24,h8f8 e4f6 b6c6 h3g2,2115,87,71,56,advantage defensiveMove master middlegame quietMove short,https://lichess.org/Z7mzv9QA/black#48,
pcxdf,8/1R3pk1/6p1/2p1P2p/4P2P/1p4P1/b5K1/8 w - - 0 43,g2f3 c5c4 e5e6 g7f8 f3e2 c4c3 e2d3 b3b2,2179,77,88,639,advancedPawn crushing endgame quietMove veryLong,https://lichess.org/Mh0nZ6KO#85,
pdKKo,7k/pp3p1p/2p5/3p2N1/2q2PP1/4r3/Pb4QP/5R1K b - - 9 28,e3e2 g2h3 c4c2 f4f5 e2h2 h3h2,2102,75,91,2783,advantage endgame long quietMove,https://lichess.org/f89oRSbJ/black#56,
pdQQF,1k1r4/ppb5/2p1Bp2/5Pp1/3P2P1/1P2P1p1/P3N2r/3R1RK1 w - - 1 28,d1d2 d8h8 e2g3 h2d2,2104,96,85,38,advantage middlegame quietMove short,https://lichess.org/9sbyo8oT#55,
pdgM6,1rr5/p4bpk/2Q1P2p/q1b5/8/3B1N2/PP3PPP/5RK1 b - - 2 22,h7h8 c6e4 f7g8 f3e5,2175,81,91,1631,crushing defensiveMove master middlegame quietMove short,https://lichess.org/j2ypONiT/black#44,
pe23k,8/8/2B5/bP6/P7/3pk1p1/8/3K4 w - - 6 63,c6g2 e3f2 g2c6 g3g2 c6g2 f2g2 b5b6 g2f3 b6b7 a5c7 b7b8q c7b8 d1d2 f3e4,2149,102,52,20,advancedPawn bishopEndgame crushing defensiveMove endgame quietMove veryLong,https://lichess.org/KmMavaSa#125,
peLWI,8/pp3p1p/5k2/3P1p2/P1p2P2/4K3/6PP/8 b - - 0 28,a7a6 a4a5 f6e7 e3d4 c4c3 d4c3,2165,76,87,418,crushing endgame long pawnEndgame quietMove,https://lichess.org/muBdjsLK/black#56,
peyxn,rn1k3r/pQ6/2p2q1p/3pN3/3P2p1/8/PPP3PP/4RK1R w - - 4 21,f1g1 h8f8 e5c6 b8c6,2105,76,91,1937,crushing middlegame quietMove short,https://lichess.org/qOszTMUY#41,
pezlO,8/4k3/4p3/6pp/1pK5/1PbN1P1P/8/8 w - - 4 51,d3b4 c3b4 c4b4 e6e5 b4c3 e5e4 c3d2 e4f3 d2e3 g5g4 h3g4 h5g4,2160,75,98,160,crushing endgame quietMove veryLong,https://lichess.org/OyEcdQbO#101,
pfKDu,8/5K2/5p2/6pp/4k2P/P5P1/8/8 w - - 0 42,f7g6 g5h4 g3h4 f6f5 a3a4 f5f4 a4a5 e4d5 a5a6 d5c6 a6a7 c6b7 a7a8q b7a8 g6f5 f4f3,2112,78,90,466,crushing endgame pawnEndgame quietMove veryLong,https://lichess.org/7uzDr0i4#83,
pfb9n,8/8/5pp1/8/3k2KP/8/5P2/8 b - - 0 62,d4e4 f2f4 f6f5 g4g5 e4e3 g5g6 e3f4 h4h5 f4e4 h5h6 f5f4 h6h7 f4f3 h7h8q,2121,77,100,59,advancedPawn crushing defensiveMove endgame pawnEndgame promotion quietMove veryLong zugzwang,https://lichess.org/vwplm6z3/black#124,
pgBGf,8/8/4pk1p/1pp4P/4KP2/8/PP6/8 w - - 0 42,b2b3 b5b4 e4e3 f6f5 e3f3 e6e5 f4e5 f5e5 f3e3 e5f5,2194,79,93,1290,crushing defensiveMove endgame master pawnEndgame quietMove veryLong zugzwang,https://lichess.org/hCyQKQMK#83,
pgJmy,2kr1b1r/1p3ppp/8/pPP5/3nNp2/5P1B/P2R1K1P/7R b - - 1 22,f7f5 h1d1 g7g6 d2d4 d8d4 d1d4,2170,86,86,791,crushing long master middlegame pin quietMove,https://lichess.org/hp0MaSX1/black#44,
pgce8,8/8/4Pk1K/2pP1bp1/8/2P2B2/8/8 w - - 11 47,f3e2 g5g4 e2f1 f5e4 d5d6 f6e6,2194,77,90,3391,bishopEndgame crushing endgame long quietMove,https://lichess.org/JEcqslgU#93,
pgfrb,8/7p/2p3p1/p1k1pp2/P1P1P2P/2K3P1/5P2/8 w - - 0 37,f2f3 f5e4 f3e4 h7h5 c3d3 c5b4,2116,75,94,3132,crushing endgame long pawnEndgame quietMove,https://lichess.org/JpnCXsCt#73,
pgiAO,8/p1p1k3/1p6/8/8/1PP4P/5PPK/8 w - - 0 43,g2g4 a7a5 c3c4 c7c6 h2g3 b6b5,2178,86,73,39,crushing endgame long pawnEndgame quietMove,https://lichess.org/ZNRVPoYh#85,
phOwZ,8/8/2P4p/bP4p1/3k1p2/1K5P/4B3/8 w - - 10 54,b3a4 a5b6 a4b4 d4e3 c6c7 b6c7,2113,76,95,4146,bishopEndgame crushing endgame long quietMove,https://lichess.org/3AOBGGqV#107,
phQEe,1n2r1k1/1p3p2/3BpP2/pP1p4/r5Bp/4qR1P/6P1/1Q5K b - - 1 31,e3b6 b1c1 a4a1 c1a1,2108,111,18,22,crushing middlegame quietMove short,https://lichess.org/fMQyZ5E5/black#62,
pi9uL,3r4/8/p2k1p2/1p1p1P2/1P1R1K2/P7/5P2/8 w - - 2 33,f2f3 d8c8 d4d1 c8c4,2162,78,86,295,crushing endgame quietMove rookEndgame short,https://lichess.org/haBeCB7x#65,
piSrV,8/7p/8/p1kN2P1/6K1/8/8/8 w - - 11 51,d5f6 a5a4 f6e4 c5b4 g4f3 a4a3,2137,81,91,5024,crushing defensiveMove endgame knightEndgame long quietMove,https://lichess.org/0KIdqMH4#101,
piTpC,4rrk1/2p2p1p/p7/1p1p3n/8/P1P1b3/BP2R1PB/R4K2 b - - 1 27,c7c6 a1e1 e3f4 e2e8,2182,75,92,223,advantage middlegame quietMove short,https://lichess.org/cz38Oyh5/black#54,
piX7b,r1b2rk1/1p3p1p/pq2p1pQ/2bpP3/5P2/3B4/PP4PP/R1B2R1K b - - 1 17,c8d7 f1f3 f7f5 e5f6 f8f6 f3h3 f6f7 d3g6,2174,78,74,139,crushing enPassant middlegame quietMove veryLong,https://lichess.org/jA1Y6kY2/black#34,French_Defense French_Defense_Paulsen_Variation
pj6td,8/2B5/4p3/3bP3/2p1r1p1/6Pk/2R2K1P/8 b - - 1 48,h3h2 c2b2 e4d4 f2e3 h2g3 e3d4,2153,102,71,29,advantage discoveredAttack endgame long quietMove,https://lichess.org/ytdbZjoi/black#96,
pj7Kz,8/5p1k/3bpnpp/3p4/Pp3P2/6qP/2QB2P1/5R1K w - - 0 27,c2b2 f6g4 h3g4 g3h4 h1g1 d6c5 d2e3 c5e3,2145,77,86,463,crushing endgame quietMove sacrifice veryLong,https://lichess.org/3mFUUUxB#53,
pjcHI,Q7/5ppk/2p5/2Pp2q1/3Pbb1p/1P6/P4PPP/B4BK1 w - - 2 37,h2h3 f4c7 a8b7 g5f4 b7c7 f4c7,2166,159,37,14,clearance crushing endgame long quietMove,https://lichess.org/sJqJqVVe#73,
pjehg,r4r2/5p1k/2p1pP1p/p2p2pQ/5P2/2PR2P1/q5P1/4R1K1 b - - 0 24,g5f4 g3g4 f4f3 g2f3 f8g8 h5f7,2154,125,100,19,crushing endgame long quietMove,https://lichess.org/kVTop6Iw/black#48,
pkJ4F,r3k2r/ppp1q3/2nb1n2/4p1B1/3pP3/3P2PP/PPP1B3/R2Q1RK1 b kq - 0 16,h8h3 g5f6 e7h7 f6h4 h3h4 g3h4,2177,81,91,2700,advantage long middlegame quietMove,https://lichess.org/w8OxKPBU/black#32,Kings_Gambit_Declined Kings_Gambit_Declined_Falkbeer_Countergambit
pkSC4,1k1r1b1r/1ppqn1pp/p3pp2/B7/P1QP4/4PNP1/1PP4P/2KR1R2 w - - 3 17,f3e5 f6e5 d4e5 d7c8 d1d8 c8d8,2129,76,91,1159,advantage long middlegame quietMove,https://lichess.org/SsQ1aA5I#33,Queens_Pawn_Game Queens_Pawn_Game_Chigorin_Variation
pkSyY,5rr1/8/6k1/4p1P1/1p2P2P/pPb5/K6R/3Q4 w - - 7 47,d1g4 f8f1 g4e6 g6g7,2157,94,-78,34,crushing defensiveMove endgame quietMove short,https://lichess.org/Sfe35y4e#93,
pkdR5,8/8/p1pK4/8/PP6/3k4/8/8 b - - 8 55,d3c3 d6c5 c3b3 a4a5 b3c3 c5c6 c3b4 c6b6 b4c4 b6a6 c4c5 a6b7,2113,74,87,166,crushing endgame pawnEndgame quietMove veryLong,https://lichess.org/Yuw29DQc/black#110,
pke0Q,1Q6/p4Npk/2p2p2/7p/1P1p1P1P/P3q3/2b3PK/8 b - - 1 37,d4d3 f4f5 e3e5 f7e5,2182,75,95,484,crushing endgame quietMove short,https://lichess.org/zXWzRT4t/black#74,
plMbt,r3k1r1/pb3pb1/1p2p2p/3p1PqP/3P2N1/2PB3Q/PPK3P1/5R2 b - - 2 25,e8d7 f5e6 f7e6 f1f7 d7d6 h3g3 e6e5 d3f5 b7c8 d4e5 d6c6 e5e6 g5f5 f7f5,2154,161,42,21,advantage clearance middlegame quietMove veryLong,https://lichess.org/knV5t3kd/black#50,
plRJF,8/7p/4p3/3b4/2pk1P1P/3p2P1/3K4/2R5 w - - 1 44,h4h5 h7h6 g3g4 d5f3 g4g5 h6g5 h5h6 f3e4 f4g5 e6e5 g5g6 e4g6,2143,135,67,37,crushing endgame quietMove veryLong,https://lichess.org/IqSeMKCf#87,
plnPg,8/4b1p1/4p2p/3p4/PP4P1/3N1k1K/8/8 b - - 0 41,f3e3 a4a5 e3d3 a5a6 e7b4 a6a7,2173,77,91,1715,advancedPawn crushing endgame long quietMove sacrifice,https://lichess.org/sCQ5JOId/black#82,
pmQWF,r4b1N/p3k1p1/b3pnQp/1qp5/8/2P1P3/P2B1PPP/R3K2R w KQ - 1 18,g6f7 e7d6 e1c1 a8b8 d2e1 f6d5,2114,76,89,1640,crushing long middlegame quietMove,https://lichess.org/3kDjjfpD#35,Tarrasch_Defense Tarrasch_Defense_Other_variations
pmY3N,8/p5pk/1pq5/8/1P4PK/P2Q4/8/8 b - - 1 46,c6g6 d3g6 h7g6 b4b5 g6h6 g4g5,2127,122,19,34,crushing endgame long queenEndgame quietMove,https://lichess.org/wEcdhPGx/black#92,
pn38F,1r6/2Qn3k/pn4pp/1p6/4b1q1/5P2/PPP3P1/3RR1K1 b - - 0 38,e4f3 e1e7 h7g8 c7b8 d7f8 d1d2 f3g2 d2g2,2187,76,90,1051,crushing middlegame quietMove veryLong,https://lichess.org/8ZOA4Ik3/black#76,
pnYEj,8/6p1/8/5K2/2k5/8/6P1/8 b - - 2 57,c4d3 g2g4 d3e2 g4g5 e2e3 g5g6 e3d4 f5e6,2162,77,94,804,crushing defensiveMove endgame pawnEndgame quietMove veryLong,https://lichess.org/CwKijlEG/black#114,
pnaO7,3r2k1/5p2/6pp/8/2RPBP2/pP4Q1/P2q2PP/1K6 w - - 4 38,e4c2 d8e8 c4c8 e8c8,2112,75,93,8261,crushing endgame quietMove short,https://lichess.org/2y8XkVDX#75,
pnf0t,8/5b2/8/8/1p4K1/k5P1/4NP1P/8 w - - 0 43,e2c1 f7c4 g4f4 a3b2 f4e3 b2c1,2182,77,85,230,crushing endgame long quietMove trappedPiece,https://lichess.org/6k0MyxfZ#85,
pns65,8/8/1p3k2/p1p2P2/6K1/8/PP6/8 b - - 0 51,c5c4 a2a4 b6b5 a4b5 a5a4 b5b6,2182,75,93,6622,crushing endgame long master pawnEndgame quietMove,https://lichess.org/43oQTffS/black#102,
po6wB,8/8/7p/p5p1/2K3P1/k4P1P/8/8 w - - 2 55,c4c3 a5a4 f3f4 g5f4 h3h4 f4f3,2179,75,94,190,crushing endgame long master pawnEndgame quietMove,https://lichess.org/hXR9feZw#109,
poKCj,8/3kb3/1p6/4P2P/1p3BK1/8/8/8 b - - 0 42,b4b3 f4c1 d7e6 h5h6 e7f8 h6h7 f8g7 c1b2,2197,135,47,38,advancedPawn bishopEndgame crushing defensiveMove endgame master quietMove veryLong,https://lichess.org/oYaupSB1/black#84,
poOvA,q4r1k/5p1p/3p2p1/1p3b2/3p1R2/1B1P2Q1/1PP3PP/6K1 w - - 1 22,f4d4 a8a1 g1f2 f8e8 d4e4 f5e4,2102,76,93,9096,crushing endgame long quietMove,https://lichess.org/R9PBAcAa#43,
poXZs,8/6p1/3R3k/2K3p1/3N3q/8/8/8 b - - 1 49,g7g6 d4f5 h6h5 f5h4 g5h4 c5d4 h4h3 d4e3 h3h2 d6d1 h5g4 e3f2,2102,76,87,173,clearance crushing defensiveMove endgame pin quietMove veryLong,https://lichess.org/VLTUmsUk/black#98,
pok1q,8/8/6p1/pp1k2p1/4p1P1/PPP1K3/7P/8 b - - 1 40,d5e5 c3c4 a5a4 b3a4 b5c4 a4a5 e5d5 a5a6,2166,78,99,210,crushing endgame pawnEndgame quietMove veryLong,https://lichess.org/biEihUJh/black#80,
ppNRv,1k1r3r/1bqp1pp1/Bb3n2/1P2p1B1/p3P3/2N2PP1/2P3K1/R2Q1R2 w - - 1 21,c3a4 f6g4 f3g4 b7e4,2187,76,80,57,advantage deflection middlegame quietMove sacrifice short,https://lichess.org/QNKQndMJ#41,
ppWsE,7R/5p2/1p6/6p1/8/1P5p/P3K1k1/8 w - - 0 55,h8h5 g5g4 e2e3 g4g3 e3f4 g2h2 f4g4 f7f5 h5f5 g3g2 f5f2 h2h1 g4h3 g2g1q,2107,149,100,11,advancedPawn crushing endgame exposedKing promotion quietMove rookEndgame veryLong,https://lichess.org/8vmH1SD6#109,
ppYh6,8/8/8/7P/5KP1/2k2P2/8/6r1 b - - 2 65,g1f1 g4g5 c3d4 g5g6,2134,91,40,27,crushing endgame quietMove rookEndgame short,https://lichess.org/JlNfevZ8/black#130,
ppZ0j,8/5p2/3p1P2/1k1Np2p/1P1pP3/3P2PK/3b4/8 b - - 4 45,d2b4 h3h4 b4d2 h4h5 b5a4 g3g4 a4b3 g4g5 d2g5 h5g5 b3c2 d5b4,2148,78,77,73,crushing endgame quietMove veryLong,https://lichess.org/J1zL3fpr/black#90,
ppn5Z,5rk1/1pq2pp1/2pb1n1p/1P1p4/3P4/r1NQPN1P/5PP1/1R3RK1 w - - 1 19,d3c2 c6b5 f1c1 f8c8 c3b5 c7c2 c1c2 c8c2,2144,76,91,746,crushing middlegame quietMove veryLong,https://lichess.org/N5ZeD712#37,Indian_Defense Indian_Defense_Anti-Nimzo-Indian
pqNK6,8/8/1K4k1/R7/4P3/8/r5P1/8 b - - 0 42,a2a5 b6a5 g6g5 g2g3 g5f6 g3g4 f6e5 g4g5,2103,75,95,3360,crushing defensiveMove endgame quietMove veryLong,https://lichess.org/4QV7XX9c/black#84,
pr9Km,8/7p/P1k5/5p2/2K1pP2/6P1/8/8 w - - 0 49,c4d4 h7h5 a6a7 c6b7 a7a8q b7a8,2120,76,95,163,crushing endgame long pawnEndgame quietMove,https://lichess.org/Aay8NhEF#97,
prWvD,5r1k/6p1/5q1p/5P2/1p6/8/1PP2Q1P/1K3R2 w - - 0 32,h2h4 f6a6 f2g2 f8a8 g2a8 a6a8,2178,88,88,24,crushing endgame long quietMove,https://lichess.org/rNaSaevp#63,
ps6gT,Q7/4ppk1/p5pp/2q1b3/Pn6/1P3NPb/4RPNP/3r1BK1 w - - 2 28,f3e5 c5c1 g2e1 d1e1 e2e1 c1e1,2136,90,74,41,crushing long middlegame pin quietMove,https://lichess.org/HinSo9bC#55,
psFkW,8/5pk1/5q2/7p/3KPQ2/5P2/8/8 w - - 6 50,f4e5 h5h4 e5f6 g7f6 d4e3 f6g5 f3f4 g5g4,2151,76,94,787,crushing endgame queenEndgame quietMove veryLong,https://lichess.org/kVZaM5oM#99,
psHr0,8/7p/2p3p1/2k5/2P1K1P1/8/5P2/8 b - - 0 43,c5c4 f2f4 c4c5 e4e5 c5b6 f4f5 b6c7 e5e6,2184,76,85,225,crushing defensiveMove endgame pawnEndgame quietMove veryLong,https://lichess.org/HygVVHA4/black#86,
psTMT,1r2k3/1p2n3/2p1Ppp1/1PPp2b1/R7/4P2P/1R4K1/8 b - - 0 41,g5e3 a4h4 e7g8 b5c6,2167,76,87,544,crushing endgame master quietMove short,https://lichess.org/H9KEIR2K/black#82,
psZX1,k2r4/8/p4Q2/2qp4/2p1rPPP/2P5/pP1R4/R5K1 w - - 3 36,g1h1 d8e8 f6a6 a8b8,2198,97,19,27,crushing endgame quietMove short,https://lichess.org/s84qQlO4#71,
psp4R,r2qr1k1/pp2bp2/2pp2p1/6Pb/3QP2P/8/PPPBN3/2K1R1R1 b - - 3 19,h5e2 d2c3 e7f6 g5f6,2143,78,92,1221,crushing middlegame quietMove short,https://lichess.org/t9PsuaMD/black#38,Scotch_Game Scotch_Game_Other_variations
psq21,1k6/5p2/2K3p1/7p/1P3p2/7P/6P1/8 b - - 1 52,f7f5 h3h4 f4f3 g2f3 g6g5 h4g5,2196,77,87,55,crushing endgame long pawnEndgame quietMove,https://lichess.org/yv9ChjXE/black#104,
psree,2r5/p3k3/1pPnPp2/5P2/1P1N1K1p/P5rp/2R5/5R2 w - - 2 49,f1f3 c8g8 f3g3 h4g3,2171,78,92,3030,crushing endgame master quietMove short,https://lichess.org/NsvSzchk#97,
pss2t,r7/p7/bp2rp1k/3R4/P1p1N3/3P3P/1P3PR1/6K1 b - - 0 33,c4d3 e4d6 e6d6 d5d6,2195,78,90,378,advantage endgame master pin quietMove short,https://lichess.org/tow0WrSZ/black#66,
pssCt,8/8/p4k1p/1p3p1P/2pP1K2/P1P2P2/8/8 w - - 0 47,d4d5 a6a5 d5d6 f6e6,2113,81,91,1231,crushing endgame master pawnEndgame quietMove short zugzwang,https://lichess.org/mM2kqz5l#93,
pt21S,4k3/R5pp/8/8/8/3p2P1/P4PKP/3r4 w - - 0 28,g2f3 d1e1 a7a8 e8e7,2164,128,50,17,advantage defensiveMove endgame quietMove rookEndgame short,https://lichess.org/I3Vzz7F1#55,
ptNSY,8/8/8/p2P4/4k3/1P2p3/P3K3/8 b - - 0 45,e4d5 e2e3 a5a4 b3b4 a4a3 e3d3,2140,76,88,294,crushing defensiveMove endgame long master pawnEndgame quietMove zugzwang,https://lichess.org/vcO8REQl/black#90,
ptXie,8/6p1/6K1/8/3k1PP1/P7/1n6/8 b - - 1 48,d4e4 f4f5 b2c4 g6g7 c4e3 f5f6,2143,76,97,458,crushing endgame knightEndgame long quietMove,https://lichess.org/kgPY84V8/black#96,
ptjau,8/2k5/2P5/1P6/1K4p1/r6p/8/7R b - - 7 58,a3g3 h1d1 g3g2 d1d7,2197,81,89,37,crushing endgame quietMove rookEndgame short,https://lichess.org/ToNJblV3/black#116,
ptmt4,1r5q/8/1P3rk1/PQpB2p1/2P1PpP1/5P2/8/5R1K w - - 1 45,h1g2 h8h4 f1f2 b8h8 g2f1 h4h1 f1e2 h1c1,2156,76,96,158,clearance crushing endgame quietMove veryLong,https://lichess.org/i5l1dgss#89,
pvTKx,1r4k1/3p3p/2pqp1p1/3n2N1/p1bP3P/P4N2/2P2PP1/K1Q4R w - - 6 29,f3e5 d5c3 e5c4 d6d4,2194,77,85,181,crushing discoveredAttack middlegame quietMove sacrifice short,https://lichess.org/Y1r6jqrR#57,
pvqkK,r2qr1k1/4b3/p2p2pn/2pP3p/PpP5/1P1Q3P/6P1/R2B1RK1 b - - 1 26,g8g7 d1c2 h6f5 f1f5 g6f5 d3f5 e7f6 f5g6 g7f8 a1f1,2175,74,91,2227,crushing middlegame quietMove veryLong,https://lichess.org/NsIlqWAB/black#52,
pvtdx,8/6pp/2Q1p3/4Pk2/P1Pp4/8/5PK1/3q4 w - - 5 38,c6f3 d1f3 g2f3 f5e5 a4a5 e5d6 f3e4 e6e5 f2f4 e5f4,2134,76,86,393,crushing endgame queenEndgame quietMove veryLong,https://lichess.org/YnxrJKsk#75,
pvzxW,8/5kr1/3p1n1p/2pP1P1P/1pP1pPnQ/pP6/P3K1B1/8 w - - 14 53,g2h3 g4h2 h4f2 h2f3,2150,77,91,1094,crushing defensiveMove endgame quietMove short,https://lichess.org/ve12mASV#105,
pwBDT,r7/P5P1/1k6/8/1K1B3p/4P3/8/8 b - - 1 52,b6c6 d4c5 h4h3 c5f8 h3h2 g7g8q h2h1q g8e6,2196,86,91,64,advancedPawn crushing endgame promotion quietMove veryLong,https://lichess.org/fK51lauu/black#104,
pwH38,5rk1/p1p4n/3p1p2/2pP4/5P1Q/6R1/PP4PK/1q6 b - - 1 28,g8h8 h4g4 h7g5 f4g5,2198,75,84,94,crushing endgame quietMove short,https://lichess.org/5KoZGXKz/black#56,
pwSyM,8/7p/6p1/p1k1P3/8/N5P1/1p1P1P1P/7K w - - 0 40,d2d4 c5b4 a3b1 a5a4 h1g2 a4a3 b1a3 b4a3,2100,76,89,454,crushing defensiveMove endgame knightEndgame quietMove veryLong,https://lichess.org/uRzl2B27#79,
pwWED,3r3Q/3q1pp1/p3kb1p/1pB1r2n/8/2N4P/PPB2PP1/4R1K1 w - - 1 26,e1e5 e6e5 h8h7 g7g6 h7h6 d7d2,2190,254,25,8,equality long middlegame quietMove,https://lichess.org/eCqHRhwF#51,
pwiNv,r4b1r/pp1Bkppp/4p1n1/8/Q2P4/4q1P1/PP5P/RN1K1R2 b - - 1 15,e3d3 b1d2 d3a6 a1c1 a6a4 d7a4,2149,107,81,16,advantage clearance defensiveMove long middlegame quietMove,https://lichess.org/bqBC6QQM/black#30,Sicilian_Defense Sicilian_Defense_Taimanov_Variation
pwthT,3b4/5pp1/1k2p1p1/1P1pP3/K2P4/5NPP/8/8 b - - 0 44,f7f5 h3h4 b6b7 f3g5,2121,107,81,15,crushing endgame quietMove short,https://lichess.org/o4XP0evt/black#88,
pwtrv,6k1/pp3r2/2b4b/1B1p1n2/P2PpBp1/4P1Pq/1PQ2P2/R4RK1 w - - 1 27,b5c6 h6f4 c6d5 f5h4 c2c8 g8g7,2194,195,65,10,crushing long middlegame quietMove,https://lichess.org/mzScuAXb#53,
pwyWj,8/8/2pp4/p1p1k3/4P2p/PPP1K2P/8/8 w - - 0 39,b3b4 c5b4 c3b4 a5a4 b4b5 c6b5,2193,76,85,86,crushing endgame long pawnEndgame quietMove zugzwang,https://lichess.org/NsoCNJ69#77,
pxCDm,r3r1k1/p4ppp/2pP4/3p4/P2Pn1n1/3BPN1q/1BQ2P1N/R4RK1 w - - 0 22,d6d7 e8e6 d3e4 d5e4 c2e4 e6e4,2152,80,91,1854,crushing long middlegame quietMove,https://lichess.org/2hdYjSNa#43,
pxFYr,7k/1Q4p1/7p/3p4/1Rr5/3q3P/3n1PP1/5RK1 w - - 1 37,f1d1 d2f3 g2f3 d3d1 g1g2 c4c1 b7b8 h8h7,2101,76,84,52,crushing discoveredAttack endgame quietMove veryLong,https://lichess.org/OkQV1egZ#73,
pxY0G,5rk1/pRB1Q1pp/5p2/8/3P4/4PPK1/q5PP/2r5 b - - 3 26,c1c2 c7d6 c2g2 g3h3 g2h2 d6h2,2173,79,74,44,crushing defensiveMove endgame long quietMove,https://lichess.org/OQC4RAPB/black#52,
py3fy,5r2/5p2/1k2p3/p3n2r/P3N3/1P4P1/5P2/R4RK1 w - - 0 30,a1c1 f8h8 f2f4 h5h1 g1f2 e5d3 f2f3 d3c1,2141,75,93,3023,crushing endgame fork quietMove veryLong,https://lichess.org/ZQCqjDz9#59,
pyH9a,8/8/p7/4K3/3P4/1b4P1/1p2R3/k7 w - - 6 62,e2b2 a1b2 g3g4 a6a5 g4g5 a5a4 d4d5 b3d5 e5d5 a4a3 g5g6 a3a2,2156,81,79,46,advancedPawn crushing endgame hangingPiece quietMove veryLong,https://lichess.org/Twhm7QNy#123,
pyae5,r1r3k1/3Q1pp1/p3p1p1/2Np4/3q4/P7/6PP/R4R1K b - - 3 25,d4c5 d7f7 g8h7 f1f3 c5c1 a1c1,2114,75,76,133,crushing endgame long quietMove,https://lichess.org/DRNtNyd4/black#50,
pygSw,3r1q1r/1bkp1pp1/pp3n1p/2n5/8/2PBB3/PQK2PPP/4R2R b - - 3 20,c5d3 b2b6 c7c8 e1b1 d3b4 b1b4,2141,83,86,41,advantage long middlegame quietMove,https://lichess.org/Hckk6TSz/black#40,
pyzTE,8/8/p2k2p1/3p1PP1/1p4K1/2pP4/P1P5/8 w - - 1 43,f5g6 d6e7 g4f5 a6a5 f5e5 a5a4 e5d5 b4b3,2138,77,74,70,crushing endgame pawnEndgame quietMove veryLong,https://lichess.org/AA7r1APs#85,
pzNL4,1r2r1k1/2R1ppbp/3p1np1/1p1P1q2/8/1P3BP1/PB2QP1P/4R1K1 w - - 10 22,f3e4 f6e4 b2g7 e4g5 g7h6 g5f3 g1g2 f3e1,2129,138,53,14,advantage fork middlegame quietMove veryLong,https://lichess.org/DGf7tan8#43,
pzU1K,2q1rrk1/pb1n1p1p/1pp1p1p1/8/2PPB1NQ/3R4/PP3PPP/5RK1 b - - 11 21,f7f5 d3h3 h7h5 h4g5,2164,74,94,2318,advantage master middlegame quietMove short,https://lichess.org/47hBezRG/black#42,
q0K7Y,8/1pp5/p6p/3Pp3/2P1Kpk1/1P6/1P4P1/8 b - - 1 34,h6h5 c4c5 g4g5 e4e5,2125,78,87,66,crushing endgame pawnEndgame quietMove short,https://lichess.org/bqPadCQa/black#68,
q0s5s,7k/pp4p1/1bpN1r1p/8/2Qn1PPq/1P5P/1P4K1/R4R2 w - - 1 23,d6b7 f6e6 c4e6 d4e6,2126,82,86,40,crushing middlegame quietMove short,https://lichess.org/ExivET4v#45,
q1A36,5rk1/5pp1/7p/2QP4/4P2N/1p6/3q1PPP/5RK1 w - - 1 23,f1b1 d2c2 c5c2 b3c2 b1c1 f8b8 g1f1 b8b1 f1e2 b1c1,2165,75,93,5522,advancedPawn advantage endgame pin quietMove veryLong,https://lichess.org/5nbM9OnA#45,
q1Kc3,3r2kr/5pp1/2p5/2Q1P2p/6q1/2N5/PP3P2/R3R1K1 w - - 4 23,g1f1 g4h3 f1g1 h8h6 e1e3 h6g6 e3g3 g6g3,2184,75,94,2128,advantage middlegame quietMove veryLong,https://lichess.org/1ilFY5I9#45,
q2Jfx,2r3k1/ppq2pbp/3p1np1/3Pp3/1P1rP3/PQ5P/2BRRPP1/2B3K1 b - - 6 23,f6e4 d2d4 e4c3 d4d2 c3e2 d2e2,2109,84,74,29,advantage long middlegame quietMove,https://lichess.org/nUHk22FS/black#46,
q2Tt9,r3r1k1/p4p1p/1p1Qb1pB/4R3/4P3/2q4P/6PK/3R4 b - - 5 25,c3c2 e5e6 f7e6 d6d7 c2c3 d1d4 c3d4 d7d4,2183,75,84,183,crushing middlegame quietMove sacrifice veryLong,https://lichess.org/Z5BO1v5T/black#50,
q2kQs,r4rk1/pp2Bpp1/6b1/8/3q2Pp/1B1P1RbP/PP6/R4Q1K b - - 5 25,g6d3 f1d3 d4b2 b3c2 b2a1 f3f1,2102,151,82,7,advantage long middlegame quietMove sacrifice,https://lichess.org/RiqAjyDu/black#50,
q330q,q5k1/4pp1p/8/2pp1PP1/1p1bQ3/1P1P1R1P/r7/1R5K w - - 0 33,e4e7 a8b8 f3g3 b8g3 e7d8 g8g7 f5f6 g7g6,2158,88,83,33,crushing endgame quietMove veryLong,https://lichess.org/w5NOgJnE#65,
q3RBN,8/5k2/2R1Nn2/3p1p1p/pp1P3P/4PP2/PPK3r1/8 w - - 3 33,c2d3 f6e4 e6g5 e4g5,2185,76,90,1696,advantage endgame master quietMove short,https://lichess.org/TOZMXTVl#65,
q3r14,8/8/4pk2/1pR3p1/4Pn1p/1P3P1P/P4RPK/3r4 w - - 4 32,c5b5 f4h5 g2g4 h4g3 h2g2 g3f2,2104,77,63,52,advancedPawn advantage enPassant endgame fork long quietMove,https://lichess.org/UNclnpUr#63,
q4iGh,8/8/6p1/5p2/4p3/1P4kp/PR6/4K3 w - - 0 52,b3b4 h3h2 b2h2 g3h2 b4b5 h2g2 b5b6 f5f4 b6b7 f4f3 b7b8q f3f2 e1d2 f2f1q,2124,90,83,30,advancedPawn crushing deflection endgame exposedKing promotion quietMove rookEndgame veryLong,https://lichess.org/BbGDxVXo#103,
q4wg4,r2q2k1/pRp3pp/2npb3/3Nb3/4P3/8/P4PPP/3Q1RK1 b - - 0 18,c6e7 d5c7 d8c8 d1b1 e6a2 b1a2,2184,74,93,9311,advantage fork long middlegame quietMove,https://lichess.org/XSbx12DK/black#36,Philidor_Defense Philidor_Defense_Other_variations
q5Mfh,r1bq1rk1/3p1p1p/p1n2Pp1/1p6/4P3/1nN1Q3/PPP3PP/R4RK1 b - - 0 16,b3d4 e3h6 d4e6 f1f3 d8f6 f3f6,2103,77,90,945,crushing long master middlegame quietMove,https://lichess.org/dmUHNjz8/black#32,Ruy_Lopez Ruy_Lopez_Fianchetto_Defense
q5PAe,6k1/p1R3p1/7p/1p4p1/1P1PR3/4P1PK/r4r1P/8 w - - 1 30,e4e7 h6h5 e7g7 g8f8 g7f7 f2f7,2119,75,94,1133,crushing endgame long quietMove rookEndgame,https://lichess.org/Cp3oRFsN#59,
q5mkh,8/p7/1p6/3b1k2/1P1P1p2/P7/5K2/3B4 w - - 2 37,d1f3 d5f3 f2f3 b6b5 d4d5 f5e5 d5d6 e5d6,2157,76,93,5959,bishopEndgame crushing endgame quietMove veryLong,https://lichess.org/8s9JSoYB#73,
q6nbY,4r1kb/5p1p/p4Pp1/4p1Q1/1qb1N3/6NP/6PK/2R5 b - - 5 39,c4d3 g3f5 d3e4 f5e7 b4e7 f6e7,2102,99,71,20,advancedPawn advantage long middlegame pin quietMove sacrifice,https://lichess.org/AGcL9A5q/black#78,
q6p3n,8/Q1p1q1bk/1p2p1p1/5r2/4N1np/4B1P1/PPP2P1P/4RRK1 w - - 0 21,g3h4 e7h4 a7c7 e6e5 e3f4 e5f4,2138,85,80,30,advantage long middlegame quietMove,https://lichess.org/Itl2AQv6#41,
q6re7,5k2/6R1/5P2/p7/3pP3/3P1R2/r2r4/6K1 w - - 4 45,g7g3 a2a1 f3f1 a1f1 g1f1 a5a4 e4e5 a4a3 e5e6 a3a2 e6e7 f8f7 g3g7 f7f6,2167,79,90,559,advancedPawn crushing endgame exposedKing quietMove rookEndgame veryLong,https://lichess.org/lUF90GMG#89,
q6w57,5Q2/r4ppk/1qn1p2p/3pP3/2pP4/2P1B2P/5PP1/4R1K1 b - - 10 33,c6a5 e3h6 g7h6 e1e3 b6b1 g1h2,2151,76,92,1362,clearance crushing endgame long quietMove sacrifice,https://lichess.org/3V7g8iOu/black#66,
q7P1W,8/8/6p1/7p/7P/p4PP1/2K5/k7 b - - 0 46,a3a2 f3f4 g6g5 h4g5 h5h4 g5g6 h4h3 g6g7 h3h2 g7g8q h2h1q g8g7,2150,91,100,61,advancedPawn endgame mate mateIn5 pawnEndgame promotion quietMove veryLong zugzwang,https://lichess.org/BJChobe0/black#92,
q7v4e,8/8/8/3pk3/5q2/7P/PP3QPK/8 w - - 3 41,f2g3 d5d4 g3f4 e5f4 h2g1 f4e3,2154,77,77,208,crushing defensiveMove endgame long queenEndgame quietMove,https://lichess.org/UxjjVef5#81,
q8KuR,2r3k1/4r1pp/4R3/p2pNn1P/8/1P4P1/6PK/4R3 w - - 1 30,e6a6 c8e8 g3g4 f5h6,2166,81,90,1100,advantage endgame quietMove short,https://lichess.org/JVlm2PiD#59,
q8f5o,6k1/pp2q2p/2p3pP/4Nr2/3P2Q1/8/PP3PP1/6K1 b - - 4 32,e7g5 g4g5 f5g5 g2g4 g5e5 d4e5,2191,75,75,96,crushing endgame long master masterVsMaster quietMove,https://lichess.org/PFsb3OJu/black#64,
q8iiP,2r1r1k1/8/p2p2pB/2pb4/3q4/5RQ1/6PP/5R1K b - - 3 29,d5f3 g3g6 g8h8 g2f3 d4e5 h6g5 e8e6 g6h5 h8g8 f1g1,2111,158,-23,16,advantage defensiveMove exposedKing intermezzo middlegame quietMove veryLong,https://lichess.org/VNVw7DyU/black#58,
q92M4,2r3k1/1p3p2/1q4pQ/p5n1/7P/P7/1P1R1bP1/1R5K w - - 0 31,h4g5 c8c4 d2d3 c4h4 h6h4 f2h4,2120,74,92,759,advantage endgame fork long quietMove,https://lichess.org/8AmWrGFR#61,
q97ai,r5k1/B1p2pp1/Qp2p1bp/1P2P3/8/2p2PP1/4P2P/6K1 w - - 0 29,a6b7 a8d8 b7c7 d8d1 g1f2 c3c2,2187,76,93,7856,advancedPawn advantage endgame long master masterVsMaster quietMove,https://lichess.org/Hk4bEjyo#57,
q9AeB,8/p4ppp/1p4b1/1Bp1k3/8/3P1N2/PbP1KPPP/8 b - - 9 35,e5f4 b5d7 g6f5 g2g3 f4g4 h2h3,2139,77,97,118,advantage endgame long quietMove,https://lichess.org/crldIO18/black#70,
q9pif,8/p7/1p2kp2/2p1pP2/6K1/P7/1PP2P2/8 b - - 0 36,e6d5 g4h5 e5e4 h5g6 d5e5 c2c4 a7a5 a3a4,2136,76,78,93,crushing defensiveMove endgame pawnEndgame quietMove veryLong zugzwang,https://lichess.org/DptP7ROD/black#72,
q9y22,8/b4pk1/2R2Np1/pp2r3/1P1p3q/P2P3P/3Q1PK1/8 w - - 4 32,f6g4 e5h5 d2h6 h5h6,2121,75,86,342,crushing endgame quietMove short,https://lichess.org/9j0OdpDG#63,
qAVn6,8/1p3pkp/p1r3p1/2p1Q3/1q4P1/4P2P/5P2/R5K1 b - - 9 30,g7f8 a1d1 b4b6 d1d7,2192,75,93,9595,crushing endgame quietMove short,https://lichess.org/u1KnZq1z/black#60,
qAbv0,8/8/p2p1k1p/1p1P1p2/3P4/4K1P1/PP4P1/8 w - - 2 41,a2a3 f6g5 e3f3 a6a5 g3g4 f5g4,2137,76,92,366,crushing endgame long pawnEndgame quietMove,https://lichess.org/ROQHin6n#81,
qAkqr,4r1k1/pp1r2pb/2p5/6pP/1P1BP3/P7/6P1/2R1R1K1 w - - 0 35,c1d1 e8d8 d4e3 d7d1 e1d1 d8d1,2170,81,84,41,crushing endgame long quietMove,https://lichess.org/XtoDzSq3#69,
qAq22,8/8/1p6/2p4p/P1P3p1/1P3k2/5P1P/5K2 w - - 6 40,f1g1 h5h4 g1f1 h4h3 f1e1 f3g2,2150,76,98,655,crushing endgame long pawnEndgame quietMove zugzwang,https://lichess.org/SgsrbHn2#79,
qAxVV,5r2/8/p3q1kp/4p1p1/4P3/1PP3Q1/P5P1/R5K1 w - - 1 32,a1f1 e6b6 f1f2 h6h5 g1f1 h5h4 f2f8 h4g3,2129,77,92,579,crushing endgame pin quietMove veryLong,https://lichess.org/KfjuPgjm#63,
qB0AK,2kr4/Bp1b4/2pq1pp1/4p2r/2P1P1p1/2NB4/P1Q2PP1/1R3RK1 w - - 1 23,c2b3 d8h8 b3b7 c8d8 f2f4 g4g3,2172,119,86,30,crushing long middlegame quietMove,https://lichess.org/DNF69Dw2#45,
qBGQu,1k3r1r/p1pqb1p1/3ppn2/QP2p1p1/2PPP3/4R3/P4PPP/RN4K1 b - - 2 17,f6g4 e3a3 b8c8 a5a7 c8d8 a7a8,2174,82,85,37,advantage long middlegame quietMove,https://lichess.org/zCzZzzRq/black#34,Italian_Game Italian_Game_Two_Knights_Defense
qBgqa,8/6p1/r4p1k/5P2/1R3P1p/5K1P/8/8 b - - 1 51,h6h5 b4b8 a6a3 f3g2 a3g3 g2h2,2109,77,95,983,crushing defensiveMove endgame long master quietMove rookEndgame,https://lichess.org/dYEDUJOe/black#102,
qC5JR,8/4r1kp/p4bp1/2PQp3/3pP3/r5P1/7P/5BK1 b - - 1 32,a6a5 f1c4 h7h5 d5g8,2113,80,80,372,crushing endgame master masterVsMaster quietMove short,https://lichess.org/2NDCjnWj/black#64,
qCJVp,6k1/5pBp/p4Pp1/1p3p2/2P1b3/P7/1P4r1/2R2K2 b - - 1 36,b5c4 c1d1 e4d3 f1g2,2144,93,67,38,crushing endgame quietMove short,https://lichess.org/GpZeyTHq/black#72,
qCyBU,8/p4p2/1p2pp2/8/2P2KP1/kP3P2/P4R2/r7 b - - 4 49,a1a2 f2a2 a3a2 b3b4 a7a5 b4a5 b6a5 c4c5 a5a4 c5c6,2198,77,96,3364,crushing endgame quietMove rookEndgame veryLong,https://lichess.org/tWmEppkW/black#98,
qDULb,r2q4/3bpk1R/3p1p2/p2P1B2/1p4P1/1P3P2/P1P5/1K1R4 b - - 1 27,f7g8 d1h1 d7f5 g4f5,2160,78,83,205,crushing endgame master masterVsMaster quietMove short,https://lichess.org/N0O1PwHs/black#54,
qDroU,2kr4/pp4p1/3p4/PPp1p1Q1/2PbP1P1/5Pq1/4B2p/1R3R1K w - - 1 31,a5a6 d8h8 a6b7 c8b8 g5h5 h8h5,2121,75,88,448,crushing defensiveMove long middlegame quietMove,https://lichess.org/tpthz6qz#61,
qE0sD,8/1p2k2p/1r4p1/5p2/3r4/2P1P2P/1P1p1PPB/R5K1 w - - 0 33,c3d4 b6c6 a1d1 c6c1 g1f1 c1d1,2161,76,94,698,advantage endgame long pin quietMove,https://lichess.org/2up0NnQb#65,
qFeRV,r1b1r1k1/1p3pp1/1p1B3p/pP2p3/P3P1n1/2PP1N1q/4BP2/R2Q1RK1 w - - 1 19,d3d4 e8e6 d6e5 e6g6 e5g3 g4e3,2155,91,85,47,crushing long middlegame quietMove,https://lichess.org/3VCvAcA4#37,Ponziani_Opening Ponziani_Opening_Jaenisch_Counterattack
qG1hd,4r1k1/1pq2ppp/p2pbn2/8/1Pr1P3/P1NQ3P/2BR1PP1/4R1K1 w - - 7 22,e1e3 e8c8 c2b3 c4c3 d3c3 c7c3 e3c3 c8c3,2146,75,91,1053,advantage master middlegame quietMove veryLong,https://lichess.org/HlOYjH6T#43,
qG3IJ,4r1k1/p6p/3Bp1p1/6P1/4rb2/3B4/PPP5/1K3R2 b - - 1 30,e4d4 d6f4 e8f8 f4c1 f8f1 d3f1,2196,82,91,898,advantage endgame long quietMove,https://lichess.org/iYEdNhFm/black#60,
qGL3M,8/1p6/p1p5/6k1/2P3p1/1P4K1/P5P1/8 b - - 0 47,b7b5 c4b5 c6b5 b3b4 g5f5 g3h4,2119,77,92,6768,crushing endgame long pawnEndgame quietMove zugzwang,https://lichess.org/QtcNURHM/black#94,
qGaGr,4r3/1p3kp1/p3p2r/2b1p3/3nP1P1/3P1P2/PP3BPK/R2B1R2 w - - 5 32,h2g3 c5e7 f2e3 e7h4,2176,76,90,262,advantage middlegame quietMove short,https://lichess.org/BZERdiyE#63,
qHiwO,r7/1pR2ppk/p4n2/3n4/8/1P3P1P/P4P2/3R2K1 w - - 2 33,c7f7 a8b8 f7d7 f6d7,2120,107,78,23,advantage endgame quietMove short,https://lichess.org/nvKWTCSO#65,
qHvvb,7b/2p4P/k3K3/3p4/3p4/3P1P2/8/8 b - - 0 46,a6b5 f3f4 c7c5 f4f5 b5a4 f5f6,2116,78,82,682,bishopEndgame crushing endgame long quietMove,https://lichess.org/vrmZYYXs/black#92,
qI1hT,6k1/p4p1p/4b1p1/4N3/4RQP1/1P5q/2r2P1P/6K1 b - - 0 29,e6d5 e5d7 c2c8 d7f6 g8g7 f6d5,2121,79,85,81,crushing endgame fork long quietMove,https://lichess.org/UUQBjPlh/black#58,
qIEkI,r5k1/4qp2/3p1b1B/2pP1QP1/8/5BP1/1P3P2/5nK1 b - - 0 29,f6g7 f3e4 e7e5 f5h7 g8f8 h7h8 f8e7 h8a8,2125,93,71,30,advantage middlegame pin quietMove skewer veryLong,https://lichess.org/faoQ02WJ/black#58,
qIIfW,6k1/6pp/p7/1p1pP3/2p1Rq2/P7/1PQ3PP/6K1 b - - 0 32,f4e4 c2e4 d5e4 g1f2 a6a5 f2e3 b5b4 a3b4 c4c3 b2c3 a5a4 b4b5 a4a3 b5b6,2170,79,80,80,crushing endgame queenEndgame quietMove veryLong,https://lichess.org/7VhZoqU7/black#64,
qIbAZ,8/1p4p1/4kpK1/p1p2N2/2P1p1p1/8/PP5P/8 w - - 0 35,a2a4 e6e5 b2b3 b7b6 f5e3 e5f4,2102,102,90,35,crushing endgame knightEndgame long quietMove,https://lichess.org/bWnStDwB#69,
qIdn9,8/2p5/8/p7/P1P5/1k6/6BK/8 w - - 0 47,g2f1 c7c5 h2g3 b3a4,2138,84,89,1053,advantage bishopEndgame endgame quietMove short,https://lichess.org/atvuSPxm#93,
qItCA,8/5p2/p1p4k/3p1PR1/4r2r/P7/1PP5/1K4R1 b - - 0 33,h4h5 g5g8 e4e1 g1e1,2127,167,75,8,crushing endgame quietMove rookEndgame short,https://lichess.org/adzI3C8x/black#66,
qIwM4,8/8/8/3k1p2/2b2P2/4N3/pK6/8 b - - 3 64,d5e6 e3c4 a2a1r b2a1 e6d5 c4e5 d5e4 e5g6,2170,80,68,50,crushing defensiveMove endgame hangingPiece quietMove veryLong,https://lichess.org/FIj3jWVT/black#128,
qJJ2M,8/8/2P1k1K1/p2p4/1p6/2P4P/PP6/8 w - - 0 44,c3b4 d5d4 c6c7 e6d7,2196,76,94,243,advantage endgame pawnEndgame quietMove short,https://lichess.org/LqfdZY3X#87,
qJPUy,8/1R5p/3pk1p1/q1p1p1P1/r1P1Pp1P/3P1P1K/1Q6/8 b - - 2 43,a5e1 b2g2 h7h5 g5h6,2125,76,86,119,crushing enPassant endgame quietMove short,https://lichess.org/jWuu7vKj/black#86,
qJPgh,4r1k1/1p3ppp/p3q3/8/8/QP4P1/P1R1PP1P/5K2 w - - 0 24,a3b4 e6d5 f1e1 e8d8 f2f3 d5d1 e1f2 d1c2,2177,97,96,38,crushing endgame fork quietMove veryLong,https://lichess.org/mAEQKd3J#47,
qJSqu,r7/4R1pk/5p2/2P3p1/3P4/2B3bP/6P1/7K w - - 1 37,d4d5 a8b8 c3e1 b8b1,2172,75,91,2237,advantage endgame pin quietMove short,https://lichess.org/VHDUHuKg#73,
qJjcX,8/7p/2p3p1/2Pk4/p3pP2/4K1P1/1P5P/8 w - - 0 42,h2h4 h7h5 g3g4 h5g4 f4f5 g6f5,2160,79,90,104,crushing endgame long pawnEndgame quietMove,https://lichess.org/X2sbXLO5#83,
qK1RL,6k1/4p2p/3pPbp1/Qp3p2/p1q2B2/P5P1/1P2PP1P/6K1 b - - 1 26,c4e2 f4h6 e2e1 a5e1,2126,89,81,26,crushing endgame master quietMove short,https://lichess.org/8pMh4Fys/black#52,
qK641,6k1/p6p/1p1N2p1/3Pp3/2PrP3/8/2Kb4/R7 b - - 8 37,d2a5 a1a5 b6a5 c4c5 d4b4 c5c6,2140,80,91,2182,crushing endgame long quietMove sacrifice,https://lichess.org/NfcN73cI/black#74,
qK96n,8/8/8/2pk4/3n3p/2R4P/4p3/4K3 w - - 0 55,c3c1 c5c4 c1c3 d5c5,2130,76,88,377,crushing defensiveMove endgame master quietMove short,https://lichess.org/qXHG4FGN#109,
qKRTE,4R3/5Bpk/7p/p1b2P2/1p6/8/2r3PP/5K2 b - - 0 40,h6h5 f7g6 h7h6 h2h4 c2f2 f1e1 f2f5 g6f5,2175,76,87,70,crushing endgame quietMove veryLong,https://lichess.org/yur3HZ1H/black#80,
qKfwx,8/5p2/p5p1/1p2k1p1/1Pp1P3/2P1K1PP/P7/8 w - - 1 31,h3h4 g5g4 e3d2 e5e4,2176,82,52,40,crushing endgame master pawnEndgame quietMove short zugzwang,https://lichess.org/DUkZ39cf#61,
qKhyr,8/p6p/2p1k3/1p3p1P/1PPK1P2/P7/8/8 w - - 0 37,c4c5 h7h6 d4d3 e6d5 d3c3 d5e4 a3a4 a7a6,2112,78,37,69,crushing defensiveMove endgame pawnEndgame quietMove veryLong zugzwang,https://lichess.org/8GkEH7Af#73,
qKpnP,3r1q2/R1knr1p1/2p2p1p/1p2n3/1P6/1BP4P/3N2PB/4R2K b - - 10 39,c7b6 e1a1 d7b8 h2g1 c6c5 g1c5,2112,76,91,2386,crushing long middlegame quietMove,https://lichess.org/evNbTfva/black#78,
qLBUx,2b3k1/5p2/2P5/4p3/P3P3/1P6/5Kp1/8 b - - 1 48,c8h3 a4a5 h3c8 b3b4 g8f8 b4b5,2148,75,86,128,bishopEndgame crushing defensiveMove endgame long quietMove,https://lichess.org/iAkP1QrT/black#96,
qLPvD,8/pp3k2/8/3pP1p1/2pPp1P1/2P1K3/PP6/8 w - - 1 30,b2b3 c4b3 a2b3 a7a5 c3c4 d5c4 e3e4 c4b3,2187,75,98,211,crushing endgame pawnEndgame quietMove veryLong,https://lichess.org/jvllce5M#59,
qLyDA,6k1/p4r1p/1pn3p1/2b2p2/4q3/1QBR1p2/PPK4P/4R3 b - - 1 26,f3f2 e1e4 f5e4 d3d1 c6d4 c3d4,2166,77,91,836,advantage long middlegame quietMove,https://lichess.org/Y6Xw4Mam/black#52,
qM0qy,8/2kP4/p3P3/1p1r3P/6P1/8/P6K/8 b - - 0 49,d5e5 h5h6 e5e6 g4g5 c7d7 h6h7 e6e8 g5g6,2101,77,95,1505,advancedPawn advantage endgame quietMove rookEndgame sacrifice veryLong,https://lichess.org/aYvzko3I/black#98,
qM4IM,8/8/pp2k3/3n1ppp/PP1P4/2NK2PP/8/8 w - - 3 43,c3d5 e6d5 b4b5 a6a5 d3e3 d5c4,2176,77,91,1086,crushing endgame long quietMove zugzwang,https://lichess.org/92S1dFqy#85,
qMPoL,3N4/8/2p3k1/6Pp/4p2P/2p5/5r2/R6K w - - 0 53,a1c1 c3c2 d8c6 f2d2 c1c2 d2c2,2152,77,84,121,advancedPawn crushing endgame long quietMove,https://lichess.org/N47w5KRR#105,
qMVQ4,5rk1/5rpp/3P4/pBp1Rb1q/PpP2p2/8/1P3Q1P/6RK w - - 3 33,f2f4 f5g4 g1g4 f7f4,2190,161,83,10,crushing discoveredAttack middlegame quietMove short,https://lichess.org/aqn6vV52#65,
qMiHP,r7/3q1rpk/p6p/3p1p2/bP1B2Q1/2P1P3/5R1P/5RK1 w - - 0 33,f2f5 a8f8 h2h3 f7f5,2191,78,87,837,crushing intermezzo middlegame quietMove short,https://lichess.org/oalBux3b#65,
qMll1,1k4r1/ppp1nq2/3b3Q/3p1p2/3P4/2P5/PP1B1PPN/4R1K1 w - - 1 25,d2g5 e7g6 h6h5 g8h8,2146,83,77,91,advantage middlegame quietMove short,https://lichess.org/7cmcVT13#49,
qMvkl,8/6pp/p7/3p1p2/1P1Pp2P/k1P3P1/2K2P2/8 b - - 0 46,h7h6 h4h5 a3a4 c2b2,2125,76,86,88,crushing defensiveMove endgame pawnEndgame quietMove short zugzwang,https://lichess.org/FuFFWyJ6/black#92,
qNDEV,8/5pp1/p2k4/Pp1p1P1p/1P1K4/2P3PP/8/8 b - - 0 33,g7g5 f5g6 f7g6 h3h4 d6c6 d4e5,2107,85,65,95,crushing enPassant endgame long pawnEndgame quietMove zugzwang,https://lichess.org/yfQJbyq5/black#66,
qNJ4S,1Q1r4/P4pk1/6p1/q6p/8/4P1P1/5P2/1R4K1 w - - 0 36,b1b5 a5e1 g1g2 d8d1 b5h5 g6h5,2128,153,95,23,endgame equality long quietMove,https://lichess.org/bjv4mUqL#71,
qNML6,2kr3r/3n2b1/pp1qp1B1/2p4p/2P3n1/PPN2Q2/3B1PPP/1R2R1K1 b - - 0 18,d6d2 f3c6 c8b8 g6e4 d2f2 g1h1 f2e1 b1e1 g4f2 h1g1 f2e4 c3e4,2105,99,82,21,advantage middlegame quietMove veryLong,https://lichess.org/W2tctQFN/black#36,Modern_Defense Modern_Defense_Mongredien_Defense
qNt3d,8/6p1/6pp/2kp4/1p4P1/3K1P1P/1PP5/8 b - - 1 39,g6g5 b2b3 d5d4 d3e4 g7g6 e4e5,2105,78,92,5508,crushing endgame long pawnEndgame quietMove,https://lichess.org/rgAohdhM/black#78,
qNtxr,r4r2/2q2ppk/b1p5/p1n1p1N1/8/2P3PP/P4RP1/R2Q2K1 b - - 1 20,h7g6 d1g4 f7f5 f2f5 a6e2 g5f3,2121,78,82,69,advantage discoveredAttack long middlegame quietMove,https://lichess.org/FY0WlBne/black#40,
qO38g,r7/7R/4r1p1/p5k1/8/R5KP/8/8 b - - 0 42,e6e4 a3f3 a8c8 h3h4 e4h4 h7h4,2138,86,80,39,advantage endgame long quietMove rookEndgame,https://lichess.org/yUUuXM6N/black#84,
qO4Us,8/8/2k3p1/1p2p2p/4P2P/1K4P1/Pb3B2/8 b - - 6 44,b2d4 f2d4 e5d4 b3c2 b5b4 c2d3 c6c5 e4e5 c5d5 e5e6 d5e6 d3d4,2160,81,91,942,bishopEndgame crushing deflection endgame quietMove veryLong,https://lichess.org/rzoWhSYe/black#88,
qOAvq,8/1Q6/5p2/p6q/PpP2p2/1P6/4k1P1/6K1 w - - 0 61,b7e7 h5e5 e7e5 f6e5 c4c5 e5e4 c5c6 f4f3 g2f3 e4f3 g1h2 f3f2,2115,76,86,325,advancedPawn crushing defensiveMove endgame queenEndgame quietMove veryLong,https://lichess.org/3zs12YBc#121,
qOHqd,8/8/5PK1/4k2P/6P1/8/2r5/8 b - - 0 50,c2f2 g4g5 f2f5 h5h6,2103,75,93,10124,crushing endgame quietMove rookEndgame short,https://lichess.org/5gwThaSq/black#100,
qOPIS,k3r3/1p4p1/1B1p1bbp/2Pq4/1P2p1P1/7P/PP1R4/K3Q3 b - - 3 35,d5e5 e1d1 a8b8 d1a4 d6d5 c5c6 b7c6 d2c2 e8e6 b4b5 e6e7 b5c6 e4e3 c6c7 e7c7 b6c7 e5c7 c2c7,2151,132,54,19,advancedPawn crushing fork middlegame quietMove veryLong,https://lichess.org/smZaWGry/black#70,
qOQg0,7k/1R5p/4N3/p7/r4K2/1p4PP/8/8 w - - 3 39,f4f5 a4b4 b7a7 b4b8 f5f6 b3b2,2196,75,87,376,advancedPawn advantage endgame long master quietMove,https://lichess.org/0VkFg9xo#77,
qOq1P,5rk1/R4p1p/5pp1/5q2/8/2P2nPP/1P3P2/4RQK1 w - - 3 32,g1g2 f5d5 e1a1 f3d2 g2g1 d2f1,2123,77,91,1254,crushing discoveredAttack endgame long quietMove,https://lichess.org/tCeemyv5#63,
qP8vW,8/4pp2/3p4/3Pk1pp/2P5/4KPPP/8/8 b - - 0 38,f7f5 f3f4 e5f6 e3d4 g5g4 h3h4 f6g6 c4c5,2138,168,45,6,crushing endgame pawnEndgame quietMove veryLong,https://lichess.org/mAIU8MAe/black#76,
qPVM5,r2q2k1/p2b2pp/2p4r/3p2n1/3P1p2/5P2/PPBN2PP/2RQ1R1K w - - 4 20,d2b3 g5e4 f3e4 d8h4,2123,112,87,22,clearance crushing middlegame quietMove sacrifice short,https://lichess.org/QvxR1647#39,
qPX0E,r6k/ppq3pp/5p2/4bQ2/1P3PP1/PB5P/6K1/3R4 b - - 0 28,e5f4 b3c2 c7c6 c2e4 g7g6 f5f4,2108,132,79,21,crushing defensiveMove endgame long quietMove,https://lichess.org/2OQoSxSi/black#56,
qPb7R,8/k2b4/P7/4p2p/1K2Pp2/5Pp1/4B1PP/8 w - - 0 59,h2g3 f4g3 f3f4 h5h4 f4f5 h4h3 g2h3 g3g2,2197,74,94,3279,advancedPawn bishopEndgame crushing endgame quietMove veryLong,https://lichess.org/rLKm4fcl#117,
qPmy4,8/4k3/3npp1p/3p4/3P1PPP/3K4/5N2/8 w - - 9 50,g4g5 h6h5 g5f6 e7f6,2139,185,43,7,crushing endgame knightEndgame quietMove short,https://lichess.org/vpZgezeF#99,
qQ3Sw,8/8/R7/4rk2/1P6/P3n3/5p1P/4R2K w - - 0 40,e1b1 e3d1 b1d1 e5e1 d1e1 f2e1q,2179,76,94,1538,advancedPawn clearance crushing endgame long promotion quietMove sacrifice,https://lichess.org/3HQ2mibG#79,
qQ4Zh,8/5p2/4pp1p/1k6/4PP1P/1P2K3/1P6/8 w - - 5 34,f4f5 e6e5 e3d2 b5b4 d2c1 b4b3,2149,76,89,1103,crushing endgame long pawnEndgame quietMove,https://lichess.org/RsPb42qv#67,
qQ8Kr,8/1p3p1p/p1p3p1/2Pk4/1P3PP1/P2K4/7P/8 b - - 0 31,f7f5 g4g5 a6a5 h2h3,2154,82,91,341,crushing defensiveMove endgame pawnEndgame quietMove short zugzwang,https://lichess.org/0MbQal1J/black#62,
qQDkz,1K6/5p2/6pp/4P3/5P2/6P1/6kP/8 b - - 0 60,g2h2 g3g4 h6h5 g4h5 g6h5 f4f5,2110,75,89,125,crushing defensiveMove endgame long pawnEndgame quietMove,https://lichess.org/9tCLmSEL/black#120,
qQNy2,8/8/4Bp1p/4kPP1/1pK4P/1Pb5/8/8 b - - 0 44,h6g5 h4h5 g5g4 h5h6 g4g3 e6d5 e5f5 h6h7 g3g2 d5g2,2130,74,86,252,advancedPawn bishopEndgame crushing endgame quietMove veryLong,https://lichess.org/jHcKxhqN/black#88,
qQa7W,1N4k1/7p/p3n3/8/1B6/P4p2/3K2nP/8 w - - 0 41,b8a6 e6d4 a6c5 f3f2,2145,123,83,14,advancedPawn crushing endgame quietMove short,https://lichess.org/3Wsg3fmR#81,
qQwf3,5rk1/7p/2R3p1/1p3r2/2p5/2P1B1bq/1PQ2P1P/5RK1 w - - 0 25,h2g3 f5h5 c6g6 g8f7,2105,77,89,705,crushing defensiveMove middlegame quietMove short,https://lichess.org/eqwF0qhK#49,
qRWWS,r3k3/4np2/ppn4p/1p2p1q1/4P3/1BP2Pr1/PP3QP1/RN3RK1 w q - 3 20,b1d2 e7g6 b3f7 e8f7,2189,99,39,27,crushing middlegame quietMove short,https://lichess.org/cQ3LCMNE#39,
qRwll,8/6kr/4p3/1pNp4/p2P4/2n1PP2/5PK1/7R w - - 0 37,h1h7 g7h7 g2f1 b5b4 c5a4 c3a4,2112,115,80,13,crushing endgame long quietMove,https://lichess.org/1CtWpBsq#73,
qS8Sx,4r3/Qp2kpp1/5q2/8/4P3/P4P2/1Pr1K3/3R3R w - - 1 36,d1d2 c2d2 e2d2 f6b2 d2e3 e8c8 a7d4 c8c3 d4c3 b2c3,2193,85,74,46,attraction crushing endgame quietMove veryLong,https://lichess.org/97W8ERL1#71,
qSzsI,2Q5/4q1k1/3p4/4p1p1/P4n1p/5P1P/6r1/4RB1K b - - 0 38,g2g3 e1b1 g3f3 f1g2,2101,137,85,11,advantage endgame quietMove short,https://lichess.org/Emhu2rh5/black#76,
qTRot,3q1rk1/pp1n1p1p/4p1pQ/3pP3/P7/1PrBR3/5PPP/R5K1 b - - 1 25,d7e5 e3h3 f8e8 h6h7 g8f8 h7h8 f8e7 h8e5,2167,74,94,438,crushing fork middlegame quietMove veryLong,https://lichess.org/R27v2wUs/black#50,
qTkmJ,8/8/8/p4BK1/1k6/6P1/4b3/8 w - - 0 51,g5f4 a5a4 f4e3 a4a3,2171,75,98,99,bishopEndgame crushing endgame master quietMove short,https://lichess.org/VVLiNFpC#101,
qToUj,8/8/5RP1/8/3ppk2/6r1/5K2/8 b - - 1 60,f4g5 f6f8 g5h4 f8h8 h4g4 g6g7,2170,77,93,4911,advancedPawn crushing endgame long quietMove rookEndgame,https://lichess.org/BWpOA1OQ/black#120,
qUF4S,8/5p1p/1b1Bp1p1/pp1kP1P1/1P3P2/P2K3P/8/8 w - - 2 32,d6e7 a5a4 e7c5 b6c5 b4c5 d5c5,2134,75,86,232,bishopEndgame crushing endgame long quietMove,https://lichess.org/Jnhtnzpl#63,
qUsvH,r1b2R2/1pp1k1p1/pb5p/3n4/3P4/1KPQB3/PP1N2qP/R7 w - - 1 23,a1f1 c8e6 f8a8 d5f4 b3c2 f4d3,2177,84,90,271,advantage discoveredAttack long middlegame quietMove sacrifice,https://lichess.org/ueAHG56g#45,
qV6GN,rr2nk2/3R1pp1/pp2p2p/3p2n1/3P4/1N2PP2/PP2N1PP/2R3K1 w - - 0 25,h2h4 g5h7 c1c7 e8c7,2128,83,58,35,advantage middlegame quietMove short,https://lichess.org/PfpGKHKD#49,
qVhkJ,8/8/4k1K1/4p3/4P3/6PP/8/6b1 b - - 0 50,g1h2 g3g4 h2g3 g4g5 g3h4 g6h5,2108,78,91,108,bishopEndgame crushing endgame long quietMove,https://lichess.org/CjUwxQIP/black#100,
qWFtQ,2kr3r/1p2b1pp/p4p2/3Pp3/3nP3/Pq1pB1PP/6B1/R2Q1R1K w - - 0 24,d1b3 d4b3 a1b1 b3d4 e3d4 e5d4,2184,146,73,24,equality long middlegame quietMove,https://lichess.org/x8NXpi3V#47,
qWNSk,8/8/1p5p/5Q2/1P2p1pk/P3P1q1/6P1/6K1 w - - 13 48,f5f2 g3f2 g1f2 b6b5 a3a4 b5a4,2130,120,82,16,crushing endgame long queenEndgame quietMove,https://lichess.org/OwcTE6tj#95,
qX7x1,r1b1k1nr/pp1pbppp/8/8/6Q1/2B5/P4PPP/RNqBK2R b KQkq - 3 14,c1h6 c3g7 g8f6 g4g3 f6e4 g3e5 h6g6 g7h8 g6g2 h1f1,2149,217,6,6,advantage defensiveMove fork opening quietMove veryLong,https://lichess.org/BuNNHWau/black#28,Sicilian_Defense Sicilian_Defense_Old_Sicilian
qXzy2,8/R4pkp/2p3p1/Pp2n3/8/2P4P/2PnQP2/2q2B1K w - - 3 30,h1g2 d2f3 e2f3 e5f3,2103,77,69,58,crushing endgame quietMove short,https://lichess.org/1xA5QiCh#59,
qY48b,5Bk1/1p1q4/3Pp1pQ/3n4/3P4/8/5P2/6K1 b - - 7 38,d7f7 f8g7 f7g7 h6g7 g8g7 d6d7,2130,110,81,42,advancedPawn crushing endgame exposedKing long quietMove sacrifice,https://lichess.org/Na7gk1qP/black#76,
qY5ah,r4rk1/1pp2p2/3q3p/b2P2p1/pPP1bp2/2Q5/P1N3PP/R1B2R1K b - b3 0 23,e4c2 c1b2 f7f6 c3c2,2171,77,89,552,advantage intermezzo middlegame quietMove short,https://lichess.org/M6KzR2BV/black#46,
qYA8z,8/1N6/2p4p/P2pn3/8/1P4k1/2P3P1/2K5 b - - 0 37,g3g2 b7c5 h6h5 a5a6 h5h4 a6a7 h4h3 a7a8q h3h2 a8g8,2155,75,92,7550,advancedPawn crushing endgame knightEndgame master masterVsMaster promotion quietMove superGM veryLong,https://lichess.org/ALLDfMbA/black#74,
qYFO5,8/1p6/3k4/2n1pK2/8/p1P3P1/N6P/8 w - - 6 41,h2h4 e5e4 f5f4 d6d5 h4h5 c5e6 f4e3 d5c4 e3e4 c4b3 e4d5 e6d8 a2b4 d8c6 h5h6 c6b4,2180,125,41,21,crushing endgame knightEndgame quietMove veryLong,https://lichess.org/YdLbSp8G#81,
qYHHe,4Rr2/R2P1pk1/6pp/3r1p2/8/7P/5PP1/6K1 b - - 3 36,h6h5 a7a8 d5d7 e8f8,2115,77,89,138593,advantage endgame quietMove rookEndgame short,https://lichess.org/ctGDCF8d/black#72,
qYUC9,r1b2rk1/1pq2ppp/p1pb1n2/4N3/1P3B2/P5P1/2P1BP1P/R2Q1RK1 w - - 1 19,e5g6 f8d8 d1d6 d8d6,2167,79,90,800,crushing master opening quietMove short,https://lichess.org/LpLS9GAQ#37,Sicilian_Defense Sicilian_Defense_French_Variation
qYVk9,8/1p4k1/1bpp2Bp/4p3/1P2P2P/3P2PK/2P1Q1P1/6q1 w - - 1 31,g6f5 h6h5 e2h5 g1h1 h3g4 h1d1,2192,85,72,28,advantage endgame long quietMove,https://lichess.org/Wg649i42#61,
qYf5a,r1bqkb1r/ppp1pp1p/6p1/4n3/8/1B6/PPPP2PP/RNBQ1RK1 b kq - 1 9,f8g7 d2d4 c8g4 d1d2 e5c6 b3f7,2136,80,90,1425,advantage attackingF2F7 clearance long opening quietMove,https://lichess.org/eD8czT5A/black#18,Rat_Defense Rat_Defense_Harmonist
qYwNU,8/pp4B1/2p3kP/6N1/2P2pn1/1P1Kb3/P7/8 w - - 3 42,g5e6 f4f3 e6f8 g6f7 f8d7 f3f2 d3e2 g4h2 e2e3 f2f1q,2122,77,93,4624,advancedPawn crushing defensiveMove endgame promotion quietMove veryLong,https://lichess.org/0Zc9wPU7#83,
qZ8RT,8/8/8/5pp1/3k4/5K2/5PP1/8 w - - 2 62,g2g4 f5f4 f3e2 d4c3 e2d1 c3d3,2132,75,83,535,crushing defensiveMove endgame long pawnEndgame quietMove,https://lichess.org/x38ayJMh#123,
qZI01,8/6k1/2N3pp/P2p4/rP1p3P/3P2K1/8/8 b - - 5 44,g7f6 b4b5 a4a3 a5a6,2150,79,84,56,crushing endgame master quietMove short,https://lichess.org/c3yv0Gf6/black#88,
qZIYq,2k5/4r2p/1KP5/PB6/5p2/8/7P/8 b - - 0 43,c8b8 b5a6 f4f3 a6b7,2144,78,90,215,crushing defensiveMove endgame master quietMove short,https://lichess.org/bXIC4ixB/black#86,
qZRht,2r3k1/5pp1/4p2p/8/QP2q3/4P1P1/2p2P1P/2R3K1 w - - 0 32,a4a3 c8d8 a3b3 d8d2,2188,81,91,873,crushing endgame quietMove short,https://lichess.org/smdAW8hk#63,
qZkeW,1R6/4Kp2/4b1k1/5p2/8/8/8/8 w - - 1 49,b8b1 f5f4 e7d6 g6f5 d6c5 f4f3 c5d4 f5f4,2159,81,67,49,crushing defensiveMove endgame quietMove veryLong,https://lichess.org/SirEsggD#97,
qa1dN,1k6/2pr1q1p/Qp3p2/4p1p1/2R1P3/1PBr1b2/P2P3P/1KR5 b - - 1 30,d3d6 c4a4 f3e4 a4e4,2179,74,92,6032,advantage middlegame quietMove short,https://lichess.org/WWreXaqj/black#60,
qaaRW,8/8/4p1pp/4k3/4P1PP/4K3/8/8 b - - 1 42,e5f6 e3d4 f6e7 d4e5 g6g5 h4h5 e7d7 e5f6,2112,73,93,9689,crushing endgame pawnEndgame quietMove veryLong zugzwang,https://lichess.org/poojX4jn/black#84,
qam0c,8/p6p/4k3/1p4p1/2p1KpP1/2P4P/PP3P2/8 w - - 2 34,b2b3 c4b3 a2b3 a7a5 e4d4 a5a4 b3a4 b5a4,2170,86,90,477,advantage endgame pawnEndgame quietMove veryLong,https://lichess.org/zVHZ3YEu#67,
qaoIw,8/4Pk2/3B4/7p/p5PP/5K2/r7/8 b - - 0 41,a4a3 g4g5 a2d2 g5g6 f7e8 g6g7 d2d6 g7g8q,2191,75,91,912,advancedPawn crushing endgame exposedKing promotion quietMove veryLong,https://lichess.org/SyyXEcrd/black#82,
qaogA,8/8/4p3/1PKpP2p/3P2k1/2B1n3/8/8 b - - 0 43,e3c4 c3e1 h5h4 e1h4 g4h4 b5b6,2157,81,90,290,crushing endgame long quietMove sacrifice,https://lichess.org/MoD3MQGu/black#86,
qatR4,3b4/2q1kpp1/Q1Pp3p/2p1p3/2N1P3/4P2P/6PK/8 b - - 10 54,e7f6 c4a3 c7b6 a6c8,2179,130,18,27,advantage endgame quietMove short,https://lichess.org/bbhwziOu/black#108,
qb6Pj,8/p7/2p1k3/1p2P1p1/1P1K1p1p/P4P1P/6P1/8 w - - 1 38,d4e4 a7a6 e4d4 e6f5 e5e6 f5e6,2152,83,91,4957,crushing endgame long pawnEndgame quietMove zugzwang,https://lichess.org/zNjk6bPs#75,
qbFlV,8/6Kp/2k5/8/8/7P/8/8 b - - 5 48,c6d6 g7h7 d6e5 h7g6 e5e6 h3h4 e6e7 g6g7,2111,75,90,953,crushing defensiveMove endgame master pawnEndgame quietMove veryLong,https://lichess.org/Uv0h1Y2r/black#96,
qbfFw,r7/ppR2pk1/5p2/8/6Q1/3p1P2/qP4PP/6K1 b - - 9 38,g7h6 c7c5 a2a1 g1f2 a1b2 f2g3 b2e5 c5e5,2108,73,93,8214,advantage endgame quietMove veryLong,https://lichess.org/ig3f1eam/black#76,
qbzgK,5rk1/1b3pp1/1q5p/p3PN1P/2ppR1Q1/P2n2P1/6B1/6K1 b - - 2 32,g7g6 f5h6 g8h7 h5g6 b6g6 g4h3 b7e4 h6f5 h7g8 g2e4,2106,172,83,61,advantage discoveredAttack interference kingsideAttack middlegame quietMove sacrifice veryLong,https://lichess.org/n9AKbYH3/black#64,
qc3FV,2r5/2p1kp1p/R1p2pp1/2Qp4/3Pb2N/4P2P/5qPK/8 b - - 1 26,e7d8 c5f8 d8d7 f8f7 d7d6 h4f3 e4f3 f7f6 d6d7 f6c6,2102,94,82,36,crushing endgame interference quietMove veryLong,https://lichess.org/wDMMAjlS/black#52,
qc9tU,2r5/1pp2rk1/p1np1pp1/3Nq3/5RP1/3Q3P/PPP5/2K2R2 w - - 2 26,d5f6 c8f8 f6h5 g6h5 f4f7 f8f7,2190,79,87,83,advantage long middlegame quietMove,https://lichess.org/WQUhngJJ#51,
qcCGk,1r1r2k1/4bp2/1p1qpn1Q/1Pp1p3/4P3/3P2NP/2P2PP1/R3R1K1 b - - 0 29,c5c4 e1e3 e7f8 h6f6,2150,90,62,29,advantage middlegame quietMove short,https://lichess.org/J288SwLM/black#58,
qcNvB,5Q2/2p4R/1p3pp1/8/2Pn2kP/6P1/5PK1/3q4 w - - 1 37,f8a8 c7c6 a8c6 d4c6,2166,78,86,273,crushing endgame master quietMove short,https://lichess.org/LaguYxS2#73,
qd4Er,r4r2/1b3pkp/p1q3p1/1p6/2nQ4/1BN4P/PPP3P1/2KRR3 b - - 1 22,g7g8 c3e4 a8d8 e4f6,2103,78,76,63,crushing middlegame quietMove short,https://lichess.org/dCoE7UVs/black#44,
qdzW6,8/p7/1pk1p1p1/4p1Pp/1K2P2P/3P4/P1P5/8 b - - 0 37,a7a5 b4a4 c6c5 c2c3 c5c6 d3d4 e5d4 c3d4,2175,77,86,85,crushing defensiveMove endgame pawnEndgame quietMove veryLong,https://lichess.org/xOQBkf9n/black#74,
qe134,8/p7/1p2ppkP/3p4/3P1K2/r1r2P2/2PR2R1/8 b - - 2 34,g6h6 g2g3 c3f3 g3f3 a3f3 f4f3,2144,79,91,800,crushing endgame long quietMove rookEndgame,https://lichess.org/ed66vgqH/black#68,
qeRsS,4k1r1/ppr3p1/2q1p2p/2p1P2N/P2p2P1/1PnP4/2P2R1P/R4QK1 b - - 2 24,c6d5 h5f4 d5c6 f4g6 e8d8 f2f8 c6e8 f8e8,2148,78,91,422,crushing exposedKing middlegame quietMove veryLong,https://lichess.org/3mHyLymF/black#48,
qebUp,2kr1br1/2p1q3/p1pp4/4p2p/8/P2P1QPb/1PP4N/R1B1R2K b - - 3 20,h5h4 g3g4 h3g4 h2g4,2122,111,97,58,equality middlegame quietMove short,https://lichess.org/RT8NQQHg/black#40,
qev0a,q4rk1/2rn2pp/b2b1p2/1QpPpP2/1pN1P1PP/1P2B3/P5B1/2R2RK1 w - - 3 25,b5a5 c7a7 f1f2 a6c4 a5a7 a8a7,2122,78,78,74,crushing long middlegame quietMove trappedPiece,https://lichess.org/57gvrqab#49,
qfHfT,2r5/8/4NpR1/3p1p1p/3P3k/2P2P1P/3n3K/8 w - - 0 48,g6f6 c8g8 f6f5 d2f1 h2h1 f1g3 h1g2 g3f5,2181,80,91,60,crushing discoveredAttack endgame fork quietMove veryLong,https://lichess.org/iQQZ3IBO#95,
qfnQt,4r1k1/r1p1n1pp/p4p2/1p6/2b1N3/P3PBP1/1qP2R1P/R2Q2K1 b - - 7 21,e7f5 c2c3 b2b3 d1d7,2182,77,91,1306,advantage middlegame quietMove short,https://lichess.org/NjWSyMVA/black#42,
qgI3Y,8/p1p5/2p4p/5K2/6P1/k1PP4/7P/8 b - - 0 37,a3b3 h2h4 a7a5 g4g5,2187,75,86,133,crushing endgame pawnEndgame quietMove short,https://lichess.org/t39vqfWQ/black#74,
qgasQ,6k1/2N3p1/1pp1Qp1p/3p4/qPbP4/3nPN1P/r5P1/2R3K1 b - - 3 36,g8h8 f3h4 a2g2 g1g2 a4a2 g2h1 d3f2 h1g1,2117,225,-8,8,crushing middlegame quietMove veryLong,https://lichess.org/MZgrN0Hq/black#72,
qgedp,8/5p1p/1k4p1/1p6/1K2P3/1P4PP/8/8 w - - 1 46,g3g4 g6g5 b4c3 b6a5 c3b2 a5b4,2136,129,80,20,advantage endgame long pawnEndgame quietMove zugzwang,https://lichess.org/gJVP8GKF#91,
qhAwu,8/8/3r4/1p5P/4R1P1/pk3P2/5K2/8 w - - 0 53,e4e3 b3a4 e3e7 a4a5 g4g5 a3a2 e7e1 b5b4 e1a1 b4b3,2152,165,-22,13,advancedPawn crushing defensiveMove endgame quietMove rookEndgame veryLong,https://lichess.org/XtzwsXtS#105,
qhCKs,6k1/pR3pp1/4q2p/8/1P6/Pn2P1BP/1Q1r1PP1/6K1 w - - 1 24,b2e5 d2d1 g1h2 b3d2 e5e6 d2f1,2178,75,86,349,advantage endgame long quietMove sacrifice,https://lichess.org/yosi23w6#47,
qhLN2,8/8/2K1k3/1P1p2p1/6b1/2P5/5B2/8 b - - 1 53,g4f3 f2d4 f3e2 b5b6 e2a6 b6b7 a6b7 c6b7,2107,81,79,41,advancedPawn bishopEndgame crushing endgame quietMove veryLong,https://lichess.org/5lD5NqcN/black#106,
qhVV0,8/6qk/2Q4b/3PPp2/8/3p3P/P7/3B2K1 w - - 1 46,g1f1 h6e3 d1g4 f5g4,2141,77,92,2492,crushing endgame master quietMove short,https://lichess.org/Lonr2vyn#91,
qhb3P,q5k1/6pp/8/1PB1R3/3p4/8/2P3pP/6K1 b - - 0 37,a8d8 e5f5 d8c8 f5f8 c8f8 c5f8 g8f8 b5b6,2159,75,94,8066,crushing endgame fork quietMove veryLong,https://lichess.org/nIuwA99e/black#74,
qi0P0,8/8/1r2p1kp/p6R/1ppP1PP1/P3K1P1/1P6/8 w - - 0 48,h5a5 c4c3 b2b3 b6c6 a3b4 c3c2,2178,76,96,2415,advancedPawn advantage endgame long quietMove rookEndgame,https://lichess.org/467AH0zW#95,
qiNV3,8/1p1Pk2p/p3P1p1/P4r2/3p4/7P/6P1/4R2K b - - 0 41,f5a5 e1c1 a5d5 c1c8 d5d7 e6d7,2158,81,70,50,advancedPawn advantage endgame long quietMove rookEndgame,https://lichess.org/oJSo3P0W/black#82,
qiT8l,3rr3/p3p1k1/4P1p1/2P2pP1/8/2q1R1Q1/3p1P2/3R2K1 b - - 1 36,c3c2 g3e5 g7g8 e3h3 c2d1 g1h2 d1h1 h2h1 d2d1q h1h2,2100,78,97,57,clearance crushing defensiveMove endgame master quietMove veryLong,https://lichess.org/5EGV2uEU/black#72,
qizUb,2kr3r/1pp1bp2/p4n2/4Q2p/3NP1q1/2N5/PPP2Pp1/R2R2K1 w - - 4 22,e5e7 g4h3 f2f3 f6g4 f3g4 h5g4,2157,137,83,22,crushing long middlegame quietMove sacrifice,https://lichess.org/9o3LBp5F#43,
qjDQY,8/PRpk1p2/8/3Pp1K1/2P5/r7/8/8 b - - 1 40,e5e4 c4c5 e4e3 d5d6 e3e2 b7c7 d7d8 c7e7 a3a7 e7e2,2162,75,93,7118,crushing endgame quietMove rookEndgame veryLong,https://lichess.org/niorHXtk/black#80,
qjWhr,2k4r/B1p3p1/2pb1p2/8/P6p/1P6/2r2PPP/1R3RK1 w - - 0 18,h2h3 c6c5 f1c1 c2c1 b1c1 h8h5,2144,79,90,2426,advantage defensiveMove endgame long quietMove,https://lichess.org/OLk1ejnU#35,Alekhine_Defense Alekhine_Defense_Scandinavian_Variation
qjXJ9,4r3/4kR2/1p5p/2p5/8/1r4P1/7P/5RK1 b - - 2 31,e7d8 f1a1 e8e7 a1a8 d8d7 a8a7,2136,75,94,7637,advantage endgame exposedKing long quietMove rookEndgame,https://lichess.org/jkhOVr48/black#62,
qjZo4,8/p7/2K5/5k2/1P6/8/8/8 b - - 0 54,f5e6 b4b5 e6e5 c6b7 e5d4 b7a7,2120,75,82,104,crushing endgame long pawnEndgame quietMove,https://lichess.org/kAS6lIQj/black#108,
qkDXv,8/4k2p/1p2p2p/p2n4/P3R3/1R3PP1/6PK/r7 w - - 0 37,f3f4 d5f6 e4e2 f6g4 h2h3 h6h5 h3h4 e7f7,2163,128,82,23,advantage defensiveMove endgame quietMove veryLong,https://lichess.org/ytR7QJDr#73,
qkHcG,k2r2r1/p1Q5/q4p1p/3P1p2/3N4/8/P4PPP/1R4K1 b - - 0 29,d8c8 d4e6 a6b6 b1b6 a7b6 c7f4,2192,76,92,1063,crushing endgame long master quietMove,https://lichess.org/E4RmzzC6/black#58,
qkUPz,8/1R4pp/5pk1/2p5/p6N/P5BP/q3rPP1/6K1 b - - 5 37,g6g5 b7g7 g5h6 h4f5 h6h5 g3f4 e2e1 g1h2 a2f2 f5g3,2160,77,94,1618,advantage endgame quietMove veryLong,https://lichess.org/SD8VfwYz/black#74,
qkpcW,1r6/p4p1k/2pp1P2/4p2b/2P4Q/1PKPBq2/P5r1/5R2 b - - 3 30,f3g3 h4h5 h7g8 f1h1 g8f8 h5h8 g3g8 e3h6 f8e8 h6g7 e8d7 h8h3 d7c7 h3g2,2160,75,97,346,advantage exposedKing fork hangingPiece middlegame quietMove veryLong,https://lichess.org/tisWWRGY/black#60,
qkzLB,4B3/8/8/p1p1k2p/P4pp1/1P1KbP1P/8/8 w - - 0 46,h3g4 h5h4 d3e2 h4h3 e2f1 e5f6,2169,75,84,213,bishopEndgame crushing defensiveMove endgame long quietMove,https://lichess.org/KXCFogtE#91,
qlBfa,r4r1k/5p1p/pq2p3/1p6/1P1PQ3/P6P/B4PP1/R5K1 b - - 0 24,a8d8 a2b1 f7f5 e4e5 h8g8 b1a2,2199,77,86,152,advantage endgame long quietMove,https://lichess.org/rjgra4Aa/black#48,
qlOZ6,8/5k2/3qp1p1/5p2/2Q2P2/3p3K/6B1/8 w - - 1 51,c4c1 d3d2 c1d1 d6f4 g2f3 g6g5 h3g2 g5g4,2181,75,94,404,advancedPawn crushing endgame interference master quietMove veryLong,https://lichess.org/iVQ4sP1f#101,
qlSLw,5r1k/1p2p1b1/pq3n1p/4pQ2/P3P3/7P/1PP3P1/R2N1R1K w - - 0 25,f5e5 f6g8 f1f8 g7e5,2147,76,75,91,advantage discoveredAttack middlegame quietMove short,https://lichess.org/tC7gw4zr#49,
qlY0Y,6k1/1p4pp/3P1b2/pP6/r3pN2/7P/5PP1/3R2K1 b - - 0 27,a4d4 d1d4 f6d4 f4d5 g8f7 d6d7 d4f6 d5f6,2145,78,76,75,advancedPawn advantage endgame quietMove veryLong,https://lichess.org/SC5M9PtT/black#54,
qlfjr,2k1r3/ppp4p/6pB/5b2/3P4/2P5/P5Bb/RN2K3 w Q - 2 23,e1d2 g6g5 h6g5 e8g8,2176,75,91,2730,advantage middlegame quietMove short,https://lichess.org/kvfijBbZ#45,
qmjrp,1Qbr2k1/pp3p1p/6p1/8/8/5qP1/2P2P1P/1R3RK1 w - - 0 20,b8a7 c8h3 a7b7 d8d5 b7d5 f3d5,2115,76,92,3631,crushing endgame long quietMove,https://lichess.org/py9sJwGK#39,
qmuC4,r4r1k/pp1b4/n3ppQ1/3q4/P2P3N/1P6/5PPP/2R2RK1 b - - 2 23,d7e8 g6h6 h8g8 c1c3 d5g5 c3g3,2159,78,56,51,crushing fork long middlegame pin quietMove,https://lichess.org/wTrJWcex/black#46,
qn5v0,2r4k/2P3pp/3q4/8/2Q3R1/1P5K/P7/8 b - - 2 40,d6c7 c4c7 c8c7 g4c4 c7c4 b3c4 h8g8 a2a4 g8f7 a4a5 f7e6 a5a6 e6d6 a6a7,2120,110,57,19,advancedPawn clearance crushing endgame quietMove veryLong,https://lichess.org/zyjqXjf8/black#80,
qnTrl,r7/1pq1kp2/p2p1b2/4pQ2/4P1p1/4B3/PPP5/1K5R b - - 1 29,a8c8 h1f1 c7c2 b1a1 c2c4 f5f6,2119,77,81,52,advantage endgame long quietMove,https://lichess.org/aN9gF1Va/black#58,
qnUjL,5N2/8/6p1/p1n1p2p/4b2k/P3N2P/6PK/8 b - - 1 45,e4f5 f8h7 c5e4 g2g3 e4g3 e3g2,2158,77,95,2793,endgame long mate mateIn3 quietMove,https://lichess.org/vvGA932B/black#90,
qnWLv,r3r1k1/1pp2ppp/2n5/1N6/P2Pp1n1/2Q1PqP1/1P1B1P1P/R4RK1 w - - 3 22,h2h3 e8e6 c3c2 e6h6 c2d1 h6h3 d1f3 e4f3,2106,161,73,17,crushing middlegame quietMove veryLong,https://lichess.org/ZpRzsOyI#43,
qnm1R,2rq1rk1/pp2ppb1/6p1/2pb2P1/Q7/3P1N2/PP2PPB1/R3K2R b KQ - 1 20,g7b2 a4h4 f8e8 d3d4,2115,94,96,48,advantage master middlegame quietMove short,https://lichess.org/aqVWvIVb/black#40,
qnxe2,5rk1/3Qpp1p/P2p2p1/2pP4/1q1bP3/2N1KP1P/1P2N1P1/7R w - - 1 21,e3d3 c5c4 d3c2 b4b3 c2b1 f8b8 d7b7 b8b7,2114,77,90,375,advantage middlegame quietMove veryLong,https://lichess.org/L8I76sLZ#41,
qosR5,r1b2rk1/pp3pp1/2p1pn2/4N1R1/3P4/3B3P/PP5K/2R5 b - - 0 26,f6d5 c1g1 g7g6 d3g6,2173,77,85,66,crushing middlegame quietMove short,https://lichess.org/GfOxMGBO/black#52,
qotdX,6rk/p7/1p1p1P1r/2p1p2p/2P4q/P4QP1/1P4K1/3B1R2 b - - 0 34,e5e4 f3c3 h4g3 c3g3,2126,79,83,50,crushing endgame quietMove short,https://lichess.org/bCmfNZTG/black#68,
qp5in,8/2Q2p1k/p3p1p1/5q1p/3Pp2P/1P3bP1/PB3P2/6K1 w - - 3 33,g1f1 e4e3 f1e1 f3c6 f2e3 f5b1 e1d2 b1b2,2171,129,81,16,clearance crushing endgame fork quietMove veryLong,https://lichess.org/dPf9yNnS#65,
qp67u,2kr4/ppp4Q/2n3N1/5b2/2q1p3/2P5/PP3PPP/R3K2R w KQ - 1 17,g6e7 c6e7 h7e7 f5g4 f2f3 e4f3,2137,85,87,59,advantage long middlegame quietMove,https://lichess.org/z8jUhXey#33,Russian_Game Russian_Game_Three_Knights_Game
qpRZT,6k1/1p5p/4N1p1/p2Pp2n/P3P3/4qP2/1Pr3PK/Q4R2 w - - 8 32,a1a3 e3h6 a3f8 h6f8 e6f8 g8f8,2136,77,83,124,advantage endgame long quietMove,https://lichess.org/BEzarBvc#63,
qq5eq,5rk1/pp1n1ppp/2pq3r/3p4/3P2n1/1PN2NP1/PBP1RP1b/R2Q1B1K w - - 1 17,f3h2 h6h2 h1g1 d6h6 f2f4 h2h1,2175,77,85,197,crushing kingsideAttack long middlegame quietMove,https://lichess.org/k3cZ7J2f#33,French_Defense French_Defense_Knight_Variation
qq6b3,1R6/4R3/8/3p3p/2p4k/5b2/2K3p1/8 w - - 0 62,e7g7 f3g4 b8b1 g4f5 c2d2 f5b1,2159,80,92,1082,crushing endgame exposedKing long quietMove skewer,https://lichess.org/suLazLpw#123,
qqDmw,8/6p1/4k3/4P2p/8/3p2P1/4n2P/4R2K w - - 0 34,h1g2 e2c3 e1e3 d3d2 e3c3 d2d1q,2158,85,91,2561,advancedPawn crushing endgame long promotion quietMove,https://lichess.org/C8sQfWWt#67,
qqW3U,r1r2bk1/5p2/p3p1p1/1p2P1P1/2pB1P1R/P1P2p2/5K2/R7 b - - 1 27,f8c5 d4c5 c8c5 a1h1 g8f8 h4h8 f8e7 h8a8,2182,77,81,85,crushing endgame quietMove skewer veryLong,https://lichess.org/5XVmHnWg/black#54,
qr7mj,r4r1k/5p2/p2pq3/1p4QP/4B3/8/PPP5/2K4R b - - 0 24,e6e4 h1g1 f8g8 g5h6 e4h7 h6f6 h7g7 g1g7,2151,112,71,15,crushing endgame exposedKing quietMove veryLong,https://lichess.org/OqLsMDbS/black#48,
qrAvw,4r1k1/5p2/6pp/3q4/8/6PP/4p2K/1BQ1R3 w - - 2 42,c1c2 d5f3 c2c5 e8e3 c5e3 f3e3,2125,77,89,752,crushing endgame long quietMove,https://lichess.org/oE8FXVbB#83,
qraUp,8/p1p1N2p/1p3K2/2kp3P/3n2P1/3P4/8/8 b - - 6 34,b6b5 g4g5 b5b4 g5g6 h7g6 h5g6 b4b3 g6g7 b3b2 g7g8q b2b1q g8d5 c5b4 d5d4,2128,77,91,700,advancedPawn crushing deflection endgame knightEndgame promotion quietMove veryLong,https://lichess.org/gP2ICYAl/black#68,
qrkOp,8/3B2k1/2p3P1/1p1p3K/3P1P2/2n5/8/8 b - - 1 51,c3e2 f4f5 e2d4 f5f6 g7f6 h5h6,2142,96,80,37,crushing defensiveMove endgame exposedKing long quietMove sacrifice,https://lichess.org/DQgoeTmf/black#102,
qs13J,5br1/1pk2p1p/2pp4/1P1Bp3/4Pp1q/2QP1P1b/P1P2R1P/R6K w - - 1 22,f2d2 h4g5 c3a5 c7b8 a5d8 g5d8,2114,89,75,36,crushing defensiveMove long middlegame quietMove,https://lichess.org/eLVjpkHU#43,
qsM06,8/8/1K1k1p1p/4p2P/4P1P1/8/8/8 w - - 5 44,b6b7 d6c5 b7c7 c5d4 c7d6 d4e4 d6e6 e4f4 e6f6 e5e4 g4g5 e4e3 g5g6 e3e2 g6g7 e2e1q,2161,74,87,111,advancedPawn crushing endgame master pawnEndgame promotion quietMove veryLong,https://lichess.org/G9F6dnkM#87,
qso7R,8/p4k2/2p3bP/6Q1/2P1r3/6K1/P4PP1/3r4 b - - 2 33,e4c4 g5e5 d1h1 e5g7,2156,88,75,32,advantage endgame quietMove short,https://lichess.org/4nzcKPVi/black#66,
qswMz,8/8/k5p1/P1p2p2/2P1n3/1K2B2P/7P/8 w - - 10 45,b3a4 g6g5 e3g5 e4g5,2102,125,83,16,crushing endgame master quietMove short,https://lichess.org/xSsmHXle#89,
qsyi3,8/6k1/4K2p/p5p1/3p4/2b3P1/1P3N1P/8 w - - 2 42,b2c3 a5a4 c3d4 a4a3 f2e4 a3a2,2194,76,87,306,advancedPawn crushing endgame knightEndgame long quietMove,https://lichess.org/VoaDAUc4#83,
qtE5w,8/8/n2k4/1Pp3p1/2K1B1P1/8/8/8 b - - 0 45,a6b8 e4f5 b8c6 b5c6,2181,82,54,36,crushing endgame quietMove short,https://lichess.org/sNIB3AvV/black#90,
qtIFt,r5Nk/ppp4p/3p1R1P/8/2q1P2n/7P/PP4Q1/5RK1 b - - 0 25,h4g2 g8e7 c4d4 g1h1 d4f6 f1f6,2180,84,90,1051,advantage defensiveMove endgame long quietMove,https://lichess.org/TSWgLzhO/black#50,
qtQJF,r1b5/pp4k1/2p3B1/3p4/8/2P2qP1/P1Q2P1P/R5K1 w - - 1 25,a1e1 c8h3 e1e7 g7g8 g6e4 d5e4,2105,76,87,339,crushing defensiveMove endgame long quietMove,https://lichess.org/MqzV8WrU#49,
qtqMX,5rk1/6pp/3Rp3/p1P5/1p6/1P2KB1P/r5P1/8 b - - 1 35,e6e5 f3d5 g8h8 c5c6 a2c2 d5c4 g7g6 c6c7,2122,81,91,1302,advancedPawn crushing endgame quietMove veryLong,https://lichess.org/FZB1KrRc/black#70,
qubUL,2k1r3/1p3q2/1Ppp4/p6p/P1PR2pN/6Pn/2Q2PKP/8 w - - 0 31,d4d6 e8e1 d6d1 e1d1 c2d1 f7f2,2109,78,91,116,advantage endgame long quietMove,https://lichess.org/AM8ye9jF#61,
qukal,2rr2k1/p1q4p/4Q1p1/5pP1/1P1P1bN1/P7/1P3B2/1K1R4 b - - 1 32,g8h8 d4d5 c7c2 b1a2,2130,79,85,51,crushing master masterVsMaster middlegame quietMove short,https://lichess.org/3dqSsQs1/black#64,
qullp,4K3/3R4/4p1p1/4P1kp/5n2/8/6P1/8 w - - 3 58,d7d6 h5h4 e8e7 g5f5 d6c6 g6g5,2140,154,33,19,crushing defensiveMove endgame long quietMove,https://lichess.org/Kqs3CMEU#115,
qv53S,8/8/4pk2/6pp/4K3/6PP/5P2/8 b - - 3 34,e6e5 g3g4 h5g4 h3g4 f6e6 f2f3 e6f6 e4d5,2123,77,97,824,crushing endgame pawnEndgame quietMove veryLong zugzwang,https://lichess.org/0C1x7mB8/black#68,
qvdbt,5k2/1p4p1/2p1P1Kp/p4P2/4R2P/5r2/8/8 b - - 3 36,b7b5 e4d4 f8e8 d4d7 f3g3 g6h7,2163,91,70,34,crushing endgame long quietMove rookEndgame,https://lichess.org/6YG0qeLE/black#72,
qvgxW,4k3/1p2p2K/1pp1P2p/7P/2P3r1/2B1b3/6r1/5R2 b - - 2 47,g4c4 f1a1 g2d2 c3d2,2132,77,92,1240,advantage endgame quietMove short,https://lichess.org/TrXaEI9N/black#94,
qw5dL,r1bq1b1r/3pk2p/p1n1pp2/1p2P2Q/5P2/P1B5/1PP3PP/RN3RK1 b - - 0 14,f6f5 c3e1 d7d5 e1h4 e7d7 h4d8,2118,79,86,78,crushing long middlegame quietMove skewer,https://lichess.org/gazVm8rB/black#28,Sicilian_Defense Sicilian_Defense_Old_Sicilian
qwR9M,r4r2/p1p2ppk/4pn1p/3p4/2pP1PNQ/2q1P1R1/6PP/5RK1 b - - 3 21,f6e4 g4h6 g7h6 g3h3 c3e3 h3e3,2112,102,49,21,crushing long middlegame quietMove sacrifice,https://lichess.org/je8QaUWB/black#42,
qxVSN,8/8/4K3/6pp/5k2/8/5N2/8 w - - 0 52,e6f6 g5g4 f6g6 g4g3,2143,86,91,1649,crushing endgame knightEndgame quietMove short,https://lichess.org/hHEEiM2N#103,
qxfqu,6k1/p1pq3p/1r6/4p1pr/2R1Np2/1P1PbP1P/P1Q3P1/5R1K w - - 2 27,h1h2 b6h6 e4f6 h6f6,2118,75,79,91,advantage middlegame quietMove short,https://lichess.org/0uA3iNbM#53,
qxh1l,8/8/1p5p/p3k1p1/2P3P1/1P3K1P/P7/8 w - - 1 36,a2a3 e5d4 h3h4 g5h4 f3g2 d4c3 b3b4 a5b4 a3b4 c3b4 g2h3 b4c4 h3h4 b6b5 h4h5 b5b4 h5h6 b4b3 g4g5 b3b2 g5g6 b2b1q,2113,78,91,240,advancedPawn crushing endgame pawnEndgame promotion quietMove veryLong,https://lichess.org/6m8hLBZl#71,
qxoVp,8/8/5p2/p1kp3P/Pp3P2/1P3K2/7b/8 b - - 0 41,h2g1 f4f5 c5d4 h5h6 d4c3 h6h7 c3b3 h7h8q,2105,74,73,137,advancedPawn bishopEndgame crushing endgame promotion quietMove veryLong,https://lichess.org/yq10C4Qr/black#82,
qxrVJ,7R/8/3k4/4p3/4PpK1/1r3P2/8/8 b - - 18 52,d6c5 h8d8 c5c4 d8d5,2110,75,89,1644,crushing endgame quietMove rookEndgame short,https://lichess.org/sKzUIq1B/black#104,
qy2fl,2r2rk1/1b3pp1/p4n1p/2Pp4/P2P3q/4P2B/2Q2PP1/2R3KR b - - 4 26,c8c7 h3f5 h4g5 f2f4 g5f5 c2f5,2199,97,84,16,advantage long middlegame quietMove,https://lichess.org/dAFGhndm/black#52,
qyNth,8/8/4pp1p/8/1k3P1P/1P1K4/8/8 w - - 6 43,d3e4 b4b3 f4f5 e6e5 e4d5 e5e4,2160,129,48,10,crushing defensiveMove endgame long pawnEndgame quietMove,https://lichess.org/jb4vcXmg#85,
qyWmb,r3r1k1/1bq1bppp/3p4/1P1P4/3NP3/B4QP1/5PBP/2KR3R w - - 1 23,d4c2 e8c8 d1d2 e7g5 c1d1 g5d2,2124,77,81,48,advantage long middlegame pin quietMove,https://lichess.org/1WsK6au5#45,
qyfhS,8/8/1p1pQ2p/6p1/8/7P/1q3PP1/k5K1 w - - 7 55,e6d6 b2c1 g1h2 c1f4 d6f4 g5f4 g2g4 f4g3 f2g3 b6b5 g3g4 b5b4,2115,124,74,13,crushing defensiveMove enPassant endgame queenEndgame quietMove veryLong,https://lichess.org/L2kVjPIE#109,
qzYml,8/p3k3/3n2KP/8/3p4/3N4/8/8 b - - 2 54,a7a5 d3e5 d4d3 h6h7 d3d2 h7h8q,2128,82,90,461,advancedPawn crushing endgame knightEndgame long promotion quietMove,https://lichess.org/G20C6Qae/black#108,
r0ihT,2q3k1/7p/2bpp1pB/Q1p5/2PbP3/1P4P1/6BP/7K w - - 8 35,a5b6 c8a8 h2h4 c6e4 h1h2 e4g2,2128,81,54,51,advantage endgame long quietMove,https://lichess.org/rNyx8POL#69,
r0rC7,8/4b3/2k1p1p1/3pB1Pp/Pp1P1K1P/1P6/8/8 b - - 12 45,e7d8 e5b8 c6d7 f4e5 d7e7 b8d6,2128,74,93,6338,bishopEndgame crushing endgame long quietMove,https://lichess.org/9Gb2RPrN/black#90,
r0ymr,8/5ppk/7p/8/PPP1P3/8/5bP1/7K b - - 0 36,h7g6 c4c5 f2e1 c5c6 e1b4 c6c7,2160,77,93,8801,advancedPawn bishopEndgame crushing endgame long quietMove,https://lichess.org/4wWGTJSt/black#72,
r11TQ,1r1q1rk1/Qppbbppp/3p1n2/8/2P5/2N3P1/PP2PPBP/R1B2RK1 w - - 1 11,g2b7 c7c6 c1e3 d8c7 b7c6 c7c6,2167,77,91,1737,advantage clearance long opening quietMove,https://lichess.org/ocw45BE0#21,English_Opening English_Opening_Kings_English_Variation
r1JUp,r1bqr1k1/p2p3p/Bp1n2p1/3P1p2/1P2p2P/P5Q1/1B3PP1/R4RK1 b - - 1 20,c8a6 g3c3 e8e5 c3e5,2139,77,90,586,crushing middlegame quietMove short,https://lichess.org/k6cHa1eS/black#40,
r1SrH,rnQ2b1r/p1p1kppp/2q2n2/8/8/2N5/PP1PNPPP/R1B1K2R w KQ - 3 12,d2d4 b8d7 d4d5 c6c3 e2c3 a8c8,2149,77,88,715,advantage long opening quietMove,https://lichess.org/S1OEVm1X#23,French_Defense French_Defense_Steiner_Variation
r1qDs,3r4/pp6/1k2b3/6b1/8/P1Q5/1P3P1P/6K1 w - - 0 31,c3e5 e6h3 f2f4 d8d1 g1f2 g5h4 f2f3 d1f1 f3e4 f1e1,2183,92,82,36,crushing endgame quietMove veryLong,https://lichess.org/3qIll3Ri#61,
r2Y1i,8/3p4/3P4/kp6/8/6KP/5P2/8 w - - 0 44,g3f3 b5b4 f3e3 a5a4 h3h4 b4b3 e3d2 a4a3 d2c1 a3a2,2190,78,100,61,crushing defensiveMove endgame pawnEndgame quietMove veryLong,https://lichess.org/x9d6OyZF#87,
r35GL,6k1/4b2p/4P1p1/1p2Q3/p2P1K2/P1B3P1/1P3q2/8 w - - 2 53,f4g4 h7h5 g4h3 g6g5 g3g4 f2g1 e5f5 h5g4,2115,166,73,27,crushing endgame quietMove veryLong,https://lichess.org/oEa4QIJO#105,
r3Ihd,8/p7/p3k3/2Pp1ppp/1P1K4/6PP/5P2/8 b - - 0 35,g5g4 h3h4 a6a5 b4a5 e6d7 d4d5,2175,80,84,61,crushing endgame long pawnEndgame quietMove zugzwang,https://lichess.org/Xx8FpOee/black#70,
r3biD,8/8/5kpp/p1p5/4K2P/PP3P2/8/8 b - - 1 45,g6g5 h4h5 f6e6 a3a4 e6f6 e4d5,2154,83,91,718,crushing endgame long pawnEndgame quietMove zugzwang,https://lichess.org/e1f3ZffN/black#90,
r3f1U,8/5r2/6RP/8/1k6/8/2p3PK/8 w - - 0 50,g6b6 b4c5 b6b8 f7c7 h6h7 c7h7,2134,77,91,240,crushing defensiveMove endgame long quietMove rookEndgame,https://lichess.org/wsnitMxY#99,
r47xN,4r1rk/p1pq1p1b/1b3P2/2ppP2Q/8/2P3N1/PP4PP/3RR2K b - - 4 25,c7c6 e1e4 e8e5 e4e5,2116,155,90,14,advantage master middlegame pin quietMove short,https://lichess.org/nQeLKQtM/black#50,
r4GCI,5rk1/2p4p/pp1pP1pq/3P4/2P5/3Q4/P5P1/B5K1 b - - 2 27,h6g5 d3c3 g5e5 c3e5 d6e5 a1e5,2135,76,77,122,advantage endgame long quietMove,https://lichess.org/aWyHsvkP/black#54,
r4XhI,8/5k2/5p1p/pp3K1p/2p5/P1P3P1/1P3P2/8 b - - 0 42,a5a4 f2f3 f7e7 f5g6,2170,80,90,2867,crushing endgame master pawnEndgame quietMove short zugzwang,https://lichess.org/sFxnp6ut/black#84,
r4Xpz,5rk1/2R2ppp/B3p3/8/1P4n1/4P3/5PK1/8 b - - 0 36,g4e5 b4b5 f8b8 b5b6 g7g5 b6b7,2140,105,77,17,advancedPawn advantage endgame long quietMove,https://lichess.org/JTSz0qi4/black#72,
r4YpG,2n5/8/8/3k2B1/P1p4p/2Kp4/7P/8 w - - 4 42,g5h4 c8d6 c3d2 d6e4,2107,75,80,67,crushing endgame quietMove short,https://lichess.org/CpUpagk8#83,
r4sKc,2rq1r1k/5ppp/p2p1b2/1p1P1N1Q/5B2/8/PnP3PP/R4RK1 b - - 1 20,b2c4 f1f3 g7g6 h5h6 f8g8 f3h3,2142,78,93,2220,crushing defensiveMove long middlegame quietMove,https://lichess.org/DfuhUMdc/black#40,
r586i,8/1p6/2nB3p/5kp1/2P1p3/4K3/5PPP/8 b - - 2 36,c6e5 d6e5 f5e5 g2g4 h6h5 g4h5,2171,77,84,66,crushing endgame long quietMove zugzwang,https://lichess.org/MgengOUd/black#72,
r5OKz,8/8/5p2/N1p2Pk1/p3K3/1p6/P6P/8 w - - 0 45,a2b3 a4a3 b3b4 c5c4 b4b5 a3a2,2154,97,69,24,advancedPawn crushing endgame knightEndgame long quietMove,https://lichess.org/N78ffkMR#89,
r6IRf,1r4k1/4Qp1p/4b1p1/P7/2pq4/5BP1/3r1PKP/4RR2 w - - 3 28,a5a6 b8b2 e1e6 d2f2 f1f2 d4f2 g2h3 f2h2 h3g4 h2h5 g4f4 h5f5,2194,76,92,4319,crushing middlegame quietMove sacrifice veryLong,https://lichess.org/j2h50Fzu#55,
r7FUW,r3k2r/pQpb2pp/2np1q1n/2b3N1/4P3/8/PPP2PPP/RNB2RK1 b - - 0 11,e8e7 b1c3 h8b8 c3d5 e7e8 d5f6,2109,77,91,731,advantage fork long middlegame quietMove,https://lichess.org/8cloWv9T/black#22,Center_Game Center_Game_Normal_Variation
r7GkC,2k5/1p2q2p/1QprPp2/P4p2/6P1/7P/8/4R1K1 w - - 0 42,g4f5 d6d2 g1f1 e7d6 b6e3 d2d3 e6e7 d3e3,2193,218,78,6,clearance crushing endgame quietMove veryLong,https://lichess.org/i6P4mHG2#83,
r7MYi,6r1/B1p3bk/1pN4p/3Pp2n/4Ppq1/5N2/1Q3PP1/R5K1 w - - 2 32,b2b3 g7f8 f3e1 f8c5 g1f1 g4h4,2102,117,6,30,advantage long middlegame quietMove,https://lichess.org/wfFEoUyE#63,
r7dKd,3N1R2/1p5k/p5p1/2B4p/4n3/7K/PP2r2P/8 w - - 12 39,c5a3 g6g5 a3d6 e4d6,2164,76,87,572,crushing endgame quietMove short,https://lichess.org/UPdmvQpl#77,
r84ld,6k1/5p2/4p1p1/1Q3b1p/PP1P4/6P1/7K/2r5 w - - 0 34,a4a5 f5e4 b5b8 g8h7 g3g4 h5h4,2136,76,74,70,crushing defensiveMove endgame long quietMove,https://lichess.org/nl9SNoj9#67,
r8lrH,8/1k6/1p5p/1K4p1/5P2/6PP/8/8 b - - 0 44,b7c7 f4f5 h6h5 g3g4,2142,77,92,5330,crushing endgame pawnEndgame quietMove short,https://lichess.org/zpHjxFws/black#88,
r9RRB,8/R7/4pkpp/p3Np2/r2P1n2/2K2P1P/6P1/8 b - - 2 38,f4g2 h3h4 a4d4 c3d4,2156,75,82,153,crushing endgame quietMove short,https://lichess.org/77B91zqh/black#76,
r9gRH,8/8/1k1p4/pPpKp1p1/4P1P1/1P6/8/8 w - - 3 46,d5d6 a5a4 b3a4 c5c4 d6d5 c4c3,2100,77,87,621,crushing endgame long pawnEndgame quietMove,https://lichess.org/fVxPNEum#91,
r9j8Q,4r1k1/5pp1/7p/8/R7/P1bpBKPP/5P2/8 w - - 6 44,a4a6 e8d8 a6c6 d3d2 e3d2 c3d2,2163,77,92,5436,advancedPawn advantage endgame long quietMove,https://lichess.org/sKzv4vDo#87,
r9tdR,8/4p3/2P2kp1/R7/p5P1/3PK3/8/r7 b - - 0 42,f6e6 a5c5 e6d6 c6c7,2158,75,87,136,advancedPawn crushing endgame quietMove rookEndgame short,https://lichess.org/wyfr6WPb/black#84,
r9vlg,4rk2/8/4P3/4R1p1/2p3P1/p1K5/8/8 w - - 0 54,c3c4 e8a8 e6e7 f8e8,2132,76,82,62,crushing defensiveMove endgame quietMove rookEndgame short,https://lichess.org/stDNZj8V#107,
rA2kQ,8/5ppk/5q1p/Q7/5P1P/P7/1K6/8 w - - 1 41,a5e5 f6e5 f4e5 g7g5 h4g5 h6h5 b2c3 h5h4 e5e6 f7e6,2109,78,86,322,crushing endgame queenEndgame quietMove veryLong,https://lichess.org/AprV5Sen#81,
rAuf2,6Q1/p7/kp5p/8/4p3/2P5/2KNq3/8 w - - 0 40,g8c4 e2c4 d2c4 h6h5 c4d6 h5h4 d6e4 h4h3,2187,85,80,41,crushing endgame quietMove veryLong,https://lichess.org/hFvYfcQk#79,
rB9LE,8/3kn3/8/2K5/P2P4/1P6/8/8 b - - 0 51,e7c8 b3b4 d7c7 b4b5 c8b6 a4a5 b6d7 c5d5,2159,87,71,45,crushing defensiveMove endgame knightEndgame quietMove veryLong,https://lichess.org/sp786I67/black#102,
rBS4T,1N6/8/3k4/p7/P7/8/3n3K/8 w - - 0 59,b8a6 d2b3 h2g2 d6c6,2147,134,85,18,crushing defensiveMove endgame knightEndgame quietMove short,https://lichess.org/3QAGyJ7T#117,
rBc1g,4N1k1/5ppp/8/q7/8/8/5bPP/2R2R1K b - - 0 31,f2e3 c1c8 g7g6 e8f6 g8g7 c8g8 g7h6 f6g4 h6h5 g4e3,2111,78,91,1328,crushing doubleCheck endgame fork quietMove veryLong,https://lichess.org/9E9N4V4p/black#62,
rBeUO,8/pp4pk/4P2p/3p1Q2/1q6/6P1/4rPP1/5RK1 b - - 2 30,h7h8 f1c1 e2e1 c1e1,2132,75,90,815,crushing endgame quietMove short,https://lichess.org/yh72owKn/black#60,
rBqJT,2r2rk1/4qpp1/pQp4p/1p2pP2/1P2P3/P7/2P3PP/R4RK1 w - - 2 24,b6a6 e7c7 c2c4 c8a8 c4b5 a8a6,2109,73,93,8267,advantage endgame long quietMove trappedPiece,https://lichess.org/yG3C71uj#47,
rC04z,r2qk2r/ppp2pp1/3bpnp1/3p4/1n1P4/BPN1P1N1/P1P2PPP/R2QK2R b KQkq - 3 10,b4c2 d1c2 d6a3 b3b4 e8g8 c2b3 a3b4 b3b4,2148,78,38,62,advantage clearance opening quietMove trappedPiece veryLong,https://lichess.org/hl0Ut6iQ/black#20,Nimzo-Larsen_Attack Nimzo-Larsen_Attack_Classical_Variation
rC1Db,r5rk/pb1n3q/1pn1p3/3pPppB/P1pP4/2P1Q1BN/2P3PK/R6R b - - 3 27,h8g7 e3g5 g7f8 g5h4 g8h8 h3f4,2161,84,91,197,advantage long middlegame quietMove,https://lichess.org/Ualsm96D/black#54,
rCMgA,8/8/2p5/pp3k2/6p1/P1PP2K1/1P6/8 w - - 0 33,b2b3 c6c5 a3a4 b5b4,2178,79,86,482,crushing endgame pawnEndgame quietMove short,https://lichess.org/LGmaiIBt#65,
rCR04,4r1k1/3r2pp/8/p7/1R2nN2/6P1/P4P1P/5RK1 w - - 0 26,b4b1 e4d2 f1d1 e8d8 b1b5 d2f3,2159,91,81,34,advantage endgame fork long quietMove,https://lichess.org/fuF85Hnu#51,
rCrhB,8/8/5k2/1p2p1p1/1P1nP2p/2B2P1P/5K2/8 w - - 0 41,f2e3 d4e6 c3d2 e6f4 e3f2 f4h3,2113,77,91,525,advantage endgame long master quietMove,https://lichess.org/7Y1di7zx#81,
rD1fL,8/5p2/5kp1/4q2p/1P6/6P1/5P1K/2Q5 b - - 0 53,h5h4 c1f4 e5f4 g3f4 f6f5 b4b5 f5e6 h2h3 e6d5 h3h4,2127,94,52,28,crushing endgame queenEndgame quietMove veryLong,https://lichess.org/UWX2C4fC/black#106,
rDKgA,8/5k1P/R7/8/P3pp2/8/7r/3K4 b - - 0 49,e4e3 a6a8 h2h1 d1e2,2193,76,87,148,crushing endgame master masterVsMaster quietMove rookEndgame short,https://lichess.org/JynlZuSH/black#98,
rDgGb,7R/r2n2p1/2pN2k1/p1P5/3PPK1p/8/6PP/8 w - - 5 41,h8h4 a5a4 h4g4 g6h7 d6c4 a4a3 c4a3 a7a3,2100,125,95,34,defensiveMove endgame equality quietMove veryLong,https://lichess.org/z6wHKCRk#81,
rDwFL,r1k1qb2/3n1p2/p6p/1P1P1Bp1/5p2/2P2n1P/1P4P1/R1BQ2K1 w - - 0 24,d1f3 e8e1 g1h2 f8c5 c1e3 e1e3,2100,79,73,35,advantage long middlegame quietMove,https://lichess.org/HYUVr56D#47,
rE0LB,8/3k2p1/3b3p/3pBP2/p1p2K1P/P1P5/1P6/8 b - - 0 35,d7c6 e5d6 c6d6 h4h5 d6d7 f4e5,2126,78,77,93,bishopEndgame crushing endgame long quietMove zugzwang,https://lichess.org/RvQNWEOr/black#70,
rEsKr,2k5/7R/2p3p1/3pK1P1/5P2/P6p/6b1/8 w - - 4 50,e5f6 d5d4 f4f5 d4d3 f5g6 d3d2 g6g7 g2d5 h7h3 d2d1q,2127,75,95,1516,advancedPawn crushing endgame promotion quietMove veryLong,https://lichess.org/pze91wKg#99,
rFPt5,3r3k/4Q1p1/7p/b3R2q/5P1P/6P1/6K1/8 b - - 1 39,d8d2 g2h3 h5g6 e7f8 h8h7 e5e8 g6e8 f8e8,2139,167,74,10,clearance crushing defensiveMove endgame quietMove veryLong,https://lichess.org/xq6ReZEk/black#78,
rG23e,2b3k1/p5p1/7q/1p1pN1r1/3P4/4P1Q1/PP5P/4R2K w - - 5 36,g3f4 c8f5 e5f7 g8f7 h2h4 g5h5,2188,76,86,146,crushing endgame long master quietMove,https://lichess.org/YbuUTi9v#71,
rG2Kd,r1b4r/1pqn1p1k/p1n5/3ppN2/3P4/2P3P1/PPQ2PP1/2K4R b - - 1 21,h7g8 h1h8 g8h8 c2d2 c7d6 f5d6,2184,77,92,7641,crushing long middlegame quietMove,https://lichess.org/KBUBN1fR/black#42,
rGT7G,8/8/ppp1k2p/6p1/PPP1K1P1/7P/8/8 b - - 0 38,c6c5 b4c5 b6c5 a4a5 e6d6 e4f5,2112,77,92,110,crushing endgame long pawnEndgame quietMove zugzwang,https://lichess.org/GnwJgmnU/black#76,
rGibw,5r2/pq2p1kp/1p4p1/4p1P1/5nB1/2P2P1P/Q7/3R2K1 b - - 2 31,f8c8 d1d7 c8c7 d7d8 e7e6 g4e6,2160,75,100,97,advantage endgame long quietMove,https://lichess.org/ccBgRIQc/black#62,
rHNKk,rnbqk1r1/ppp2p1p/3p1npQ/4p3/3PP3/2N5/PPP2PPP/R3KBNR w KQq - 1 8,d4d5 g6g5 h2h4 g8g6 h6g5 g6g5,2165,75,93,5652,advantage clearance long opening quietMove trappedPiece,https://lichess.org/nmgdE5UR#15,Indian_Defense Indian_Defense_Other_variations
rHd3O,8/6pk/p6p/1p6/2Q2P2/2P4P/Pq4PK/8 w - - 0 37,c4b3 b2b3 a2b3 a6a5 c3c4 b5c4,2185,83,90,1076,crushing endgame long queenEndgame quietMove,https://lichess.org/GM6iEXwj#73,
rHrKr,4Q3/6pk/4p2p/1p1r1p2/p1q1bP2/P2p3P/1Pn2BPK/3B1R2 b - - 7 42,d5d6 d1h5 e6e5 h5f7 c4f7 e8f7,2100,74,94,1439,advantage long master middlegame quietMove,https://lichess.org/m09PWIlS/black#84,
rI35n,r7/3k2q1/1p2p3/3p4/1Q1P4/2P2n2/P4PPP/5R1K w - - 0 29,g2f3 a8g8 b4a4 d7d6 a4a3 d6c6,2183,75,93,3574,crushing defensiveMove endgame long quietMove,https://lichess.org/H7JU0KAg#57,
rI5MJ,8/2p1kp2/pp4p1/1n1R4/3P4/6P1/P4K1P/8 w - - 0 44,f2e3 f7f6 d5b5 a6b5,2107,78,83,51,advantage endgame quietMove short,https://lichess.org/wupkvy5n#87,
rICS1,5kr1/1R6/4p2p/5p2/8/7P/PP4r1/4R2K b - - 0 31,f5f4 e1c1 g2g1 c1g1 g8g1 h1g1,2156,74,93,1881,crushing endgame long master quietMove rookEndgame,https://lichess.org/zhVIDPuy/black#62,
rILZg,8/3K2pk/p3P2p/5b2/3P1P2/8/8/8 b - - 0 46,f5e6 d7e6 a6a5 d4d5 a5a4 d5d6,2110,203,100,23,endgame equality hangingPiece long quietMove,https://lichess.org/92ADAfGN/black#92,
rIerx,8/1pp5/p7/4k3/2P1P3/1P3Kp1/6P1/8 w - - 0 37,f3e3 c7c5 e3f3 b7b5 c4b5 a6b5,2134,76,87,126,crushing endgame long pawnEndgame quietMove,https://lichess.org/tWyjOtkx#73,
rIq3T,8/8/7p/3K1k2/8/3P4/8/8 w - - 1 42,d5c6 h6h5 d3d4 h5h4 d4d5 h4h3 c6c7 h3h2 d5d6 h2h1q,2113,74,85,111,advancedPawn crushing endgame pawnEndgame promotion quietMove veryLong,https://lichess.org/FfO4bNbP#83,
rJ3T5,8/8/8/2pK4/pk6/8/8/B7 w - - 2 67,d5c6 c5c4 c6d5 c4c3 d5e4 c3c2,2167,77,91,1854,advancedPawn bishopEndgame crushing endgame long quietMove,https://lichess.org/EurgrkTI#133,
rJ75Z,1R3bk1/7p/p3rpp1/2pKP3/5P2/P5P1/7P/8 b - - 1 41,g8f7 b8f8 f7f8 d5e6 c5c4 e6d7 f6e5 f4e5,2198,100,98,58,deflection endgame equality pawnEndgame quietMove veryLong,https://lichess.org/UkfoubC1/black#82,
rJF4J,8/1p4pp/2k2p2/p1P1pb2/PKB5/5N2/6PP/8 w - - 0 30,b4a5 c6c5 f3d2 f5c8 d2e4 c5c4,2137,76,91,804,crushing endgame long quietMove,https://lichess.org/EaZCqAhU#59,
rJf1m,8/8/1p1p4/1K4p1/P1P2k2/8/1P6/8 w - - 0 39,b5b6 g5g4 c4c5 g4g3 c5c6 g3g2,2143,76,99,194,advancedPawn crushing endgame long pawnEndgame quietMove,https://lichess.org/YmM7BODL#77,
rJggB,8/7r/p1r1pk2/1p3pRp/5P1K/6P1/PP2R2P/8 w - - 4 36,g5h5 h7h5 h4h5 c6c8 e2e6 f6e6,2100,98,85,24,crushing endgame long quietMove rookEndgame,https://lichess.org/QV830n9O#71,
rJhnY,8/8/8/1p1k2pp/3P4/4K3/PP4P1/8 w - - 0 44,b2b3 b5b4 e3d3 h5h4 a2a4 b4a3,2111,76,96,814,crushing enPassant endgame long pawnEndgame quietMove zugzwang,https://lichess.org/T8EnBzPM#87,
rJmNX,6k1/5ppp/p2p4/2p5/1P6/P3PP1P/5K2/8 b - - 1 27,c5c4 a3a4 g8f8 b4b5 a6b5 a4a5 f8e7 a5a6,2187,75,95,3682,crushing endgame pawnEndgame quietMove veryLong,https://lichess.org/iDqAXLDa/black#54,
rJoh6,8/8/4pk2/5p2/1R1P1Kp1/6P1/1PP2P2/r7 w - - 1 44,c2c3 a1e1 f2f3 e1f1 f4e3 f1f3,2128,79,86,143,advantage endgame long quietMove rookEndgame,https://lichess.org/u1mSNw4s#87,
rJrSK,3rk2r/1p3pp1/p2bp3/P7/1PN1R3/6P1/q1P1QP1p/3R3K b k - 4 27,d6b4 e4e6 f7e6 e2e6 b4e7 d1e1 d8d7 c4d6 e8f8 e6a2,2172,180,79,11,crushing middlegame quietMove sacrifice veryLong,https://lichess.org/cGLhTN6I/black#54,
rJzVA,r4k1r/p7/1np1RpQ1/1p1p3p/3P4/2P5/qP1K1PPP/7R b - - 0 20,a2b2 d2d3 b6d7 h1e1 b2b1 e1b1,2197,78,90,305,crushing defensiveMove long middlegame quietMove,https://lichess.org/u9VVfUxD/black#40,
rK2lc,8/8/R2p4/1pp1kp2/6p1/Pn2P1P1/5PK1/8 w - - 0 42,f2f3 c5c4 a6b6 c4c3 b6b5 b3c5,2168,76,89,359,crushing defensiveMove endgame long quietMove,https://lichess.org/zBZGXwSi#83,
rKPdT,8/8/1k2p2p/1Pp2p2/2K5/7P/5PP1/8 w - - 8 46,f2f3 f5f4 h3h4 h6h5,2133,75,93,10401,crushing defensiveMove endgame pawnEndgame quietMove short,https://lichess.org/Im4Z9woL#91,
rKrZr,1b6/3k4/PP1p4/1b1Pp1p1/1N2PpPp/5P1P/8/4K3 b - - 0 48,b5a6 b4a6 d7c8 a6b4 c8b7 b4c6,2186,79,89,462,crushing endgame hangingPiece long quietMove,https://lichess.org/7eVwhAVh/black#96,
rKuWO,2r2r1k/bp1b1p1p/pq1N4/3pP3/8/P4R1P/1P1Q2P1/4R2K b - - 4 27,d7e6 d2h6 b6d8 f3g3 f8g8 h6e6,2107,100,40,31,crushing long middlegame quietMove,https://lichess.org/tXN8JXRL/black#54,
rKz0R,r4rk1/5pp1/1q3n1B/2p1p3/1p1bP3/3P2PP/PP1Q2BK/R4R2 w - - 0 21,d2g5 f6e8 h6g7 e8g7,2174,76,91,1739,crushing master middlegame quietMove short,https://lichess.org/g8uoc0PA#41,
rL3cT,8/8/3k2p1/p2P3p/4K3/8/P5P1/8 w - - 0 34,a2a4 h5h4 e4f3 d6d5,2106,78,91,1363,crushing endgame master pawnEndgame quietMove short zugzwang,https://lichess.org/iBGnK10j#67,
rL6kD,8/5p2/4p1p1/4P1K1/5P1P/5k2/8/8 w - - 2 46,g5f6 f3f4 f6f7 f4f5 f7g7 g6g5 h4h5 g5g4 h5h6 g4g3 h6h7 g3g2 g7f8 g2g1q h7h8q g1c5,2148,76,96,2068,advancedPawn crushing endgame master masterVsMaster pawnEndgame promotion quietMove veryLong zugzwang,https://lichess.org/sLlJZAsY#91,
rL9J0,8/1p4pp/1p1k4/3Pp3/PP2K3/6P1/7P/8 b - - 0 31,g7g5 g3g4 b6b5 a4a5 h7h6 h2h3,2119,76,94,4871,crushing defensiveMove endgame long pawnEndgame quietMove zugzwang,https://lichess.org/s3UdVTWE/black#62,
rLxFy,8/6B1/6kP/2P5/p3p3/6K1/2n5/8 b - - 0 48,e4e3 c5c6 e3e2 g7c3 c2e3 c6c7,2155,76,83,160,advancedPawn crushing endgame long quietMove,https://lichess.org/YhARR4zh/black#96,
rM1sh,1R6/PN3ppk/7p/4n3/5p2/8/1r5P/4K3 b - - 3 40,f4f3 b7c5 b2e2 e1d1,2141,162,82,14,advantage endgame quietMove short,https://lichess.org/ScbrtKw6/black#80,
rMAZU,8/8/7p/2Pp2pP/1kbP2P1/1p6/1K6/1B6 w - - 10 49,b1g6 c4b5 c5c6 b5c6,2163,79,100,58,bishopEndgame crushing endgame quietMove short,https://lichess.org/ETGZWEET#97,
rMBVe,r4rk1/pp3pp1/6q1/8/7R/2P1Q3/P5P1/R5K1 b - - 0 25,f8e8 e3h3 f7f5 a1f1 e8e5 h4h8,2194,121,100,16,advantage endgame long quietMove,https://lichess.org/82MlIAWT/black#50,
rMJeG,r3r1k1/1bqnbp2/pp1p1np1/2p1P1Bp/P4P1P/2NQ2PB/1PP1N3/3R1RK1 b - - 0 17,d6e5 h3d7 e5e4 d3d2 e4e3 d2d3 e8d8 g5f6,2167,82,89,1088,advantage master middlegame quietMove veryLong,https://lichess.org/k7Iddtam/black#34,Pirc_Defense Pirc_Defense_Other_variations
rMMRz,4r1k1/1p5p/6p1/Q2P4/P1P1n3/1P2q1P1/7P/3B1R1K w - - 1 34,a5c7 e4f2 h1g2 e8f8 c7e7 e3e7,2152,117,80,26,crushing endgame long quietMove,https://lichess.org/uYXCnfUz#67,
rMQ4k,8/1p6/3p2pp/1P2k3/2P1p1K1/4P1P1/7P/8 w - - 0 40,h2h4 b7b6 h4h5 g6g5,2158,75,78,160,crushing defensiveMove endgame pawnEndgame quietMove short zugzwang,https://lichess.org/JciM6VmO#79,
rMSgq,6k1/1p4pp/4qn2/pQ1p4/2bR2PB/b4N1P/1Pn2PB1/1K6 w - - 0 32,b5b7 c2d4 f3d4 e6e1 b1c2 a3b4 b7c8 g8f7 c8e6 e1e6 d4e6 f7e6,2182,92,46,38,crushing middlegame quietMove veryLong,https://lichess.org/2XDLYxxU#63,
rMwMr,5q2/2R1brk1/P2p2p1/1P1Pp3/2Q1P3/5nP1/5PK1/3N4 w - - 9 41,a6a7 f8h8 c4c3 h8h2,2148,76,79,436,crushing middlegame quietMove short,https://lichess.org/i8F2Rrvi#81,
rMxcJ,6rk/p1p2Qp1/2p4p/8/8/2P3R1/PP1q2PP/4rR1K w - - 3 24,b2b4 e1f1 f7f1 g8e8 h2h3 e8e1 f1e1 d2e1,2164,82,91,970,crushing endgame pin quietMove veryLong,https://lichess.org/urBD09Mj#47,
rNXzm,6k1/5q2/5p1p/Q5p1/3p4/P5P1/1r3PP1/3R2K1 w - - 0 31,d1d4 b2b1 g1h2 f7h5 d4h4 h5d1 a5d8 d1d8,2121,76,91,1672,crushing endgame quietMove veryLong,https://lichess.org/fHKVarrp#61,
rNsLD,2b3k1/8/p7/1p4p1/1P1N3p/q3P2P/3Q1KPB/2r5 b - - 1 42,c8b7 e3e4 g8f7 d4e2 c1d1 d2d1,2116,151,82,19,advantage endgame long quietMove,https://lichess.org/mSclXYgG/black#84,
rO7aC,7k/7p/1p4p1/1Pp1p3/P1Pp3P/1B1n2QK/5r2/8 w - - 0 46,g3f2 d3f2 h3g2 f2e4 a4a5 b6a5,2156,77,86,723,crushing endgame hangingPiece long quietMove,https://lichess.org/CCOvCEhr#91,
rOBfp,6k1/5p2/p4n2/3p1N2/1p1P4/1r6/q4P1P/3Q1R1K b - - 1 31,g8f8 d1c1 b3b1 c1b1 a2b1 f1b1,2197,76,91,1975,crushing endgame long quietMove,https://lichess.org/An5ZAW6t/black#62,
rODHw,r6k/1pr1bQpp/p1qpBn2/5P2/P2B1P2/8/1PP3PP/R3R1K1 w - - 5 24,e6b3 e7f8 f7c4 c6c4 b3c4 c7c4,2155,78,80,66,advantage long middlegame quietMove,https://lichess.org/XiphQszc#47,
rOG2v,1r4k1/5p2/2p1r3/p1Qp2P1/p7/K1P3P1/1P4P1/8 w - - 0 35,c5a5 e6e1 a3a2 e1e2,2199,84,86,105,crushing endgame queenRookEndgame quietMove short,https://lichess.org/TgCveGEe#69,
rOcaa,8/8/6Kp/p5p1/k7/P5P1/7P/8 w - - 3 44,g6h6 g5g4 h6h5 a4a3,2189,79,90,186,crushing endgame pawnEndgame quietMove short,https://lichess.org/beTGJX1D#87,
rOsxF,rnbqr1k1/1p2p1b1/p2p1pRn/2p5/5P2/1NNP3P/PPPQP3/2K3R1 b - - 2 20,g8h8 f4f5 h6f5 g6g7,2102,90,78,25,advantage middlegame quietMove short,https://lichess.org/cEGj6zh6/black#40,
rPFPy,b7/8/2pk1p2/2N1pK2/2p1P3/2P1P3/1P6/8 w - - 6 37,f5f6 d6c5 f6e5 a8b7 e5f6 b7c8,2192,77,91,2930,crushing defensiveMove endgame long quietMove,https://lichess.org/Tw3NhEVu#73,
rPhfS,8/4kpp1/4p3/P3P3/5P2/8/5r1p/R6K b - - 0 37,f2c2 a5a6 c2c8 a1b1 c8c7 b1b7 e7d7 a6a7 c7b7 a7a8q b7b1 h1h2,2183,74,90,285,advancedPawn crushing endgame promotion quietMove rookEndgame veryLong,https://lichess.org/bxSNjmPz/black#74,
rPmtJ,1r6/3Q4/Rp2pk2/3pqp1p/1P2r2P/2P3P1/4pPK1/4R3 b - - 7 41,e5c3 a6a7 b8g8 d7f7 f6e5 f7g8,2155,75,90,851,crushing endgame fork long quietMove,https://lichess.org/seKdC8uZ/black#82,
rQ05E,5r1k/6p1/8/P3p3/1PP3Pp/6qP/3RQ3/6K1 w - - 3 41,e2g2 g3e1 g1h2 f8f1 d2d3 f1f2,2194,77,97,1084,crushing endgame long pin quietMove,https://lichess.org/mID8dMog#81,
rQ2CQ,3b3k/6pp/8/1PP5/5p2/7P/P6P/5K2 b - - 0 35,h8g8 b5b6 g8f8 a2a4 f8e7 a4a5 e7d7 a5a6 d7c6 a6a7,2161,76,85,105,advancedPawn bishopEndgame crushing endgame quietMove veryLong,https://lichess.org/y8Fyph6p/black#70,
rQRbl,5rk1/6pp/2p3pP/1p2p3/1r1PB3/1qP1QP2/p2R4/K6R w - - 0 29,h6g7 f8a8 c3b4 b3e3,2112,94,79,22,crushing middlegame quietMove short,https://lichess.org/0nehaB90#57,
rQTyL,2b1r1k1/1pq2p1p/2p1p1pQ/r3P3/p1P1BP2/4R3/P5PP/R5K1 b - - 2 28,e8f8 e3h3 f7f5 e5f6 f8f6 a1d1,2173,76,91,432,crushing defensiveMove enPassant long middlegame quietMove,https://lichess.org/PZSN6q8a/black#56,
rQUhM,8/8/1p1kp3/p5K1/P4P2/1P6/8/8 b - - 8 47,e6e5 f4f5 e5e4 g5f4 e4e3 f4e3,2180,114,100,16,crushing endgame long pawnEndgame quietMove,https://lichess.org/KBwn4hcD/black#94,
rQgNi,1k1r3r/p1p2ppp/Qb6/3Pp2q/NP2Pn2/6R1/P1P3PP/R4K2 b - - 2 21,h5h2 a4c5 b6c5 b4c5 b8a8 a6c6,2124,78,89,56,crushing long middlegame queensideAttack quietMove,https://lichess.org/LsFxzcCV/black#42,
rR1gK,8/p5p1/8/1p2Pk2/1P3PPK/P1P5/3b4/8 b - - 0 43,f5f4 e5e6 d2c3 g4g5 f4f5 e6e7,2173,75,84,91,advancedPawn bishopEndgame crushing endgame long quietMove,https://lichess.org/0fTyugpZ/black#86,
rRIgl,8/8/4k3/4Pp2/2b2P2/2p1K3/8/1B6 w - - 2 61,e3f3 c4b3 f3e3 c3c2 b1c2 b3c2,2193,77,96,729,advancedPawn bishopEndgame crushing endgame long quietMove trappedPiece,https://lichess.org/yef6JZco#121,
rS0aE,r7/2b1k3/2Kp2pp/p1p5/5R2/2P3BP/5PP1/8 b - - 3 45,a5a4 c6c7 a4a3 f4e4 e7f7 e4e1 a3a2 e1a1,2163,76,94,1706,advantage endgame hangingPiece quietMove veryLong,https://lichess.org/DOCJmf70/black#90,
rS0t6,r1b2rk1/4bppp/p1p1p3/3p3Q/3P2N1/q1P1R3/P4PPP/R5K1 b - - 3 17,c6c5 e3h3 f7f5 h5h7,2144,78,90,1004,crushing middlegame quietMove short,https://lichess.org/P24eJBP1/black#34,Caro-Kann_Defense Caro-Kann_Defense_Hillbilly_Attack
rS9Uf,1r1q1rk1/p1p2pp1/2p1b3/2Pp2n1/3PpB2/2P1P3/P2KBP2/R5QR b - - 3 17,g5f3 e2f3 e4f3 g1h2 f7f6 f4c7,2188,83,73,62,crushing long middlegame quietMove,https://lichess.org/kHIW4Hwy/black#34,English_Opening English_Opening_Kings_English_Variation
rSH1B,r5k1/1p1R1p1p/6pB/p7/5P2/4N1PK/1r5P/8 b - - 1 24,a5a4 e3d5 b2b5 d5f6 g8h8 d7f7 b5h5 f6h5,2127,77,84,242,crushing deflection endgame quietMove veryLong,https://lichess.org/cZQdRVCc/black#48,
rST7O,8/4k3/2K2p2/4p2p/4P3/5P2/7P/8 b - - 6 46,e7e6 h2h4 e6e7 c6c7,2169,77,94,158,crushing defensiveMove endgame master pawnEndgame quietMove short zugzwang,https://lichess.org/BjwUIhag/black#92,
rSnw8,8/7K/8/4Bk1P/5P2/1p6/1P6/6r1 b - - 5 52,f5g4 h5h6 g4f5 e5g7 g1a1 h7g8,2106,74,94,5697,crushing defensiveMove endgame long quietMove,https://lichess.org/2reunXP3/black#104,
rSsCF,8/1Q6/8/8/6r1/4K3/5p2/6k1 w - - 6 49,b7f3 g4g2 f3d1 f2f1q,2130,76,93,607,advancedPawn crushing defensiveMove endgame promotion queenRookEndgame quietMove short,https://lichess.org/Q6Cdrk2w#97,
rT0Rq,6k1/1b2rpp1/pq3n1p/1p1p1P2/3N1Q2/P2B3P/1P4PK/2R5 b - - 1 29,f6e4 f4b8 g8h7 c1c8 b6d6 b8d6 e4d6 f5f6,2112,75,93,6329,advantage discoveredAttack master middlegame quietMove veryLong,https://lichess.org/B0LRUceE/black#58,
rTRWV,8/3b1p2/p5k1/7p/2P5/2bpBNPP/P4K2/8 w - - 1 38,e3d4 d3d2 f2e2 d7a4 f3d2 c3d4,2127,75,94,6708,advancedPawn crushing endgame long master quietMove,https://lichess.org/wLw8UTmS#75,
rTmNY,3R4/3k1p1p/5Bp1/1p2P3/2b5/1r1p3P/5PPK/8 b - - 9 41,d7e6 g2g4 d3d2 d8d6,2132,77,97,136,endgame mate mateIn2 quietMove short,https://lichess.org/L5LsvfPe/black#82,
rUUkC,8/8/2kp1p2/7p/3KPPpP/6P1/8/8 b - - 1 42,c6c7 d4d5 c7d7 f4f5 d7e7 d5c6,2128,80,91,2405,crushing endgame long pawnEndgame quietMove zugzwang,https://lichess.org/xCfBRiVx/black#84,
rUjZZ,8/6p1/8/p2k1P2/2p3P1/2K5/1P6/8 b - - 0 43,d5c5 g4g5 c5d5 f5f6 g7f6 g5f6,2185,77,80,59,crushing endgame long pawnEndgame quietMove,https://lichess.org/ztAdQ3lo/black#86,
rV0mt,5r2/1R3Pk1/6p1/p2p1bN1/n2K3P/2P5/6P1/8 b - - 0 34,f8c8 g5h7 c8f8 h7f8,2197,75,87,170,crushing endgame master masterVsMaster quietMove short,https://lichess.org/F0Yf6d8K/black#68,
rVEWo,r4rk1/p2n4/2pb2p1/1p1P1pN1/2p2P2/8/PP2NP2/2KR3R b - - 0 21,c6d5 d1d5 f8f6 h1d1 a8e8 d5d6 f6d6 d1d6,2192,92,44,50,advantage middlegame quietMove veryLong,https://lichess.org/DlFdCwKt/black#42,
rVflv,2kr4/2p2Rp1/p6p/1p1p4/3P4/8/3KQPP1/7q b - - 0 37,g7g5 e2e7 h1h2 g2g3 h2f2 f7f2,2179,75,93,5689,crushing endgame long quietMove,https://lichess.org/jZfYKz9g/black#74,
rVhTn,5rk1/1p1b1p1p/1q2p1pQ/1p1pP3/2p2B1P/4P3/r1B2PP1/2R3K1 b - - 3 25,b5b4 f4g5 f7f5 e5f6 f8f7 c2g6,2118,82,91,1600,crushing enPassant long middlegame quietMove,https://lichess.org/NqRHDeDe/black#50,
rW419,8/1p1k3p/3p2p1/1p1P1pP1/1b3P1P/1P6/P3KB2/8 w - - 8 31,f2e1 b4e1 e2e1 b5b4 e1d2 d7c7,2147,78,78,70,bishopEndgame crushing defensiveMove endgame long quietMove,https://lichess.org/iAa8K32x#61,
rWPCy,8/5kpp/5p2/P1p5/2P3P1/3n2K1/3B4/8 b - - 0 47,d3e5 a5a6 e5c4 d2a5 c4a5 a6a7 a5c6 a7a8q,2162,98,50,27,advancedPawn clearance crushing endgame promotion quietMove sacrifice veryLong,https://lichess.org/qD6nMNJA/black#94,
rWS64,8/3k1p2/p7/1p3Np1/1P2p1P1/P1R1P1P1/3rbPK1/8 w - - 4 42,c3c5 e2f3 g2h2 d2d1 c5d5 d1d5,2116,73,94,3259,crushing endgame long master quietMove,https://lichess.org/tama73Kh#83,
rWWAJ,8/8/6R1/2p5/3b2p1/5k2/8/5K2 w - - 2 44,g6g8 d4e3 g8f8 e3f4,2136,112,85,24,crushing defensiveMove endgame quietMove short,https://lichess.org/S85OFsqR#87,
rWsKa,8/pp3kp1/2p5/2PpQ2P/1P1P4/5P2/P2N1qn1/3K4 w - - 11 40,d1c1 g2e3 e5e3 f2e3,2156,79,91,227,advantage endgame master quietMove short,https://lichess.org/JQ9D6lHb#79,
rXaRI,8/5k2/Pb1B2p1/2p5/8/8/1P6/5K2 b - - 0 44,f7e6 d6b8 e6d5 a6a7 b6a7 b8a7,2107,77,89,233,advancedPawn bishopEndgame crushing endgame long quietMove,https://lichess.org/sbZFp5oU/black#88,
rXy28,r4r1k/bpp3p1/3p1pQp/p3q3/2B1P1R1/P2P3P/2P3P1/5R1K b - - 5 21,e5e7 c4e6 f6f5 e6f5,2104,106,74,18,advantage middlegame quietMove short,https://lichess.org/8t5NNjLZ/black#42,
rY4Bp,8/8/1k6/1P2pp2/1K1p1P2/4P3/8/8 w - - 0 49,f4e5 d4e3 b4c3 b6b5 e5e6 b5c6 c3d3 f5f4 e6e7 c6d7 e7e8r d7e8,2118,75,96,1111,crushing endgame master pawnEndgame quietMove veryLong,https://lichess.org/4THnvfCG#97,
rYAoA,1q5k/p2Q2p1/1p3p1p/5P1K/3P4/7P/8/8 b - - 3 39,a7a5 h5g6 b8g8 d4d5 g8h7 g6f7,2180,82,84,81,advantage endgame long queenEndgame quietMove,https://lichess.org/LPD2ldR0/black#78,
rYs3s,8/8/p5p1/2K3k1/1P6/P7/8/8 b - - 1 55,g5f4 a3a4 g6g5 b4b5 a6b5 a4b5 g5g4 b5b6 f4f3 b6b7 g4g3 b7b8q,2116,80,94,3377,advancedPawn crushing endgame pawnEndgame promotion quietMove veryLong,https://lichess.org/c6BoL0rU/black#110,
rZAu4,r1b1kb1r/1pq1n1p1/1pp3pp/4p2P/2B1P3/2N2N2/PPP2P2/R2QK1R1 b Qkq - 0 14,g6h5 f3h4 c8g4 g1g4 h5g4 d1g4,2117,77,91,93,advantage long master opening quietMove,https://lichess.org/ArmmIOEH/black#28,Van_Geet_Opening Van_Geet_Opening_Other_variations
rZEfR,8/8/1pp5/6kp/1P1PK3/6P1/8/8 b - - 0 40,g5g4 b4b5 c6b5 d4d5 b5b4 d5d6 b4b3 e4d3 b3b2 d3c2,2177,74,93,4440,crushing endgame pawnEndgame quietMove veryLong,https://lichess.org/TyEiMLFz/black#80,
ra0Lq,3r1k2/pp4pQ/2pq1b1p/3n1B2/3P4/2P5/PP4PP/4R1K1 b - - 7 26,d5e7 f5e6 d6e6 e1e6,2122,77,89,229,advantage middlegame quietMove short,https://lichess.org/14MfvZxr/black#52,
raHK7,8/8/4k3/6p1/1p1P1bR1/1Pp5/2K5/8 w - - 1 43,c2d3 e6f5 g4g1 g5g4 d4d5 g4g3,2101,77,83,342,crushing endgame long master quietMove,https://lichess.org/eWkyv2Bp#85,
raOok,6k1/pp4p1/1bp5/n5N1/8/B1P3PK/P3r2P/3R4 b - - 2 33,e2a2 d1e1 g7g6 e1e8,2192,79,97,55,crushing endgame quietMove short,https://lichess.org/GtVosn5y/black#66,
raW10,8/p7/6Kp/2p5/4k3/1PP5/P7/8 w - - 2 39,g6h6 e4d3 b3b4 c5c4 b4b5 d3c3,2195,76,72,71,crushing endgame long pawnEndgame quietMove,https://lichess.org/zw4DpvGz#77,
raZFx,8/8/1N5p/4k3/4P3/1p1K1b2/7P/8 w - - 0 52,d3c3 f3d1 c3d2 d1c2 d2e3 c2e4 b6c4 e5d5,2181,77,83,139,crushing endgame quietMove veryLong,https://lichess.org/Jpwes1aa#103,
raaU0,7r/4QR2/1P4rk/3ppp2/N2n1q1p/P6P/5PP1/1R3B1K w - - 3 41,b6b7 d4f3 f7h7 h8h7 e7e5 f4e5,2141,79,91,183,advantage long middlegame quietMove,https://lichess.org/C41ZQy4T#81,
raoOA,1r3rk1/p4p1p/6pQ/2q1p2b/2B1p1P1/2P5/PPN2bP1/1RK4R w - - 1 24,g4h5 f2g3 h5g6 g3f4 h6f4 e5f4,2190,142,81,20,crushing fork long middlegame quietMove,https://lichess.org/7oanPK5x#47,
rb2hm,r5rk/bbp4p/p2P4/1p2Pp2/2p2P2/2P2NR1/PPB5/R1B4K w - - 1 27,g3h3 g8g1 h1h2 a8g8 h3h7 h8h7 c2f5 h7h6,2148,101,65,20,clearance crushing defensiveMove middlegame pin quietMove veryLong,https://lichess.org/FcugiKhy#53,
rb8Nw,8/1ppR1pkp/p5p1/3Bb1B1/Pr6/1P5P/2b3P1/6K1 b - - 1 23,c2b3 d7f7 g7g8 g5h6 e5g7 f7g7,2121,79,91,1626,advantage doubleCheck endgame long master quietMove,https://lichess.org/0kMPGiNw/black#46,
rbFjp,r3r1k1/pp3ppp/2p2q2/3pn3/1P1Q4/P1P2PN1/4R1PP/R5K1 b - - 4 23,f6d6 a1e1 e5f3 g2f3,2161,76,86,404,crushing middlegame quietMove short,https://lichess.org/4yz8s0cj/black#46,
rbKeL,3K4/5kP1/1p3n2/1B6/P7/8/8/8 b - - 0 77,f7g7 b5c6 f6g4 d8c7,2126,86,81,25,crushing endgame quietMove short,https://lichess.org/aCWEUeFV/black#154,
rbeRI,4r3/4P3/3R4/8/1p6/1kp1R3/r7/1KB5 w - - 11 54,d6b6 e8a8 c1a3 a8a3 e3c3 b3c3 b6c6 c3b3,2108,120,38,24,crushing defensiveMove endgame quietMove veryLong,https://lichess.org/DvHSxiFh#107,
rbzuv,8/8/R2R2p1/1r1p2k1/2p5/6P1/2r2P1P/6K1 b - - 1 34,c4c3 d6g6 g5f5 a6e6 b5b1 g1g2 c2f2 g2f2,2189,77,83,241,advantage endgame quietMove rookEndgame veryLong,https://lichess.org/1rabKRr0/black#68,
rc97s,1r1r2k1/2R2pp1/p1R4p/8/1P6/P5QP/5P2/4q1K1 w - - 4 32,g1g2 d8d1 c7c8 b8c8 c6c8 g8h7,2112,75,95,1046,crushing defensiveMove endgame long quietMove,https://lichess.org/JPjUHGaO#63,
rcHYM,8/8/1P1k1p2/6p1/Pp6/3K4/7P/8 w - - 1 47,a4a5 f6f5 d3c4 f5f4 a5a6 d6c6 a6a7 c6b7,2171,79,84,48,crushing endgame pawnEndgame quietMove veryLong,https://lichess.org/Lqe6yDly#93,
rcWEv,8/8/1p3k1p/6pP/1P2K3/6P1/8/8 b - - 0 48,f6e6 b4b5 g5g4 e4f4 e6f6 f4g4,2100,77,89,101,crushing endgame long pawnEndgame quietMove,https://lichess.org/kC3CqcOD/black#96,
rcazA,5r1k/4q1pp/r2p3b/pp5Q/2pPPp1n/P1P2P1P/1P1B1NP1/3R1RK1 w - - 4 25,f2g4 h6g5 g2g3 g7g6 h5g5 e7g5,2156,76,90,600,advantage long middlegame quietMove trappedPiece,https://lichess.org/s0jAE7g9#49,
rcnwd,r3k2r/pp1qbppp/2n1p3/3N2B1/6b1/5N2/PP2BPPP/R2QR1K1 b kq - 0 13,e7g5 f3g5 g4e2 e1e2 a8d8 d5c3 d7e7 d1c1,2170,79,90,1889,crushing defensiveMove middlegame pin quietMove veryLong,https://lichess.org/vZaAcVyY/black#26,Sicilian_Defense Sicilian_Defense_Alapin_Variation
rd7gl,1r4k1/2q2pp1/4p3/3pNb1p/Q2P4/5P1P/2r3P1/R2R3K b - - 13 32,b8b2 a4e8 g8h7 a1a8 h7h6 e5f7,2165,105,80,48,advantage clearance long middlegame quietMove,https://lichess.org/gnTgKiJ3/black#64,
rdBJu,5k2/6pp/1pqP2p1/2p1Q1P1/2P2P2/2P2K1P/8/8 w - - 5 39,e5d5 c6d5 c4d5 b6b5 f3e2 f8e8,2101,77,90,856,crushing defensiveMove endgame long queenEndgame quietMove,https://lichess.org/6Vp9NpAS#77,
rdYkj,8/2p3pp/p3p3/4P3/2P5/kP6/P2K2PP/8 w - - 1 33,d2c3 c7c5 b3b4 c5b4 c3d2 a3a2 c4c5 b4b3 c5c6 b3b2 c6c7 b2b1q,2100,75,86,226,advancedPawn advantage endgame pawnEndgame promotion quietMove veryLong,https://lichess.org/AFltkcHS#65,
rdl3y,5q2/p4Pk1/1pb1P1p1/2pr4/3p1Q2/2P4P/PP2R2K/8 b - - 2 34,f8d6 f4d6 d5d6 e2f2 d6d8 e6e7,2137,76,99,194,advancedPawn advantage endgame long quietMove,https://lichess.org/U9wUMLQK/black#68,
rdwan,8/4KpB1/1n5p/8/1k4PP/8/p4P2/8 b - - 4 52,b6a4 g7a1 f7f6 e7f6 b4b3 g4g5,2187,83,87,36,crushing endgame long quietMove,https://lichess.org/OSB6s68x/black#104,
reGA3,4k3/1K2P3/pp6/8/P3R3/8/1r6/8 b - - 2 52,b6b5 a4a5 b5b4 b7a6,2117,76,94,1651,crushing endgame master quietMove rookEndgame short,https://lichess.org/GmGedKPl/black#104,
reSdI,8/p2b4/1p6/1P2k1p1/2P2pP1/2K1pP2/P3B3/8 b - - 0 32,d7g4 f3g4 e5e4 c4c5 f4f3 e2c4 e3e2 c3d2 b6c5 a2a4,2156,112,68,17,bishopEndgame clearance crushing defensiveMove endgame hangingPiece quietMove veryLong,https://lichess.org/DczrB8Wz/black#64,
reVZY,2r1kb1r/p6p/2bp1qp1/2pQp3/2P5/2NP1NP1/P3PP1P/1R2K2R w Kk - 0 18,c3e4 f6e7 b1b8 c6d5 b8c8 e8d7,2192,78,92,2199,advantage long middlegame quietMove,https://lichess.org/c48LkXmd#35,English_Opening English_Opening_Other_variations
rfCHy,8/7p/6p1/p2k2P1/P1p2P1P/8/2K5/8 b - - 1 37,d5d4 f4f5 g6f5 h4h5 f5f4 g5g6 h7g6 h5h6 f4f3 h6h7 f3f2 h7h8q,2178,75,94,5243,advancedPawn crushing endgame pawnEndgame promotion quietMove sacrifice veryLong,https://lichess.org/JMG1GBrT/black#74,
rfJJt,8/8/4k1p1/5pP1/5K1P/8/8/8 w - - 13 54,h4h5 g6h5 g5g6 h5h4 g6g7 e6f7 g7g8q f7g8,2100,86,88,39,crushing endgame pawnEndgame quietMove veryLong,https://lichess.org/Pbyu2Po0#107,
rgDab,1r3r2/5pk1/3bp1pR/ppqp2P1/5P2/3BP3/PPPQ4/2KR4 b - - 0 23,b5b4 h6h7 g7h7 d2h2 h7g8 d1h1 c5e3 c1b1,2169,76,96,415,attraction crushing defensiveMove middlegame quietMove sacrifice veryLong,https://lichess.org/hzHUv1tz/black#46,
rgE25,1R6/r4pkp/8/2q5/2B5/3P4/2P2P2/4RK2 w - - 4 34,e1e3 a7a1 f1g2 c5c6 e3f3 a1a5 b8b5 a5b5 c4b5 c6b5,2172,157,86,13,crushing endgame quietMove veryLong,https://lichess.org/pW1fW4jq#67,
rgL5W,8/8/2pkp3/1p5p/1PP2P2/4K3/4P3/8 w - - 0 32,c4b5 c6b5 e3e4 h5h4 e2e3 h4h3 e4f3 d6d5 f3g3 d5c4 g3h3 c4b4,2171,75,80,84,crushing endgame pawnEndgame quietMove veryLong,https://lichess.org/HxPZHRJf#63,
rgldg,8/1p4k1/3Q1pp1/P2P3p/5P1P/8/6PK/4q3 w - - 1 37,d6e6 e1e6 d5e6 f6f5 h2g1 g7f6 e6e7 f6e7,2193,75,82,126,crushing endgame master queenEndgame quietMove veryLong,https://lichess.org/2l8DE2zH#73,
rgs0R,6k1/p5pp/8/3pP1P1/2p4P/2P3K1/P7/8 w - - 0 41,g3f4 g8f7 f4e3 f7e6 e3d4 g7g6 a2a3 a7a6,2169,76,92,2394,crushing defensiveMove endgame pawnEndgame quietMove veryLong zugzwang,https://lichess.org/8OYqC3Gc#81,
rgt6Q,2k2r2/1p2R3/p1q5/5p2/5B1p/1B1P2P1/PPP2P2/5K2 b - - 0 26,h4h3 b3e6 c8d8 f4g5 c6e6 e7e6,2147,78,81,49,crushing discoveredAttack endgame long quietMove,https://lichess.org/6NnqfK1f/black#52,
rhCtG,8/2p2p1k/1bPp3p/qP1P2pP/6Q1/4rBP1/6K1/5R2 b - - 1 33,h7g7 f3e4 e3e4 g4e4,2145,79,87,48,crushing endgame master quietMove short,https://lichess.org/ugdeL5gw/black#66,
rhZ7M,r4rk1/pb2bppp/1p2p3/3Pq3/2B5/4B3/PP3PPP/2RQ1RK1 w - - 0 16,d5e6 e7d6 g2g3 e5e4 e6f7 g8h8 f2f3 e4e3,2134,78,91,390,advantage middlegame quietMove veryLong,https://lichess.org/7QUZTWLV#31,Caro-Kann_Defense Caro-Kann_Defense_Exchange_Variation
rhghM,2kr3r/pp4pp/2p1Bnb1/4B3/6P1/P2p1P2/P6P/2R2RK1 b - - 2 18,f6d7 c1c6 b7c6 f1b1 d3d2 b1b8,2120,74,94,11638,clearance long mate mateIn3 middlegame pin queensideAttack quietMove sacrifice,https://lichess.org/r6s6AW7f/black#36,Russian_Game Russian_Game_Modern_Attack
ri2ja,8/6p1/7p/2P1kp2/4p3/5P1P/6P1/5K2 w - - 1 45,f1e2 e4f3 e2f3 g7g5 c5c6 e5d6,2199,76,95,364,crushing endgame long pawnEndgame quietMove,https://lichess.org/RAM9Dx7E#89,
ri9sE,r3k2r/1pQ2ppp/p1b2b2/8/8/BP2qPP1/P3B2P/2R2K2 b kq - 1 22,c6f3 c1e1 e3e2 e1e2 f3e2 f1e2,2184,75,90,176,advantage long middlegame quietMove,https://lichess.org/Qm74gmip/black#44,
riGVK,8/8/1kb2p2/p2p1Pp1/2pP2P1/K1P1N3/P7/8 b - - 1 56,b6b5 e3f1 c6e8 f1g3,2110,75,92,651,crushing defensiveMove endgame quietMove short,https://lichess.org/A70asE7v/black#112,
rj4uK,6k1/3p2pp/Qp2n3/6q1/1P6/P4r2/5P1P/R4R1K w - - 0 25,f1g1 g5d5 g1g2 f3f2 a6c8 g8f7 c8d7 d5d7,2192,78,91,2281,crushing endgame pin quietMove veryLong,https://lichess.org/zl0zTkzy#49,
rj8CP,r6k/5ppp/1p6/6N1/P2R3R/qP5P/5PP1/6K1 b - - 3 28,a3b3 h4h7 h8g8 d4h4 b3b1 g1h2 b1h7 g5h7,2156,79,92,773,crushing endgame quietMove veryLong,https://lichess.org/QGqBfWBV/black#56,
rj9ep,8/5k2/pp4p1/2p2pPp/P1Pb1P1N/1P6/4KP2/8 w - - 3 42,f2f3 d4g1 a4a5 b6a5,2125,80,92,796,crushing endgame quietMove short,https://lichess.org/dohaDsxB#83,
rjQcK,8/7p/2p5/8/4KP2/6k1/8/8 b - - 0 45,g3g4 f4f5 g4h5 e4e5 c6c5 f5f6,2148,76,94,1796,crushing endgame long pawnEndgame quietMove,https://lichess.org/XzMynxSq/black#90,
rjYIH,3r3r/1k1p1pp1/p1pBp3/1q5p/P7/2P5/2P2PPP/2Q1R1K1 b - - 0 21,b5a4 c1b2 b7a8 e1b1 d8b8 d6b8,2112,78,79,66,advantage clearance endgame long quietMove,https://lichess.org/mp2ftCRc/black#42,
rjg4N,8/p2B4/1p6/2p5/P7/5K2/1k6/8 w - - 0 55,f3e4 c5c4 a4a5 c4c3 a5b6 a7b6 d7a4 b6b5 a4b5 c3c2,2164,77,91,2367,advancedPawn bishopEndgame crushing endgame quietMove veryLong,https://lichess.org/i39y5kJb#109,
rjjvQ,3b4/p2B4/8/PPP5/1K3kp1/7p/8/8 b - - 0 42,h3h2 d7c6 f4e3 b5b6 a7a6 c6h1 e3f2 c5c6,2185,82,86,33,bishopEndgame crushing endgame quietMove veryLong,https://lichess.org/D2ij0s5e/black#84,
rjq4a,6rk/pp3p1p/5P2/3P2QP/1q4B1/2r2P2/PP6/1K5R w - - 2 27,g5h6 g8g4 a2a3 c3a3 h1c1 g4g8 c1c8 b4e1,2127,75,92,82,advantage endgame pin quietMove veryLong,https://lichess.org/o516gPsZ#53,
rjz8M,8/8/p5K1/1pPk4/1P3P2/4n1PP/8/8 w - - 1 44,h3h4 a6a5 b4a5 b5b4 a5a6 d5c6 a6a7 c6b7 c5c6 b7a7,2187,87,79,38,crushing endgame knightEndgame quietMove veryLong,https://lichess.org/wv1ToupT#87,
rk5Js,1rq1r1k1/4p2p/3p2pR/2pP2P1/1pn1PP2/4BQK1/2P5/1R6 b - - 0 28,c4e3 b1h1 c8g4 f3g4,2110,82,72,74,advantage master middlegame quietMove short,https://lichess.org/Qr5ZMyDy/black#56,
rkyld,1r3rkb/2Q2p1p/1ppN1Pp1/p1p4q/8/1PBP3P/2P3PK/5R2 b - - 5 32,h5d5 d6f5 d5f5 f1f5,2177,86,85,28,advantage master middlegame quietMove short,https://lichess.org/rQX0wrdY/black#64,
rkzDK,k6r/p2P2p1/1q6/p4p1p/PbP2P1P/5Q2/R5PK/8 b - - 0 35,b6b7 a2e2 h8d8 e2e8,2126,78,89,535,advantage endgame pin quietMove short,https://lichess.org/TKb8tc5R/black#70,
rl6pz,1R6/5pk1/2PBp1pp/4P3/2P4P/4PqP1/7K/8 b - - 4 40,f3c6 d6e7 c6f3 e7f6,2116,74,90,685,crushing endgame master quietMove short,https://lichess.org/WErFyW7D/black#80,
rlz3Y,r7/1p4k1/pPn3p1/2Rp1pq1/3P4/3B1P1r/1P3QP1/5RK1 w - - 0 32,f3f4 a8h8 f2f3 h3f3 f4g5 f3d3,2186,79,90,699,crushing long middlegame pin quietMove,https://lichess.org/YR2639JP#63,
rmKIB,2r3k1/5pp1/p6p/P7/5Q2/8/1q2rPPP/R3R1K1 w - - 1 23,a1b1 c8e8 e1c1 b2b1,2167,76,91,928,crushing endgame quietMove short,https://lichess.org/aU2PD4ob#45,
rmMPU,4r1k1/R4p2/2B3p1/2P4p/5q2/5P2/6PP/1R5K b - - 0 28,f4b4 a7a1 b4c5 c6e8,2133,75,90,905,crushing endgame master quietMove short,https://lichess.org/H4TqPMWH/black#56,
rmOIY,2r2rk1/p2n1p1p/1p2p1pQ/3pP1P1/1PqB1R2/P5P1/6P1/R6K b - - 3 26,c4d3 f4h4 f8e8 h6h7 g8f8 h4f4,2160,80,83,75,crushing kingsideAttack long middlegame quietMove,https://lichess.org/M3ADouZU/black#52,
rnFpf,8/6k1/8/4PK2/7P/3n4/8/8 b - - 0 40,g7h6 e5e6 h6g7 h4h5 d3b2 h5h6 g7h6 e6e7 b2c4 f5e6,2154,74,94,8813,advancedPawn crushing defensiveMove endgame exposedKing knightEndgame quietMove veryLong,https://lichess.org/eTPRoEOk/black#80,
rnQ8P,1rk1q2r/p1p5/2p4p/6p1/3QN3/8/P1P3PP/4R1K1 b - - 2 24,e8f8 e4c5 b8b6 d4g4 c8b8 c5d7 b8b7 d7f8,2157,76,94,2685,advantage clearance endgame fork quietMove veryLong,https://lichess.org/ZC3y59lC/black#48,
rnYXM,r4rk1/pQpqbppp/2n2n2/3p4/3P4/P3PNP1/1P1N1P1P/R1B2RK1 w - - 1 14,b2b4 a7a6 f3e5 c6e5,2139,76,91,739,advantage middlegame quietMove short,https://lichess.org/2s6Zp1de#27,Queens_Gambit_Declined Queens_Gambit_Declined_Other_variations
rnZtx,1Q2n2r/1R2bk1p/4pppB/q2p4/3P3P/2P1P3/5PP1/6K1 b - - 5 22,a5c3 b8a7 c3e1 g1h2 e8c7 b7c7,2150,76,77,450,advantage long middlegame quietMove,https://lichess.org/NLuie9gP/black#44,
rnskZ,8/4k1Kp/6p1/5p2/4p3/6P1/5P1P/8 w - - 10 42,g7h7 g6g5 h7g6 f5f4 g6g5 e4e3,2162,76,91,705,crushing endgame long pawnEndgame quietMove,https://lichess.org/xQ8h1lgY#83,
roI1D,r7/PK6/8/8/5p1p/3pkP1P/R5P1/8 b - - 1 69,a8a7 a2a7 d3d2 a7a1 e3f2 b7c6,2148,98,83,23,crushing defensiveMove endgame hangingPiece long quietMove rookEndgame,https://lichess.org/n1M70CuA/black#138,
roPHI,8/8/5rp1/1p5p/p6P/PkP3P1/1P1R1P2/2K5 w - - 0 36,c1b1 f6e6 d2c2 e6e1 c2c1 e1e2 b1a1 e2b2,2147,76,91,572,advantage endgame quietMove rookEndgame veryLong,https://lichess.org/k6qAMKuu#71,
roRHp,8/p7/8/6K1/8/1P6/Pk6/8 w - - 1 50,g5f5 a7a5 a2a4 b2b3 f5e4 b3a4 e4d3 a4b3 d3d2 b3b2,2146,77,94,2035,crushing defensiveMove endgame pawnEndgame quietMove veryLong,https://lichess.org/Bc06vw1P#99,
roXiH,3r4/pp4pk/8/3P4/2P2nNb/BPq5/P5Q1/3R2K1 w - - 3 38,g2h2 f4h3 g1g2 d8e8 a3c5 e8e2 c5f2 h4f2,2196,105,82,21,crushing exposedKing middlegame quietMove veryLong,https://lichess.org/aBdN6BA8#75,
robeg,8/8/1k5p/6p1/p7/P2K2P1/5P2/8 b - - 1 51,b6b5 g3g4 b5c5 d3c3 c5d6 c3b4 d6e5 b4a4,2120,141,100,23,crushing endgame master pawnEndgame quietMove veryLong,https://lichess.org/wDuUhSox/black#102,
roiPe,r4rk1/pb2ppb1/1p3np1/3P1P1p/3B4/2NP2qP/PPPQ2B1/R4RK1 w - - 0 16,f5g6 f6g4 d2f4 g7d4,2149,89,84,31,advantage discoveredAttack middlegame quietMove short,https://lichess.org/3cndrrng#31,Sicilian_Defense Sicilian_Defense_Closed
rouxB,1k3r2/p1p5/1pQ5/4p3/P5q1/2B2R2/1P2K1P1/8 w - - 3 35,e2d1 e5e4 c3e5 f8c8 d1c1 e4f3,2190,78,94,846,advantage endgame long pin quietMove,https://lichess.org/RmRamK2e#69,
royFb,4R3/kpp5/p7/P5p1/1Pq4r/7P/5QP1/7K b - - 3 36,c4d4 f2f8 d4d1 h1h2 d1d6 f8d6,2140,75,85,156,crushing defensiveMove endgame long quietMove,https://lichess.org/joYzVoa5/black#72,
rpC7c,8/4k3/4pPp1/3p3p/3P3K/4P1R1/5rPP/8 b - - 0 41,e7f6 g3f3 f2f3 g2f3 f6f5 h2h3 f5f6 e3e4 d5e4 f3e4 f6g7 h4g5,2126,76,93,6168,crushing endgame quietMove rookEndgame veryLong zugzwang,https://lichess.org/ldG70Qcw/black#82,
rpXi5,B5k1/5pp1/4p2p/3p4/3P4/1bp1PN2/5PPP/6K1 w - - 0 29,f3e5 b3c4 e5c4 c3c2 c4d2 c2c1q,2119,79,80,58,advancedPawn advantage endgame long promotion quietMove sacrifice,https://lichess.org/zZelDMUf#57,
rpbnD,8/2r2pkp/1R4p1/Pp6/6n1/6P1/2p4P/2R3K1 w - - 4 36,b6b5 c7d7 c1c2 d7d1 g1g2 g4e3 g2f3 e3c2,2151,75,93,3861,crushing endgame fork quietMove veryLong,https://lichess.org/z1dGKBiO#71,
rpmOT,8/2kB4/2P2K2/4P1p1/5bP1/p7/8/8 w - - 0 67,e5e6 f4d6 e6e7 d6e7 f6e7 a3a2,2144,76,90,325,advancedPawn bishopEndgame crushing endgame long quietMove sacrifice,https://lichess.org/tfaghnBI#133,
rppNw,6k1/1p3pp1/p4n1p/2B1Q3/1P6/P4P1P/5PK1/3q4 b - - 2 33,f6d5 c5d4 d5f6 e5b8 g8h7 d4f6,2188,75,79,103,crushing discoveredAttack endgame long quietMove,https://lichess.org/bgkMuybq/black#66,
rq8Ew,8/5pp1/8/p1K2k2/8/P6P/1P6/8 b - - 0 39,f5g5 b2b4 a5b4 a3b4 f7f5 b4b5 f5f4 c5d4,2169,78,90,1509,crushing defensiveMove endgame pawnEndgame quietMove veryLong,https://lichess.org/1cgzpjY5/black#78,
rq8Xj,8/4b3/4p3/3pP3/1P1P2k1/p1K5/8/2B5 b - - 0 68,g4f3 c1a3 f3e4 b4b5 e7a3 b5b6,2113,75,97,1072,bishopEndgame crushing endgame long master masterVsMaster quietMove sacrifice,https://lichess.org/z7Zqi5Gb/black#136,
rqpn0,r6k/pp4pp/8/2pQp3/5q1b/2N4P/PPPPK1P1/R1B5 w - - 15 24,c3e4 a8f8 e2d3 f8d8 d5d8 h4d8,2110,79,66,54,crushing long middlegame pin quietMove,https://lichess.org/hzuYrbrm#47,
rr8Dz,8/6pk/2r1q2p/4pp2/6P1/3Q1P2/7P/3R2K1 b - - 0 40,g7g6 d3d8 e6f7 d1d7,2144,73,94,9627,advantage clearance endgame pin quietMove short,https://lichess.org/TkFLed4z/black#80,
rrady,4r1k1/1b2rpb1/pp1p2p1/2pPq3/P1P3PP/1PNQ1B2/1B1R1PK1/8 b - - 4 26,f7f5 c3e2 f5g4 b2e5,2100,77,98,179,advantage discoveredAttack middlegame quietMove short trappedPiece,https://lichess.org/qPhou3JC/black#52,
rrbBt,8/q5pk/1R5p/3pPp2/1PrN1P2/4Q3/5KP1/8 w - - 3 38,b6d6 c4d4 f2g3 a7a1 e5e6 d4e4,2179,105,46,45,advantage endgame long quietMove,https://lichess.org/oGtRwYId#75,
rrcoS,8/3P2pk/8/2b4p/Q7/4KPBb/1Pr5/8 w - - 2 43,e3d3 h3f5 a4e4 f5e4 f3e4 c2c1 d3d2 c5e3 d2e3 c1d1,2149,74,91,4067,advantage endgame exposedKing quietMove veryLong,https://lichess.org/N5Nt2nJu#85,
rridV,8/pp4p1/3p2k1/2p5/2P4P/1P2KNP1/8/b7 b - - 0 33,a1d4 f3d4 c5d4 e3d4 b7b5 g3g4 b5b4 c4c5 d6c5 d4c5 g6f6 c5b4,2179,125,87,29,crushing endgame quietMove veryLong,https://lichess.org/3cAIxxuS/black#66,
rrobh,rnb2rk1/1p3ppp/p7/4Nq2/3P4/2P3R1/PP1Q1PPP/R5K1 b - - 3 20,b8c6 d2h6 g7g6 g3h3 f5h3 g2h3,2160,75,99,377,advantage long middlegame pin quietMove,https://lichess.org/4jkCjvIm/black#40,
rrpQY,r4rk1/1p1b1pp1/p2q3p/3n4/P7/5B2/1P1Q1PPP/R4RK1 w - - 0 19,f3d5 d7e6 f1d1 a8d8 d5e6 d6d2 d1d2 d8d2,2103,77,89,1010,advantage middlegame quietMove veryLong,https://lichess.org/PDQPNWD1#37,Italian_Game Italian_Game_Anti-Fried_Liver_Defense
rsTbP,r1b2r2/1pp2ppk/4pn2/pP6/P3N3/7R/2P2PPP/3R2K1 b - - 2 19,h7g8 e4f6 g7f6 h3g3 g8h8 d1d4 e6e5 d4h4,2117,77,97,182,kingsideAttack mate mateIn4 middlegame quietMove veryLong,https://lichess.org/8bdeTdy4/black#38,
rshkN,r4rk1/pp2R1bp/2p3p1/4n3/2P1b1P1/4BN1P/PP2BK2/7R w - - 0 21,e7g7 g8g7 e3d4 a8e8 d4e5 e8e5,2139,74,94,2824,crushing hangingPiece long master middlegame pin quietMove,https://lichess.org/AYa9UzaD#41,
rswEZ,8/6p1/7p/p5P1/2Kp4/P2Pk3/7P/8 w - - 0 44,h2h4 h6h5 g5g6 a5a4 c4c5 e3d3,2125,77,92,185,crushing endgame long pawnEndgame quietMove zugzwang,https://lichess.org/wg1lCzlH#87,
rtENe,8/1p5p/p5pP/3k1p2/5PP1/2PK4/1P6/8 w - - 0 43,g4g5 a6a5 c3c4 d5c5 b2b3 c5b4,2173,128,86,11,crushing defensiveMove endgame long pawnEndgame quietMove,https://lichess.org/7HD0H2UK#85,
rtJmy,8/1R6/1p1kp3/3n1p2/8/6PP/3r1K2/2R5 w - - 1 39,f2f3 e6e5 g3g4 e5e4 f3g3 f5f4,2108,74,85,183,advantage endgame long quietMove,https://lichess.org/YM1F9TQD#77,
ruFNq,6k1/p5pp/1pp3r1/P2b4/1P1p4/4pP2/2Q1PbK1/7R w - - 4 35,g2f1 d5e6 c2g6 h7g6,2148,77,98,133,crushing endgame quietMove short,https://lichess.org/3V4ux887#69,
ruPDX,2r3k1/1p4pp/1p1PN3/5p2/4b3/6P1/7P/5RK1 b - - 1 32,c8c2 f1d1 c2g2 g1f1,2107,75,96,114,advantage endgame master quietMove short,https://lichess.org/tPcnol0L/black#64,
rum0X,r1b2rk1/pp1qbppp/2n1p3/8/2PN4/3BB2P/PP3PP1/R2Q1RK1 w - - 1 13,f1e1 c6d4 e3d4 f8d8 d3h7 g8h7,2105,77,88,183,crushing long opening quietMove,https://lichess.org/arMlK3Y0#25,Pirc_Defense Pirc_Defense_Other_variations
ruuYX,8/8/ppp5/4k1p1/PP6/3PPK2/8/8 b - - 0 38,a6a5 b4a5 b6a5 f3g4 e5f6 d3d4 f6g6 e3e4,2100,75,90,791,crushing defensiveMove endgame pawnEndgame quietMove veryLong,https://lichess.org/rNr0ufVG/black#76,
rv60Y,r5r1/3k2b1/4p2p/1P1qP1p1/1B3p2/P2b4/5QPP/3RR1K1 b - - 3 33,g8d8 d1d3 d5d3 f2c5 d3d4 c5d4,2116,80,65,47,crushing long middlegame pin quietMove sacrifice,https://lichess.org/qCB43Ipa/black#66,
rvDAr,r2q2k1/p3b3/1p1p2Q1/3N4/3P4/8/PP3PPP/6K1 b - - 2 27,g8f8 d5f4 e7f6 f4e6 f8e7 e6d8,2110,76,90,1853,crushing endgame exposedKing fork long quietMove,https://lichess.org/fIb5oRdQ/black#54,
rvEPi,8/8/3k2p1/p3p2p/P3P2P/1PK5/5P2/8 w - - 1 37,c3c4 g6g5 h4g5 h5h4 b3b4 h4h3,2110,74,93,1085,crushing endgame long pawnEndgame quietMove,https://lichess.org/eKT2d3ub#73,
rvHIw,8/1p2k3/4pb2/4Bp2/1P5p/P2K3P/6P1/8 w - - 4 33,d3d4 f6e5 d4e5 b7b5 e5d4 e7d6,2133,75,90,914,bishopEndgame crushing defensiveMove endgame long master quietMove zugzwang,https://lichess.org/ZmUrPAkc#65,
rvHW2,5rkr/pb2R1bp/1p6/2p3PQ/2P2q2/3B4/PP3P1P/1K2R3 b - - 4 28,f4d4 h5e2 b7c8 d3e4,2180,320,43,3,crushing master masterVsMaster middlegame quietMove short,https://lichess.org/2rZi3pfL/black#56,
rvJ6B,r2qk2r/pp2bppp/3p4/2p1p3/4P1b1/P1NP1n2/1PP1NPB1/R1BQ1R1K w kq - 0 13,c3d5 e7f8 e2g1 d8h4,2199,79,69,64,clearance crushing opening quietMove short,https://lichess.org/O8bBjnxC#25,Sicilian_Defense Sicilian_Defense_Closed
rvqkK,5rk1/2r2p2/1q1p1Qp1/p3p3/2P1P3/1P1p3P/P5PK/3R1R2 b - - 1 33,b6d4 f1f4 e5f4 f6d4,2155,73,94,7481,crushing deflection endgame quietMove short,https://lichess.org/0e3NWMha/black#66,
rw5yU,5b2/6pp/p1p2p2/B1p1k3/2P5/3P3P/P3KPP1/8 b - - 0 28,e5d4 f2f4 f8d6 g2g3 d6c7 a5c7,2182,75,84,98,bishopEndgame crushing endgame long quietMove,https://lichess.org/LrXHJmcu/black#56,
rwVDm,6r1/ppp1k2p/4p3/4P3/3P1rPn/2P2N1P/PP3K2/4R2R w - - 1 25,e1e3 g8f8 f2g3 f4f3 e3f3 h4f3,2105,87,77,37,advantage endgame exposedKing long pin quietMove,https://lichess.org/3hmJPyR1#49,
rwfYO,2r2k2/1pr2P2/p1b3pp/6q1/1Q6/P7/1P4PP/3R1R1K b - - 3 30,g5e7 b4d4 c6g2 h1g2 e7g5 g2h1,2157,76,94,1949,crushing defensiveMove long middlegame quietMove,https://lichess.org/AfBlPCjs/black#60,
rwiw1,8/8/5k2/4p2p/7K/6P1/8/8 w - - 0 59,h4h5 e5e4 h5g4 f6e5 g4h3 e5d4,2162,81,91,591,crushing defensiveMove endgame long master pawnEndgame quietMove,https://lichess.org/PXVV3DCe#117,
rwq4j,5k2/p1p3p1/3p3p/3B1p2/PP1b1P1K/4r2P/2R3P1/8 w - - 3 41,c2c7 g7g6 c7f7 f8e8 f7f5 g6f5,2152,98,86,22,advantage endgame long quietMove,https://lichess.org/KQe28Q4m#81,
rwrIQ,2k4r/p4r2/2p4p/4p3/1Q1b4/P2P4/2P2PP1/1R3bK1 w - - 0 26,g1f1 f7f2 f1e1 h8f8 b4b8 c8d7 b1b7 d7e6 b7e7 e6e7,2119,78,92,102,advantage endgame quietMove veryLong,https://lichess.org/DY41PMRm#51,
rx20e,8/p2k4/2p2P2/1p4K1/8/7P/8/8 b - - 2 48,d7e8 h3h4 b5b4 h4h5 b4b3 h5h6 b3b2 h6h7,2124,105,48,18,advancedPawn crushing endgame pawnEndgame quietMove veryLong,https://lichess.org/ypfLvuw0/black#96,
rx4AT,1rr5/5k2/Q1p1p1p1/p1PpPp1p/P2P4/1p2P1PR/1B1q1K2/R7 w - - 6 42,f2f3 g6g5 a6e2 g5g4 f3f2 d2e2 f2e2 g4h3,2128,76,91,589,crushing fork middlegame quietMove veryLong,https://lichess.org/eUXGlHIr#83,
rxFFV,r2q1r2/pp1b1ppk/2pp1b1B/3BnN2/4P3/2P4Q/PP3PPP/R3R1K1 b - - 0 15,g7h6 h3h6 h7g8 e1e3 d7f5 e4f5,2161,75,87,145,advantage long middlegame quietMove,https://lichess.org/ojTayYlI/black#30,Philidor_Defense Philidor_Defense_Other_variations
rxQR5,r3k2r/1pp2pp1/p5qp/1b1Q1N2/1b1P1P2/4P1P1/PP1N2P1/R3K2R w KQkq - 1 19,d5b7 e8g8 f5h6 g7h6,2147,80,70,144,advantage castling middlegame quietMove short,https://lichess.org/ystK2EBo#37,Queens_Pawn_Game Queens_Pawn_Game_Mason_Variation
rxRmY,8/8/4k1p1/3pp3/2p4P/1p3KP1/1P1B1P2/8 w - - 0 38,f3g4 d5d4 g4f3 c4c3 d2c1 d4d3 b2c3 d3d2,2173,77,91,4869,advancedPawn bishopEndgame crushing endgame master quietMove veryLong,https://lichess.org/zFv4Oa9X#75,
rxlhs,r7/1b4k1/p2pp1p1/8/2P1P3/2N3Q1/1qP3P1/5R1K b - - 0 30,b2c2 g3f3 a8h8 h1g1,2130,78,87,93,crushing defensiveMove endgame quietMove short,https://lichess.org/jBk6E9Bk/black#60,
ryLM7,2k1r3/1p1r4/p1p5/8/1Pb2B2/Pq2PP1P/6P1/R3QRK1 w - - 7 37,f1f2 e8d8 a1b1 d7d1 b1b3 d1e1 g1h2 c4b3,2179,87,81,43,advantage interference middlegame pin quietMove veryLong,https://lichess.org/YMz5GNsc#73,
ryMx5,6k1/6p1/4prpp/r3P3/2Q2Pq1/6P1/2R3P1/5RK1 b - - 0 29,f6f5 c4e6 g8h7 c2c8 f5f8 e6g4,2137,77,80,140,crushing endgame long quietMove,https://lichess.org/rxGbtkVd/black#58,
ryWCN,8/p5k1/1p3p1p/2Pp2pn/6N1/PP4qP/1PQ3P1/4rRK1 w - - 1 26,c5c6 h5f4 f1e1 g3e1 g1h2 f4e2 c2e2 e1e2,2123,77,91,498,advantage endgame kingsideAttack quietMove veryLong,https://lichess.org/3R7wQ74S#51,
ryhNV,8/1p5p/2k5/8/1R4Pr/1P6/6K1/8 b - - 3 40,h7h5 b4c4 c6d6 g4g5 h4g4 c4g4 h5g4 g2g3,2124,76,98,190,crushing endgame quietMove rookEndgame veryLong,https://lichess.org/7TVkccIF/black#80,
rysJW,4K3/1p6/2p1k3/2P1Pp2/2n2P2/4B3/8/8 w - - 0 52,e3c1 b7b5 e8d8 c4e5 f4e5 e6e5,2117,183,44,9,crushing endgame long master quietMove,https://lichess.org/BoH1zbIz#103,
rz3KY,8/8/4pk2/R4pp1/4bP2/4K3/8/8 w - - 0 51,a5e5 e4d5 e3d4 g5f4,2199,86,90,212,crushing endgame quietMove short zugzwang,https://lichess.org/tId5Dkfd#101,
rz87d,r3rb2/1p3p1k/pq1pb1np/4pN1P/4P1Q1/3P1R2/1P4P1/5R1K b - - 0 29,g6f4 f3g3 f7f6 f1f4 h7h8 g4g6,2151,74,93,3689,crushing discoveredAttack long middlegame quietMove,https://lichess.org/KtpfNRNK/black#58,
rzDvG,6r1/5kp1/3qp2p/3p1p1Q/1P3P2/2P5/5P1P/6RK b - - 1 34,f7f8 g1a1 d6f4 a1a8 f8e7 a8g8 f4e4 h1g1,2156,76,90,486,advantage defensiveMove deflection endgame quietMove skewer veryLong,https://lichess.org/oD8rTLht/black#68,
rzGSO,2rq1r1k/pp3pR1/5n1p/3pQb2/5P2/3BP3/PP2KP1P/R7 w - - 0 24,e5f5 h8g7 a1g1 g7h8 f5h3 h6h5 h3f5 f8g8,2170,76,61,161,crushing hangingPiece middlegame quietMove veryLong,https://lichess.org/ehX7j3eU#47,
rzMtj,rnbqnrk1/pp2bp1p/4p1pQ/2pp2P1/3P1B2/2NBP3/PPP2P1P/R3K1NR b KQ - 1 9,b8c6 h2h4 e8f6 g5f6,2156,76,71,142,advantage master opening quietMove short,https://lichess.org/udHNDi9n/black#18,Indian_Defense Indian_Defense_Other_variations
rzStb,r4rk1/1ppb2p1/2n1p1B1/3pP1P1/6q1/pPP5/P1Q2PP1/1K2R2R b - - 0 20,g4g5 h1h5 g5g2 e1h1 g2h1 h5h1,2149,76,91,318,advantage clearance long middlegame quietMove,https://lichess.org/PKxie4gd/black#40,
rze8J,5rk1/5r2/2q4p/p3PppQ/2pPpR1P/P1P5/1P6/5RK1 w - - 0 32,h4g5 h6g5 f4f2 f7h7 h5g5 h7g7 f2g2 g7g5 g2g5 g8h8 f1f2 f8f7 f2h2 f7h7,2187,101,45,21,crushing endgame pin quietMove veryLong,https://lichess.org/w3ifF2yY#63,
rzfCP,3k4/1p3B2/3K1P1p/2P5/8/p6P/4n3/8 b - - 1 49,e2d4 f7c4 d4f5 d6e6,2103,103,38,26,crushing defensiveMove endgame quietMove short,https://lichess.org/Q2oIDORZ/black#98,
rzoSR,8/8/8/2Rpppp1/pP3r1p/3k1P1P/P4PK1/8 b - - 1 37,d5d4 b4b5 e5e4 b5b6,2118,76,91,2269,advantage endgame master quietMove rookEndgame short,https://lichess.org/KRTem1rt/black#74,
s08JD,1r6/R1p1k3/3pPp2/2rP1P2/1p1K1P2/8/R7/8 b - - 3 56,b4b3 a2h2 b8b4 d4d3 c5d5 d3c3,2122,78,87,77,advantage endgame long pin quietMove rookEndgame,https://lichess.org/eFYdh7II/black#112,
s0b5m,6k1/4rp1p/q2p2p1/1NpP4/P1Nb4/5QP1/1P2r2P/RR5K w - - 6 26,f3d3 a6c8 b5d4 c5d4 g3g4 c8g4,2126,81,39,46,crushing long middlegame quietMove,https://lichess.org/vnHgYJrN#51,
s1010,r2q1r2/p2b1pkp/6p1/7n/2NN4/3Q4/P5PP/R4RK1 b - - 0 26,d7b5 d3c3 g7g8 d4b5,2139,75,86,110,advantage middlegame quietMove short,https://lichess.org/DZ8PpB8c/black#52,
s19Ws,8/5rpk/Q2p4/P2Pp3/2P4p/3q3P/2r3P1/1R4RK w - - 4 35,a6d6 c2g2 g1g2 d3b1 h1h2 f7f1 g2g7 h7g7,2175,80,90,172,crushing deflection discoveredAttack endgame quietMove veryLong,https://lichess.org/J7nuYqTU#69,
s1XWh,8/8/p4bp1/3kp2p/3p4/1P1K1PP1/P6P/2B5 w - - 1 36,b3b4 g6g5 h2h3 g5g4,2133,75,77,221,bishopEndgame crushing endgame master quietMove short,https://lichess.org/9Gmi5mXG#71,
s1nQz,4r3/8/1p5p/8/P2P2k1/1P2P1p1/8/4R1K1 w - - 3 41,e3e4 h6h5 e4e5 h5h4 e5e6 h4h3 e6e7 g4f3,2130,81,83,51,crushing defensiveMove endgame quietMove rookEndgame veryLong,https://lichess.org/8APQZ23m#81,
s2Tt1,r4rk1/p3Rp2/3p1b2/5Pp1/8/2B1R1Q1/q5P1/7K b - - 1 28,f6e7 g3h3 f7f6 e3e7 f8f7 c3f6 a2a1 f6a1,2177,98,86,19,crushing intermezzo middlegame quietMove veryLong,https://lichess.org/rGMwlpsm/black#56,
s2wES,r2k1b1r/pp1b2pp/3p1q2/1p1N4/8/4Q3/P4PPP/R3R1K1 b - - 1 19,f6e5 e3d2 e5d5 d2d5,2197,77,91,673,crushing middlegame quietMove short,https://lichess.org/PjaT918k/black#38,Danish_Gambit_Accepted Danish_Gambit_Accepted_Classical_Defense
s389G,8/1p3p2/p2k2pp/3P4/1P1PK1PP/P7/8/8 w - - 0 45,g4g5 h6g5 h4g5 b7b5 e4e3 d6d5,2166,78,94,3223,crushing endgame long pawnEndgame quietMove zugzwang,https://lichess.org/lpkOT6nG#89,
s3Ezr,N7/5kp1/3p3r/3n1p1p/2PP4/P2BPN1q/1P6/R4RK1 w - - 0 25,c4d5 h3g3 g1h1 h6g6 f3e5 d6e5,2167,73,92,4567,advantage long middlegame quietMove,https://lichess.org/7Tk7bxqG#49,
s3tP7,8/8/4p3/pk3p2/3K1P1p/7P/1P4P1/8 w - - 1 42,d4c3 a5a4 c3d3 b5b4,2130,76,87,77,crushing defensiveMove endgame pawnEndgame quietMove short,https://lichess.org/es5pYpZs#83,
s3xnl,R7/5pk1/P7/3p4/8/r1p3P1/5PK1/8 w - - 0 37,a6a7 d5d4 a8c8 a3a7,2100,78,92,2001,crushing endgame quietMove rookEndgame short,https://lichess.org/DwjWajUt#73,
s46rx,3r3r/5ppp/k3p3/p1P5/4nPP1/4B2P/6K1/R4R2 b - - 2 30,d8d3 f1b1 e4c5 e3c5,2118,82,86,39,crushing endgame quietMove short,https://lichess.org/nHOoklHC/black#60,
s49jP,8/8/8/5P2/7P/4K3/1kp4r/6R1 w - - 1 46,f5f6 h2h4 f6f7 h4h8 e3d4 h8f8,2168,78,94,472,crushing endgame long quietMove rookEndgame,https://lichess.org/gyDnB3TH#91,
s4Nu1,8/8/k4p2/5Pp1/pbK1N1P1/8/8/8 b - - 1 70,a4a3 c4b4 a3a2 e4c5 a6b6 c5b3 b6c6 b4c4 c6d6 c4d4,2178,77,90,468,crushing defensiveMove endgame exposedKing hangingPiece quietMove veryLong,https://lichess.org/3dR6YH1h/black#140,
s4Otw,1rb3k1/p1p2ppp/8/4r3/7q/3B4/PPP2PPP/R2Q1RK1 w - - 0 16,d3c4 e5h5 c4f7 g8f7,2107,76,81,67,advantage middlegame quietMove short,https://lichess.org/KzHcZ2I9#31,Scotch_Game Scotch_Game_Scotch_Gambit
s4kXU,r5qk/b2p1p1n/p2p3B/3r4/1p2B2Q/8/PP3PPP/5RK1 b - - 1 25,d5d4 h6g5 d4e4 g5f6,2191,112,68,14,crushing middlegame quietMove sacrifice short,https://lichess.org/9boqsEHw/black#50,
s4wAj,rn5k/2Q3pp/p6r/1p6/4P3/3B4/Pq2KP1P/R5R1 w - - 0 25,e2e3 b8c6 c7g7 b2g7 g1g7 h8g7,2198,79,90,478,advantage long middlegame quietMove,https://lichess.org/mYbMgQIz#49,
s5EkV,3R4/5ppk/7p/1p2N2P/pP6/P1r3P1/5PK1/1n6 b - - 0 34,c3c7 e5d7 c7d7 d8d7,2191,75,95,1380,crushing endgame master quietMove short,https://lichess.org/0ksSICAa/black#68,
s5HJm,4k3/4bpp1/1Np2n1p/p2p4/8/5PBP/PPP3P1/6K1 w - - 3 30,b6c8 e7c5 g3f2 d5d4 c8d6 c5d6,2101,85,92,35,crushing endgame long master quietMove,https://lichess.org/WQJEztjg#59,
s5M3n,2kr3r/p1p3pb/2Q1p1p1/7q/3P4/4P3/PP3P2/R3KN2 b Q - 0 19,g6g5 a1c1 h5f7 c6a8 c8d7 c1c7 d7c7 a8a7 c7d6 a7f7,2172,78,93,4740,advantage attraction discoveredAttack middlegame queensideAttack quietMove sacrifice skewer veryLong,https://lichess.org/0upwLyaT/black#38,Queens_Gambit_Declined Queens_Gambit_Declined_Baltic_Defense
s5sVy,8/8/1p4P1/p1b5/P1N5/3p1K1k/8/8 b - - 0 48,c5d4 c4e3 d4b2 e3f5 d3d2 f3e2 h3g4 g6g7 d2d1b e2d1 b2g7 f5g7,2111,95,67,36,advancedPawn crushing endgame quietMove veryLong,https://lichess.org/ptCXEjoB/black#96,
s5zTx,3r2k1/1p3p2/p5Bp/8/P7/4Q1P1/3NKPP1/2q5 b - - 2 30,c1d2 e3d2 d8d2 e2d2 f7g6 a4a5 h6h5 d2e3,2144,118,58,13,crushing defensiveMove endgame quietMove veryLong,https://lichess.org/tMqc6SfC/black#60,
s6KgK,1r4k1/1bqr1ppp/p3p3/1pP3Q1/1Pp5/P4N1P/2P2PP1/R2R2K1 w - - 4 23,f3d4 b8d8 g5e3 e6e5 d1e1 d7d4,2122,128,82,17,crushing long middlegame quietMove,https://lichess.org/EH11I2g7#45,
s6hFX,2r2k2/pp1q1pp1/4n3/5N2/3p4/P5Q1/1P3PPP/5RK1 b - - 2 25,d4d3 g3h4 f8g8 f5e7 d7e7 h4e7,2171,76,100,71,advantage endgame fork long quietMove,https://lichess.org/cU5lOwb1/black#50,
s74BU,8/8/8/4k3/2P5/3p2p1/3Kb1B1/8 b - - 3 92,e5d4 c4c5 d4c5 d2e3,2102,173,89,20,bishopEndgame endgame equality quietMove short,https://lichess.org/g5qcrOY0/black#184,
s7Cxd,8/2p4n/p3k3/1p1P4/1P2PKP1/P7/8/8 b - - 0 45,e6d6 f4f5 h7f8 g4g5 f8d7 g5g6 d6e7 e4e5,2124,80,91,379,crushing defensiveMove endgame knightEndgame quietMove veryLong zugzwang,https://lichess.org/FkTOhsAK/black#90,
s7Dnm,4k3/4r1p1/p3qpP1/3R4/2P5/1P3Q2/P5K1/8 w - - 7 52,a2a4 e6e1 d5d3 e7e2 g2h3 e2e4,2155,75,99,193,advantage clearance endgame exposedKing long quietMove,https://lichess.org/4MDSmz8k#103,
s7DrK,r4rk1/p5p1/1p5Q/2pq1b1P/3pp3/P7/1P4R1/K6R b - - 0 32,d5f7 h1g1 g7g6 g2g6 f5g6 g1g6,2172,106,73,18,advantage long middlegame pin quietMove,https://lichess.org/yNfvsCon/black#64,
s7QCX,r3rbk1/5p2/p1p2Bpp/2p3Q1/4P1bP/2NP2q1/PPP2RP1/R5K1 w - - 0 25,g5d2 f8d6 e4e5 e8e5,2108,76,88,289,advantage middlegame quietMove short,https://lichess.org/CR0IsT5A#49,
s7Wu8,8/p7/1pp3K1/3p4/P4pk1/2P5/1P4PP/8 w - - 0 37,h2h3 g4g3 g6f5 c6c5 h3h4 d5d4 c3d4 c5d4 h4h5 d4d3 h5h6 d3d2 h6h7 d2d1q,2170,80,97,48,advancedPawn advantage endgame pawnEndgame promotion quietMove veryLong,https://lichess.org/gnDLCQq5#73,
s7ld5,8/2p5/1p6/2k1p2p/2P1P2P/2K5/P7/8 b - - 8 36,c7c6 a2a4 b6b5 a4a5 b5c4 a5a6 c5b6 c3c4 b6a6 c4c5 a6b7 c5d6 b7b6 d6e5,2132,82,90,512,crushing endgame pawnEndgame quietMove veryLong zugzwang,https://lichess.org/NxPcRa9X/black#72,
s7rZV,8/p7/8/k3Q3/3K4/6P1/8/1q6 b - - 4 53,b1b5 g3g4 b5e5 d4e5,2181,81,87,452,crushing endgame queenEndgame quietMove short,https://lichess.org/dVwUIOWS/black#106,
s7wBh,8/8/8/4K3/p1k5/P2r1R2/8/8 w - - 6 52,f3f4 c4b3 f4d4 d3c3 d4b4 b3a3,2125,229,87,27,advantage defensiveMove endgame long quietMove rookEndgame,https://lichess.org/rMlxoVYG#103,
s86GY,8/2RP4/8/2P1p3/5p1k/3r3P/8/6K1 w - - 3 44,c5c6 h4g3 g1f1 f4f3 d7d8r d3d8 c7g7 g3f4 g7d7 d8a8 c6c7 e5e4,2181,112,78,20,crushing defensiveMove endgame quietMove rookEndgame veryLong,https://lichess.org/dy2SzpUz#87,
s8YwE,8/2p3r1/2p4p/6k1/PP1P4/2P1PR1K/8/4b3 b - - 0 45,e1c3 f3g3 g5f6 g3g7 f6g7 a4a5 c6c5 a5a6 c5d4 a6a7 d4d3 a7a8q,2149,76,81,99,advancedPawn crushing endgame promotion quietMove veryLong,https://lichess.org/ebZcbgBI/black#90,
s9BDG,8/8/4pk2/4Np1p/5P2/6PK/3n3P/8 b - - 7 52,d2f1 e5c4 f6g7 h3g2 f1h2 g2h2,2191,78,86,288,crushing endgame knightEndgame long quietMove trappedPiece,https://lichess.org/CJQGuJt0/black#104,
s9tag,8/3B4/1p5p/p2K2kP/P1P3P1/1r6/8/8 b - - 6 45,b3b4 d7b5 b4b3 d5c6 g5f6 c6b6,2152,79,85,47,crushing endgame long quietMove,https://lichess.org/MacK5iP6/black#90,
sA3rw,8/6k1/RP5p/3N1p2/P2P3P/5KP1/1r3n2/8 w - - 0 39,b6b7 f2g4 a6g6 g7g6,2193,75,92,537,advantage endgame master quietMove short,https://lichess.org/TrBURTf4#77,
sAIMO,8/5pp1/4p3/3p4/1P1P1k2/5P1n/2KN4/8 b - - 0 44,f4e3 b4b5 h3f4 b5b6 f4d3 c2c3,2173,85,81,36,crushing endgame knightEndgame long quietMove,https://lichess.org/ghNAk6M6/black#88,
sAVfn,6k1/5p1p/p5p1/3PQ3/4P3/5P2/q5rP/3R3K b - - 1 31,a2e2 d1b1 g2h2 e5h2,2117,77,85,125,crushing endgame quietMove short,https://lichess.org/AwTw5G4X/black#62,
sAeRP,8/2p5/3kppp1/pPp4p/P1K3PP/4PP2/8/8 b - - 0 30,e6e5 g4h5 g6h5 e3e4 d6e6 c4c5,2171,76,97,379,crushing endgame long pawnEndgame quietMove zugzwang,https://lichess.org/0R4NghUn/black#60,
sAqsw,8/8/p1k2p1p/2p3pP/1PPpP1P1/P7/4K3/8 b - - 2 41,c6b6 b4c5 b6c5 e2d3 a6a5 a3a4 c5c6 d3d4,2167,76,94,2069,crushing endgame pawnEndgame quietMove veryLong zugzwang,https://lichess.org/0D3YZd7d/black#82,
sB3Tk,6k1/2R5/2p1p2N/1pPbP2P/1r2pp2/8/6P1/6K1 b - - 0 37,g8h8 h6g4 b4b1 g1h2,2153,77,53,82,crushing endgame master quietMove short,https://lichess.org/81VUmaUD/black#74,
sB5A9,8/8/8/1k2K2p/4NPp1/6P1/2b5/8 b - - 3 51,b5c4 f4f5 h5h4 g3h4,2188,76,93,1533,crushing endgame quietMove short,https://lichess.org/GZcbXRMl/black#102,
sBF7r,2r1r2k/1p1nbpp1/p7/3p1B2/Pn1P2P1/BP6/3q1PP1/RQ2R1K1 w - - 0 25,f5d7 c8c2 b1c2 b4c2,2105,75,85,72,advantage middlegame quietMove short,https://lichess.org/JCOqlXcy#49,
sBNXy,6Q1/8/2p5/8/Pk6/5K2/2q5/8 b - - 4 59,c2b3 g8b3 b4b3 a4a5 c6c5 a5a6 c5c4 a6a7 c4c3 a7a8q c3c2 a8a1,2193,76,89,73,advancedPawn crushing defensiveMove endgame promotion queenEndgame quietMove veryLong,https://lichess.org/PavlUNmh/black#118,
sC8md,8/6pk/4pr2/2Q1p1q1/4P2p/2PP3P/1P3PP1/5RK1 w - - 1 37,b2b4 f6g6 g2g3 h4g3 c5e3 g3f2 g1f2 g6f6 f2e2 g5e3 e2e3 f6f1,2128,80,91,599,advancedPawn advantage attraction doubleCheck endgame quietMove veryLong,https://lichess.org/zOvrsrb6#73,
sCTdw,8/4n3/4K1k1/8/5PP1/8/8/8 b - - 4 42,e7g8 g4g5 g6g7 f4f5 g7f8 f5f6 f8e8 f6f7,2179,75,92,6948,advancedPawn crushing endgame knightEndgame quietMove veryLong zugzwang,https://lichess.org/sYarBQpD/black#84,
sCbLj,2k4r/2pq2p1/pb6/1p1P1p2/6p1/3Q4/PPP1RNPK/5R2 w - - 2 24,h2g1 d7d6 g2g3 d6h6 e2e8 h8e8,2156,77,94,4880,crushing long middlegame quietMove,https://lichess.org/Gbo69Knb#47,
sCioH,4r3/p5k1/1p5p/2b1NPp1/4K1P1/7P/PP6/3R4 w - - 4 35,d1d5 g7f6 a2a3 a7a5 e4f3 e8e5,2114,78,91,1152,advantage endgame long quietMove,https://lichess.org/hfhIR0dg#69,
sCqFn,8/1p6/3kp2p/2p2p2/1PP2Pp1/P3K1P1/7P/8 b - - 0 45,c5b4 a3b4 e6e5 c4c5 d6d5 f4e5 d5e5 b4b5 h6h5 c5c6,2184,90,77,27,crushing endgame pawnEndgame quietMove veryLong,https://lichess.org/ZCFk1elj/black#90,
sCtBW,1R6/5pkp/3r2p1/4R3/3P4/4Q2P/6PK/2r2q2 b - - 3 36,h7h5 e5e8 f1g1 e3g1,2105,82,70,64,crushing endgame quietMove short,https://lichess.org/OMJEktyB/black#72,
sDZLe,6rk/5R1p/8/4p3/4P3/2q2N1b/5PPK/5Q2 b - - 1 30,h3g2 f1a6 c3f3 f7f3,2194,104,77,22,crushing endgame quietMove short,https://lichess.org/zYVdAo24/black#60,
sE3s3,8/4b3/6p1/1p1k1p1p/5B1P/1P1K1PP1/8/8 w - - 2 48,f4g5 e7g5 h4g5 f5f4 g3f4 h5h4 f4f5 h4h3,2187,98,79,23,bishopEndgame crushing endgame master quietMove veryLong,https://lichess.org/RiVpm5Cc#95,
sE9pl,Q3nk2/5p1p/4pPp1/1p2r3/3q2P1/P7/1P1p3P/1R1R3K w - - 2 31,a8g2 e5d5 d1d2 d4d2 g2d2 d5d2,2161,151,37,35,crushing endgame long master quietMove,https://lichess.org/q8naPicx#61,
sEKSP,8/8/3b4/p1p5/2p1p1k1/2P1B1P1/PP4K1/8 w - - 0 33,e3f2 a5a4 f2e3 d6g3,2107,78,91,705,bishopEndgame crushing endgame quietMove short,https://lichess.org/PSTgyccX#65,
sEP12,b4rk1/6b1/1q4Pn/1p1pPPp1/3p4/1B1P3Q/1P5P/2B1R1K1 b - - 0 26,b6a5 e1f1 f8f5 f1f5,2118,75,77,95,advantage middlegame quietMove short,https://lichess.org/knajhLPl/black#52,
sEYrJ,r1r5/pp2kpQ1/4p1p1/4P3/4pPP1/q1P1P2R/2R4P/6K1 b - - 0 26,a3a1 g1f2 c8f8 c2d2 a1c3 d2d6,2178,175,73,12,crushing defensiveMove endgame long quietMove,https://lichess.org/vzVpA7nc/black#52,
sF3Vn,1k6/pp2q3/2p2pr1/7R/4Pb1P/1P3Pp1/PBPrQ1P1/5RK1 w - - 1 26,e2c4 f4e3 g1h1 e7d7 h5h8 b8c7,2153,77,84,61,crushing defensiveMove long middlegame quietMove,https://lichess.org/doa8shrz#51,
sFE1h,r6r/1k6/Rp1p2n1/1P1P1q2/2P3p1/6Pp/4QP1P/R5K1 b - - 4 26,g6e5 e2a2 a8a6 a2a6 b7c7 a6a7,2187,75,93,802,advantage long middlegame quietMove,https://lichess.org/gxmKxzsI/black#52,
sFTmT,r4rk1/pp1qbp1n/2npb2p/3N2p1/2BPQp2/1P3N2/PBP3PP/R4RK1 b - - 4 14,h7f6 d5f6 e7f6 c4d3 e6f5 e4f5 d7f5 d3f5,2136,82,83,62,advantage kingsideAttack middlegame quietMove veryLong,https://lichess.org/B8vpurCt/black#28,Kings_Gambit_Accepted Kings_Gambit_Accepted_Becker_Defense
sFs1l,8/3Pk3/1K2P3/7p/p7/2nB4/8/8 b - - 1 51,a4a3 d3c4 e7d8 b6c6 a3a2 c4a2,2108,81,100,67,crushing endgame long quietMove,https://lichess.org/dUvjAzqp/black#102,
sG64h,5rk1/5ppp/p3p3/1pP5/1P6/P2rR3/5PPP/2R3K1 b - - 2 26,f8d8 e3d3 d8d3 c5c6 d3d8 c6c7 d8c8 c1d1 g8f8 d1d8 f8e7 d8c8,2141,74,80,239,advancedPawn crushing endgame quietMove rookEndgame veryLong,https://lichess.org/WqfbR2JB/black#52,
sGAnd,4k3/8/1p2K3/1Pp1Pp2/p4Ppb/6Pp/P2B3P/8 w - - 4 47,d2e1 h4g3 e1g3 c5c4 g3e1 c4c3 e1c3 g4g3,2139,155,80,85,bishopEndgame crushing endgame master quietMove sacrifice veryLong,https://lichess.org/kElZV7jW#93,
sGIoK,5r2/1p6/p3P1p1/3p2Np/6kP/2P3P1/PP4K1/8 b - - 12 40,f8e8 g5f7 g4f5 f7d6 f5e6 d6e8,2147,74,88,203,crushing endgame fork long quietMove,https://lichess.org/mxi1XsU5/black#80,
sGgz0,8/5p2/4p3/5kpp/3P3P/3K1PP1/8/8 w - - 0 47,h4g5 f5g5 d3e4 f7f6 f3f4 g5g4 f4f5 e6f5 e4e3 g4g3,2128,84,88,40,crushing endgame pawnEndgame quietMove veryLong zugzwang,https://lichess.org/JyEwS6fC#93,
sHpMd,2r1r1k1/7p/1q2bQp1/1p3p2/pBp3P1/P2p1N1P/P2R2K1/8 b - - 0 37,b6c6 b4c3 e8e7 f6e7 c6d7 e7f6,2124,95,65,23,advantage long middlegame quietMove,https://lichess.org/T7jURsKe/black#74,
sHupL,8/8/8/4K2p/6k1/8/6P1/8 w - - 0 57,e5e4 h5h4 e4e3 g4g3 e3e2 g3g2,2138,77,91,315,crushing endgame long pawnEndgame quietMove,https://lichess.org/6c6jikwH#113,
sI3GL,8/8/pp5p/4k1p1/2p1P1P1/2P2K2/PP6/8 w - - 0 37,b2b3 c4b3 a2b3 a6a5 c3c4 e5d4 e4e5 d4e5,2162,74,82,140,crushing endgame pawnEndgame quietMove veryLong zugzwang,https://lichess.org/qTzRp3K7#73,
sIn88,8/1p6/p1p3k1/P2p1r1p/1P1P1P1R/6KP/8/8 b - - 3 54,g6f6 h4g4 f6f7 g4g5,2110,76,95,507,crushing endgame master quietMove rookEndgame short,https://lichess.org/2gTGn3wU/black#108,
sJ2H9,8/3Rp3/1k2p1p1/1Pp1r3/1rP4p/2K1n2P/3RB1P1/8 b - - 4 36,e3f5 d2a2 e5e3 e2d3 b4c4 c3c4,2105,86,80,43,advantage defensiveMove endgame long quietMove,https://lichess.org/CWTsasP9/black#72,
sJED8,8/2Q3pk/p4p1p/4r3/P7/3P2P1/2P3NP/3qBK2 w - - 1 37,c7c6 d1e2 f1g1 e5f5 g2f4 e2e1,2106,76,93,5392,crushing endgame long quietMove,https://lichess.org/Qfqtj3Dv#73,
sJHzQ,r2br1k1/pp3p2/2n2q1p/2P1pN1Q/3pP3/PB4B1/1P3P2/R4bK1 b - - 2 21,f1d3 g3h4 d3e2 f2f3 e2f3 h5f3,2137,96,44,30,crushing long middlegame quietMove,https://lichess.org/eLhf4537/black#42,
sJdB2,4r3/1b3p1k/p4PpN/1p1p3p/5P2/6Q1/P2RK3/2r5 w - - 7 35,e2d3 d5d4 d2e2 c1c3,2170,103,72,21,crushing endgame quietMove short,https://lichess.org/hFwgUxFd#69,
sJouu,8/8/1P3n1p/4N3/7k/P2K2p1/8/8 b - - 0 43,f6d7 e5d7 g3g2 d7e5 h4g3 b6b7 g2g1q b7b8q,2154,80,82,74,advancedPawn crushing endgame hangingPiece knightEndgame promotion quietMove veryLong,https://lichess.org/UTjsK8Im/black#86,
sKD8v,8/6pk/7p/p1pB1p2/1qPp1Q2/1P1P1PPb/r6P/1R5K b - - 1 32,b4c3 f4b8 a2e2 d5g8,2184,131,85,30,crushing endgame master quietMove short,https://lichess.org/Yt31930N/black#64,
sKDF6,8/p7/2P5/1P2b3/P6k/6p1/6K1/8 b - - 0 56,h4g4 a4a5 g4f5 b5b6 a7b6 a5a6,2139,83,91,872,bishopEndgame crushing endgame long quietMove,https://lichess.org/B2zwkzzk/black#112,
sKT5k,3r4/8/8/1PK1kpp1/8/8/1R3P2/8 b - - 0 44,e5e4 b2b3 d8c8 c5d6,2102,170,18,8,crushing defensiveMove endgame quietMove rookEndgame short,https://lichess.org/KpSK8NMT/black#88,
sKhM6,8/8/3k4/4p1pp/N1K1P3/1P5P/1P3b2/8 w - - 0 39,b3b4 g5g4 h3g4 h5h4 c4d3 h4h3 d3e2 h3h2 e2f2 h2h1q,2196,79,84,205,advancedPawn crushing endgame promotion quietMove veryLong,https://lichess.org/fbJhPku3#77,
sKlNA,3r3k/p5p1/8/2Q1R2p/2P5/5qP1/P4P1P/6K1 w - - 2 34,e5h5 h8g8 h5d5 d8b8 c5b5 b8b5,2110,127,36,20,advantage endgame long quietMove,https://lichess.org/78xRroYK#67,
sKs5F,r4rk1/pp2pp1p/3pq1p1/2p5/4P3/2PPbP1P/PP2Q2P/RN3R1K b - - 1 16,e6h3 f3f4 e3f4 f1f4,2137,76,91,1420,advantage middlegame quietMove short,https://lichess.org/QgAI0ihu/black#32,Modern_Defense Modern_Defense_Other_variations
sLI8M,8/p5p1/5p2/1p4P1/2k1PP2/P3K3/8/8 b - - 0 32,a7a5 e4e5 f6e5 f4f5 c4d5 g5g6,2196,149,54,12,crushing endgame long pawnEndgame quietMove,https://lichess.org/emB6FZcA/black#64,
sM07b,7B/5bPk/2K5/1pPp4/1P3p2/5P2/8/8 w - - 0 51,c6b6 h7g8 c5c6 d5d4 b6c5 d4d3,2192,76,90,723,bishopEndgame crushing endgame long master quietMove,https://lichess.org/DxccchvL#101,
sM2Nd,8/8/5R1N/4n1p1/6P1/6k1/2r5/5K2 w - - 7 46,f6f5 e5f3 f5f3 g3f3,2115,75,79,250,crushing endgame master quietMove short,https://lichess.org/jlo1vfkJ#91,
sMaEv,rq5r/pp5p/2n2Qn1/kP1p4/P7/2P1PN2/6PP/R5K1 b - - 0 25,c6e5 f3d4 e5c6 b5c6,2166,103,62,25,crushing middlegame quietMove short,https://lichess.org/1H5n25EH/black#50,
sMbQ4,8/6p1/3k1p2/pPb3p1/P2pB2r/2r2P2/5PKP/3R3R w - - 4 31,d1d3 h4e4 d3c3 d4c3 f3e4 c5a3 e4e5 f6e5,2164,171,82,11,crushing endgame quietMove sacrifice veryLong,https://lichess.org/mJqJwO6l#61,
sMgwc,3r2k1/4qppp/p3p3/3r1n2/5P2/1P2B2P/P3Q1P1/2RR2K1 w - - 8 29,d1d5 e6d5 c1e1 d8e8 e2a6 f5e3,2146,75,85,91,crushing long middlegame quietMove,https://lichess.org/ozTB1F9L#57,
sMoB1,8/8/4p3/p1ppk1p1/P1P3P1/1P1KP3/8/8 b - - 0 34,d5d4 e3d4 c5d4 c4c5 e5d5 c5c6 d5c6 d3d4,2193,78,90,1047,crushing deflection endgame master pawnEndgame quietMove veryLong,https://lichess.org/9S2o7cXv/black#68,
sNZa5,r7/pp2bkp1/3pNpp1/q3R3/5QP1/8/PP3P1P/R5K1 b - - 0 22,d6e5 f4c4 a5b4 e6g5,2123,78,76,76,advantage doubleCheck endgame quietMove short,https://lichess.org/MhalEhfa/black#44,
sNaNG,8/8/4p3/p2pP3/3P2k1/2P1K3/8/8 w - - 0 44,e3d3 a5a4 c3c4 d5c4 d3c4 a4a3,2194,103,85,27,crushing endgame long pawnEndgame quietMove,https://lichess.org/t2S5vauq#87,
sNhqK,8/1p6/2p2k2/5p2/5K2/pPP2P2/P7/8 w - - 2 47,c3c4 c6c5 f4e3 f6g5 e3f2 g5f4,2189,76,92,2547,crushing endgame long pawnEndgame quietMove zugzwang,https://lichess.org/hqPGeX1a#93,
sOsd9,8/5p2/bpR1p2p/8/1P2p3/P3k3/6PP/6K1 w - - 0 35,c6b6 a6d3 b6b7 e3d2,2155,75,91,2724,crushing defensiveMove endgame quietMove short,https://lichess.org/hC1A2FdA#69,
sP7oa,8/7K/2B5/8/1p3k2/1P3N2/P3pn2/8 w - - 0 46,h7g6 f2g4 f3e1 g4e5 g6f6 e5c6,2163,129,85,12,crushing endgame fork long quietMove,https://lichess.org/jwNSmWMz#91,
sPBPd,8/5k1K/8/5p1P/8/8/8/8 w - - 0 47,h7h6 f5f4 h6g5 f4f3 g5f4 f3f2,2104,75,94,1349,advancedPawn crushing endgame long pawnEndgame quietMove,https://lichess.org/5CECqVQF#93,
sPBdW,8/7p/4k3/5p2/7K/5PP1/8/8 b - - 0 51,e6f6 h4h5 f5f4 g3g4 f6e5 h5g5 h7h6 g5h6,2184,85,76,42,crushing endgame pawnEndgame quietMove veryLong zugzwang,https://lichess.org/rMqeYbiD/black#102,
sPt80,r1b2r1k/4N1pp/8/pp2Np2/3p1P2/1B6/PqR3PP/5R1K b - - 1 22,b2a3 e5g6 h7g6 f1f3 a3e7 f3h3 e7h4 h3h4,2181,149,64,10,mate mateIn4 middlegame quietMove sacrifice veryLong,https://lichess.org/ahEj4ehx/black#44,
sQ0Xz,1r1q4/p3p3/1p2b1k1/3p4/3P2p1/2N5/PP3P1Q/2KR4 b - - 0 24,b8c8 d1h1 d8g8 h2h5 g6f6 h5e5,2100,79,85,66,crushing endgame exposedKing long quietMove,https://lichess.org/cVxbIDoN/black#48,
sQCID,3Q4/8/5p2/2p5/3qk3/7P/P5PK/8 w - - 5 39,d8e7 d4e5 e7e5 f6e5 a2a4 c5c4 a4a5 e4d5 a5a6 d5c6,2190,94,79,28,crushing defensiveMove endgame queenEndgame quietMove veryLong,https://lichess.org/sXf4GsHe#77,
sQCZe,8/8/8/kp6/5Q2/7P/5K2/1q6 w - - 4 57,f2f3 b1f1 f3g4 f1f4 g4f4 b5b4 f4e3 a5a4 e3d2 a4a3 d2c1 a3a2,2144,75,92,4848,crushing defensiveMove endgame exposedKing queenEndgame quietMove veryLong,https://lichess.org/oevZUpRr#113,
sQDW0,8/6Rp/4p3/p6k/3PK3/r1r2P2/8/4R3 b - - 0 39,h5h6 g7g3 c3e3 e1e3 a3e3 e4e3,2163,77,98,158,crushing endgame long quietMove rookEndgame,https://lichess.org/1TFg7AY9/black#78,
sQPtq,8/8/1pk5/8/3Pp2K/4P3/8/8 w - - 0 51,h4g4 b6b5 g4f5 c6d5,2172,75,92,199,crushing endgame pawnEndgame quietMove short,https://lichess.org/Bpf8h9Rd#101,
sQnkc,4k3/2R5/6p1/7p/p6P/Kb6/8/8 w - - 10 58,c7g7 b3f7 g7h7 e8f8 a3a4 f8g8,2150,76,95,2237,crushing endgame long quietMove,https://lichess.org/APjzWGql#115,
sR5wC,7k/p1r4P/1p1p3R/5p2/4pP2/2r5/PK6/7R b - - 1 36,e4e3 h1g1 c3c2 b2b1 c2c1 g1c1,2197,81,83,59,crushing defensiveMove endgame long quietMove rookEndgame,https://lichess.org/rnLmZi3H/black#72,
sROdI,6k1/ppNr1pP1/6b1/6B1/2B2n2/1P3p1P/P4P1K/8 b - - 2 28,f4e2 c7e8 d7d4 g5h6,2103,75,91,1785,advantage defensiveMove endgame master quietMove short,https://lichess.org/v3Qr8bhm/black#56,
sRei0,8/2k5/pp1p2p1/P2P2P1/1PK5/8/8/8 w - - 0 51,b4b5 b6a5 b5a6 c7b6 a6a7 b6a7 c4b5 a5a4 b5a4 a7a6 a4b4 a6b6,2143,82,86,45,crushing defensiveMove endgame pawnEndgame quietMove veryLong zugzwang,https://lichess.org/OYxSaRLV#101,
sSSod,r4q2/1p3rk1/p1p3p1/2Pp2P1/3P2Q1/P3R3/6K1/7R b - - 3 40,a8e8 g4h4 f7f2 h4f2 f8f2 g2f2,2154,82,82,66,crushing endgame long quietMove,https://lichess.org/pXeGkp2p/black#80,
sSudj,r1b1k2r/1p1n1pp1/p1np3p/3NpP2/8/PN4P1/1PP1Q2P/2KR1B1q b kq - 1 16,e8g8 f1h3 c6d4 d5e7 g8h8 b3d4,2114,148,33,13,advantage long middlegame quietMove,https://lichess.org/w020lABN/black#32,Sicilian_Defense Sicilian_Defense_Najdorf_Variation
sSxBr,8/3k1p2/3P4/p3K2p/7P/1P6/8/8 w - - 1 48,e5d5 f7f6 d5c5 f6f5 c5d5 f5f4 d5e4 d7d6 e4f4 d6c5 f4e3 c5b4 e3d2 b4b3,2100,78,88,62,crushing endgame pawnEndgame quietMove veryLong zugzwang,https://lichess.org/r2MLmEyD#95,
sTL8i,8/pR3k1p/3p1P2/3Np3/3q4/6PP/P1r1bnBK/5R2 b - - 5 28,f7g6 b7g7 g6h6 d5e7 f2g4 h3g4 e2g4 g7g4 d4g4 f6f7 g4h5 h2g1 h5f7 f1f7,2142,126,89,62,advancedPawn crushing middlegame quietMove veryLong,https://lichess.org/WSAeMTeN/black#56,
sTQRh,8/8/7p/8/3PpPk1/4P3/1rpK1P2/R7 w - - 3 45,a1h1 b2b1 h1c1 b1c1 d2c1 h6h5 d4d5 g4f5,2130,75,95,1120,crushing endgame quietMove rookEndgame veryLong,https://lichess.org/x7FldI1M#89,
sTSLC,8/p4p2/5k1p/1p1p1P2/1P3K1P/P3P3/8/8 w - - 1 39,h4h5 a7a6 e3e4 d5e4 f4e4 f6g5 e4e5 g5h5,2139,78,96,1406,crushing endgame pawnEndgame quietMove veryLong zugzwang,https://lichess.org/UZ9LMtW8#77,
sThEO,5b2/8/7p/5B2/P4p2/1K6/6kP/8 w - - 1 63,a4a5 g2h2 b3c4 f8d6 f5e4 h2g3,2110,124,81,9,bishopEndgame crushing defensiveMove endgame long quietMove,https://lichess.org/kWlL9sPe#125,
sTj67,8/8/8/5pp1/3k4/5KP1/5P2/8 w - - 0 41,g3g4 f5f4 f3e2 d4c3 e2d1 c3d3,2117,76,86,106,crushing defensiveMove endgame long pawnEndgame quietMove,https://lichess.org/JKcXPDdL#81,
sU31K,8/6K1/4k2p/p2p3P/8/6P1/1P6/8 w - - 0 37,g7h6 d5d4 h6g5 d4d3 h5h6 e6f7,2159,82,90,648,crushing defensiveMove endgame long pawnEndgame quietMove,https://lichess.org/SUFJip8x#73,
sUBko,8/p7/1p1pk3/5pp1/2P1pP2/P1PKP1P1/6P1/8 w - - 0 30,d3d4 g5g4 c4c5 d6c5 d4c4 a7a6,2103,76,91,1717,crushing defensiveMove endgame long pawnEndgame quietMove zugzwang,https://lichess.org/yEw9RfG7#59,
sUvGr,3q3r/1Q3p2/2Rbppk1/p1Np4/3P4/1P2PK1P/P4P2/8 w - - 2 31,c5d7 h8h3 f3e2 d8h8 c6d6 h8h5,2136,98,72,28,advantage endgame long quietMove sacrifice,https://lichess.org/0RRN4bWh#61,
sV38O,r1q1k3/1p1b1pp1/p2Q1n2/4p2r/4Pb1p/1PN2N1P/PBP3P1/R4RK1 b q - 0 22,d7h3 b2a3 c8e6 d6f8,2122,146,18,19,crushing middlegame quietMove short,https://lichess.org/ld4MfwPy/black#44,
sVXqr,5r1k/1pQ5/p2p2qp/4P3/P3Ppb1/2P2N2/1P3P1K/4RRN1 w - - 0 31,c7d6 g6h5 g1h3 h5h3 h2g1 f8g8 d6f6 h8h7,2196,76,100,63,crushing exposedKing fork middlegame quietMove veryLong,https://lichess.org/kCt5sByc#61,
sVY8B,r4rk1/4qppp/5n2/p1p1p3/Pp2P1bP/1B1P1QN1/1PP3P1/R4RK1 w - - 1 18,g3f5 e7a7 f3f2 g4f5,2126,75,90,538,advantage middlegame quietMove short,https://lichess.org/JctgQ4O2#35,Kings_Gambit_Declined Kings_Gambit_Declined_Queens_Knight_Defense
sVhEM,8/p6p/8/1p6/1P3kP1/P6P/6K1/8 w - - 0 44,g2h2 f4f3 g4g5 a7a6 a3a4 b5a4 g5g6 h7g6,2150,81,87,57,crushing endgame pawnEndgame quietMove veryLong zugzwang,https://lichess.org/S7Jnlet0#87,
sW2I8,2n5/6p1/P7/1P2p1K1/3pk1P1/8/3B4/8 b - - 0 52,e4f3 d2a5 d4d3 b5b6,2172,78,90,777,crushing endgame master quietMove short,https://lichess.org/aOGtRBpR/black#104,
sWHuQ,8/6p1/6P1/1k1K1P2/8/2b4P/8/8 b - - 0 57,b5b6 h3h4 b6c7 d5e6,2171,76,95,2131,bishopEndgame crushing defensiveMove endgame quietMove short,https://lichess.org/Y37zwGad/black#114,
sWIyU,8/8/3k1p2/p2p3p/P4K1P/4PP2/8/8 w - - 1 45,e3e4 d5d4 f4g3 d6e5 g3f2 e5f4 f2e2 f4g3 e2d3 g3h4 e4e5 f6e5,2171,108,83,31,crushing endgame pawnEndgame quietMove veryLong,https://lichess.org/1MduZl8I#89,
sWX6p,8/8/4p3/1k1p4/3P3p/KP5P/8/8 b - - 5 56,b5a5 b3b4 a5b5 a3b3 b5c6 b3a4 c6d6 b4b5 e6e5 d4e5,2189,83,90,2289,crushing endgame master pawnEndgame quietMove veryLong zugzwang,https://lichess.org/cE9G81Yi/black#112,
sWhhK,2r5/p1r5/1p1pR3/3P2pk/PPP5/7q/8/2RQ2K1 b - - 3 34,g5g4 c1c2 c7c4 c2h2 h3h2 g1h2,2138,75,84,211,crushing endgame long pin quietMove,https://lichess.org/grNl7vJi/black#68,
sWjvO,8/5pk1/6pr/8/5RKP/5P2/8/8 w - - 5 58,g4g5 f7f5 f4d4 h6h5 g5f4 h5h4 f4e5 h4d4,2111,75,87,241,crushing deflection endgame interference master quietMove rookEndgame veryLong,https://lichess.org/PhVe2np9#115,
sWknq,r4rk1/pp2bp1p/2p3pQ/2q2NR1/8/2P5/P1P2P1P/1K1R4 b - - 0 26,e7f6 g5h5 c5b5 b1c1 f6g5 h5g5,2121,77,91,1053,crushing long middlegame pin quietMove,https://lichess.org/13EEQR56/black#52,
sWlYk,1r3kn1/3qpp2/3p2p1/p1pP4/1rP2Q2/2R1P3/5PP1/2RB2K1 b - - 1 30,g8f6 f4h6 f8g8 e3e4 b4b1 c3h3 d7h3 g2h3,2126,75,94,7253,advantage clearance middlegame quietMove veryLong,https://lichess.org/dBzDXt4Y/black#60,
sXE2W,8/R6R/1p1p4/1k3p1p/P3b3/8/PKPq4/8 b - - 0 39,b5b4 h7c7 d2c2 c7c2,2165,79,69,51,crushing endgame quietMove short,https://lichess.org/N7RlLttf/black#78,
sXU5l,8/1p6/6K1/1k5r/6RP/8/8/8 b - - 7 59,h5c5 g4g5 b7b6 h4h5 b5b4 g5c5 b6c5 h5h6 c5c4 h6h7 c4c3 h7h8q,2105,75,89,1129,advancedPawn crushing endgame promotion quietMove rookEndgame veryLong,https://lichess.org/pJp23Hrr/black#118,
sXyTV,8/8/p1k3pp/P1N2p2/1P5P/1K2P1P1/4rP2/8 b - - 1 44,c6b5 c5e6 e2b2 b3b2,2134,248,33,2,crushing endgame quietMove short,https://lichess.org/4VYsAaPM/black#88,
sY6On,8/1p3p1k/1p1p3p/2p1qp2/5Q2/P1P2PKP/1P4P1/8 b - - 7 29,e5f4 g3f4 h7g6 c3c4 g6f6 a3a4,2184,137,70,22,crushing defensiveMove endgame long quietMove,https://lichess.org/avNDUxFh/black#58,
sY7NM,3r4/5pkp/8/4R3/4P3/3p2PP/2n2PB1/6K1 w - - 0 30,e5d5 d8d5 e4d5 c2d4 g1f1 d3d2 g2f3 d4f3,2177,79,84,62,advancedPawn crushing endgame quietMove veryLong,https://lichess.org/jQn4vqkY#59,
sYIxT,8/8/1p1p2p1/1P1Pp2k/4P2p/5K1P/6P1/8 w - - 1 46,g2g4 h4g3 f3g3 g6g5 g3f2 h5h4 f2g2 g5g4,2170,99,89,26,crushing enPassant endgame pawnEndgame quietMove veryLong zugzwang,https://lichess.org/sYd1WP9J#91,
sYf2r,r2q4/1p4k1/p6p/2pNr1p1/2P5/1P1Q4/P5PP/3R2K1 b - - 0 25,a8c8 d3c3 d8d6 d5e3 d6d1 e3d1,2120,75,89,268,advantage endgame long pin quietMove,https://lichess.org/JMMLIEzw/black#50,
sYjAs,8/1n6/2k2ppp/P2p4/1P3KBP/8/5P2/8 w - - 1 40,g4d7 c6d7 a5a6 b7d8 a6a7 d8e6 f4g3 e6c7,2188,79,100,62,crushing defensiveMove endgame hangingPiece quietMove veryLong,https://lichess.org/b0OlAhsj#79,
sYkQO,8/5p2/pP1k4/2np2p1/5n2/1P3P2/2B2KP1/4R3 w - - 5 41,b3b4 c5d3 f2f1 d3e1 f1e1 f4g2 e1f2 g2f4 f2e3 d6c6,2106,76,89,1229,attraction crushing endgame fork quietMove veryLong,https://lichess.org/y9YAuRLI#81,
sZ3WL,8/3k4/6R1/5K2/7P/5p2/5rP1/8 w - - 0 49,g2g4 f2e2 g6a6 f3f2,2152,75,92,5504,advancedPawn crushing endgame master quietMove rookEndgame short,https://lichess.org/IME33OGi#97,
sZ7Sx,8/8/p7/3p3K/P2k4/7P/8/8 w - - 0 53,h5g5 d4e4 h3h4 d5d4 h4h5 d4d3 h5h6 d3d2 h6h7 d2d1q,2196,85,86,109,advancedPawn crushing endgame pawnEndgame promotion quietMove veryLong,https://lichess.org/BpBFKLjf#105,
sZLK3,8/8/4B3/4p3/8/3p2PK/1k2q3/3Q4 w - - 2 56,e6g4 e2d1 g4d1 e5e4 h3g4 b2c1,2138,171,82,7,crushing endgame long master quietMove,https://lichess.org/OJL5iLua#111,
sZOgR,8/p4B2/3k1p2/8/1PPK3p/P4b2/5P2/8 w - - 0 47,c4c5 d6e7 d4e3 f3g2 f7h5 h4h3,2104,144,76,8,bishopEndgame crushing defensiveMove endgame long quietMove,https://lichess.org/QtariU9S#93,
sZiQU,8/8/8/p2N4/2p5/1kP1K3/8/8 w - - 2 50,e3d4 a5a4 d5f4 a4a3 f4e2 b3b2 d4c4 a3a2,2170,95,73,26,advancedPawn crushing endgame knightEndgame quietMove veryLong zugzwang,https://lichess.org/KgQcSILP#99,
sZjAX,r2q1rk1/pp1b1pp1/2np1b2/2pBp2Q/4PP2/3P4/PPP3PP/R1B2RK1 b - - 0 13,d8b6 f4f5 c6e7 f1f3 d7f5 e4f5,2104,87,81,31,advantage long middlegame quietMove,https://lichess.org/LCgzeuwZ/black#26,Sicilian_Defense Sicilian_Defense_Old_Sicilian
sZruj,2r5/4pQkp/p2qp1p1/1p2N3/8/7P/5PPK/8 b - - 3 40,g7h6 f2f4 d6e5 f4e5,2139,79,85,40,crushing endgame quietMove short,https://lichess.org/0USXRCZC/black#80,
saUiC,8/1p6/3p4/p1pP1P2/P1Ppk1K1/1P1N4/3b4/8 w - - 9 42,d3c5 d6c5 d5d6 d2f4 d6d7 f4c7 f5f6 d4d3,2166,80,83,82,crushing endgame hangingPiece quietMove veryLong,https://lichess.org/EF7NuM9c#83,
sb30v,r3k2r/pp3ppp/1qp5/4P3/8/P1nBBQ2/P5PP/R6K b kq - 1 16,b6b2 a1f1 e8g8 e3d4 a8d8 d4c3,2149,86,80,32,advantage long middlegame quietMove,https://lichess.org/NIY4Cmxl/black#32,Pirc_Defense Pirc_Defense_Other_variations
sb5kF,8/6p1/8/p3pP2/2K2kP1/7P/1P6/8 w - - 1 46,c4d5 e5e4 g4g5 f4f5,2188,75,82,304,crushing endgame pawnEndgame quietMove short,https://lichess.org/egH2nSBZ#91,
sb7uH,6k1/p1q2p2/1p4p1/2pp2Bn/3P1P1Q/P1P1r3/6PK/5R2 b - - 0 29,h5g3 g5f6 g3h5 f6e5,2176,76,84,50,advantage endgame master quietMove short,https://lichess.org/XkfLYcwe/black#58,
scDen,8/8/3k1p1p/5K2/6PP/8/8/8 b - - 0 50,d6e7 f5g6 h6h5 g6h5 e7f7 h5h6 f6f5 g4f5 f7f6 h4h5 f6f5 h6g7,2127,75,80,207,crushing endgame pawnEndgame quietMove veryLong,https://lichess.org/XNe4TRWO/black#100,
scNeY,r7/2q2pk1/r2p1Pp1/2pPb1Bp/Bp2P3/1P3Q1P/6P1/1R5K b - - 0 35,g7f8 g5h6 f8g8 h6g7 c5c4 f3e3 e5f6 g7f6,2103,76,86,262,advantage middlegame quietMove veryLong,https://lichess.org/mrBZcgUI/black#70,
scYJk,8/8/7p/p5p1/2k3P1/K3PP2/8/8 b - - 1 43,c4d3 e3e4 d3c4 a3a4,2198,81,89,179,crushing endgame master pawnEndgame quietMove short,https://lichess.org/4NvG6t0K/black#86,
scmbG,6b1/6P1/8/1p5P/p4K2/P4P2/1k2p3/4B3 w - - 0 52,f4g5 b2a3 g5g6 b5b4 h5h6 b4b3,2192,79,85,82,bishopEndgame crushing endgame long master quietMove,https://lichess.org/nFxR8aj6#103,
sczdQ,6k1/R7/8/5pp1/1Pr2pp1/P7/5PKP/8 w - - 0 32,b4b5 f4f3 g2g3 c4c1 h2h4 c1g1 g3h2 g1g2,2117,76,92,860,crushing endgame quietMove rookEndgame veryLong,https://lichess.org/qYo2fgLh#63,
sdIV0,8/3P2k1/3r3p/pB4pb/2pP2p1/P1P5/1P2pK2/4R3 b - - 0 42,h5g6 e1e2 g6f5 e2e8 f5d7 e8e7 g7f6 e7d7,2175,77,79,96,advantage endgame quietMove veryLong,https://lichess.org/cE1BfnL1/black#84,
sdxem,4r2k/pbq3bp/1p3n2/2p2BB1/8/2N3P1/PPP4P/3Q1RK1 w - - 0 24,f1e1 e8e1 d1e1 c7c6 f5e4 f6e4,2108,76,87,923,crushing kingsideAttack long middlegame quietMove,https://lichess.org/Ohc7t25g#47,
seA19,r5k1/pp3pb1/2pp4/5qR1/1PPPrP2/5R2/P4QPP/6K1 b - - 3 30,f5f6 f3g3 a8e8 g5g7 g8f8 g7g8,2122,100,100,52,equality kingsideAttack long middlegame quietMove,https://lichess.org/pSGOSxE9/black#60,
seTzM,8/p1p5/8/2r3kP/2P3P1/6K1/2P2R2/8 w - - 1 38,f2f5 c5f5 g4f5 a7a5 f5f6 g5f6 g3f4 a5a4,2116,80,83,78,crushing defensiveMove endgame quietMove rookEndgame veryLong,https://lichess.org/5cGiVshJ#75,
seYjd,8/8/p4k1p/1p3p2/1P1KpPP1/P6P/8/8 b - - 1 30,f6e6 g4f5 e6f5 d4e3 h6h5 h3h4 f5g4 e3e4,2158,77,85,185,crushing endgame pawnEndgame quietMove veryLong zugzwang,https://lichess.org/H9phm2Y2/black#60,
sf63s,rn3rk1/pp2pp1p/q1p3pQ/8/3P1N2/1P4PP/P4P2/2R2BK1 b - - 0 21,a6a2 f4h5 g6h5 f1d3 f7f5 d3c4,2125,77,85,59,crushing long middlegame quietMove sacrifice,https://lichess.org/eBHnty3z/black#42,
sfJ6H,8/8/5p2/2k1p2p/p3Pp1P/3K4/1PP3P1/8 b - - 1 40,c5b4 c2c4 b4c5 d3c3 c5d6 c3b4,2119,75,97,1363,crushing endgame long pawnEndgame quietMove zugzwang,https://lichess.org/gDUmWHuV/black#80,
sfnPB,5Nk1/5p2/6p1/5q1p/3B4/Pp4Q1/2b2PPP/6K1 b - - 0 34,g8f8 g3d6 f8e8 d4f6 f5f6 d6f6,2111,77,53,50,crushing endgame long quietMove,https://lichess.org/ChX6vvdw/black#68,
sfsAv,r1bqk2r/pppp1p2/2n4p/6p1/2P1n3/2P2NB1/P3PPPP/R2QKB1R b KQkq - 3 10,e4c3 d1c2 d8f6 a1c1 c3a2 c2a2,2139,74,93,3576,advantage long middlegame quietMove,https://lichess.org/sSwwYbPO/black#20,Indian_Defense Indian_Defense_Budapest_Defense
sfsQ7,8/5p2/3k4/2p4p/p1P1K2P/P7/1P6/8 w - - 0 35,e4f4 d6e6 f4g5 f7f5 g5f4 e6f6,2181,76,88,97,crushing defensiveMove endgame long pawnEndgame quietMove,https://lichess.org/FyFuTOqA#69,
sfwf2,8/p7/8/6p1/6K1/1P6/Pk6/8 w - - 1 37,g4g5 a7a5 a2a4 b2b3 g5f4 b3a4,2167,74,92,2338,crushing endgame long pawnEndgame quietMove,https://lichess.org/ueEZNey8#73,
sg0Qv,r1q2rk1/5npp/p2Rb3/1p3p2/P1pBp3/2N3Q1/1P4PP/1B3K2 b - - 6 31,g7g6 c3d5 f7d6 d5e7 g8f7 e7c8 a8c8 g3d6,2188,131,76,20,advantage fork middlegame quietMove sacrifice veryLong,https://lichess.org/hBUfVOp5/black#62,
sgGcI,8/8/8/5pB1/2p1k3/2P4p/4K3/8 w - - 0 50,e2f2 f5f4 g5h4 e4d3,2179,80,71,106,bishopEndgame crushing endgame quietMove short zugzwang,https://lichess.org/6ECDv7uQ#99,
sgSFC,2r3k1/1b3pp1/p2N1nn1/1p2p1Qp/4P2P/Pq1P4/1P4P1/4RR1K b - - 1 28,c8c7 f1f6 g7f6 g5h6 b3e6 d6f5 e6f5 e4f5,2136,116,80,21,crushing middlegame quietMove sacrifice veryLong,https://lichess.org/DIpyhIyl/black#56,
sh6Uy,4nB2/4P1p1/5P2/1p4P1/p1ppk1K1/P7/1PP5/8 b - - 0 47,g7f6 g5g6 d4d3 c2d3 c4d3 f8h6 e4e5 g4f3,2149,161,86,23,crushing defensiveMove endgame quietMove veryLong,https://lichess.org/eZO0Ix4n/black#94,
shH1q,8/2p5/p1b1kp2/1p6/4pKP1/4N3/PPP2P1r/3R4 w - - 2 28,d1d2 h2h3 g4g5 f6f5 g5g6 e6f6 e3f5 h3f3 f4g4 f3f5,2107,147,64,12,crushing endgame quietMove veryLong,https://lichess.org/tMgBr8t8#55,
shSAh,5k2/8/pp2bp1Q/4q1p1/1r6/4NPP1/5K2/7R b - - 3 41,f8e7 h6g7 e6f7 h1e1 b4b2 f2f1,2194,99,84,28,advantage defensiveMove endgame long quietMove,https://lichess.org/bS8dYWFA/black#82,
shTjd,8/4k1p1/2p5/p3KP2/P5P1/8/8/8 b - - 0 46,c6c5 g4g5 c5c4 e5d4 c4c3 d4c3,2101,79,98,54,crushing endgame long master pawnEndgame quietMove,https://lichess.org/3zMcvBIE/black#92,
she2g,5Q2/pp2rp1k/2p3pp/6q1/5n2/P1N3P1/1P3P2/3R2K1 b - - 3 30,f4h5 d1d8 e7e1 g1h2 g5d8 f8d8,2127,74,86,104,advantage endgame long quietMove,https://lichess.org/OwWAoJPr/black#60,
shx9t,2q2r2/p3b1r1/1kp2p2/8/1pBpPQ1p/3P3P/PPP2PP1/4RRK1 w - - 8 30,f4h4 f8h8 c4e6 c8b8 h4h8 b8h8,2179,78,91,3516,advantage long middlegame quietMove trappedPiece,https://lichess.org/TXLgvHPl#59,
siDNK,r1b1r1k1/1p2qp1p/2p3p1/p1b5/4pB2/2Q1P2P/2P1BPP1/1R1R2K1 b - - 1 20,a5a4 f4h6 f7f6 e2c4 g8h8 b1b7 c8b7 d1d7,2190,85,83,350,advantage master middlegame quietMove sacrifice veryLong,https://lichess.org/IODuDzi2/black#40,
sipxz,6R1/8/4pN1k/3p4/3P1P1P/8/1P1q1PP1/5nK1 b - - 3 40,d2f4 g2g4 f4f6 g4g5 h6h7 g5f6,2159,90,85,26,crushing endgame exposedKing fork long quietMove sacrifice,https://lichess.org/TtNA79NH/black#80,
sj4E0,8/6p1/3kp2p/p2p4/8/PP1KP1P1/6P1/8 w - - 1 35,b3b4 a5b4 a3b4 e6e5 e3e4 d5d4,2109,76,91,1429,crushing defensiveMove endgame long pawnEndgame quietMove,https://lichess.org/TCoelnlM#69,
sjNZA,r4rk1/1p2pp1p/p1n3bQ/q5N1/4p3/2N5/PPP2PP1/2KR3R b - - 3 20,a5f5 g5h7 e4e3 c3e4 f7f6 h7f8,2157,301,57,16,crushing long master middlegame quietMove,https://lichess.org/4wZQ49QS/black#40,
sjOFV,8/8/5p1p/1k2p1P1/4Kp1P/8/8/8 b - - 0 44,h6g5 h4h5 g5g4 h5h6 f6f5 e4d3 e5e4 d3e2,2199,79,90,919,crushing defensiveMove endgame pawnEndgame quietMove veryLong,https://lichess.org/8LJSNBzG/black#88,
sjZw4,8/1p6/p7/4k3/1P6/2P2pP1/5P2/6K1 w - - 0 39,g1h2 b7b6 g3g4 a6a5,2162,79,93,365,crushing endgame pawnEndgame quietMove short,https://lichess.org/EPLJ1a99#77,
sjkMD,8/p7/1pBn1p1p/1Pk5/5PP1/4K2P/8/8 b - - 2 40,d6b5 c6b5 c5b5 h3h4 b5c6 g4g5 f6g5 f4g5 h6g5 h4h5,2133,76,94,908,crushing defensiveMove endgame quietMove veryLong,https://lichess.org/pEtbdQ4S/black#80,
skBjf,4b3/2k5/3p1Kp1/NP2p3/2P1P3/8/8/8 b - - 0 51,c7b6 a5b3 g6g5 f6g5 b6c7 g5f6,2153,77,91,1088,crushing endgame long quietMove,https://lichess.org/2oC366qB/black#102,
skXYs,6r1/8/4pk2/2R2p2/2PP3K/7P/8/8 w - - 1 45,c5c6 f5f4 c6b6 f6f5 b6b5 f5e4,2146,76,94,1920,crushing defensiveMove endgame long quietMove rookEndgame,https://lichess.org/ivYldQ62#89,
skaTo,2k5/p7/1p1p4/3P2P1/1P1pP3/q4PK1/5R1P/8 b - - 1 42,a3b4 g5g6 b4b5 g6g7 b5e8 f2g2 c8b7 g3f2,2142,92,86,51,advancedPawn advantage defensiveMove endgame queenRookEndgame quietMove veryLong,https://lichess.org/IIm084cl/black#84,
skndR,8/8/4k3/2p3pp/p3K1P1/7P/PP6/8 b - - 0 45,h5h4 a2a3 e6d6 e4f5 d6d5 f5g5 d5c4 g5h4 c4b3 g4g5 c5c4 g5g6 b3b2 g6g7 c4c3 g7g8q,2123,84,91,1230,advancedPawn crushing endgame master pawnEndgame promotion quietMove veryLong zugzwang,https://lichess.org/876lQw1q/black#90,
skp5R,rk4r1/ppp1Q3/3P4/7p/4P3/2KP4/PP1B4/5q2 b - - 0 29,c7d6 e7d6 b8c8 d2f4 f1f4 d6f4,2186,88,90,1066,advantage endgame long quietMove,https://lichess.org/hGcZQG6c/black#58,
skra8,8/2p5/7p/3k2p1/PK5P/1P6/1P6/8 w - - 0 39,a4a5 g5g4 a5a6 d5c6 a6a7 c6b7,2170,86,86,57,crushing endgame long pawnEndgame quietMove,https://lichess.org/kWAEJom1#77,
slGYV,8/8/8/1ppp2k1/p5P1/P1P3K1/1P6/8 b - - 1 49,d5d4 c3d4 c5c4 d4d5 g5f6 g3f4,2139,153,57,21,crushing defensiveMove endgame long pawnEndgame quietMove,https://lichess.org/hiLModS1/black#98,
slOtI,8/pp1k2p1/4p3/1p2P2P/P1PPP1p1/5p2/5K2/8 w - - 0 30,a4b5 a7a5 c4c5 a5a4 d4d5 a4a3 c5c6 b7c6,2181,78,87,64,crushing endgame pawnEndgame quietMove veryLong,https://lichess.org/nLrL8Z6T#59,
smBZC,R4b1r/3k2p1/1qp1p1Bp/1p1bPp2/3P4/1P2P3/2Q3PP/7K b - - 0 26,b6b7 c2a2 f8c5 a8h8,2119,94,76,36,advantage middlegame quietMove short,https://lichess.org/o0oNuO3x/black#52,
smLg7,8/1p4p1/8/bKPkp2p/P4p2/1P3P1P/6P1/8 w - - 0 38,b5a5 d5c5 b3b4 c5c6 h3h4 g7g6 b4b5 c6c5,2179,75,86,270,crushing endgame pawnEndgame quietMove veryLong zugzwang,https://lichess.org/hfsw1eHN#75,
smWru,8/6p1/7p/3pkp1P/8/3KPPP1/8/8 b - - 0 43,e5e6 d3d4 e6d6 f3f4 d6e6 d4c5,2123,75,92,8020,crushing endgame long pawnEndgame quietMove zugzwang,https://lichess.org/Zj6JNaMe/black#86,
smh3a,8/1KB5/p7/1p6/6p1/8/6k1/8 w - - 2 49,b7a6 b5b4 a6b5 b4b3 c7e5 g2f3,2162,79,91,243,bishopEndgame crushing defensiveMove endgame long quietMove,https://lichess.org/4ACSgdlk#97,
smjaW,5r2/4k1K1/7R/p1p5/2P3PP/8/8/8 w - - 0 53,h6e6 e7e6 g7f8 e6f6 h4h5 f6g5 f8g7 a5a4 h5h6 a4a3 h6h7 a3a2,2193,101,90,784,advancedPawn crushing endgame quietMove rookEndgame veryLong,https://lichess.org/TKtmEoPL#105,
soDho,2Q2nk1/p5b1/2p3q1/4p2p/3pP3/5r1N/1P5P/R3R2K w - - 2 32,e1f1 g6e4 f1f3 e4f3 h1g1 g7h6 a1f1 h6e3,2188,93,76,28,crushing middlegame quietMove veryLong,https://lichess.org/eKhz9lWz#63,
soNjo,4B3/8/1k5p/pb1p2pP/3P2P1/P4K2/8/8 w - - 27 63,e8f7 b5c6 f7g6 b6b5 g6c2 b5c4,2142,84,89,551,bishopEndgame crushing endgame long master quietMove,https://lichess.org/9LqzaALY#125,
soUlS,8/5p1p/p1pk1p2/3p1P2/6P1/1PP1K3/P6P/8 b - - 2 31,d6e5 b3b4 e5d6 e3d4,2104,75,90,1172,crushing endgame pawnEndgame quietMove short,https://lichess.org/MepYQmBA/black#62,
soVtH,4b2k/pp1r4/4pP1p/1q6/4BPQ1/6P1/8/4R2K w - - 3 35,g4e6 b5h5 h1g1 d7d2 e4g2 d2g2 g1g2 e8c6,2161,76,94,1927,attraction crushing endgame exposedKing quietMove sacrifice veryLong,https://lichess.org/jDkW9UkR#69,
soXd7,4kr2/1bq4p/pN4p1/P1ppb3/6PB/6nP/1PP1B3/R3Q1K1 w - - 0 28,a1d1 c5c4 b2b4 c4b3,2198,175,85,18,crushing enPassant middlegame quietMove short,https://lichess.org/7YEyB4PG#55,
sotI0,8/7p/4p3/1p1k1p2/3B1PP1/1P3K1P/8/8 b - - 0 50,d5d4 g4g5 e6e5 f4e5 d4e5 h3h4 f5f4 h4h5,2142,79,83,63,crushing defensiveMove endgame pawnEndgame quietMove veryLong,https://lichess.org/wa8lKzph/black#100,
sp7YH,Q7/5p1k/4p1pp/P7/8/1Bn5/4qbPP/5R1K w - - 2 38,f1a1 c3e4 a8e4 e2e4,2133,124,43,23,crushing endgame quietMove short,https://lichess.org/8U9wuCJT#75,
sp7xj,8/8/6pp/3k4/1P2p3/4K1P1/8/8 b - - 0 62,g6g5 g3g4 d5e5 b4b5 e5d5 b5b6 d5c6 e3e4 c6b6 e4f5,2132,74,93,8333,crushing endgame pawnEndgame quietMove veryLong,https://lichess.org/jcOBjlT5/black#124,
spxVi,8/6p1/n6p/P1kNP3/1p3P1P/3K4/8/8 w - - 3 44,e5e6 c5d5 e6e7 a6c7 a5a6 d5c6,2123,78,85,231,advantage defensiveMove endgame hangingPiece knightEndgame long master quietMove,https://lichess.org/QLh3kRnB#87,
sqpyK,r3k1r1/ppp1qp2/3p1n2/2b1p2p/2P1P2B/2NP1P2/PP1Q1P1K/R4R2 w q - 6 19,c3d5 f6g4 h2h3 e7d7 d5f6 g4f6,2189,87,91,3838,crushing discoveredAttack long middlegame quietMove,https://lichess.org/otVJ6V3A#37,English_Opening English_Opening_Four_Knights_System
sqtue,3r3r/5kp1/p3p1p1/1p2Qp2/1P3P1P/q2P2P1/8/3RR1K1 b - - 3 36,d8e8 d1c1 a3c1 e1c1,2115,83,81,38,crushing endgame quietMove short,https://lichess.org/O2CoFfLy/black#72,
sr29c,r1b4r/pp3Qpp/4p2k/8/4p3/6RK/Pq6/R7 b - - 3 33,g7g6 a1h1 e6e5 g3g4 b2f2 f7f2,2165,90,67,37,advantage defensiveMove long middlegame quietMove,https://lichess.org/4DVD5kMv/black#66,
srFbF,7r/5k2/pp6/8/2PpbP2/1P1p2p1/P2R3P/3R2K1 w - - 0 44,d1e1 g3h2 d2h2 h8h2 g1h2 e4f3 h2g3 d3d2,2165,77,89,635,advancedPawn crushing endgame master quietMove veryLong,https://lichess.org/cXOacsHk#87,
srKat,3R4/p3ppkp/6p1/8/bbB5/6P1/P6P/1K6 w - - 7 33,c4f7 g7f7 d8d4 a7a5 a2a3 e7e5 d4h4 g6g5,2108,168,82,9,crushing endgame hangingPiece master masterVsMaster quietMove veryLong,https://lichess.org/bMfNimni#65,
srbTn,r2q1rk1/pp3p1p/2p2Bn1/3p4/3P2P1/8/PP2BQ1P/5RK1 b - - 0 23,d8d7 f2e3 d7e6 e3h6 e6f6 f1f6,2185,76,83,77,crushing long middlegame quietMove,https://lichess.org/TJW3AlGS/black#46,
srnc1,5r1k/p2R4/1p3r2/2p1p1q1/4QpP1/P6P/1P6/3R3K b - - 2 35,f6f7 d7f7 f8f7 e4a8 h8h7 d1d8 g5f6 g4g5 f6g5 d8h8 h7g7 h8g8 g7h6 g8g5,2133,110,83,31,advantage endgame exposedKing quietMove skewer veryLong,https://lichess.org/YUnn2HJX/black#70,
sro6q,3b4/8/4p3/1p1pPp1k/1P1P1P2/2B4K/8/8 w - - 4 50,c3e1 d8e7 e1d2 e7h4 d2c3 h4f2 h3g2 f2e3,2176,83,90,280,bishopEndgame crushing endgame quietMove veryLong zugzwang,https://lichess.org/k7904tyO#99,
ss7TB,8/8/6P1/8/7P/3k4/5PK1/2r5 b - - 0 47,c1c6 h4h5 c6c5 f2f4,2182,74,94,9135,crushing defensiveMove endgame master masterVsMaster quietMove rookEndgame short,https://lichess.org/HgOz8izN/black#94,
ssKMT,8/1B6/3p4/8/2P3P1/3k4/4rPK1/8 b - - 0 48,e2e7 b7d5 d3d4 f2f4 d4e3 g2g3,2103,114,76,24,crushing defensiveMove endgame long master quietMove,https://lichess.org/UJU8wcXt/black#96,
ssMnS,8/pk3p1p/N1p3pb/1PP2p2/P7/8/4rP1P/1K4R1 b - - 0 26,e2f2 g1e1 h6g5 e1e8,2173,76,90,3639,advantage defensiveMove endgame quietMove short,https://lichess.org/ydKy6gr1/black#52,
ssQdS,8/8/p5p1/Kp3p1p/4k3/4B1PP/5P2/8 w - - 0 49,a5a6 b5b4 e3d2 b4b3 d2c3 e4f3,2189,76,83,102,bishopEndgame crushing endgame long quietMove,https://lichess.org/74o9AZW7#97,
ssa8n,8/1pk1r1p1/8/1RP2RK1/8/5P2/r7/8 w - - 18 45,f3f4 a2g2 g5h4 g7g6 h4h3 g2g1 h3h2 g1g4,2116,82,44,30,crushing endgame quietMove rookEndgame veryLong,https://lichess.org/1VSX2hOt#89,
sstFk,8/7p/3k1pp1/1Kp5/4PP2/2P4P/8/8 w - - 0 31,h3h4 h7h6 b5b6 g6g5 h4g5 h6g5,2196,76,95,344,crushing endgame long pawnEndgame quietMove,https://lichess.org/m1kHGE7c#61,
st1dA,6br/1Qpk2p1/1p1p3p/4pP2/1P2P1Pq/2P1P2P/8/2K1R2R w - - 3 30,c1c2 h4f2 c2d3 f2a2 b7d5 g8d5,2148,79,87,165,crushing endgame long quietMove,https://lichess.org/mcs0vBnI#59,
st6VG,8/p5k1/1p2P2p/2p3p1/3bR1K1/1P4PB/r7/8 b - - 0 43,g7f8 e6e7 f8e8 h3f1 a7a6 f1c4 h6h5 g4h5 a2h2 h5g6,2143,133,100,10,advancedPawn crushing endgame quietMove veryLong,https://lichess.org/7TEjhiEy/black#86,
stEoh,r3r1k1/1p2ppb1/6pR/p7/2R3P1/qP2QN2/4PPK1/8 b - - 0 28,g7h6 e3h6 a3a1 c4d4 a1d4 f3d4,2109,75,87,82,crushing long middlegame quietMove,https://lichess.org/9Ug68OSH/black#56,
stp16,8/pp4k1/2p2p2/7P/3r4/P5PK/1P3R2/8 w - - 1 40,f2f4 d4f4 g3f4 f6f5 h3h4 g7h6,2179,79,90,645,crushing endgame long quietMove rookEndgame,https://lichess.org/Z4mo6iC3#79,
stzaG,4r1k1/1r3pbp/1pp1q1p1/p2NP3/P1P2P2/1Q6/1P4PP/3R1RK1 w - - 0 25,d5b6 e8b8 d1d6 b7b6 d6e6 b6b3,2189,76,93,3781,advantage intermezzo long middlegame quietMove,https://lichess.org/pgt9GnHy#49,
suJVu,8/p7/1p1kp3/8/8/2P1PP2/5K2/8 w - - 0 56,f3f4 e6e5 c3c4 e5e4 f2e2 d6c5,2153,133,37,15,crushing endgame long master pawnEndgame quietMove,https://lichess.org/nCbFL2h8#111,
suTG6,4b3/8/2p1k1p1/1pNp2Pp/p2P1K1P/P1P5/1P6/8 b - - 7 47,e6e7 f4e5 e8f7 c5a6 f7e6 a6b8,2170,296,-100,8,crushing endgame long quietMove zugzwang,https://lichess.org/CPhOczke/black#94,
subIq,8/6p1/1k3bKp/8/1P3PP1/8/3p4/3N4 w - - 2 45,g4g5 h6g5 f4g5 f6d4 g6f5 b6b5 f5e4 b5c4,2145,75,89,519,crushing endgame quietMove veryLong,https://lichess.org/0opVpyNi#89,
suwo5,8/7p/4R1p1/4p1r1/6P1/6K1/3k3P/8 b - - 2 32,h7h5 h2h3 h5g4 h3g4,2118,76,94,297,advantage endgame quietMove rookEndgame short,https://lichess.org/chFB14vK/black#64,
svFJo,8/7p/1p6/3k1P2/7P/6P1/2K5/8 w - - 1 52,c2b3 h7h5 b3a4 d5e5 a4b5 e5f5,2168,83,81,54,crushing endgame long pawnEndgame quietMove,https://lichess.org/YRp8k2fk#103,
sve51,8/p7/2p1k1K1/3p4/2p5/1P5P/P1P5/8 w - - 0 41,h3h4 c4c3 h4h5 d5d4 h5h6 d4d3 h6h7 d3c2 h7h8q c2c1q,2148,75,96,343,advancedPawn advantage endgame pawnEndgame promotion quietMove veryLong,https://lichess.org/d5X9thhN#81,
svqw3,R7/1K6/4p2p/8/6P1/8/5p1k/8 w - - 0 49,a8a1 e6e5 b7c6 e5e4 c6c5 e4e3,2158,76,90,1065,crushing endgame long quietMove rookEndgame,https://lichess.org/RLE8k7ix#97,
svyMm,5k2/5p2/6p1/3pPn2/p2P1P2/Pp6/3R1K1P/8 w - - 2 45,f2e1 f5e3 d2e2 e3c4,2199,75,86,152,advantage endgame quietMove short,https://lichess.org/L4O0knfu#89,
sw33I,8/8/5b1p/3K1Pp1/6P1/3BP3/1p6/2k5 b - - 10 48,b2b1q d3b1 c1b1 e3e4 f6c3 e4e5 b1c2 f5f6,2131,77,83,201,advantage endgame quietMove veryLong,https://lichess.org/LvdiDmJe/black#96,
swHwk,8/8/2k5/3pKp2/PP2pP2/2P4p/7r/2R5 w - - 0 48,e5f5 h2g2 c1h1 h3h2,2183,77,83,236,advancedPawn crushing endgame quietMove rookEndgame short,https://lichess.org/fIxvwnRj#95,
swYlV,8/8/p3p1p1/1k2P1p1/1P6/1K4PP/8/8 b - - 1 44,b5b6 b3a4 g5g4 h3h4 b6c6 a4a5 c6b7 b4b5 a6b5 a5b5,2163,81,91,1364,crushing endgame master pawnEndgame quietMove veryLong zugzwang,https://lichess.org/nZ38uZCZ/black#88,
sx2Yz,2r3q1/1kp1n3/pp1p1r1p/3P2p1/P2Q4/4B3/1PR2PPP/3R2K1 b - - 3 29,g8g6 d1c1 g6c2 c1c2,2145,94,86,23,crushing middlegame quietMove short,https://lichess.org/gzMnGrkM/black#58,
sx4EN,8/8/3p4/pKp3p1/5kP1/1P3P2/P7/8 w - - 3 47,b5a5 d6d5 a5b5 d5d4 b5c4 f4e3,2180,77,91,930,crushing endgame long pawnEndgame quietMove,https://lichess.org/TjBEFg3r#93,
sx5Ar,8/1pr5/3k4/P1RPpp2/1PK5/8/8/8 b - - 10 44,f5f4 c5c7 d6c7 b4b5 f4f3 c4d3 c7d6 a5a6 b7a6 b5a6 f3f2 d3e2 f2f1q e2f1,2134,73,94,5949,crushing endgame quietMove rookEndgame veryLong,https://lichess.org/JTEFWnMm/black#88,
sxuO2,3r2k1/1p3pp1/q3p2p/3rP3/1R1pR3/P5QP/5PP1/6K1 b - - 2 29,d4d3 e4g4 g7g5 g4g5 h6g5 g3g5 g8f8 b4h4 f8e8 h4h8 e8d7 h8d8,2109,92,89,27,advantage endgame quietMove sacrifice veryLong,https://lichess.org/QFeeuCee/black#58,
sy4VJ,r4rk1/5pbp/p3p1p1/2Q1N3/8/7P/PqbB1PP1/2R1R1K1 b - - 0 22,a8c8 e5c6 c8c6 c5c6,2191,93,63,37,advantage middlegame quietMove short,https://lichess.org/Co26TaXP/black#44,
syLIA,1r3nk1/4pp1p/q2p2p1/2pPPP2/br4P1/4QBNP/8/4RR1K b - - 0 33,b4b3 e3h6 d6e5 g3h5 a6f1 e1f1,2106,75,94,5777,crushing long middlegame quietMove,https://lichess.org/pmOwe3Ha/black#66,
szzID,2r3k1/2B2pb1/NpR5/8/1P1p2p1/P4nP1/5P2/5K2 w - - 0 35,b4b5 c8e8 c6c1 d4d3,2171,80,83,47,crushing endgame master quietMove short,https://lichess.org/lak3KSjq#69,
t0Xa6,8/8/1r5p/1P1p1K1P/8/4k3/8/1R6 w - - 0 54,f5e5 d5d4 b1e1 e3d2 e1g1 d4d3 e5d4 d2c2,2126,95,83,26,crushing defensiveMove endgame quietMove rookEndgame veryLong,https://lichess.org/iqR0MYas#107,
t0aZh,8/7R/3k4/1pp2P2/p2p4/1r1P4/4PK2/8 b - - 0 57,d6d5 h7e7 b3b1 f5f6 b1h1 f6f7,2185,78,93,103,advancedPawn crushing endgame long master quietMove rookEndgame,https://lichess.org/NroBB7b4/black#114,
t0udh,5rk1/p4p1p/1pBPn1p1/b7/4Q3/5P2/P4P1q/3R1KR1 w - - 3 27,d6d7 e6f4 e4f4 h2f4 d7d8q f8d8,2179,76,71,85,crushing long middlegame quietMove,https://lichess.org/f9Yd21PS#53,
t11dC,8/5p1k/6b1/4K1P1/8/3r3p/7Q/8 w - - 0 85,e5f6 d3e3 h2h3 e3h3,2167,76,90,212,crushing endgame quietMove short,https://lichess.org/ZWsGgrlp#169,
t11n4,8/5kpp/4p3/4K3/7P/5P2/6P1/8 b - - 3 42,g7g6 g2g4 f7e7 g4g5 e7d7 e5f6,2139,76,97,245,crushing endgame long pawnEndgame quietMove,https://lichess.org/PZZLSLd1/black#84,
t1N48,8/8/8/1P2kp2/8/K7/8/8 w - - 0 49,a3a4 f5f4 b5b6 e5d6 b6b7 d6c7 b7b8r c7b8 a4b3 f4f3,2165,79,84,111,crushing endgame pawnEndgame quietMove veryLong,https://lichess.org/V7Rj3P0X#97,
t1Wed,8/1pR2ppk/1r2p2p/1P1pn3/3q4/1Q1P1PP1/4BPK1/8 b - - 2 28,h7g6 f3f4 e5c6 b3a3 b6b5 a3f8,2166,125,71,31,crushing endgame long quietMove,https://lichess.org/yhhLDcjc/black#56,
t1kAq,3k4/p4K1p/2p1P3/2b5/P2p2P1/6B1/4p3/8 b - - 1 43,d4d3 g3e1 d8c7 e6e7 c5e7 f7e7,2156,90,90,974,advancedPawn advantage bishopEndgame endgame long quietMove,https://lichess.org/AToKs1Il/black#86,
t1qe1,8/5Q2/8/p7/8/7P/k2K4/1q6 b - - 1 57,b1b3 f7b3 a2b3 h3h4 a5a4 d2c1 a4a3 c1b1 b3c4 h4h5,2120,99,85,27,crushing defensiveMove endgame queenEndgame quietMove veryLong,https://lichess.org/ynlWB8A6/black#114,
t1uFz,r4rk1/2p2q1p/1pNp4/pP1P1n2/P1P1pB2/7P/3QNP2/R5K1 w - - 1 28,e2g3 f5h4 c6d4 f7f4 d2f4 f8f4,2141,78,94,3985,advantage discoveredAttack long middlegame quietMove,https://lichess.org/nldqzV7b#55,
t1utq,1K6/1P4k1/6B1/5P2/8/1r6/8/8 b - - 0 55,b3b4 g6e8 g7f6 e8d7 f6e7 d7e6,2162,201,23,7,advantage defensiveMove endgame long quietMove,https://lichess.org/R2rntqtJ/black#110,
t1yoN,r4rk1/p1p3p1/4p1q1/3p1pP1/3P4/2P2N1Q/PP6/2KR4 b - - 2 23,a8c8 d1h1 e6e5 h3h8 g8f7 f3e5,2101,76,96,741,advantage endgame long quietMove,https://lichess.org/D9Rte2oe/black#46,
t2MBY,8/5q2/7p/3Q2pk/1PKP4/8/8/8 b - - 7 61,f7d5 c4d5 g5g4 d5e4 h5h4 d4d5 h4h3 d5d6 g4g3 d6d7,2186,84,83,42,advancedPawn crushing endgame quietMove veryLong,https://lichess.org/3zhQkyX9/black#122,
t2VHn,3qr3/1b3pkp/p2p1np1/1p1P4/3Q1P2/1P1N2P1/P5BP/2R3K1 b - - 0 23,d8e7 c1e1 e7f8 e1e8 f8e8 g3g4 g7g8 d4f6 e8e3 d3f2 e3c1 g2f1,2178,76,85,144,crushing middlegame pin quietMove veryLong,https://lichess.org/MG6SQdQj/black#46,
t2X3q,5r2/1pp4k/3p1q1p/p2Pnp2/2P2NrP/1P4PK/P1Q5/R4R2 w - - 6 30,f4e6 f8g8 c2f5 f6f5 f1f5 g4g3,2170,79,89,565,advantage long middlegame quietMove,https://lichess.org/JJ08Sghl#59,
t3Cro,8/1p6/6p1/1kPp1p1p/1P1K3P/5PP1/8/8 b - - 0 38,b5c6 f3f4 c6b5 d4d5 b5b4 c5c6,2190,96,86,20,crushing endgame long pawnEndgame quietMove,https://lichess.org/JZydSdcg/black#76,
t3NHd,8/8/6p1/bpp3p1/4PpP1/1Pk2P2/P1B1K3/8 w - - 5 43,e4e5 c3c2 e5e6 a5d8 a2a4 c5c4,2121,79,91,724,bishopEndgame crushing endgame hangingPiece long quietMove,https://lichess.org/1tqpPihh#85,
t3tJv,2r3k1/1p2B1bn/3P1p2/qPp1p2Q/2P1P1RP/3BK3/8/5r2 w - - 0 36,d3f1 a5e1 f1e2 c8a8 g4g7 g8g7,2175,75,91,5336,crushing fork long middlegame quietMove,https://lichess.org/LJmOArBz#71,
t49eA,R7/p1p2k1p/1p6/4b3/2r5/6RP/PP4PK/8 w - - 2 35,a8a7 h7h5 h3h4 c4h4 h2g1 e5g3,2112,74,94,2077,crushing endgame long pin quietMove,https://lichess.org/KDMFPnKU#69,
t4Xb7,8/1kR2pp1/1p2r2p/1N6/8/2P5/r1P3PP/6K1 b - - 3 28,b7a6 c3c4 e6e1 g1f2 e1e7 c7e7,2105,75,79,160,advantage endgame long quietMove,https://lichess.org/FMpW2bLs/black#56,
t4YPr,7Q/pp2kNn1/4p3/5p1p/3P2b1/2qB4/P4PP1/1K1R4 b - - 0 25,g4d1 f7e5 c3b4 b1c1 d1a4 h8g7,2133,77,85,608,advantage endgame long quietMove,https://lichess.org/LG3VQsPo/black#50,
t4anh,8/5K2/8/2k2P1p/8/7B/2b5/8 b - - 0 51,c5d5 f5f6 d5e5 h3e6 h5h4 f7g7 e5e6 f6f7,2108,133,88,9,advancedPawn bishopEndgame clearance crushing endgame quietMove sacrifice veryLong,https://lichess.org/R26VHctY/black#102,
t4jme,r4r1k/ppp2p1n/3p3Q/5P2/4q3/5R2/PP4PP/5R1K b - - 1 29,a8e8 f3h3 e4f5 h6f8 e8f8 f1f5,2134,76,94,1727,advantage exposedKing long middlegame pin quietMove,https://lichess.org/VD2OLITi/black#58,
t4qU8,2r2rk1/5pp1/4p3/p2qP3/1p1p1PQP/8/PPP5/1K1R3R b - - 0 27,a5a4 d1g1 g7g6 h4h5 d5h1 g1h1,2198,77,91,634,crushing endgame long quietMove,https://lichess.org/FE8UuKHN/black#54,
t4te6,8/1p2kp2/4p1p1/1p1pP2p/3P1P1P/PP6/2K3P1/8 b - - 0 33,e7d7 c2c3 d7c7 c3b4 c7b6 g2g3 b6c6 b4a5,2139,78,85,63,crushing endgame pawnEndgame quietMove veryLong zugzwang,https://lichess.org/CZ7syYsu/black#66,
t4yEx,4r3/8/8/k7/1RK3P1/p4P2/8/8 w - - 7 58,c4b3 e8e3 b3c4 a3a2 b4b8 e3e6 b8a8 e6a6,2133,75,87,160,advancedPawn crushing endgame quietMove rookEndgame veryLong,https://lichess.org/g6vu2raK#115,
t53ae,8/p7/8/r2k2P1/7R/6K1/8/8 w - - 3 45,g3f4 a5a4 f4g3 a4h4 g3h4 d5e6 h4g4 a7a5 g4h5 e6f7 h5h6 f7g8,2144,74,98,663,crushing defensiveMove endgame quietMove rookEndgame veryLong,https://lichess.org/e2S34smQ#89,
t56IT,r5k1/3P1p1p/1p4p1/pP1p4/8/7P/6P1/5R1K b - - 0 36,a5a4 f1c1 a8d8 c1c8 g8f8 c8d8,2111,75,96,203,crushing endgame long pin quietMove rookEndgame,https://lichess.org/yqNDwoHa/black#72,
t5A8W,4r3/8/6P1/p2p4/5P2/1P4Pk/P2pBK2/8 b - - 0 46,d5d4 f4f5 e8e5 g3g4,2182,78,91,1472,advantage defensiveMove endgame master quietMove short,https://lichess.org/Gdjv0msV/black#92,
t5Mdx,8/8/pK2kp2/1p6/1Pr1R3/5P2/7P/8 b - - 8 52,c4e4 f3e4 e6e5 h2h4 e5e4 h4h5,2178,76,86,324,crushing defensiveMove endgame long quietMove,https://lichess.org/DskuaBRR/black#104,
t5Mkk,8/8/4p1p1/8/4pkP1/Pp6/1P1K4/8 b - - 1 40,f4g4 a3a4 g4f3 d2e1 e4e3 a4a5 e3e2 a5a6 g6g5 a6a7,2104,74,79,87,advancedPawn crushing endgame pawnEndgame quietMove veryLong,https://lichess.org/vZTj3HoG/black#80,
t5PxW,r2q3r/p1k4p/bp2p3/4P2Q/2p1p3/2B1b3/PP4PP/3R1R1K b - - 1 20,d8g5 h5f7 c7b8 c3b4 e3c5 b4c5,2188,131,67,11,crushing long middlegame quietMove,https://lichess.org/Nz8uZ00G/black#40,
t5nyk,8/6p1/1p2pp1p/3k4/2pP1PPP/2P2K2/1P6/8 b - - 0 41,e6e5 d4e5 f6e5 f4f5 e5e4 f3f4 e4e3 f4e3,2183,77,91,2175,crushing endgame pawnEndgame quietMove veryLong,https://lichess.org/p4MfoJgS/black#82,
t5tk2,5r2/1b1kb1Qp/pq2p1p1/1pnpP3/1P6/2P1B3/P1B3PP/RN3K2 w - - 1 23,f1g1 d5d4 e3g5 f8e8 g5e7 e8e7,2165,77,87,253,crushing long middlegame quietMove,https://lichess.org/nSp2lf9W#45,
t66cF,1k6/ppp2pp1/2p2n2/5Q1r/1q2P1p1/2NP4/2PBBPP1/2KR4 w - - 2 20,f5f4 b4a3 c1b1 h5a5 f4c7 b8c7,2117,75,87,242,advantage long middlegame quietMove,https://lichess.org/rvvtoh6o#39,
t6V9O,6r1/R7/2r1kp2/3ppn1P/4n3/P5PB/3B1P2/4K2R w K - 1 28,a3a4 g8b8 e1f1 e4d2,2186,79,76,55,advantage master middlegame quietMove short,https://lichess.org/6VyiJmRO#55,
t6mTd,7k/4R3/p2p3P/3P1pr1/2PK1R2/r7/5P2/8 w - - 2 41,h6h7 g5g1 f4f5 g1d1 d4e4 d1e1,2146,79,90,146,crushing endgame long quietMove rookEndgame,https://lichess.org/DjSoPrRQ#81,
t8UQ7,8/p7/b7/Pp1kp2p/1P3p1P/1KBPn3/3R4/8 w - - 0 36,d3d4 e5e4 d2f2 f4f3,2115,138,73,23,crushing endgame quietMove short,https://lichess.org/SM1Do76Y#71,
t8bvZ,r4r1k/ppp3pp/3p4/3N1p1n/3nPPq1/3BR3/PP1Q1P1P/6RK b - - 1 19,g4h4 d3f1 c7c5 e3h3 h4d8 h3h5,2133,78,91,1219,advantage long middlegame quietMove skewer,https://lichess.org/KxnDYSOt/black#38,Italian_Game Italian_Game_Hungarian_Defense
t8opF,8/1p3k1p/p1p5/P1P1K1P1/8/P7/8/8 b - - 2 38,f7e7 a3a4 e7f7 e5d6 f7g6 d6c7 g6g5 c7b7 h7h5 b7a6,2168,77,88,855,crushing endgame pawnEndgame quietMove veryLong zugzwang,https://lichess.org/DBPgLHMD/black#76,
t8p07,1r3R2/8/3p2kp/3Pb1p1/r1PNP1P1/1p2K3/8/5R2 b - - 3 47,e5d4 e3d4 b8f8 f1f8 a4b4 f8f1 b3b2 f1b1,2111,160,100,17,endgame equality quietMove veryLong,https://lichess.org/qooM54Uf/black#94,
t9Bp7,2k3rr/p2q1p2/2p5/4Q3/2P5/6P1/P3P1B1/5RK1 b - - 0 24,h8h7 f1b1 d7c7 e5f5,2108,76,95,707,crushing endgame quietMove short,https://lichess.org/bPzLtfdb/black#48,
t9Gtd,8/7p/5pp1/p3p3/kpK1P1P1/8/1P5P/8 b - - 0 43,h7h5 g4h5 g6h5 h2h4 b4b3 c4c5 f6f5 e4f5,2179,76,97,1943,crushing endgame pawnEndgame quietMove veryLong zugzwang,https://lichess.org/zttkKv28/black#86,
t9Kqx,8/5p2/1R4k1/4B1p1/2p5/2P2K1P/r5r1/8 b - - 3 46,g6f5 e5d4 g5g4 h3g4 g2g4 b6b5,2171,83,86,38,advantage endgame long quietMove,https://lichess.org/ROtrFSPY/black#92,
t9laP,8/p7/3k4/5pp1/1P1K4/7P/P7/8 b - - 1 40,g5g4 h3h4 f5f4 d4e4 f4f3 e4e3,2180,81,91,304,crushing endgame long master pawnEndgame quietMove,https://lichess.org/6c7084tT/black#80,
t9uuL,8/7p/5K2/8/p1k4P/8/1P6/8 w - - 4 47,f6g7 h7h5 g7g6 c4b3 g6h5 b3b2,2132,76,94,1307,crushing endgame long pawnEndgame quietMove,https://lichess.org/LvuMd38u#93,
tA6qx,8/1p5p/2p1pp2/2k5/2P3PP/1P2KP2/8/8 b - - 0 33,c5b4 f3f4 b4c5 g4g5 f6g5 f4g5,2151,76,86,101,crushing endgame long pawnEndgame quietMove,https://lichess.org/jCjqiE5F/black#66,
tAG2n,5q2/2r2p1k/4pPrB/3pP2Q/3P4/7R/8/5R1K b - - 0 42,g6h6 f1g1 c7c1 h5h6 f8h6 h3h6 h7h6 g1c1,2171,76,93,1966,crushing endgame exposedKing fork intermezzo quietMove veryLong,https://lichess.org/Qtxa850v/black#84,
tATi6,2kr4/ppqn4/2p2b2/4p3/2N4r/8/PPP1QPPB/R4RK1 w - - 0 23,f1d1 d8h8 c4d6 c8b8,2183,76,91,1624,advantage defensiveMove middlegame quietMove short,https://lichess.org/QuLR84R4#45,
tBMxF,r2q1rk1/pp3pp1/1bpp3p/4p2n/2N1P3/PQPP1PPP/1P5K/R1B2R2 w - - 0 17,g3g4 d8h4 g4h5 b6f2 f1f2 h4f2,2131,94,82,35,advantage long middlegame quietMove sacrifice,https://lichess.org/OzDCSupE#33,Bishops_Opening Bishops_Opening_Other_variations
tBh8A,1r3r2/2p4k/3p1q1p/p2P2pP/2p2P2/2P5/PP1Q4/2K2R1R w - - 1 27,f4g5 f6f1 h1f1 f8f1 c1c2 b8f8 g5g6 h7g8 d2h6 f8f2,2119,75,91,165,crushing endgame quietMove veryLong,https://lichess.org/pGuNhBmC#53,
tBruX,4k3/5Rp1/3B3p/3B4/1p1bP2P/1p4PK/2q2P2/8 b - - 1 34,b3b2 d5e6 c2f2 f7f2 d4f2 e6a2 b4b3 a2b1,2124,76,91,2315,crushing defensiveMove endgame quietMove veryLong,https://lichess.org/ekksmuDz/black#68,
tBzGX,6k1/P4p2/1R3P2/3bP3/7p/1p1p4/5KP1/r4B2 b - - 1 42,d3d2 f1d3 d2d1n f2e2 d1c3 e2e3,2134,84,63,32,crushing defensiveMove endgame long quietMove,https://lichess.org/pBwrPTjf/black#84,
tC4cc,8/8/p6R/1p1ppk2/8/P4b2/1PPKR3/5r2 w - - 2 37,e2h2 d5d4 c2c3 f1d1 d2c2 d4d3,2157,76,87,120,advantage endgame long quietMove,https://lichess.org/pAbwrDCI#73,
tDBiq,8/4r3/1p2P1k1/3pQpq1/P2P1Rp1/6K1/6P1/8 w - - 5 44,e5d5 e7h7 f4f5 g5f5,2125,76,97,114,crushing endgame quietMove short,https://lichess.org/7EKFCqgB#87,
tDNXJ,8/2r2P2/7p/p3N3/5P2/8/5K1P/1k6 b - - 0 38,c7f7 e5f7 a5a4 f7d6 a4a3 d6b5 a3a2 b5c3,2122,79,84,71,crushing endgame hangingPiece quietMove veryLong,https://lichess.org/JwCiBXx1/black#76,
tDqBL,1K6/7p/6p1/Pk2pp2/8/8/5PPP/8 w - - 2 43,b8c7 e5e4 g2g3 g6g5 c7d6 f5f4,2108,74,88,124,crushing endgame long pawnEndgame quietMove,https://lichess.org/tZeZMKSq#85,
tDtVV,8/1b2k1p1/pp2pp1p/7P/1P1PNKP1/8/1P3P2/8 b - - 2 36,b7e4 f4e4 e7f7 f2f4 g7g6 h5g6 f7g6 f4f5,2104,115,33,17,attraction crushing endgame quietMove veryLong,https://lichess.org/Ep8AyXYV/black#72,
tDvVA,2b1qrk1/1pp2p2/1p1p3Q/2b5/4P2B/2P2N2/rP3PPP/2KR3R b - - 0 18,e8e4 h4f6 a2a1 c1d2 a1d1 h1d1,2168,76,90,1062,advantage long middlegame quietMove,https://lichess.org/I7bFFtsQ/black#36,Danish_Gambit Danish_Gambit_Other_variations
tE3ES,8/8/5k2/4p1pp/4K3/6PP/5P2/8 b - - 0 39,f6e6 g3g4 h5h4 f2f3 e6d6 e4f5,2186,82,80,42,crushing endgame long pawnEndgame quietMove zugzwang,https://lichess.org/G2AtT0ZD/black#78,
tEh5p,2kr2r1/1b1p1p2/p3p3/1p1PQ3/2p1P2q/1PP5/P1B2PP1/RN2R1K1 w - - 1 20,b3c4 g8h8 g1f1 h4g4 f2f3 h8h1 f1f2 g4h4 e5g3 h4g3 f2g3 h1e1,2142,139,78,29,advantage clearance kingsideAttack middlegame quietMove veryLong,https://lichess.org/mFzSzJnG#39,
tEljO,5r1k/ppQ3pp/q4p1n/2Prp3/1P6/P1R1P1P1/3B1P1P/5RK1 w - - 0 26,d2c1 f8d8 c5c6 d5d1 c7d8 d1d8,2194,143,30,18,advantage long middlegame quietMove,https://lichess.org/ZYXgTeH9#51,
tFUbM,4rrk1/5p2/3p1np1/1Q1P4/1P1q1P2/P4Bp1/2R2PK1/5R2 w - - 0 37,f2g3 f6g4 f3g4 d4e4 g4f3 e4c2,2175,76,86,91,advantage fork long middlegame quietMove sacrifice,https://lichess.org/zeW0RSjg#73,
tFVeM,8/8/8/2p4R/3k4/4r2P/6K1/8 w - - 0 40,h5f5 c5c4 g2f2 e3h3,2174,90,84,35,crushing endgame quietMove rookEndgame short,https://lichess.org/p96FnTdt#79,
tFf9I,8/8/5pp1/4p1k1/1pP1P3/1P3PK1/p2q4/6Q1 b - - 1 43,d2b2 g1h1 b2f2 g3f2,2191,75,95,1163,crushing endgame master queenEndgame quietMove short,https://lichess.org/l0Gzw5Ub/black#86,
tG2Xd,3r1n1k/ppR3R1/6pp/3p4/3q1P2/1P4Q1/PKP5/8 w - - 3 34,b2a3 d8d6 g3d3 d6a6 d3a6 b7a6 g7f7 h8g8,2151,77,100,100,advantage endgame quietMove veryLong,https://lichess.org/Llv1BvEB#67,
tG347,8/5pk1/6p1/p1Ppr3/R5KP/1RP3P1/8/5r2 w - - 0 40,a4a5 f7f5 g4h3 e5e2 a5a7 g7h6 b3b1 f1b1,2140,75,68,95,crushing endgame master quietMove rookEndgame veryLong,https://lichess.org/OyBQcNkI#79,
tGKpX,r4rk1/p4p1p/1p2bQp1/2n5/2p2NP1/2P2P2/Pq2P2P/3RKB1R b K - 0 25,a8e8 f4h5 c5d3 d1d3,2186,77,77,64,crushing middlegame quietMove short,https://lichess.org/duQjaNgL/black#50,
tH9pO,8/8/7p/8/4K2P/8/4k3/8 b - - 8 78,e2f2 h4h5 f2e2 e4f5 e2d3 f5g6 d3e4 g6h6 e4f5 h6g7,2198,108,56,25,crushing endgame pawnEndgame quietMove veryLong,https://lichess.org/rW4uUJy3/black#156,
tHS11,r3r1k1/1b5p/p5pB/1p3p2/P4P1Q/3N3P/1Pq3Pb/R3R2K w - - 1 28,d3f2 c2c6 f2e4 e8e4 e1e4 c6e4 h4f2 a8c8 a1e1 c8c2 e1e4 c2f2,2124,142,36,17,advantage master masterVsMaster middlegame quietMove veryLong,https://lichess.org/SEnkI2bC#55,
tIFtH,8/2k5/4pp1p/2Kp2p1/3P4/4PPP1/6P1/8 b - - 1 33,c7d7 g3g4 f6f5 g4f5 e6f5 c5d5,2195,75,80,199,crushing endgame long pawnEndgame quietMove,https://lichess.org/NgZDlHrY/black#66,
tIShQ,r1bq1k2/ppp3p1/4p1Q1/4P3/8/6P1/PP1r1P1P/4RRK1 b - - 0 25,d8d3 e1e4 c8d7 e4f4 f8g8 g6f7,2124,76,90,873,crushing long middlegame quietMove,https://lichess.org/wJTlWw6k/black#50,
tIrpk,r1b4b/pp5Q/2kp4/2p1np2/8/N1P5/PP1P2PP/R1B1qBK1 w - - 1 18,h7h3 f5f4 a3c2 e1f1 g1f1 c8h3,2170,85,81,77,advantage kingsideAttack long middlegame quietMove,https://lichess.org/SqfxemC8#35,Sicilian_Defense Sicilian_Defense_McDonnell_Attack
tJFrX,r4rk1/1p4q1/1n1p4/pPpP3Q/P1P5/7P/3R1PP1/5RK1 b - - 0 26,b6c4 d2d3 c4d2 d3d2,2126,78,78,46,advantage middlegame quietMove short,https://lichess.org/Jx0UqmoG/black#52,
tJZBm,r6k/1p1r1p1p/2pq1p2/p2p3Q/3R4/P5P1/1P3P1P/4R1K1 b - - 5 27,d7e7 e1e7 d6e7 d4h4 e7e1 g1g2 e1b1 h5f7,2126,75,91,1538,advantage endgame master quietMove veryLong,https://lichess.org/wPwqQX5C/black#54,
tK680,5rk1/3Q2bp/r3p1p1/5bN1/2p5/5B2/q5PP/1R3R1K b - - 1 24,h7h6 b1b7 a2a1 f1a1 a6a1 f3d1,2100,82,94,53,crushing defensiveMove long middlegame quietMove,https://lichess.org/pfNNSBnu/black#48,
tK8eT,r2qr1k1/1bp1bp2/p2p1n2/1p4B1/3PP3/1PN1R2P/1PQ2PP1/R5K1 b - - 2 19,b5b4 e3g3 f6h5 g5e7 h5g3 e7d8,2176,76,93,2428,advantage discoveredAttack long middlegame quietMove,https://lichess.org/wBPtdVEp/black#38,
tKN95,1r3k2/1r2p3/5pQ1/q1pPp2P/n7/P1b2NP1/2R2PK1/1R6 b - - 0 30,b7b1 h5h6 a5a6 f3h2 f6f5 g6a6,2160,110,82,18,crushing long middlegame quietMove,https://lichess.org/83rXhkdC/black#60,
tKnCc,3r2k1/4rpp1/1p1n3p/p2R4/P1B4P/1P6/6PK/5R2 b - - 4 35,e7d7 f1d1 g8f8 c4b5,2146,75,77,94,advantage endgame master quietMove short,https://lichess.org/DwMG96dK/black#70,
tKxlZ,r4r2/p2b1p1k/3p1Ppp/1p2p3/4P1PQ/1B1P1R2/Pq5P/6RK b - - 1 24,a8c8 f3h3 b2d2 g4g5,2175,76,84,164,crushing middlegame quietMove short,https://lichess.org/MO6IPVS2/black#48,
tL0cS,r4r2/ppq2p2/2pb1Q1k/3p4/N1P5/1P2P3/P2P2PP/2R3K1 b - - 2 22,h6h5 c1f1 d6h2 g1h1 c7e5 f1f5 e5f5 f6f5,2122,75,90,849,advantage fork middlegame quietMove veryLong,https://lichess.org/H3nbu9Z1/black#44,
tM4zq,8/6Kp/2k5/8/8/7P/8/8 b - - 3 51,c6d6 g7h7 d6e5 h7g6 e5e6 h3h4 e6e7 g6g7,2130,75,86,378,crushing defensiveMove endgame pawnEndgame quietMove veryLong,https://lichess.org/hxGJUMAy/black#102,
tMTDH,8/1p5p/p5p1/2P5/kPK5/6P1/7P/8 b - - 3 43,h7h5 h2h4 a4a3 b4b5 a6b5 c4b5 a3b3 c5c6 b7c6 b5c6 b3c4 c6d6,2178,142,75,11,crushing defensiveMove endgame pawnEndgame quietMove veryLong zugzwang,https://lichess.org/4R9NEOLG/black#86,
tMgJ5,8/8/1pp2p2/3k2pp/1p3P2/P2KP1PP/8/8 w - - 0 40,a3b4 g5f4 g3f4 f6f5 e3e4 f5e4,2123,78,91,4779,crushing endgame long pawnEndgame quietMove,https://lichess.org/wG1tnwCg#79,
tMk7M,k2r1bnr/Bppq1ppp/8/1N1p4/4PP2/3B1Q2/PP4PP/2R3K1 b - - 2 15,d5e4 f3e4 d7d3 e4a4 d3b5 a4b5,2194,120,88,28,crushing long middlegame quietMove sacrifice,https://lichess.org/xZGBTQOR/black#30,Center_Game Center_Game_Halasz-McDonnell_Gambit
tMvkL,3r1b1k/1p4pn/2p1Q2P/8/qpPP4/5P2/P4R2/R5K1 b - - 2 29,g7h6 f2g2 f8g7 g2g7 h8g7 e6e7,2141,73,95,12355,advantage attraction fork long middlegame quietMove sacrifice,https://lichess.org/Ik0VkxdB/black#58,
tN3CD,r2q1rk1/pp2ppb1/5n1p/2pPp1pb/2P5/PP3N1P/1B1NQPP1/R4RK1 w - - 0 17,e2e5 f6e8 e5e3 g7b2,2122,77,85,88,advantage discoveredAttack middlegame quietMove short skewer,https://lichess.org/Xx2WCxij#33,East_Indian_Defense East_Indian_Defense_Other_variations
tNLjh,rnb1k2r/pp3p1p/1q1ppb2/2pPP2Q/8/2N5/PPP2PPP/R3K1NR w KQkq - 0 11,e5f6 b6b2 e1d2 b2a1 g1f3 a1h1 f3g5 h8f8 d5e6 c8e6,2199,77,86,463,crushing fork middlegame quietMove veryLong,https://lichess.org/f3044mx4#21,Benoni_Defense Benoni_Defense_French_Benoni
tNo7l,r1b4r/3pk1p1/1p3n1p/p3P3/1n6/1B3N2/P5PP/3R1RK1 b - - 0 25,f6e8 f3h4 e7d8 h4g6,2192,76,91,2874,advantage middlegame quietMove short,https://lichess.org/7dVbhXMF/black#50,
tOIw0,2r2rk1/1p1b1p2/p2p2p1/7p/2P1N2P/1P2B3/P5P1/R5K1 b - - 0 26,c8e8 e4f6 g8g7 e3d4 g7h6 f6d7,2135,75,84,895,advantage endgame fork long quietMove,https://lichess.org/AgctCeS1/black#52,
tOguo,5k2/4bppp/p3pB2/1p2N3/3P1Q2/P6P/5PPK/4q3 b - - 0 27,e7f6 e5c6 e6e5 d4e5,2128,100,84,37,advantage endgame quietMove short,https://lichess.org/yHhUzLg0/black#54,
tP8ri,8/p7/5k2/1p3P2/5K2/2P5/8/8 w - - 0 38,f4e4 a7a5 c3c4 b5b4 c4c5 b4b3 e4d3 f6f5 c5c6 f5e6 c6c7 e6d7 c7c8q d7c8 d3c3 a5a4,2183,88,82,39,crushing defensiveMove endgame pawnEndgame quietMove veryLong,https://lichess.org/bcavTcd1#75,
tPADQ,8/8/2p1r1p1/3k2pp/4R1P1/2P2K1P/8/8 w - - 4 41,e4e6 d5e6 f3e4 c6c5 e4d3 e6d5,2168,76,99,100,crushing defensiveMove endgame long quietMove zugzwang,https://lichess.org/uJQVQeVK#81,
tQ1MA,r6k/p1Q3pp/7r/5p2/3PpP2/2P1P2P/PP1Bq1P1/5RK1 w - - 1 21,c7b7 a8g8 f1f2 e2d1 g1h2 h6b6 b7d5 b6b2,2184,82,91,342,crushing endgame interference quietMove veryLong,https://lichess.org/U7pbjcEY#41,
tQTxk,8/3Q1pk1/4p1p1/1p2P2p/8/1P1P2RN/2P3PK/r2q4 w - - 1 32,g3e3 h5h4 d7f7 g7f7,2149,75,82,115,crushing endgame master quietMove short,https://lichess.org/WVjcmCuK#63,
tQa1X,3r2k1/pp1qrpp1/2p2n1p/8/3PpP2/1Q6/PP3PPP/2R1R1NK b - - 11 22,d7d4 c1d1 f6g4 g1h3 d4b6 b3b6,2142,80,84,39,advantage long middlegame quietMove,https://lichess.org/WGx16oY6/black#44,
tQlep,3b1r1k/7p/8/p1qNpp1Q/2p4P/2N3P1/P4rB1/3R3K b - - 1 27,c5d6 d5f4 f2d2 d1d2,2128,74,90,327,crushing master masterVsMaster middlegame quietMove short,https://lichess.org/qUkRxWkF/black#54,
tR42h,8/1p6/p4k1p/3pp1p1/3P2P1/1PP1K1P1/P7/8 b - - 1 39,e5e4 c3c4 f6e6 c4d5 e6d5 b3b4 b7b6 a2a4 b6b5 a4a5 d5c4 e3e4,2188,76,80,85,crushing endgame pawnEndgame quietMove veryLong zugzwang,https://lichess.org/eW4DdNgr/black#78,
tREbE,8/7p/6pk/5p2/5P1P/4K1P1/8/8 w - - 6 55,e3f3 h6h5 f3f2 h5g4 f2g2 h7h6 g2h2 g4f3,2199,78,86,58,crushing endgame pawnEndgame quietMove veryLong zugzwang,https://lichess.org/Jb5LRT2D#109,
tRTvF,2r2rk1/pp1N1ppp/1q1b4/3p4/3P1PQ1/2P5/PP2N1PP/5RK1 b - - 2 19,b6b2 e2g3 f7f5 g3f5 f8f5 g4f5,2160,132,21,16,crushing long middlegame quietMove,https://lichess.org/nct6Pihg/black#38,Richter-Veresov_Attack Richter-Veresov_Attack_Other_variations
tSIT4,6r1/1p2k3/p7/P2Pp1rP/1PP1R1PK/8/8/8 b - - 0 51,e7d6 h5h6 g5g6 g4g5 g6g5 h6h7,2121,77,91,5253,advancedPawn advantage endgame long quietMove rookEndgame,https://lichess.org/BWsGvNHV/black#102,
tSrya,8/pp5p/8/4Np1k/2PPbK2/8/8/8 b - - 0 35,h5h4 d4d5 e4c2 d5d6 c2a4 c4c5 a4e8 f4f5,2146,142,83,17,crushing endgame quietMove veryLong,https://lichess.org/Wddf2pAw/black#70,
tTBk1,8/7p/6pk/1R3p2/8/P4KPr/8/8 b - - 2 33,h6g5 f3g2 h3h5 a3a4 g5f6 a4a5,2122,78,92,916,crushing defensiveMove endgame long quietMove rookEndgame,https://lichess.org/NxHFNcNw/black#66,
tTJxK,5r2/6pk/4p2p/p2p2P1/Pr1K1P1P/1P2P3/8/1R5R w - - 3 33,d4e5 f8d8 g5g6 h7g6 b1g1 g6f7 g1g7 f7g7,2166,113,35,21,crushing endgame quietMove rookEndgame veryLong,https://lichess.org/Ate3W9hV#65,
tTLfD,8/2b5/1pk1N3/p1pp4/K1P5/1P1P4/P7/8 b - - 1 44,d5d4 e6c7 c6c7 a4b5 c7b7 a2a3 b7c7 b5a6,2177,77,83,129,crushing endgame quietMove veryLong zugzwang,https://lichess.org/62jJwuuP/black#88,
tTQPy,8/5p2/1RPPk2P/4P3/3n4/1p6/6r1/4K3 b - - 0 42,b3b2 e1f1 g2h2 c6c7 e6d7 b6b8 b2b1r b8b1 d4e6 b1b8 e6c7 b8b7 h2h6 b7c7,2145,147,82,14,advancedPawn crushing endgame quietMove veryLong,https://lichess.org/jzLsb6NX/black#84,
tTVhJ,8/p4p1p/4k3/2p1P3/4K1PP/8/P7/8 w - - 0 33,a2a4 c5c4 g4g5 c4c3,2160,76,91,529,crushing endgame master pawnEndgame quietMove short,https://lichess.org/xhr8qCZ1#65,
tThE7,1k4r1/ppp1R3/3n4/1P1pQ1Pr/P2P4/2Pq1N2/5PP1/5RK1 w - - 9 33,e5d5 g8h8 f3h4 h5h4,2161,77,90,926,crushing middlegame quietMove short,https://lichess.org/QyCUmn3d#65,
tTiuH,5k2/p2R4/2B3K1/r6p/8/5P2/7b/8 b - - 0 37,a5a6 d7f7 f8g8 f7f6 a6c6 f6c6,2134,75,91,145,crushing endgame long quietMove,https://lichess.org/hfkhsp2U/black#74,
tTuJI,r4r2/pp1q2p1/3pbnk1/R7/7Q/1P1P4/1PP3PP/5RK1 b - - 1 26,f8h8 a5g5 g6f7 g5g7 f7g7 h4f6 g7h7 f1f4 e6g4 f6h4,2165,81,84,82,attraction crushing discoveredAttack exposedKing middlegame quietMove veryLong,https://lichess.org/nIifJOjx/black#52,
tTuQd,8/8/P2N1kpp/8/8/7P/1r4PK/8 b - - 0 37,b2b6 d6e8 f6g5 e8c7 b6b2 a6a7,2164,91,80,27,advancedPawn crushing endgame long quietMove,https://lichess.org/WeakiLtu/black#74,
tUSKq,r6r/1b2bkNp/p1qp1np1/1p6/2p5/2P5/PP2Q1PP/R1B2RK1 b - - 10 28,h8g8 e2e6 f7f8 f1f6 f8g7 e6e7 g7h8 f6f2 g8g7 e7f6,2158,87,83,47,advantage clearance deflection middlegame quietMove veryLong,https://lichess.org/bHXXKS2C/black#56,
tVRNr,2R5/5p1k/6p1/7q/2P2P2/r3P1K1/6Q1/8 w - - 3 42,g2e4 a3a2 c8h8 h7h8,2100,77,76,70,crushing endgame master quietMove short,https://lichess.org/sDD08Yii#83,
tVlAN,8/8/7p/p1k1pp1p/2P3P1/P2K1P2/8/8 w - - 0 43,g4h5 a5a4 d3c3 e5e4,2129,79,89,226,crushing endgame pawnEndgame quietMove short zugzwang,https://lichess.org/jwE16g2f#85,
tVlOJ,1kr5/p5pR/8/3B4/1P2P1n1/P1K5/4r3/1R6 w - - 1 33,c3d3 c8c2 h7h8 b8c7 h8c8 c7c8,2190,78,92,722,advantage endgame long quietMove,https://lichess.org/xWibh3AX#65,
tVoVr,8/6pp/1p1k4/p4p2/P2K1PP1/2P4P/8/8 b - - 0 36,g7g6 g4g5 d6d7 d4d5,2112,89,89,34,crushing defensiveMove endgame pawnEndgame quietMove short zugzwang,https://lichess.org/1EKKzlaU/black#72,
tVzYa,8/7B/2Kb4/2p5/P2p4/4k3/8/8 b - - 2 50,d6f8 a4a5 d4d3 a5a6 c5c4 a6a7 d3d2 h7c2,2108,76,89,729,advancedPawn bishopEndgame crushing defensiveMove endgame quietMove veryLong,https://lichess.org/wFq7GdvJ/black#100,
tW2AH,8/pp4k1/3P2p1/7p/4Pq2/6Q1/P5PK/8 b - - 1 37,f4g3 h2g3 g7f7 g3f4 f7e6 e4e5 g6g5 f4g5,2133,76,97,973,crushing endgame quietMove veryLong,https://lichess.org/wHnTh4Nf/black#74,
tX3Kh,2b2rk1/p3ppbp/1rnp2P1/q5B1/1pP1Q3/5N2/PP2PPP1/1K1R1B1R b - - 0 15,h7g6 e4h4 c8f5 e2e4,2102,77,83,178,advantage defensiveMove middlegame quietMove short,https://lichess.org/r0GLzpYx/black#30,Indian_Defense Indian_Defense_Spielmann-Indian
tX40c,2r2b1k/p1q2rp1/4p1Qp/1pp1P3/3p4/1P1PpB2/PBP3PP/4R1K1 b - - 4 27,c7d7 f3e4 f7f5 g2g4,2139,76,88,1667,advantage master middlegame quietMove short,https://lichess.org/HZqnotxM/black#54,
tXCfj,3r4/8/p2r3p/1p5P/4B3/4KR2/PP4k1/8 b - - 10 59,g2g1 f3h3 d6d3 e4d3,2154,74,93,7364,crushing endgame quietMove short,https://lichess.org/D6AfW5m1/black#118,
tXXiV,8/p7/1p6/4K3/kP6/P2P4/8/8 b - - 4 55,a4a3 b4b5 a3b4 d3d4 b4c4 d4d5,2121,87,69,38,crushing defensiveMove endgame long pawnEndgame quietMove,https://lichess.org/PMOSBXYY/black#110,
tXbtO,8/8/3k4/P2p2Kp/3N4/6p1/8/8 w - - 0 46,g5h5 g3g2 d4f3 d5d4 a5a6 d6c7 h5g5 d4d3 a6a7 c7b7,2151,102,83,23,advancedPawn crushing endgame knightEndgame quietMove veryLong,https://lichess.org/XqB2hG5y#91,
tYFiQ,8/6p1/3pk2p/1K6/2P5/6P1/7P/8 b - - 7 48,d6d5 c4c5 d5d4 b5c4 d4d3 c4d3,2179,76,82,237,crushing endgame long pawnEndgame quietMove,https://lichess.org/CfmMZzGk/black#96,
tYHEk,r3r1k1/pp3pp1/1qn1b2p/1B5Q/3p4/P7/1P1B1PPP/4RRK1 b - - 1 19,g7g6 h5h6 b6b5 d2g5 b5f5 e1e4,2163,83,90,1748,advantage long middlegame quietMove sacrifice,https://lichess.org/efGOOV3a/black#38,French_Defense French_Defense_Tarrasch_Variation
tZ5o4,r3kb1r/ppq2ppp/2n1pn2/2p5/3pPPb1/3P1N1P/PPPNB1P1/R1BQK2R b KQkq - 0 9,c7f4 d2f1 f4c7 h3g4,2108,82,80,44,advantage opening quietMove short,https://lichess.org/D3IQKc0Y/black#18,Sicilian_Defense Sicilian_Defense_McDonnell_Attack
tZTlC,r1bq1rk1/2p2p2/3p1n2/pp2p1Q1/1b1nP3/1BNP2BP/PPP2PP1/2KR3R b - - 0 14,g8h8 g3h4 f6h7 g5d8 f8d8 h4d8,2141,78,89,906,crushing long middlegame quietMove,https://lichess.org/L2n98R5p/black#28,Italian_Game Italian_Game_Hungarian_Defense
tZcOh,8/5B2/3kp3/p5p1/3p4/1Pp5/P1K5/8 w - - 0 40,a2a3 g5g4 f7h5 g4g3 h5f3 d6e5,2128,76,83,373,bishopEndgame crushing defensiveMove endgame long quietMove,https://lichess.org/VTqkskF1#79,
tZcb7,r4k2/Pp2nnb1/1B1p1p2/3Pp3/Q3P3/5q2/PP3P1P/R4RK1 w - - 6 26,a4d7 f7g5 h2h4 g5h3 g1h2 g7h6 d7h3 h6f4,2196,92,84,30,crushing middlegame quietMove sacrifice veryLong,https://lichess.org/fSZt5zv7#51,
tZdY6,6r1/Qp3p1k/2q4r/3p4/P7/3P1N2/2P2PPP/R5K1 w - - 1 26,a1c1 d5d4 a7d4 c6f3 d4e4 f3e4,2138,75,91,124,advantage discoveredAttack endgame long pin quietMove,https://lichess.org/mvGcmWM0#51,
taSYH,5k2/5p2/R1K3p1/3Pr2p/8/8/8/8 b - - 8 51,f8e7 d5d6 e7f6 d6d7 f6e7 a6a8 e5c5 c6c5,2128,75,81,182,advancedPawn crushing endgame quietMove rookEndgame veryLong,https://lichess.org/F8BpP4Lv/black#102,
tagob,1r6/2p1kppQ/2pnp2p/p1N5/1r1P2P1/qP3PP1/P1P5/1K1R3R w - - 7 25,h7g7 d6c4 d4d5 e6e5 g7e5 c4e5,2108,76,88,335,crushing long middlegame pin quietMove,https://lichess.org/1Fcldk1w#49,
tbnl5,rnb2rk1/pp1nppbp/3p2p1/q7/2PN4/1PN3P1/P3PPBP/R1BQ1RK1 w - - 1 10,c1d2 g7d4 c3d5 a5d8 d2a5 d4b6,2155,77,94,1026,advantage hangingPiece long opening quietMove,https://lichess.org/ubFWixWJ#19,English_Opening English_Opening_Symmetrical_Variation
tbtPM,8/kB2K3/P3p1p1/2p1P2p/5PbP/6P1/8/8 w - - 0 63,e7f6 g4f5 b7c8 c5c4 c8e6 f5e6 f6e6 c4c3 e6f6 c3c2,2111,92,81,30,advancedPawn bishopEndgame crushing endgame quietMove veryLong,https://lichess.org/XqWVfCdL#125,
tc8my,r2q1rk1/ppp1b1pp/2np4/4p3/4P1n1/P1NPB3/1PPQ2PP/2KR2NR w - - 2 12,g1f3 f8f3 g2f3 g4e3 d1g1 e7g5 g1g5 d8g5,2142,78,79,63,crushing middlegame quietMove veryLong,https://lichess.org/9jRlNpCk#23,Kings_Gambit_Accepted Kings_Gambit_Accepted_Bishops_Gambit
tc9tl,8/b7/8/2p5/PPP3k1/1K4p1/6N1/8 w - - 0 48,b4b5 a7b6 b3c2 g4f3,2128,82,82,34,crushing endgame quietMove short,https://lichess.org/AvLzMZnn#95,
tcGmP,5n2/p3k3/Pp1p2p1/1PpPp3/4Pn1P/1P2KN2/8/5B2 b - - 6 38,e7f6 f3d2 f6e7 d2c4,2167,78,84,451,crushing endgame master quietMove short,https://lichess.org/D1UPetQO/black#76,
tdFkj,8/8/6p1/3p2k1/pP1P2P1/PbP1K3/7P/8 w - - 0 40,h2h3 b3c4 e3f3 g5h4 f3f4 h4h3 g4g5 h3h4,2151,97,84,45,bishopEndgame crushing endgame quietMove veryLong,https://lichess.org/hxJPSP4U#79,
tdM1L,8/2kb4/3p1p2/2p3pp/p1P5/P1NK1PP1/1P4P1/8 w - - 2 31,c3b5 d7b5 c4b5 d6d5 d3c2 c7b6,2115,75,94,1426,crushing endgame long quietMove,https://lichess.org/RhPb089M#61,
tdN8U,R7/1p2k1p1/2n4p/p2p4/2pP4/2P3P1/5PP1/6K1 w - - 3 31,f2f4 b7b5 g1f1 b5b4 c3b4 a5b4,2134,76,94,3355,crushing endgame long quietMove,https://lichess.org/rDZx2knK#61,
tdP7g,3r2k1/pp2p2p/3p1PpB/q7/4P3/8/P1r3PP/Q2R2K1 b - - 0 22,a5a2 a1a2 c2a2 f6e7 d8e8 d1f1 a2a1 f1a1,2123,241,-100,8,advancedPawn advantage endgame quietMove veryLong,https://lichess.org/gqRovutn/black#44,
tdZei,N2k4/1p6/p1n5/7b/5P1N/b1P1p1P1/3p3P/1K1R3R w - - 0 28,b1a2 h5d1 h1d1 a3c1 h4g2 e3e2 d1d2 c1d2,2156,76,91,3794,advancedPawn advantage middlegame quietMove veryLong,https://lichess.org/3mszlrcG#55,
tdqUM,8/8/7k/1p3p2/3KbP1P/1P1p4/8/3B4 w - - 4 41,d4c5 e4g2 c5d4 g2f1 b3b4 f1e2 d1b3 d3d2,2178,84,90,806,advancedPawn bishopEndgame crushing endgame quietMove veryLong,https://lichess.org/to3GRCHg#81,
te0Xv,8/1r6/pnk1p3/P6p/2P4P/1R3KP1/8/8 w - - 0 51,b3b6 b7b6 a5b6 a6a5 f3e3 a5a4,2190,79,86,84,crushing defensiveMove endgame long quietMove rookEndgame,https://lichess.org/YedtpAz8#101,
te1rV,2kr4/pp3p2/2p3p1/8/3p4/1PqB2R1/PKP4r/R5Q1 w - - 1 29,b2b1 d8h8 a2a4 h2h1 b1a2 h1g1,2150,76,89,345,advantage long middlegame pin quietMove,https://lichess.org/m6jLVE41#57,
texJf,8/1P3pp1/K3p3/4P3/R3Pk2/1r6/8/8 b - - 0 52,g7g5 a4a5 b3b7 a6b7,2103,75,92,3016,crushing endgame master quietMove rookEndgame short,https://lichess.org/QTzcjWvw/black#104,
tf28N,3r2kr/1p2qp1p/p1b1p1p1/2PpQ1R1/3R4/8/PPP1NPPP/6K1 w - - 4 24,e2g3 f7f6 g3f5 e7e8 e5f6 e6f5,2162,159,74,11,crushing fork long middlegame quietMove,https://lichess.org/ZNGNtomX#47,
tfP0c,r1b2rkn/ppp4q/3p3p/3P1p1B/3BnP1P/2PQR3/PP4P1/R5K1 b - - 2 25,h8g6 e3g3 e4g3 d3g3 g8f7 a1e1 f8g8 g3e3,2120,130,88,12,advantage defensiveMove middlegame pin quietMove sacrifice veryLong,https://lichess.org/OdFNHm20/black#50,
tftdf,6R1/8/8/4p3/4kpP1/3r4/5PK1/8 w - - 0 54,g4g5 f4f3 g2g3 d3d1 g8f8 d1g1,2170,84,81,42,crushing endgame long quietMove rookEndgame,https://lichess.org/Sf5rcPv4#107,
tg1Xd,1r5r/3k2pp/2p2p2/p2p1Q1B/3q4/1P6/P5PP/2R4K b - - 0 24,d7d6 h5g4 b8d8 f5e6 d6c7 e6c6,2145,76,90,298,advantage endgame long quietMove,https://lichess.org/lsgj1QvU/black#48,
tgcmT,q5k1/5pp1/1PN4p/3Q4/4p3/6P1/5PKP/1r6 b - - 7 34,a8b7 d5d8 g8h7 c6e7 b7e7 d8e7,2171,75,91,1102,crushing endgame long quietMove,https://lichess.org/FxVc7XTv/black#68,
tghgT,r1b2r1k/4q2p/2n1pp1Q/2p5/1pB1R3/pP1P1N2/PbP2PPP/1K2R3 b - - 6 22,e6e5 f3h4 f8g8 c4g8 e7g7 h6g7,2177,81,92,1225,advantage kingsideAttack long middlegame quietMove,https://lichess.org/PW3rR8qo/black#44,
tgjB1,r4rk1/pp3p1p/2q1p1p1/4Bb2/1PB1P3/P3Q3/2P3PP/R5K1 b - - 2 21,c6c4 e5f6 f8d8 e3h6 c4d4 f6d4,2153,76,93,5005,advantage long middlegame quietMove,https://lichess.org/2I0HFxLE/black#42,
tgv6q,2r3k1/1q4b1/1P4p1/1Q5p/8/2p2p1P/2P2P1N/4R1K1 b - - 0 34,c8c6 b5d5 g8h7 e1b1 c6c7 b6c7 b7d5 c7c8q d5g5 h2g4,2186,116,86,39,advancedPawn crushing defensiveMove endgame promotion quietMove veryLong,https://lichess.org/79o6rYU8/black#68,
th8Rr,3r3k/pp1r1pp1/1np1p2p/4P3/3P1q2/P2Q2R1/1PB2PPP/3R2K1 b - - 9 24,f4f5 d3e2 f5f4 g3g4,2111,78,91,753,crushing middlegame quietMove short,https://lichess.org/H9tC38UJ/black#48,
theL7,3r3N/p1kb2p1/2p1p3/4Pp2/8/2P3R1/p5P1/3R2K1 w - - 0 32,h8g6 d8b8 g3e3 b8b1 e3e1 a2a1q,2128,77,86,67,advancedPawn crushing endgame long promotion quietMove,https://lichess.org/OH5Bq2Ye#63,
ti02e,r7/3qprk1/3pRp1p/3P2p1/1pP4Q/1P4RP/5PP1/6K1 w - - 0 30,f2f4 a8a1 g1h2 d7a7 g3g5 h6g5,2126,103,78,34,advantage endgame long quietMove,https://lichess.org/8fyHu5eT#59,
ti1KH,8/7p/2p3p1/2Pp3k/1Pb4P/P2q2P1/5P2/2Q3K1 b - - 0 42,d3f5 f2f3 f5e5 g3g4 h5h4 c1h6 h4g3 h6h2 g3f3 h2e5,2167,76,89,879,crushing endgame quietMove skewer veryLong,https://lichess.org/QUnAWzFF/black#84,
tiZmN,6r1/2k4r/P3p3/2p1N3/4n3/6pb/1P2B1P1/2R2RK1 w - - 0 30,a6a7 h3f5 f1d1 g8h8 d1d7 h7d7,2159,87,37,53,advantage long middlegame quietMove,https://lichess.org/YtMS3a2B#59,
tiq6w,1Bb2rk1/pq2bppp/1p6/2p5/2p5/3P2P1/PPP2P1P/R2QR1K1 w - - 0 17,d3c4 c8h3 d1d5 f8b8,2115,74,92,2658,advantage discoveredAttack middlegame quietMove short,https://lichess.org/CPhbW76S#33,Sicilian_Defense Sicilian_Defense_French_Variation
titAN,r4bk1/P5r1/3p4/3Pp3/4P3/4Bp2/6p1/R3R1K1 b - - 1 43,f8e7 e1b1 g7h7 b1b8 g8g7 b8a8 h7h1 g1f2 h1a1 f2f3 g2g1q e3g1,2167,88,100,30,crushing endgame exposedKing quietMove veryLong,https://lichess.org/jeNDBove/black#86,
tjBWz,2br1rk1/p4p2/1p1q3p/3p2p1/3N3Q/2P3RP/PP3PP1/R5K1 w - - 0 23,a1e1 d6g6 h4g4 c8g4,2140,77,90,598,crushing middlegame quietMove short trappedPiece,https://lichess.org/G6vx1S8O#45,
tjtxT,8/1k6/pPp1Kp2/P3p1p1/1n2P1P1/5P1p/7P/7B w - - 0 51,e6d6 b4d3 d6e6 c6c5,2158,87,86,183,crushing defensiveMove endgame quietMove short,https://lichess.org/BTP0bMFS#101,
tkVAs,4N3/3Q1Rpk/p2p2r1/4p2n/1p1nP2P/1PqP4/P1P3P1/1K5R w - - 7 30,h1c1 d4b5 d7b5 a6b5,2164,76,86,298,crushing middlegame quietMove short,https://lichess.org/xT8cb1EH#59,
tktMP,8/5ppk/6b1/2pB3p/P1P5/K1Qq4/1P6/8 b - - 8 44,d3c3 b2c3 g6f5 d5b7 h5h4 a4a5 h4h3 a5a6,2179,75,94,888,crushing endgame quietMove veryLong,https://lichess.org/E7KDZqkc/black#88,
tl0a9,8/p7/3p1k2/6p1/2P3K1/PP6/8/8 b - - 0 41,a7a5 b3b4 d6d5 c4c5 d5d4 g4f3 d4d3 f3e3,2112,142,50,15,crushing endgame pawnEndgame quietMove veryLong,https://lichess.org/Y9y5AGqM/black#82,
tlKQP,6k1/1pnq3p/3p1Qp1/1P2p3/P7/4N3/6PP/6K1 b - - 4 29,c7e8 e3d5 d7f7 f6f7,2189,75,83,208,advantage endgame quietMove short,https://lichess.org/UuUQWyJk/black#58,
tlhor,4k3/5p1p/p3p1p1/3pB1P1/PPrPbPKP/8/1R6/8 w - - 5 34,b4b5 c4c3 f4f5 e6f5 g4f4 c3f3,2179,92,76,137,endgame long mate mateIn3 quietMove,https://lichess.org/wTMSon05#67,
tmidM,8/6p1/8/6Q1/2K3P1/1P3qk1/8/8 b - - 6 58,f3g4 g5g4 g3g4 b3b4 g4f5 c4d5,2132,76,98,469,crushing defensiveMove endgame long master queenEndgame quietMove,https://lichess.org/IJc5uxwT/black#116,
tn8Yf,1r2kb1r/5p2/p2Rb1p1/4p2p/p3P3/4BP2/P1P1B1PP/K6R w k - 1 22,d6a6 f8b4 a6c6 e8d7,2180,75,89,795,advantage master middlegame quietMove short,https://lichess.org/C0WER60h#43,
tnPCr,5r1k/2p3pp/Q1pp4/7b/7q/2N4P/PP3P2/R4RK1 w - - 0 29,a6d3 h5f3 d3f3 f8f3,2124,77,92,233,advantage middlegame quietMove short,https://lichess.org/FscbpdRI#57,
tnjTo,2b5/6k1/2pNprp1/2N3bp/P7/4P3/1r2K1PP/2RR4 w - - 2 36,d1d2 f6f2 e2f2 b2d2 f2e1 d2d6 c5e4 d6d5 e4g5 d5g5,2141,80,91,1646,advantage attraction deflection fork master middlegame quietMove veryLong,https://lichess.org/ZFAuKzC5#71,
tnmAl,8/8/pK3p2/4k2p/1P4p1/6P1/7P/8 b - - 3 46,h5h4 b6a6 h4g3 h2g3 f6f5 b4b5 f5f4 b5b6 f4f3 b6b7,2151,78,88,82,advancedPawn crushing endgame pawnEndgame quietMove veryLong,https://lichess.org/G7vK8T8o/black#92,
tnpW5,8/6k1/p4p2/1p2bQp1/3r2P1/4KR2/PP1r2P1/8 b - - 17 43,d2b2 f3h3 b2d2 h3h7 g7f8 f5c8,2138,77,91,1394,crushing endgame long quietMove,https://lichess.org/b4BE2NvG/black#86,
toTs9,r1b2r1k/p1p1b2p/2pqPpp1/2np1B2/6Q1/2N4P/PPP2PP1/R1B1R1K1 w - - 2 16,f5g6 f8g8 c1f4 d6d8 g6f7 g8g4,2191,83,90,1489,advantage long opening quietMove,https://lichess.org/AhZscALd#31,Scotch_Game Scotch_Game_Schmidt_Variation
tom6I,7k/R5Rp/7r/8/3P2K1/P3P3/8/5r2 w - - 0 49,g4g5 h6h2 g7h7 h2h7 a7a8 h8g7,2135,76,91,1612,crushing endgame long quietMove rookEndgame,https://lichess.org/5ViGNtHB#97,
tongP,2b5/8/2P5/1P2n2p/B7/6k1/P7/6K1 b - - 0 45,e5c4 a4b3 c4e5 b3d5 h5h4 b5b6,2157,77,92,1308,crushing endgame long quietMove,https://lichess.org/AqkFW1wH/black#90,
too6X,7R/pp6/2p1k2p/4P1p1/6P1/2P4P/PPbr1K1B/8 w - - 5 29,f2g1 c2e4 h8h6 e6e7 h2g3 d2g2 g1f1 g2g3,2150,76,86,76,advantage defensiveMove endgame exposedKing fork quietMove veryLong,https://lichess.org/zpPmZNQv#57,
touUX,8/3k2p1/1P4Pp/4p3/4P3/1P1K4/8/8 w - - 1 57,d3c4 h6h5 b6b7 d7c7 b7b8r c7b8,2123,93,90,525,crushing endgame long master pawnEndgame quietMove,https://lichess.org/h0NfnPje#113,
toumR,8/1p3p2/1P1k3p/P2p1pp1/3K3P/4PPP1/8/8 b - - 0 39,f7f6 h4h5 d6c6 g3g4 f5g4 f3g4 c6b5 d4d5,2127,164,69,7,crushing endgame pawnEndgame quietMove veryLong zugzwang,https://lichess.org/qIWpFPlg/black#78,
tpasH,6k1/8/4K1P1/8/1b6/p7/1B6/8 w - - 0 68,b2a1 b4f8 e6d5 f8g7 d5c4 g7a1 c4b3 a1b2,2154,80,52,90,bishopEndgame crushing defensiveMove endgame quietMove veryLong,https://lichess.org/9f4f7J9N#135,
tpwcy,8/Q3pk2/3p1p2/p1pP1Kp1/2P3P1/7r/8/8 w - - 0 37,a7a5 h3e3 a5e1 e3e5,2164,135,41,18,crushing endgame master queenRookEndgame quietMove short,https://lichess.org/TzMuNskJ#73,
tq1Vb,1r4k1/1Q1R1pp1/p1p4p/8/1P3q2/3P3P/2P3P1/6K1 w - - 3 31,b7c6 b8e8 c6f3 e8e1 g1f2 f4d2,2106,80,87,51,crushing endgame long quietMove,https://lichess.org/fyGW2cGF#61,
tqkV6,8/8/2N2k2/5P2/1p2P3/2nK4/8/8 b - - 6 52,c3e4 d3e4 b4b3 c6b4 b3b2 b4d5 f6f7 d5c3,2160,75,97,317,crushing defensiveMove endgame exposedKing hangingPiece knightEndgame quietMove veryLong,https://lichess.org/i9NethB2/black#104,
tqqRQ,8/8/3kp2p/p6P/5K2/1P6/P7/8 b - - 2 37,d6d5 f4e3 d5c5 a2a3 c5d5 e3d3,2155,131,58,35,crushing defensiveMove endgame long pawnEndgame quietMove zugzwang,https://lichess.org/x97F5zuE/black#74,
tr8fr,r2r2k1/2RP1ppp/1p6/8/8/8/6PP/4R1K1 b - - 0 26,a8b8 e1c1 g8f8 c7c8 f8e7 c8b8,2170,78,90,1451,crushing endgame long quietMove rookEndgame,https://lichess.org/I1W66Irh/black#52,
tsJpg,8/8/p3k2R/3r3p/5p2/2Bb1P1P/4pK2/8 b - - 3 41,e6f5 h3h4 e2e1q f2e1,2176,92,86,27,crushing endgame quietMove short,https://lichess.org/ajERkjhh/black#82,
tsTgy,8/4p2p/2k2p2/8/1P1K1P2/8/7P/8 b - - 2 49,h7h5 f4f5 h5h4 d4c4 c6d6 c4b5 e7e5 f5e6,2153,134,88,40,crushing enPassant endgame pawnEndgame quietMove veryLong,https://lichess.org/JTqYC1RH/black#98,
tsnao,8/8/4k1p1/p4p1p/B2KpP1P/3p2P1/8/8 w - - 4 55,d4e3 e6d5 a4e8 d5c4 e8g6 a5a4 g3g4 c4c3,2178,147,67,13,bishopEndgame crushing defensiveMove endgame quietMove veryLong,https://lichess.org/kgF4VLUi#109,
tsypq,5br1/pp6/2k4p/6pB/5p2/1Pp2P1P/P5PB/3R2K1 w - - 3 28,g1f1 f8a3 d1d4 b7b5,2100,79,84,54,advantage defensiveMove endgame quietMove short,https://lichess.org/lS6qcg2i#55,
tt7fd,8/4Nk2/3K4/1r1P4/6P1/1b6/7P/8 b - - 4 51,b5d5 e7d5 f7g6 h2h4 b3d1 d5f4,2130,93,12,24,crushing endgame long master quietMove,https://lichess.org/csFgffun/black#102,
ttWZS,7k/5Q1p/3p3P/2p1q1K1/6P1/P7/5P2/8 w - - 3 40,f7f5 c5c4 f5e5 d6e5 g5f5 c4c3,2173,77,92,3912,crushing endgame long master queenEndgame quietMove,https://lichess.org/KR62MnR7#79,
ttj3f,3k4/1pr2p2/4p1pp/P1RpP3/3P1KPP/4P3/8/8 w - - 1 39,g4g5 c7c5 d4c5 h6h5 e3e4 d5d4,2182,86,86,33,crushing defensiveMove endgame long quietMove rookEndgame,https://lichess.org/0LoJDFq5#77,
tts9d,8/7p/8/1pk2pP1/7P/P1K1pP2/8/8 b - - 0 42,c5d6 f3f4 e3e2 c3d2 e2e1r d2e1,2142,78,86,107,crushing endgame long pawnEndgame quietMove,https://lichess.org/FRGoClWM/black#84,
ttsAz,rr4k1/p1q2pbp/3pp1p1/8/B1nBP3/2P2P2/P1P1Q1PP/2KR3R w - - 4 21,d4g7 c7c5 e2c4 c5c4,2107,79,77,56,crushing middlegame quietMove short,https://lichess.org/fdSRHTMg#41,
ttw1R,1k6/8/1R2N3/1pPp2p1/1r6/3b4/5K2/8 b - - 1 56,b8a7 e6d8 b4f4 f2e3,2142,75,94,2889,crushing defensiveMove endgame master masterVsMaster quietMove short,https://lichess.org/d1vYInI9/black#112,
tu4sP,8/4B3/6p1/1p1p1k1p/1PpP1P1P/2Pb2K1/8/8 w - - 1 44,e7g5 f5e4 g3f2 d3f1 f4f5 g6f5,2115,80,91,1212,bishopEndgame crushing endgame long quietMove,https://lichess.org/bUHEvViA#87,
tuCyw,r1b5/7k/p2N3p/1p1P3P/8/2N1pr2/PP2K3/6R1 b - - 1 28,f3h3 c3e4 c8g4 g1g4,2106,76,84,157,crushing endgame quietMove short,https://lichess.org/ySWNk6qA/black#56,
tuNqo,5r1k/p6p/1r2Q3/8/2p2q2/2P4P/P1PR4/2K3R1 w - - 2 31,e6d5 f8b8 d5d4 f4d4 d2d4 b6b1 c1d2 b1g1,2124,95,54,27,advantage endgame quietMove skewer veryLong,https://lichess.org/jt8fDkq3#61,
tubzM,2Q5/5ppk/3P3p/1p6/1P6/7P/r1p2PP1/3q1RK1 w - - 3 36,d6d7 a2a1 c8c2 d1c2 d7d8q a1f1,2171,83,90,1055,crushing endgame long quietMove,https://lichess.org/rw9SvWBH#71,
tuqaB,5r2/R4P2/4p2p/6p1/3k2P1/5KP1/8/8 b - - 6 73,e6e5 a7d7 d4c5 f3e4 c5c6 d7a7 c6d6 e4f5,2151,90,91,28,crushing endgame quietMove rookEndgame veryLong,https://lichess.org/RCFLu22z/black#146,
turnc,8/Pk6/1P6/8/4pp2/1R5K/r4P2/8 b - - 1 64,a2f2 b3a3 f2f3 a3f3 e4f3 h3h2 f3f2 h2g2 f2f1q g2f1,2120,75,83,213,crushing endgame master quietMove rookEndgame veryLong,https://lichess.org/VV11tzev/black#128,
tusXK,8/8/pK6/P4p1N/5Pp1/6P1/5kP1/5b2 w - - 1 51,h5g7 f1d3 g7h5 f2g2 b6c5 d3b5,2179,111,85,16,crushing defensiveMove endgame long quietMove,https://lichess.org/mRHnVVvH#101,
tutJv,8/p7/1p3k2/3pN3/P1bP2P1/4K3/8/8 b - - 0 37,f6g5 e5c4 d5c4 d4d5 g5f6 e3d4 c4c3 d4c3,2133,76,82,534,crushing endgame quietMove veryLong,https://lichess.org/fe9aaLB2/black#74,
tv514,8/8/6p1/6kp/3p4/3P2PK/5P2/8 b - - 1 43,g5f6 h3h4 f6f5 f2f3 f5f6 g3g4,2195,83,90,1232,crushing endgame long pawnEndgame quietMove zugzwang,https://lichess.org/U7CuRvN8/black#86,
tvpbV,r2q1r1k/p4ppB/bp2p3/4P3/1b1PQ3/5N2/P4PPP/2BK3R b - - 1 16,a8c8 c1g5 b4e7 e4h4 e7g5 f3g5 d8g5 h4g5,2179,77,92,3189,advantage master middlegame quietMove veryLong,https://lichess.org/6fDU7HCz/black#32,Queens_Gambit_Declined Queens_Gambit_Declined_Exchange_Variation
tvrsQ,5k2/5p1p/2n3p1/1K6/P7/2P5/6PP/8 b - - 4 37,c6b8 a4a5 f8e8 a5a6 b8a6 b5a6,2191,80,91,973,advantage endgame knightEndgame long quietMove,https://lichess.org/u5ChKsIY/black#74,
twGVr,r3b1k1/4r1b1/pq2p3/3pP1Q1/1p1P4/8/PP2NPP1/3RK2R b K - 5 24,a8a7 d1d3 b6c7 d3h3 c7c2 h3h8,2118,93,77,23,advantage long middlegame pin quietMove,https://lichess.org/VpG5FPkE/black#48,
twHK8,2R2rk1/8/p5K1/6P1/1P1pp3/P7/8/8 w - - 2 48,c8c7 f8d8 c7g7 g8f8,2100,76,96,391,advantage endgame quietMove rookEndgame short,https://lichess.org/Dkyp1CM4#95,
twOt0,8/p1q1r1k1/Qp6/PPpB1pP1/2Pb1P2/5RK1/4Pp2/8 b - - 1 41,e7e2 a5b6 a7b6 a6a8 g7g6 a8g8,2107,76,82,79,crushing endgame long master masterVsMaster quietMove,https://lichess.org/SRASOQgG/black#82,
twnvh,3k4/ppp4p/3p1Qp1/3P4/2P5/1P2P3/P3r2q/2KR4 b - - 0 26,d8e8 d1f1 e2c2 c1b1 c2b2 f6b2,2164,102,-11,22,crushing endgame long quietMove,https://lichess.org/m5LgDQNY/black#52,
twqHM,8/p7/6Q1/kq5p/6P1/6KP/5r2/8 b - - 2 45,b5b6 g6b6 a5b6 g3f2 h5g4 h3h4 a7a5 h4h5,2185,74,94,6063,crushing defensiveMove endgame quietMove veryLong,https://lichess.org/JL2FoTSq/black#90,
tx8DR,8/8/8/p1k2P2/4p1K1/6P1/8/8 w - - 1 55,g4f4 a5a4 f4e4 a4a3 f5f6 c5d6 f6f7 d6e7 f7f8q e7f8,2136,77,93,2534,crushing endgame pawnEndgame quietMove veryLong,https://lichess.org/5U2cpj1K#109,
txWS1,3k4/p7/Pp1Pb3/1B2Pp2/2pK4/8/8/8 w - - 4 51,b5c4 e6c4 d4c4 f5f4 c4d4 b6b5 e5e6 f4f3 d4e3 b5b4 e3f3 b4b3,2114,148,82,22,bishopEndgame crushing endgame quietMove veryLong,https://lichess.org/lGq7QfEY#101,
txg7K,R7/5pkp/p3r1p1/1p4P1/nP3n2/5P2/P1P4P/2KR4 b - - 6 26,a4c3 d1d8 e6e1 c1d2 e1d1 d2c3 d1d8 a8d8,2174,80,90,353,advantage defensiveMove endgame quietMove veryLong,https://lichess.org/wazAza7D/black#52,
txoYV,1k6/1P3p1p/6p1/2rK4/3P4/8/7P/8 w - - 0 51,d4c5 b8b7 d5e5 f7f5 e5d6 b7c8,2174,139,28,19,crushing defensiveMove endgame long pawnEndgame quietMove,https://lichess.org/ZwyzYRPD#101,
ty6b8,r1b1kb1r/pp3ppp/2p5/2n1P1B1/2B1P3/2N2N2/PPP2qPP/R2Q3K b kq - 3 13,c8g4 c3d5 c5e6 g5e3 f2h4 f3h4 g4d1 a1d1,2172,138,9,8,crushing middlegame quietMove trappedPiece veryLong,https://lichess.org/AOJbO2AJ/black#26,Caro-Kann_Defense Caro-Kann_Defense_Maroczy_Variation
tz1hR,5rk1/3R4/6p1/3R3p/7P/6PK/8/2r5 w - - 0 65,d5g5 f8f2 g5g6 g8f8 g6f6 f2f6,2147,75,92,303,crushing endgame long quietMove rookEndgame,https://lichess.org/2dHx31gV#129,
tz3Mo,8/1pq3k1/8/2p1b2p/Q5P1/4P3/3rB1P1/5R1K w - - 3 52,e2f3 c7e7 g4g5 e7g5,2196,79,82,161,crushing endgame quietMove short,https://lichess.org/DqPRhkB3#103,
tzPrp,6k1/p3p1bp/b1P3p1/P2Ppp2/4P3/5P1P/1rB1N1P1/2R3K1 w - - 4 27,g1f1 g7h6 c2d3 a6d3 c6c7 d3e2 f1e1 e2a6 c7c8q a6c8,2183,77,90,1140,advantage endgame quietMove veryLong,https://lichess.org/pwYxLhcs#53,
tzZWQ,k7/P7/1P6/1KP5/7P/4r3/7P/8 b - - 2 58,a8b7 c5c6 b7a8 c6c7 e3c3 h4h5 a8b7 h5h6,2116,80,86,39,advancedPawn crushing endgame quietMove rookEndgame veryLong,https://lichess.org/l60O2yCn/black#116,
tzdW3,8/8/pp1k4/6p1/P2K2Pp/7P/2P5/8 b - - 0 46,d6e6 d4e4 b6b5 a4a5 b5b4 e4d4 e6d6 d4c4,2173,237,43,8,crushing endgame pawnEndgame quietMove veryLong zugzwang,https://lichess.org/eYmnyXdC/black#92,
tzhcq,6rk/6bp/8/4PP2/2p1Q1N1/2Pp4/qr5P/3RR2K w - - 3 43,f5f6 g7f8 d1a1 g8g4 a1a2 g4e4,2157,134,87,13,crushing discoveredAttack long master middlegame quietMove,https://lichess.org/17wcj4zU#85,
tzoOb,8/8/2p2n2/5k2/3B1p2/3K1P2/8/8 w - - 5 76,d4f6 f5f6 d3d4 f6g5 d4e4 c6c5 e4e5 c5c4 e5e4 c4c3,2129,78,91,1489,crushing endgame quietMove veryLong,https://lichess.org/387FTaDw#151,
tzq7C,8/8/8/1Kp5/P1Pb4/1k6/8/8 b - - 1 55,b3c3 a4a5 d4e5 b5c5 e5b8 c5b5 c3d4 c4c5,2178,80,87,680,bishopEndgame crushing defensiveMove endgame quietMove veryLong,https://lichess.org/HyvFjSIJ/black#110,
tztPG,r5k1/4R1bp/1qp3p1/1p3rp1/p3N3/2P4P/PPQ2P2/3R2K1 b - - 1 23,a8f8 d1d7 f5f7 e7f7 f8f7 d7f7 g8f7 e4g5,2168,79,71,76,attraction crushing kingsideAttack middlegame quietMove veryLong,https://lichess.org/lgHwWCLF/black#46,
u0QGl,8/8/1p6/p4kpp/P2p4/3P2KP/1P3P2/8 w - - 0 37,g3f3 h5h4 b2b3 g5g4 h3g4 f5g5,2182,137,63,8,crushing endgame exposedKing long pawnEndgame quietMove zugzwang,https://lichess.org/NQ8btrue#73,
u0QLw,6k1/5p1p/p2KpP1P/P5N1/8/8/8/5b2 b - - 10 54,f1d3 d6e7 d3g6 g5f3 e6e5 f3e5,2172,86,85,34,crushing endgame long quietMove zugzwang,https://lichess.org/DWWLuJMV/black#108,
u0hz6,8/8/4p1k1/1p1pP1pp/2pPn3/2P1K3/1P6/R7 w - - 2 40,a1a6 g6f5 a6a8 h5h4 a8f8 f5g4,2103,75,92,963,crushing defensiveMove endgame long quietMove,https://lichess.org/L4v1bbtU#79,
u0sKX,7k/ppp3rp/3prQ2/4p3/4P3/2B4n/P6P/3R3K w - - 0 28,f6h4 e6h6 h4e1 h6f6 c3e5 h3f2 e1f2 f6f2,2174,202,73,11,crushing endgame fork quietMove veryLong,https://lichess.org/Ahble6jV#55,
u11f1,6k1/8/8/3P1K1P/4PP2/5r2/8/8 b - - 2 64,f3d3 f5e6 d3d4 e4e5 d4f4 d5d6,2100,75,93,193,crushing endgame long quietMove rookEndgame,https://lichess.org/RAWfZ1fO/black#128,
u1SIX,8/8/p5pp/P2k4/3p2PP/3K4/2P5/8 w - - 0 39,h4h5 g6g5 c2c3 d4c3 d3c3 d5c5,2164,80,94,1733,crushing defensiveMove endgame long pawnEndgame quietMove zugzwang,https://lichess.org/XZXhd2u2#77,
u1azP,8/4k1K1/8/1p4N1/5p2/8/8/8 w - - 0 60,g5e4 f4f3 e4d2 f3f2 g7g6 b5b4 g6g5 b4b3 g5f4 b3b2,2127,76,86,97,advancedPawn crushing endgame knightEndgame quietMove veryLong,https://lichess.org/4IctvSEa#119,
u1i2m,8/7R/4kp1P/p7/3p4/5PK1/r5P1/8 b - - 0 37,e6f5 h7g7 a2a1 g3h2 d4d3 h6h7 a1h1 h2h1,2173,75,96,965,advancedPawn crushing endgame quietMove rookEndgame veryLong,https://lichess.org/ZshNYUxs/black#74,
u1oWF,8/p7/1p2p3/4P1pk/PP6/4K3/2P5/8 b - - 1 36,g5g4 c2c4 h5h4 e3f2 h4g5 c4c5,2168,78,77,45,crushing endgame long pawnEndgame quietMove,https://lichess.org/mtxdXyHO/black#72,
u2L01,1r3rk1/5p1p/n2p2p1/2nP1P2/q1pQ4/8/PP4PP/R1B1R2K b - - 0 20,c5b3 a2b3 a4a1 c1d2 a1e1 d2e1,2178,78,84,104,advantage long middlegame quietMove sacrifice,https://lichess.org/NdeUsjPM/black#40,
u2ZCt,4b3/7p/1p2pp2/k1p5/P1P3PP/3K4/5P2/3B4 b - - 3 38,e8a4 d1a4 a5a4 f2f4 b6b5 c4b5,2122,74,99,331,bishopEndgame crushing endgame long quietMove,https://lichess.org/VKuNyykI/black#76,
u2t9a,8/6p1/7p/1k6/p7/P2K2P1/1P5P/8 w - - 1 61,b2b4 a4b3 d3c3 b5a4 c3b2 h6h5 h2h3 g7g5 h3h4 g5g4 b2b1 a4a3,2199,80,90,1013,crushing enPassant endgame pawnEndgame quietMove veryLong zugzwang,https://lichess.org/Ma71XaCj#121,
u33Vh,2rr3k/5p1p/p1b1pqp1/1p5P/3pP1Q1/3B4/PPP2PR1/6RK b - - 0 26,g6h5 g4h5 d8g8 e4e5 f6g7 f2f3 c6f3 h5f3 g7h6 g2h2,2168,87,86,69,crushing middlegame quietMove veryLong,https://lichess.org/0nK7Cu1F/black#52,
u3N1a,6k1/6p1/p2R3p/3pN2K/P2P1r2/2r5/6PP/8 b - - 10 34,f4d4 d6d8 g8h7 e5g6 d4h4 g6h4,2191,79,86,194,advantage endgame long quietMove,https://lichess.org/3o7ai0tw/black#68,
u3Ojl,8/8/7p/5pp1/1PK2k2/3R3P/6r1/8 b - - 1 47,g2g3 d3g3 f4g3 b4b5 f5f4 b5b6 f4f3 b6b7 f3f2 b7b8q,2106,74,85,198,advancedPawn crushing endgame promotion quietMove rookEndgame veryLong,https://lichess.org/JtuXhF7N/black#94,
u3Z3K,4r3/1b1q1kbQ/p4r1p/3p2p1/8/6B1/P1B2PPP/R4RK1 w - - 2 24,c2g6 f6g6 f2f4 g5g4 f4f5 g6f6,2166,81,81,249,crushing long middlegame quietMove,https://lichess.org/CB5JosQ4#47,
u3ale,r7/2RN1pk1/4p1bp/3pP1p1/1P4P1/p5KP/P4P2/8 b - - 1 30,a8a4 b4b5 a4b4 b5b6 d5d4 b6b7,2183,87,91,2466,advancedPawn crushing endgame long quietMove,https://lichess.org/zcpXb1M2/black#60,
u3nDM,k7/B4p2/PP1Kp3/1P2P2p/8/8/7b/8 w - - 0 44,d6c6 h2e5 c6d7 h5h4 d7c8 h4h3 a7b8 e5b8 b6b7 a8a7 b5b6 a7a6 c8b8 h3h2,2177,78,86,295,advancedPawn bishopEndgame crushing endgame quietMove veryLong,https://lichess.org/MbcmXOhr#87,
u481L,8/8/1pp2k1p/p4P1P/2P1K3/1P6/1P6/8 w - - 0 36,e4d4 f6f5 c4c5 b6b5 d4e3 f5e5,2180,78,88,407,crushing defensiveMove endgame long pawnEndgame quietMove,https://lichess.org/0GyhtXhY#71,
u4M7f,8/8/4p3/8/1k6/2p1PP2/2K5/8 w - - 0 46,e3e4 e6e5 f3f4 e5f4 e4e5 f4f3,2125,78,91,1276,crushing endgame long master pawnEndgame quietMove,https://lichess.org/Mrs6UZto#91,
u4Vm6,8/6p1/p3k2p/2p5/1pP1K2P/1P4P1/P7/8 b - - 0 35,g7g5 h4h5 e6d6 e4f5,2174,80,46,64,crushing endgame pawnEndgame quietMove short zugzwang,https://lichess.org/YzzCPKfm/black#70,
u5JAX,4rrk1/5ppp/2pQ4/8/p1qR1P2/P5R1/6PK/8 b - - 3 31,c4e2 d6h6 g7g6 g3h3 e2h5 h3h5,2191,78,83,76,crushing endgame long master pin quietMove,https://lichess.org/IiS3V8gx/black#62,
u5Rww,4R3/2p3pk/p4r1p/P2qNp1P/3p1P2/6R1/6P1/7K b - - 0 34,d4d3 e5g6 d5g8 e8g8,2129,76,92,2399,crushing endgame quietMove short,https://lichess.org/UsyRLMng/black#68,
u5TFr,4R3/3r1pk1/2p1bbp1/8/1P3Q1p/P4P1P/1P4P1/1K6 w - - 9 43,e8g8 g7g8 f4f6 e6b3 f6c6 d7d1,2141,75,87,225,advantage endgame long master quietMove,https://lichess.org/dxIw8jL8#85,
u5bLv,r3r1k1/p1pq1ppp/2pbbn2/4p3/Q2P4/2P2N1P/PP3PP1/RNB1R1K1 b - - 0 13,e6h3 d4e5 h3g4 b1d2 f6d5 e5d6,2165,98,49,40,advantage fork long middlegame quietMove,https://lichess.org/rWj7o5kj/black#26,Russian_Game Russian_Game_Italian_Variation
u5ggA,4r3/6bk/2P3pp/3Npq2/4R3/6P1/PQ5P/6K1 w - - 1 39,b2b7 e8f8 b7b1 f5f2,2107,74,90,1345,crushing endgame master quietMove short,https://lichess.org/HS1vbjmo#77,
u5m0D,8/1pp2kp1/6R1/p4P2/P5P1/2P5/K7/1r6 b - - 2 40,b1b6 g6b6 c7b6 g4g5 b6b5 a4b5,2150,75,94,1001,crushing endgame long quietMove rookEndgame,https://lichess.org/EO41fDhw/black#80,
u5wPl,8/2pr1pkp/5Qp1/6r1/P5q1/2P5/1P3R1P/5R1K b - - 4 33,g7g8 f1e1 g4d1 e1d1,2130,78,71,70,crushing endgame master quietMove short,https://lichess.org/FMKCS9yX/black#66,
u6IBw,2B5/8/8/5P2/7p/3K2k1/2n5/8 b - - 2 56,h4h3 d3c2 h3h2 c8b7 h2h1q b7h1,2106,77,92,232,crushing endgame hangingPiece long quietMove,https://lichess.org/mzQuyxZy/black#112,
u6Xw1,r5k1/1p2p2p/p2p2pB/q7/2PbP3/6Q1/P5PP/5R1K b - - 4 23,a5a2 g3f3 d4f6 e4e5 a2c4 e5f6,2170,81,70,46,crushing endgame long quietMove,https://lichess.org/7RCEaA1J/black#46,
u6qIg,6k1/1pp2p1p/p1n2Bp1/8/8/3P3P/PP2rPP1/1R3K2 b - - 1 20,e2d2 b1e1 g8f8 f6g5,2120,81,85,269,crushing endgame quietMove short,https://lichess.org/blNwnjrC/black#40,
u71xK,8/8/4kppp/p2p4/Pp1P3P/1P2K1P1/5P2/8 w - - 3 40,f2f4 e6f5 e3f3 h6h5 g3g4 h5g4 f3g3 f5e4 g3g4 e4d4 f4f5 g6f5,2127,82,63,37,crushing endgame pawnEndgame quietMove veryLong zugzwang,https://lichess.org/lyPzFt9W#79,
u79Jj,r1b2rk1/3p1p1p/qp1p2p1/N4p2/1P6/P3P1P1/5PBP/Q3K1NR w K - 0 16,a5c4 a6c4 g2a8 c8a6 a8g2 f8c8 a1b2 c4d3,2181,79,82,63,advantage clearance middlegame quietMove sacrifice veryLong,https://lichess.org/n5znpoEp#31,Trompowsky_Attack Trompowsky_Attack_Other_variations
u7VZn,8/1Np4k/7p/1pP1n2K/1P2r3/P5R1/8/8 w - - 4 37,b7d8 e5g6 g3g6 e4e5 g6g5 e5g5,2103,154,-8,12,clearance crushing endgame long quietMove sacrifice,https://lichess.org/N9tCEvsN#73,
u7YnB,2r1r1k1/5p2/6pQ/1PppPp2/5P2/2q5/6PP/1RR4K b - - 1 31,c3d4 b1b3 e8e5 f4e5,2110,89,100,30,crushing endgame master quietMove short,https://lichess.org/PD1y9ZSS/black#62,
u7hXY,r2q1r1k/ppp3p1/2np3p/3N4/2P5/1B3N1P/PP6/R2Q2K1 b - - 0 18,c6e7 f3h4 e7d5 h4g6 h8h7 g6f8,2171,77,92,2644,crushing fork long middlegame quietMove sacrifice,https://lichess.org/Y3E3uUr0/black#36,Italian_Game Italian_Game_Anti-Fried_Liver_Defense
u7q9v,5k2/8/p3R2P/1b6/1r4P1/5PK1/8/8 b - - 0 47,a6a5 e6g6 b5d3 h6h7 d3g6 h7h8q,2154,89,90,1167,advancedPawn crushing endgame long promotion quietMove,https://lichess.org/Xg01JipH/black#94,
u8Ruz,5rk1/p1p1bp2/1p2p1p1/3n4/3P1Q1P/2PB1P2/1P3P2/2K5 w - - 0 24,f4h6 e7d6 c1c2 d6f4 h6f8 g8f8,2159,76,96,3634,crushing endgame long quietMove trappedPiece,https://lichess.org/3nqAeyVp#47,
u8Zld,8/1R5p/6p1/5p2/8/1rk4P/6PK/8 w - - 0 41,b7b3 c3b3 h2g3 g6g5 h3h4 h7h6 h4g5 h6g5,2199,96,77,20,crushing endgame quietMove veryLong,https://lichess.org/Pnb9Av1e#81,
u8jek,5r2/p1pk4/1p4r1/1P1P1b2/P1PR4/4R1K1/8/3B4 w - - 3 37,d1g4 f8g8 e3e4 d7d6 g3f3 f5e4,2168,89,72,30,advantage endgame long pin quietMove,https://lichess.org/M6UOzIaW#73,
u96j7,rnb2rk1/pppp1p2/7n/4P1qp/2B2pp1/1P6/PBPPQ1P1/RN2K2R b KQ - 3 11,f8e8 b1c3 e8e5 c3e4,2172,121,88,37,advantage middlegame quietMove short,https://lichess.org/vvKADxZK/black#22,Kings_Gambit_Accepted Kings_Gambit_Accepted_Allgaier_Gambit
u9Mhk,8/4p3/4Pp2/1k1p1Pp1/1P1P1nP1/8/1B1K4/8 w - - 8 53,d2c3 f4h3 c3b3 h3f2 b2c1 f2g4,2106,101,72,19,crushing endgame long quietMove,https://lichess.org/CVdp7i1h#105,
u9az2,r4rk1/3q1pp1/p6p/PpPb2b1/1P2B3/7P/6PK/R2Q1R2 w - - 0 24,e4d5 a8d8 d5f7 f8f7,2114,74,92,3506,advantage middlegame quietMove short,https://lichess.org/D4LbD0eo#47,
u9dnI,rn1qkb1r/pbp2p1p/1p2p1p1/4N2Q/2B5/2P5/P1PP1PPP/R1B1K2R w KQkq - 0 9,c4b5 c7c6 h5f3 d8c7 f3f6 h8g8 b5e2 f8g7,2122,76,87,238,clearance crushing defensiveMove opening quietMove veryLong,https://lichess.org/1HW61Xlm#17,Scandinavian_Defense Scandinavian_Defense_Modern_Variation
u9kK9,r4rk1/5p1p/p1b1p1pB/3q4/P7/2P3Q1/1PB2PnP/R4RK1 w - - 0 24,h6f8 g2f4 f2f3 f4e2 g1g2 e2g3,2162,74,93,7002,crushing fork long middlegame quietMove,https://lichess.org/Yr2Quqie#47,
uA0pn,3q2k1/2p5/1b1r2pp/pP6/P3Q3/8/4B1PP/5R1K b - - 2 35,g8g7 e4e5 d6f6 f1d1 d8c8 e2c4 c8f5 e5e7,2184,131,77,29,advantage endgame quietMove veryLong,https://lichess.org/MFQ1BAVE/black#70,
uAHAY,4nrk1/1p2bp1p/1q2p1pQ/3pB3/1P3P2/1n1BPR2/r1N3PP/3R2K1 b - - 7 23,f7f6 f3h3 f8f7 d3g6,2170,78,90,549,advantage middlegame quietMove short,https://lichess.org/9aiFpaTn/black#46,
uATDQ,4k2r/3n1ppp/b3p3/n2pP3/2pP4/N1P2N2/3K1PPP/R2B4 b k - 1 18,e8e7 a3b1 a5b3 d1b3 c4b3 a1a6,2106,73,93,6144,crushing long middlegame quietMove,https://lichess.org/16C28IYm/black#36,Sicilian_Defense Sicilian_Defense_Mengarini_Variation
uAUBf,1r5k/5ppp/p7/2nRpP2/4PbPP/P1q5/BPP1Q3/1K5R w - - 3 28,b2b3 c5a4 d5d8 b8d8 b3a4 f4e3,2110,137,81,22,advantage defensiveMove long middlegame pin quietMove,https://lichess.org/z6jxcFZO#55,
uAotA,r5k1/pp3r1p/2bb1P1B/4p3/2Bp2Np/8/PPP3P1/6RK b - - 0 32,h4h3 h6g7 h7h5 g4h6,2133,76,78,123,crushing middlegame pin quietMove short,https://lichess.org/cbLhonDj/black#64,
uB3Jr,8/5p2/1p6/p7/P6P/3k4/5K2/8 b - - 0 53,b6b5 h4h5 b5b4 h5h6 b4b3 h6h7 b3b2 h7h8q,2193,81,91,1057,advancedPawn crushing endgame pawnEndgame promotion quietMove veryLong,https://lichess.org/d3bwgVGX/black#106,
uBVk9,8/8/7R/k1p5/2P3P1/p1P2PKP/4r3/8 w - - 3 45,h6c6 a3a2 c6c8 e2e6 c8a8 e6a6,2197,81,81,123,advancedPawn crushing endgame long quietMove rookEndgame,https://lichess.org/w3tbhgDx#89,
uCBth,6k1/Qp3p2/2pqr1pp/8/1P6/2P4P/6P1/5R1K b - - 4 37,b7b5 a7f7 g8h8 f1a1 d6d8 f7e6,2105,76,88,892,crushing endgame long quietMove,https://lichess.org/Y8EBD2d6/black#74,
uCn79,5rk1/1q1R1pp1/pr2p3/1Bb3Np/Q1P3nP/4P3/PP4P1/2K2R2 b - - 1 24,a6b5 a4c2 c5e3 c1b1 e3g5 d7b7,2142,76,82,56,advantage defensiveMove long middlegame quietMove,https://lichess.org/ugGg0WLC/black#48,
uCtcv,8/5pk1/5p2/1p1qr2p/1Q6/4P1P1/5P1P/2R3K1 b - - 5 36,f6f5 c1c8 f5f4 b4f8,2133,77,91,1849,crushing endgame quietMove short,https://lichess.org/feS4dapj/black#72,
uDLsa,5r2/pq2R1bk/1p4pp/2p5/2Pp1p1Q/5P2/PP3K2/3R4 b - - 1 32,b7a6 d1h1 h6h5 h4g5 a6c4 h1h5 h7g8 g5g6,2163,86,44,41,crushing deflection discoveredAttack endgame quietMove veryLong,https://lichess.org/CuXMO5J6/black#64,
uDM9I,8/8/2K5/2p5/2k5/1p6/PP6/8 w - - 0 43,a2a3 c4d4 c6b5 c5c4 b5b4 d4d3 a3a4 c4c3,2160,82,87,56,crushing endgame pawnEndgame quietMove veryLong,https://lichess.org/6PHoztZi#85,
uDrte,3rr1k1/pp3pp1/2q4p/7N/1Q6/5PP1/P5KP/R7 b - - 0 24,d8d2 b4d2 c6b5 h5f4 g7g5 f4d3 e8d8 a1d1,2133,78,90,1019,advantage defensiveMove endgame hangingPiece quietMove veryLong,https://lichess.org/ETCyGvDs/black#48,
uE5Za,r3k2r/p1pnqp2/1p1p1n1p/1Q1Pp1p1/8/2P2NB1/P1P2PPP/R3R1K1 b kq - 1 16,e8c8 b5a6 c8b8 f3d4 e5d4 e1e7,2163,75,93,8053,crushing long middlegame quietMove,https://lichess.org/VbB6NfTy/black#32,French_Defense French_Defense_Normal_Variation
uENGa,8/7p/2pk1p2/P2p1Pp1/6P1/3P2P1/3K4/8 w - - 1 46,a5a6 d6c7 d2c3 c6c5 d3d4 c5c4 a6a7 c7b7,2170,74,93,5932,crushing endgame pawnEndgame quietMove veryLong,https://lichess.org/X89GpK6l#91,
uEP5n,r6k/p4p1p/1p2b3/2p5/2P1P2P/N5R1/Pq6/6QK b - - 0 33,b2a2 g1c1 a2f2 c1g5 f2d4 a3b5,2130,137,86,57,advantage endgame long quietMove,https://lichess.org/YAmWcpC8/black#66,
uEbSl,8/5p2/4p1p1/1k2P3/p1p2PP1/P1K5/1P6/8 b - - 1 47,b5c5 g4g5 c5d5 c3b4 d5e4 b4a4,2131,78,91,951,crushing endgame long pawnEndgame quietMove zugzwang,https://lichess.org/Z28pcHxO/black#94,
uEtV1,8/p4pk1/1pK4p/6p1/1P4P1/7P/5P2/8 b - - 2 41,g7f6 b4b5 f6e5 c6b7 e5d5 b7a7 d5c5 a7a6 f7f6 f2f3,2163,75,85,206,crushing defensiveMove endgame pawnEndgame quietMove veryLong zugzwang,https://lichess.org/FYhsbR1p/black#82,
uF5v3,8/p7/1p6/2pk4/5K2/1P3P2/P7/8 w - - 0 44,f4g5 b6b5 g5f4 d5d4 f4g3 c5c4,2106,78,86,51,crushing endgame long pawnEndgame quietMove,https://lichess.org/10nvm8ei#87,
uFDF6,2r3k1/3p2p1/4p2p/1PbbP3/P7/2n2N2/5QPP/6RK w - - 5 33,f2f1 c3e4 h2h4 e4g3 h1h2 g3f1,2109,79,90,1164,crushing fork long middlegame quietMove,https://lichess.org/scnPdnhu#65,
uFOj2,8/8/pp2p1p1/1Pp1P1kp/2P1Kp2/P4P2/7P/8 b - - 0 30,a6b5 c4b5 c5c4 a3a4 c4c3 e4d3 g5f5 a4a5,2120,74,94,4952,crushing endgame pawnEndgame quietMove veryLong,https://lichess.org/ifo8BUgV/black#60,
uFdOg,6k1/1q3p2/p3pQpp/P2bR3/2p2P1P/2P1R3/6PK/3r4 w - - 1 38,e3g3 b7b1 g3g6 b1g6 f6g6 f7g6,2116,76,91,857,advantage endgame long quietMove,https://lichess.org/D4A7btIs#75,
uGn3H,7r/8/p3R3/P2p3P/1P1k1p1K/8/8/8 w - - 0 60,e6a6 h8f8 a6g6 f4f3 g6g1 f3f2,2183,84,71,39,advancedPawn crushing endgame long quietMove rookEndgame,https://lichess.org/HZ1oxKSf#119,
uGoPq,6k1/pp3p2/5qpQ/P1p5/2P3rp/1P6/5P1P/3R1K2 b - - 1 31,g4f4 d1e1 f4f2 f1g1 f2f1 e1f1,2121,99,87,22,advantage endgame long master quietMove,https://lichess.org/UwXYvNaC/black#62,
uGtOo,8/1pr5/1K1R1pk1/7p/PP6/7n/8/8 b - - 1 56,c7c6 d6c6 b7c6 a4a5 h3f4 a5a6 f4d5 b6b7,2180,88,81,30,advantage endgame quietMove veryLong,https://lichess.org/b2UM9m5b/black#112,
uGzJw,8/6kp/2N3p1/3p1p2/P1pP4/R1P2PKP/2r3P1/5b2 w - - 2 36,g3f4 g7f6 h3h4 h7h6 f4g3 c2g2,2167,81,82,36,crushing endgame long quietMove,https://lichess.org/83HNMseZ#71,
uH60k,8/8/8/2k1p3/6K1/p4P2/P7/8 w - - 2 52,g4f5 c5d4 f3f4 e5e4 f5g6 e4e3 f4f5 e3e2,2145,80,91,2963,advancedPawn crushing endgame master pawnEndgame quietMove veryLong zugzwang,https://lichess.org/X23QNkn7#103,
uHHeA,r1b1rk2/ppq2ppB/2pb4/3pP1P1/5B2/8/P1P1QP1P/1R3RK1 b - - 0 18,d6e5 f1e1 c8g4 f4e5 g4e2 e5c7,2154,82,85,31,advantage intermezzo long master middlegame quietMove,https://lichess.org/ihnO0TrD/black#36,Scandinavian_Defense Scandinavian_Defense_Main_Line
uHJFm,r5k1/pbp1r3/1p1pNnB1/3P1Q2/2P3p1/P3q3/1P4PP/R6K b - - 1 25,f6e4 a1f1 e3h6 f5e4,2193,109,77,18,advantage middlegame quietMove short,https://lichess.org/UQphS2hJ/black#50,
uHPKg,r5k1/ppqB2p1/2pb3p/3bp3/3P3N/1P1n3P/PB3QP1/2R1R1K1 w - - 1 24,f2g3 e5e4 g3g4 d6h2,2167,77,90,2492,advantage clearance middlegame quietMove short,https://lichess.org/z6drw968#47,
uHytF,3r4/pp2Rrk1/2p2p2/3p2p1/PP1P1nP1/2P2K2/3Q1P2/8 w - - 2 30,d2e1 d8h8 e7f7 g7f7 e1f1 h8h3 f1h3 f4h3,2111,79,86,90,crushing endgame quietMove veryLong,https://lichess.org/pNz6NQu9#59,
uIFED,8/1p3r1p/p2P2pk/2qB3r/2P4P/1P4Q1/4R2K/8 b - - 2 39,f7d7 g3f4 h6g7 e2e8 h5h4 f4h4,2142,106,76,33,crushing endgame long quietMove,https://lichess.org/iiVsPBUS/black#78,
uIHBc,r1b4k/5qrn/2p1p3/1p1nP1b1/p2P2Q1/P1N4R/1P3PPP/1B3RK1 w - - 3 27,b1h7 g5h6 h3h6 g7g4,2129,78,84,40,crushing discoveredAttack middlegame quietMove short,https://lichess.org/2P4K2j3P#53,
uIJHe,2r2bk1/1N5p/p1P3p1/5p2/P7/3p1PP1/1P3P2/2R2K2 w - - 0 32,f1e1 f8b4 e1d1 c8e8 c1c3 b4c3,2117,106,81,21,crushing endgame long quietMove,https://lichess.org/0lINYMfa#63,
uIOSp,7k/1b4p1/p3p1B1/1p1pP3/1P6/P4r2/7P/R5K1 b - - 1 28,f3e3 a1c1 e3e5 h2h4 e5e4 g6e4,2163,118,76,27,crushing endgame long quietMove,https://lichess.org/6guDwUMm/black#56,
uIP2E,8/5p2/2k1p1p1/1p2K1P1/1p3P2/8/1P6/8 b - - 3 37,c6c5 b2b3 c5c6 e5f6 c6d5 f6f7,2115,75,93,2126,crushing endgame long pawnEndgame quietMove zugzwang,https://lichess.org/H8KjWRY3/black#74,
uISgz,8/1p6/2k2p2/1PP3p1/2K1p3/6P1/8/8 b - - 0 47,c6c7 g3g4 e4e3 c4d3 c7d7 d3e3,2129,74,93,4250,crushing endgame long pawnEndgame quietMove,https://lichess.org/M39y6fWG/black#94,
uJD4q,1rr4k/5ppp/p1bPp3/2R5/8/1P2P2P/P4PP1/1R4K1 b - - 0 26,c6d5 c5c8 b8c8 d6d7 c8d8 b1c1 d5b7 c1c7,2154,77,92,1448,advancedPawn advantage endgame quietMove veryLong,https://lichess.org/MGJ0n9FZ/black#52,
uJFWb,6rk/ppp2rpq/3p4/3P1pR1/3B1P2/3B4/PPP3RP/6K1 b - - 0 27,c7c5 d5c6 b7c6 d3e2 g8e8 g5h5,2140,146,-43,26,advantage enPassant long middlegame pin quietMove,https://lichess.org/B75uIj8j/black#54,
uJGjx,8/7p/3k1p2/1p6/p2KPP2/8/P6P/8 w - - 0 37,f4f5 b5b4 d4c4 b4b3 a2b3 a4b3,2195,75,94,319,crushing endgame long pawnEndgame quietMove,https://lichess.org/4QUwczjQ#73,
uKPTX,8/8/8/2p2r1p/1p1k4/R7/PP4PP/6K1 w - - 0 38,a3f3 f5f3 g2f3 c5c4 g1f2 d4d3 f2e1 d3c2,2193,92,81,25,crushing endgame quietMove rookEndgame veryLong,https://lichess.org/W852akIt#75,
uKm3g,4b3/8/8/2p1N3/3p3P/2kP4/5K2/8 b - - 5 58,e8b5 h4h5 c5c4 d3c4 d4d3 e5d3 b5c4 d3e5,2132,408,33,2,crushing endgame quietMove veryLong,https://lichess.org/IAIanzx9/black#116,
uL9PA,8/r6p/1pk5/2p5/8/B1R5/2p2PPP/6K1 w - - 2 33,a3c1 a7d7 g1f1 d7d1 f1e2 d1c1,2154,75,89,103,advantage endgame fork long master quietMove,https://lichess.org/ozHtLWkC#65,
uLLQL,3rr1k1/pp3pp1/2pp1b1B/8/q3P1Q1/3R3P/1PP2PP1/4R1K1 b - - 0 21,a4c2 h6g7 f6g7 d3g3 g8f8 g4g7,2148,77,91,2146,crushing kingsideAttack long middlegame pin quietMove sacrifice,https://lichess.org/9dUcxBvQ/black#42,
uLVUl,1r3r1k/1b4pp/p1n5/q2Npp1n/4B3/2P2NPQ/P2P1P1P/1R2R1K1 w - - 0 26,d5b4 f5e4 f3g5 h5f6 b4c6 b7c6 g5f7 h8g8,2186,79,91,1818,advantage middlegame quietMove veryLong,https://lichess.org/z395PX2u#51,
uLZ3Y,r3qrk1/5ppp/1pn1p3/4P3/2pPQ3/6P1/PP3PP1/2KR3R b - - 0 20,g7g6 h1h7 a8a2 e4h4 a2a1 c1d2,2151,75,91,747,crushing long middlegame quietMove,https://lichess.org/nFTt9N0P/black#40,
uM5xe,1R6/8/8/8/2k3P1/8/1p3K2/1r6 w - - 3 50,g4g5 b1h1 b8b2 h1h2 f2e3 h2b2,2103,78,84,161,crushing endgame exposedKing long quietMove rookEndgame skewer,https://lichess.org/WXR8Vb6c#99,
uM806,8/p5bk/4r1rp/3p1Q2/3N1B2/1Pq1P3/2P2P2/1K4R1 w - - 0 32,f4h6 e6a6 f5g6 a6g6,2101,75,80,120,crushing master masterVsMaster middlegame quietMove short,https://lichess.org/PEgYRmaY#63,
uMFBD,3r3k/pp5p/2p2p2/8/2P5/1P1p2RP/P2QqPP1/6K1 w - - 4 30,d2c3 d8d6 c3b4 d3d2,2165,120,76,18,advancedPawn crushing endgame quietMove short,https://lichess.org/yvDkslHP#59,
uMJS4,1r1q1rk1/6bp/3Nb1p1/p1p1p3/P1P1Pp2/1P3P2/3QB1PP/2R2RK1 w - - 0 21,c1b1 f8f7 d2c3 d8d6,2133,172,-87,12,advantage middlegame quietMove short,https://lichess.org/YsPo7Pot#41,
uMVLG,2R5/5ppk/p4q1p/1bQ5/8/1P5P/P3rPP1/3R2K1 w - - 5 37,d1d8 e2e1 g1h2 f6f4 g2g3 f4e4 d8h8 h7g6 c5d6 f7f6 h8h6 g6h6,2170,104,94,62,advantage endgame quietMove veryLong,https://lichess.org/7YJKLHDQ#73,
uMbo9,8/6pk/2Qp4/3Pp2p/2P5/5PK1/8/2q2N2 w - - 4 41,f1h2 c1g1 g3h3 h5h4 h2f1 g1f1 h3h4 f1f2 h4h3 f2f3,2189,119,87,10,crushing endgame quietMove veryLong,https://lichess.org/UN16cPgF#81,
uNCMl,6B1/8/5p2/p3p3/2Kp4/kP6/8/8 b - - 3 43,a5a4 b3b4 d4d3 g8h7 d3d2 h7c2 a3b2 c2a4,2173,80,80,55,bishopEndgame crushing endgame quietMove veryLong,https://lichess.org/C78zAnY4/black#86,
uNDjG,8/7k/6pp/2p2q2/5Q2/5P1K/P6P/8 w - - 1 37,f4g4 c5c4 g4f5 g6f5 h3g3 c4c3 g3f4 c3c2,2126,79,90,609,advancedPawn crushing endgame pin queenEndgame quietMove veryLong,https://lichess.org/0YfpwQzH#73,
uNUxP,8/6k1/6P1/4PPK1/8/6P1/8/r7 b - - 2 59,a1g1 f5f6 g7g8 g3g4 g1e1 g5f5,2117,83,92,514,crushing defensiveMove endgame long master quietMove rookEndgame,https://lichess.org/wCsdaaZZ/black#118,
uNWpr,8/p7/1p3k2/2p5/8/1P3PPP/6K1/8 w - - 0 52,f3f4 c5c4 b3c4 a7a5 g2f3 a5a4 f3e4 a4a3,2195,76,94,2635,crushing endgame pawnEndgame quietMove veryLong,https://lichess.org/bVjKIaZ4#103,
uNgmh,r4b2/5p1k/P4np1/4q3/1pQ1P2p/1P5P/5PP1/R3R2K w - - 5 41,c4c6 f8d6 f2f4 e5f4 e4e5 d6e5 e1e5 f4e5 a1f1 f6e4 f1f7 h7h6,2158,131,80,12,crushing defensiveMove middlegame quietMove veryLong,https://lichess.org/HX9ZAlqS#81,
uOZYk,8/3k2p1/3P1p2/4K3/1p6/5P2/P7/8 w - - 0 44,e5d5 g7g5 d5c4 f6f5,2152,79,82,60,crushing defensiveMove endgame pawnEndgame quietMove short,https://lichess.org/eXr9ffMB#87,
uOaOb,Qn3rk1/4bppp/1q2pn2/1N1p4/3P4/p3P3/1P3PPP/R1B1R1K1 w - - 0 18,b5a3 b8a6 a3c4 b6b4 c1d2 f8a8 d2b4 e7b4 e1c1 d5c4,2166,76,76,138,advantage fork middlegame quietMove veryLong,https://lichess.org/pQs6h3xW#35,Semi-Slav_Defense Semi-Slav_Defense_Main_Line
uOhSO,8/p7/5p2/1p2k1p1/1P6/P1p4P/4KPP1/8 b - - 1 39,e5d4 g2g3 f6f5 h3h4 c3c2 e2d2,2183,77,90,745,crushing endgame long pawnEndgame quietMove,https://lichess.org/WDISdQim/black#78,
uOwVN,r3kb1r/pp3ppp/2p2p2/4nQ2/3q4/3B4/PPP2PPP/R1BR2K1 b kq - 1 11,f8d6 d3e2 d4d1 e2d1,2154,78,79,86,advantage middlegame quietMove short,https://lichess.org/MuirfFxO/black#22,Caro-Kann_Defense Caro-Kann_Defense_Two_Knights_Attack
uPFD4,q2k3r/p3bpp1/1p5p/5Q2/1n3P2/1P2B1P1/P3P1bP/R1R3K1 w - - 2 24,f5f7 g2h3 c1d1 d8c8,2177,78,83,130,crushing defensiveMove middlegame quietMove short,https://lichess.org/3dLGXBsx#47,
uPH1z,8/8/p2b4/PpNp1p2/1P1P2kp/2K5/5PP1/8 w - - 0 35,c5a6 f5f4 a6c5 f4f3 g2f3 g4f3 a5a6 d6b8,2136,79,70,55,crushing defensiveMove endgame quietMove veryLong,https://lichess.org/HAXbh88m#69,
uPR0H,2kr4/1p3pp1/pP2pnp1/n3q1Br/N2p3P/P2Q4/2P2PP1/R3R1K1 b - - 1 20,e5f5 d3g3 d8d7 e1e5,2150,76,91,957,crushing middlegame quietMove short,https://lichess.org/DSWfaQgx/black#40,
uPlOA,8/8/p3kp2/7p/P3K2P/5P2/8/8 b - - 1 49,f6f5 e4f4 e6f6 a4a5 f6e6 f4g5 e6e5 g5h5,2131,77,91,1190,crushing defensiveMove endgame pawnEndgame quietMove veryLong zugzwang,https://lichess.org/T8kM7xVT/black#98,
uPoHt,4r1k1/2p1b2q/1p1p4/pP1Pp2R/P1P3Pp/7Q/6NK/8 b - - 7 43,h7e4 g4g5 e7f8 h5h4 e4g6 h4h8,2147,78,83,44,crushing endgame long quietMove,https://lichess.org/omczRRD4/black#86,
uPphm,8/2B4k/3p4/3Pp3/p3P3/5Ppp/1P3b2/4N2K w - - 3 43,c7d6 f2e1 d6e5 e1f2 e5g3 f2g3,2152,76,89,98,crushing endgame long quietMove,https://lichess.org/M7VSxIn2#85,
uPr6N,2kr3r/1p6/p4p2/6p1/P1pn4/1P4P1/2P2P1P/R2Q2K1 w - - 0 24,d1g4 f6f5 g4d1 g5g4 h2h4 d4f3,2159,75,92,8944,advantage defensiveMove endgame long quietMove,https://lichess.org/9xP1qBDv#47,
uPyCW,8/8/2p5/8/8/kpK5/p7/R7 w - - 2 65,a1d1 b3b2 d1d8 b2b1n c3c2 b1c3 c2c3 a2a1q,2199,81,87,415,advancedPawn attraction crushing endgame exposedKing promotion quietMove rookEndgame underPromotion veryLong,https://lichess.org/7lIgb9ns#129,
uQ8CC,8/8/1P3p2/2K2kpp/8/7P/5rP1/4R3 b - - 0 31,f2g2 e1b1 g2c2 c5d6 c2c8 b6b7,2129,77,77,57,advancedPawn crushing defensiveMove endgame long master quietMove rookEndgame,https://lichess.org/tS2yKWpN/black#62,
uQFXs,8/3N4/1p3p2/6kp/2PpP3/1P2b3/2P3K1/8 w - - 0 46,d7b6 d4d3 c2d3 e3b6 g2f3 b6c5 b3b4 c5b4 d3d4 b4c3,2116,158,82,5,crushing discoveredAttack endgame quietMove veryLong,https://lichess.org/bc1iqDyV#91,
uQHSD,3b4/6kp/2Pp2p1/3Pp3/2Q2P2/4B2P/6PK/4q3 w - - 1 34,c6c7 d8h4 c4f1 h4g3 h2g1 e1e3,2165,77,87,105,crushing endgame long master quietMove,https://lichess.org/s2m80lKL#67,
uQn4E,8/8/8/4p1pk/8/4KP2/6P1/8 b - - 1 49,h5h4 g2g4 h4g3 e3e4 g3f2 e4e5,2191,78,94,1394,crushing endgame long pawnEndgame quietMove,https://lichess.org/dY8mblsy/black#98,
uQpKD,4Q3/p1r2Npk/1q2p2p/3p1b2/8/1P6/P3BbPP/5R1K b - - 1 29,b6e3 e2h5 c7f7 h5f7,2167,77,91,136,advantage middlegame quietMove short,https://lichess.org/8jl2135c/black#58,
uQsRF,8/2p5/1p1p4/1P1k1K2/8/6P1/5P2/8 b - - 1 45,d5c5 g3g4 d6d5 g4g5 d5d4 f5e4 c5c4 g5g6 d4d3 g6g7,2171,76,94,3421,advancedPawn crushing endgame master pawnEndgame quietMove veryLong,https://lichess.org/mbz1SP06/black#90,
uRCHa,8/8/8/6kp/2K5/2P5/8/8 w - - 0 53,c4d4 g5f4 d4d3 f4f3 c3c4 h5h4 c4c5 h4h3 c5c6 h3h2 c6c7 h2h1q,2127,78,91,879,advancedPawn crushing endgame pawnEndgame promotion quietMove veryLong,https://lichess.org/m3Z9g229#105,
uRKPM,3r2k1/5pp1/5q1p/Q1p5/2P5/P2p3P/1P3PP1/4R1K1 w - - 0 25,a5c5 d3d2 e1d1 d8e8 c5b4 e8e2 b4b8 g8h7,2176,128,67,20,advancedPawn advantage defensiveMove endgame quietMove veryLong,https://lichess.org/Oy4ctdWI#49,
uRTqW,8/1r5p/6pk/3N1p2/1PP1p3/2K1P1P1/3Q1PP1/q7 w - - 13 50,c3b3 b7a7 d5c3 a1a3 b3c2 a3b4,2123,81,84,127,crushing deflection endgame long quietMove,https://lichess.org/IHn2mox3#99,
uRVIu,8/pppk4/2P5/1P1K4/8/8/P7/8 b - - 0 37,d7c8 d5e6 a7a6 a2a4 a6b5 a4b5 b7c6 b5c6,2154,82,92,490,crushing endgame pawnEndgame quietMove veryLong,https://lichess.org/AWXLZ08u/black#74,
uRosN,8/8/p1N5/1p6/8/1Pk4K/8/8 w - - 5 52,c6a5 c3b4 a5b7 a6a5 h3h4 a5a4 b3a4 b5a4,2163,87,90,510,crushing endgame knightEndgame quietMove veryLong,https://lichess.org/g1TdTjrG#103,
uRsp1,5r2/4qpk1/3p1n1p/4p3/1p1pP1PQ/pP1P1R2/P1r2P2/R5KN b - - 0 28,f8h8 h1g3 f6g8 g3f5 g7f8 f5e7,2167,83,90,2239,crushing fork long middlegame quietMove,https://lichess.org/bjmqbHTd/black#56,
uSb8D,rnbq1rk1/p3p2p/2p2npQ/6N1/4N3/1p1P4/P1P2PP1/4K2R b K - 1 20,b8d7 g5h7 d8a5 e1e2 f6h5 h6g6 h5g7 h7g5 f8f2 e4f2 a5f5 g6h6 f5g5 h6g5,2195,115,71,26,advantage kingsideAttack middlegame quietMove veryLong,https://lichess.org/EtiHa1F0/black#40,
uT39L,r6k/pppn4/3pb3/5pR1/3P1P2/2PBP3/PPK1Q3/7q b - - 2 26,e6f7 g5g2 a8g8 g2h2 h1h2 e2h2,2182,80,83,61,crushing exposedKing fork long middlegame quietMove,https://lichess.org/g9VyHOLy/black#52,
uT75P,r5k1/6p1/5P1p/r3P3/2qpR2P/1R6/1PP2Q2/1K6 w - - 1 47,b1c1 a5a1 c1d2 a8c8 e4d4 c4c2 d2e3 c2b3,2193,85,74,35,crushing endgame fork quietMove veryLong,https://lichess.org/rpzq3wwF#93,
uT8RB,8/1PN5/8/6r1/6k1/PP5p/5K2/8 b - - 0 56,h3h2 f2g2 g5g8 c7a6 g8h8 g2h1,2177,75,96,324,crushing endgame long master quietMove,https://lichess.org/h5KxAe0m/black#112,
uTkhK,8/6p1/p4p1p/1pPk4/1K6/P1P3P1/7P/8 b - - 2 40,g7g5 g3g4 d5c6 c3c4 a6a5 b4a5 b5c4 a5b4,2158,83,82,48,crushing endgame pawnEndgame quietMove veryLong,https://lichess.org/DqmZPcCM/black#80,
uToMV,2n3k1/1p5p/1B1p2pb/P2Pp3/2B1PpP1/5P1P/8/6K1 w - - 1 34,a5a6 c8b6 a6b7 b6d7 c4b5 d7b8,2119,144,56,17,crushing defensiveMove endgame long quietMove,https://lichess.org/gYKYTADU#67,
uTy0h,3r4/1pk1bpp1/p2p2q1/P3p2r/4P1n1/3P1NQ1/B1P2PP1/1R3RK1 w - - 8 25,a2d5 d8h8 b1b7 c7c8 b7b8 c8b8,2189,74,84,200,advantage long middlegame quietMove,https://lichess.org/IqyTt0QN#49,
uU0Bf,3r1rk1/4bpp1/pp1p2b1/2pQp1Pp/P1P1P1qP/1PP3N1/5PK1/2BRR3 b - - 6 29,g4h4 f2f3 e7g5 e1h1,2132,77,86,72,crushing master middlegame quietMove short,https://lichess.org/QAaBv8aj/black#58,
uUQcV,8/6kp/8/5pP1/p2rpP1R/P2p4/7K/3R4 w - - 0 50,d1d2 e4e3 d2b2 d4d7 h2g3 d3d2 h4h1 e3e2 b2d2 d7d2,2195,77,82,79,advancedPawn crushing endgame quietMove rookEndgame veryLong,https://lichess.org/H0rGjRbq#99,
uUSwK,1r1q1kr1/3b1pp1/4p2p/3pP2P/1npP1Q1N/2p1K1R1/2P2PP1/R2B4 b - - 5 22,d8b6 g3f3 f8e7 f4f7,2193,75,98,296,advantage master middlegame quietMove short,https://lichess.org/K3Ulncjz/black#44,
uUTtQ,8/6p1/8/pK3q2/P7/1PQ5/8/3k4 w - - 12 57,c3c5 f5c5 b5c5 g7g5 b3b4 g5g4,2112,77,88,618,crushing defensiveMove endgame long queenEndgame quietMove,https://lichess.org/fhz5tUHZ#113,
uUWTV,2q3k1/4Q1pp/4p2n/3pP3/2pP2P1/1r2K2P/R1R5/8 w - - 3 39,e3f4 h6f7 g4g5 f7h8 f4g4 h8g6 e7d6 c8e8,2174,130,51,22,crushing defensiveMove endgame quietMove veryLong,https://lichess.org/fx9JpogO#77,
uVSZ1,1k3r2/ppp2p2/4p2p/4N3/1B3P2/7P/P3K1P1/3r4 b - - 1 24,d1d8 b4f8 f7f6 e5g6 h6h5 g2g4,2138,241,100,9,endgame equality long quietMove,https://lichess.org/Sr7Z1CY7/black#48,
uVnCJ,1r5k/5R1p/1p3p2/3B4/1p3Pn1/P3P1P1/6P1/6K1 w - - 1 30,a3b4 b8c8 g1f1 g4e3 f1e2 e3d5,2149,78,90,58,advantage endgame fork long quietMove,https://lichess.org/6oZB42f9#59,
uW1uh,8/1r5p/5pn1/1p2p3/k7/r2p4/P2B1PPP/1RR3K1 b - - 0 37,b5b4 c1c8 a3a2 c8a8,2125,99,81,24,crushing endgame quietMove short,https://lichess.org/CshyOf8u/black#74,
uWPBE,6rk/2R3p1/1p5p/p3Q3/2p1P3/2Pq1P2/6PP/6K1 w - - 1 34,c7c6 d3e3 g1f1 g8d8 c6d6 d8d6,2154,75,91,1128,advantage endgame long quietMove,https://lichess.org/K9g2vyqA#67,
uWg2l,2b5/8/pp3N1p/3p2p1/1PkP2P1/2P5/2K5/8 b - - 1 46,a6a5 f6e8 c4b5 e8d6 b5c6 d6c8,2170,79,91,606,crushing endgame fork long quietMove,https://lichess.org/0AlPlPjI/black#92,
uXP2k,2r3k1/pb1R1ppp/1p5r/2q5/4p3/2P3P1/PPQ2PP1/4RBK1 w - - 0 25,d7b7 c5h5 f2f3 h5c5 c2f2 h6h1 g1h1 c5f2,2111,202,90,6,advantage clearance deflection kingsideAttack middlegame quietMove veryLong,https://lichess.org/AZFxikO8#49,
uXg1M,3R4/2pR2pp/2p1k3/2P4r/1P3p1r/5P1P/5P1K/8 w - - 9 33,d7g7 h4h3 h2g2 h3h1 d8e8 e6f6 e8f8 f6g7,2184,76,92,1498,crushing endgame quietMove rookEndgame veryLong,https://lichess.org/Sbuk00Fr#65,
uXryc,r3kb1r/1bq2ppp/pp2p3/3p4/3N2P1/2NQ3P/PPP2P2/2KRR3 b kq - 0 15,b6b5 d4e6 f7e6 e1e6 f8e7 d1e1 e8g8 e6e7,2139,79,79,77,advantage middlegame quietMove veryLong,https://lichess.org/IBXCH0U4/black#30,Owen_Defense Owen_Defense_Other_variations
uY6o6,r2q1rk1/pb1p2b1/1p4Qp/2pP4/1n2N1N1/8/PP3PPP/R3R1K1 b - - 5 18,b4d5 g4h6 g8h8 e4g5 d8g5 g6g5,2165,95,68,34,crushing kingsideAttack long middlegame pin quietMove,https://lichess.org/NIpJ3856/black#36,Horwitz_Defense Horwitz_Defense_Other_variations
uYHPt,5b2/3k1p1p/5P2/1pp1PKP1/8/1P6/3B4/8 b - - 1 45,c5c4 b3b4 c4c3 d2c3,2104,76,82,62,bishopEndgame crushing endgame quietMove short,https://lichess.org/vSsdWDrM/black#90,
uZ5OH,8/8/5p2/2p1p3/4k3/8/1B2K3/8 w - - 4 45,e2f2 e4d3 b2a3 c5c4 a3e7 f6f5 e7d6 e5e4,2160,78,91,2466,bishopEndgame crushing defensiveMove endgame quietMove veryLong,https://lichess.org/qGotigkg#89,
uZT4X,3rr2k/1b4bp/pN1p1p2/2p1pP2/1p2P2B/3P3P/PP4RK/2R5 b - - 0 25,e8f8 c1g1 g7h6 b6d7 h6f4 h2h1,2178,77,85,230,crushing defensiveMove long middlegame quietMove,https://lichess.org/7cGhZ12H/black#50,
uZgmN,3r1rk1/1ppq1p2/p1n2R1p/4p3/4Q3/P2PP2P/1PP3P1/R5K1 b - - 0 18,g8g7 a1f1 c6e7 e4e5,2131,84,81,79,advantage middlegame quietMove short,https://lichess.org/cwtEb8Ji/black#36,Vienna_Game Vienna_Game_Max_Lange_Defense
uZuU2,8/8/1pK2p2/5k2/P7/8/8/8 b - - 1 47,f5e4 c6b6 f6f5 a4a5 f5f4 a5a6 f4f3 a6a7 f3f2 a7a8q e4e3 a8a6,2121,136,100,9,advancedPawn crushing defensiveMove endgame pawnEndgame promotion quietMove veryLong,https://lichess.org/H5WVz7x7/black#94,
ua8Sk,r2q1rk1/ppp2ppp/8/8/2B1Q3/5R2/PbP3PP/5R1K b - - 1 18,b2f6 c4d3 g7g6 f3f6,2131,80,79,42,crushing middlegame quietMove short,https://lichess.org/irXhD8k8/black#36,Kings_Gambit_Accepted Kings_Gambit_Accepted_Fischer_Defense
uaFwu,3r2k1/2p2ppp/Q3pq2/8/5P2/1P2P3/P1r3PP/R4RK1 w - - 0 19,a2a4 f6b2 a6b7 c7c6 g1h1 c2g2,2147,79,71,44,crushing endgame long quietMove,https://lichess.org/GtgvTeIy#37,Bird_Opening Bird_Opening_Dutch_Variation
uaRV4,8/1p6/p6p/8/4k3/1PK3P1/7P/8 w - - 1 51,c3b4 b7b6 b4c4 e4f3,2185,83,72,83,crushing endgame pawnEndgame quietMove short,https://lichess.org/QnhYL02P#101,
uaZW7,8/2PR3p/5pk1/6p1/2K5/8/8/r7 b - - 0 44,h7h5 d7d3 a1a8 d3d8,2171,76,86,342,advantage endgame quietMove rookEndgame short,https://lichess.org/Vr1lEeSt/black#88,
uaoZS,8/3k3p/p1n2P2/2R3PK/Pp1r3P/8/1P6/8 b - - 0 45,d7d6 c5f5 c6e5 f6f7,2149,79,95,963,advancedPawn advantage endgame master quietMove short,https://lichess.org/v6N5c91o/black#90,
ubF7Y,rr2k3/8/3PBB2/1q1P4/2p5/6P1/5PK1/3R4 b - - 3 38,a8a2 d1h1 a2f2 g2f2,2138,74,95,3499,crushing endgame quietMove short,https://lichess.org/Ftss39Lj/black#76,
ubRIu,8/8/1r6/2KBk3/1P2P3/8/8/8 b - - 7 56,b6b8 b4b5 b8c8 d5c6,2106,77,95,7181,crushing defensiveMove endgame master quietMove short,https://lichess.org/xiraMhy6/black#112,
ubXPh,r4rk1/5ppp/b1q2b2/2p5/1n6/2NPRN1P/1P3PP1/R1BQ2K1 w - - 2 19,f3e5 f6e5 e3e5 a6b7 c3d5 b4d5,2177,79,82,192,advantage long middlegame quietMove,https://lichess.org/uXa9meF3#37,Sicilian_Defense Sicilian_Defense_Bowdler_Attack
ubrtZ,8/8/1p6/p1pk4/P7/1P1K4/2P5/8 b - - 3 45,d5c6 d3c4 c6c7 c4b5 c7b7 c2c3 b7c7 b5a6 c5c4 b3c4,2121,78,87,51,crushing endgame pawnEndgame quietMove veryLong zugzwang,https://lichess.org/afGtswxq/black#90,
ucx66,3q1nk1/rpp3p1/3p3p/p3p1rQ/PP6/2PP2NP/R4PP1/5RK1 w - - 3 22,h5h4 d6d5 b4a5 c7c5 f2f4 f8g6 f4g5 g6h4,2143,79,85,253,crushing middlegame quietMove trappedPiece veryLong,https://lichess.org/XZBbwGcp#43,
ud0ix,8/8/5p2/8/5K2/2k3P1/8/8 b - - 3 56,c3d4 g3g4 d4c5 f4f5 c5d6 f5f6,2155,84,81,35,crushing endgame long pawnEndgame quietMove,https://lichess.org/YgndTy2F/black#112,
udIyn,8/8/1p6/8/3R2K1/2k3P1/p7/8 w - - 1 61,d4d1 b6b5 g4f4 b5b4 g3g4 b4b3,2161,76,93,598,crushing endgame long quietMove rookEndgame,https://lichess.org/6OEQvP8s#121,
uddQN,1K6/8/p7/k7/6p1/1p4P1/1B3P2/8 w - - 0 70,b8b7 a5b5 b7c7 a6a5 c7d6 b5c4,2171,138,-3,27,bishopEndgame crushing defensiveMove endgame long quietMove,https://lichess.org/TJ2Tm4rk#139,
udhc8,3rrbk1/pp3pp1/2p2p1B/5P2/6Q1/2P2R2/Pq4PP/5R1K b - - 1 21,d8d5 h6g7 f8g7 f3g3 g8f8 g4g7 f8e7 g3e3,2181,76,92,1599,crushing kingsideAttack middlegame quietMove sacrifice veryLong,https://lichess.org/q3karmz6/black#42,
udpK8,5r1k/1pp2r2/3ppqp1/pP5p/P1P1Pp2/3P1QPP/4R1K1/5R2 w - - 0 30,f3f4 f6g7 f4f7 f8f7 f1f7 g7f7,2106,74,94,5598,crushing endgame long quietMove,https://lichess.org/5ldyyQOJ#59,
ue7hE,8/1pr1p3/1k1p1pp1/3R4/4P1P1/3K4/2P4P/8 b - - 4 34,c7c5 d5c5 d6c5 h2h4 b6c6 h4h5,2119,77,92,372,crushing endgame long quietMove rookEndgame,https://lichess.org/ZrQaPmsZ/black#68,
ueaiK,5Rrk/R3P1p1/7p/1bp5/8/4r2P/PP4PK/8 b - - 1 31,h8h7 a7a8 e3e7 f8g8,2103,81,92,1146,crushing endgame quietMove short,https://lichess.org/jQ9r5fnQ/black#62,
ueyIF,r4rk1/pbq2pp1/2p4p/4R3/1PBPNQ2/p7/5PPP/6K1 b - - 1 24,a7a5 e4f6 g8h8 f4f5 g7g6 f5f4,2166,111,33,28,crushing long middlegame quietMove,https://lichess.org/gvCUksI7/black#48,
ufLcT,3R4/5p1k/1P4pp/B3b3/P4n2/5PqP/3Q2P1/7K w - - 1 41,b6b7 f4e2 f3f4 e5f4 d2f4 e2f4,2108,79,85,37,crushing endgame long quietMove,https://lichess.org/VrOSz2PH#81,
ufcyI,4r3/8/8/8/8/2R2k2/P3p3/4K3 b - - 1 47,f3g2 a2a4 e8a8 c3a3 a8a5 e1e2,2192,84,76,48,advantage endgame long quietMove rookEndgame,https://lichess.org/pWbuaCWA/black#94,
ufgY9,8/6p1/5pPp/p1pk1P2/3p2P1/nP1P2K1/2P5/4N3 b - - 7 56,a3b1 e1g2 b1a3 g2f4,2104,96,80,21,crushing endgame knightEndgame quietMove short,https://lichess.org/nnJLItt8/black#112,
ufpNM,r7/pp2q3/2p5/P7/1kpPn3/4P3/1K6/5Q1R b - - 1 43,b7b5 f1a1 c4c3 b2c2 e7f7 h1b1 f7b3 b1b3,2195,77,93,2510,crushing defensiveMove endgame quietMove veryLong,https://lichess.org/urz33u3K/black#86,
ug1CD,8/8/4k3/5P2/P1p3K1/1pP4P/1P6/6b1 b - - 0 48,e6f6 a4a5 g1d4 a5a6,2100,93,83,25,bishopEndgame crushing endgame quietMove short,https://lichess.org/vSzlCLQb/black#96,
ug9W3,3r3k/1q4bp/4Q1p1/2B1p3/PP6/8/5KPP/7R w - - 3 31,e6a2 g7h6 h1e1 d8d2,2115,76,80,59,advantage endgame quietMove short,https://lichess.org/Xp7X5DHj#61,
ugAIB,8/p2kP1pp/1p6/2p5/2K3P1/P6P/1P6/8 w - - 0 38,b2b4 c5b4 c4b4 a7a6 b4c4 d7e7 c4d5 e7d7,2194,78,94,133,crushing defensiveMove endgame pawnEndgame quietMove veryLong,https://lichess.org/p0r1VAe6#75,
ugR9P,7k/p2r2bp/1p2p3/5p2/P1P1bP1q/4P3/1B2B3/Q4KR1 b - - 5 36,h4h6 e2h5 e6e5 b2e5,2123,110,69,16,crushing middlegame quietMove short,https://lichess.org/7zcFHxLp/black#72,
uh1YZ,r2b1r1k/pbq5/1p2ppQ1/2p1P3/3pPP2/2P2R2/PP4PP/R3B1K1 b - - 2 21,c7g7 f3h3 h8g8 g6h5 b7e4 h3g3,2158,93,85,55,advantage long middlegame pin quietMove,https://lichess.org/zFZbLl9F/black#42,
uhFJ3,8/3R3p/p1N1Qrpk/1p6/8/7P/PPP2qP1/7K w - - 3 29,e6g4 f2e1 h1h2 f6f1 g4f4 f1f4,2139,77,99,182,clearance crushing endgame long quietMove,https://lichess.org/l6851KGG#57,
uhR4w,2b5/8/8/PB6/8/4kp2/8/6K1 w - - 0 47,g1f1 c8g4 a5a6 f3f2 f1g2 g4e2 b5e2 e3e2,2180,124,88,18,advancedPawn bishopEndgame clearance crushing endgame quietMove veryLong,https://lichess.org/QebmACmm#93,
uhmpV,r4rk1/p4p1p/1p1R1p1B/2p5/2Q1P3/7P/Pq3PP1/6K1 b - - 1 22,f8d8 c4d3 b2b1 d3b1,2121,114,52,15,crushing endgame quietMove short,https://lichess.org/1HfmB5eJ/black#44,
uiHCw,8/3k4/2R5/3P2p1/pr4K1/2p4P/6P1/8 w - - 0 54,g4g5 b4b3 g5f4 a4a3,2160,77,94,3147,crushing endgame quietMove rookEndgame short,https://lichess.org/mDzIT0dG#107,
uiZ89,5r1k/1pp3p1/p7/4p2p/P3Q2P/3P2PK/1P6/R1Bq4 w - - 0 29,e4g2 f8f1 h3h2 d1e1 c1f4 e1a1,2115,75,86,229,crushing endgame long quietMove,https://lichess.org/bMFZVDN4#57,
uianC,6k1/4K3/8/3P2p1/3pP3/3P4/PP5b/8 w - - 0 46,d5d6 g5g4 b2b4 h2d6 e7d6 g4g3 b4b5 g3g2 b5b6 g2g1q,2195,255,14,20,advancedPawn bishopEndgame crushing endgame promotion quietMove sacrifice veryLong,https://lichess.org/wTENtJbh#91,
uiiPo,8/8/4Nkp1/1R5r/p1P2p2/P7/1PK2b2/8 w - - 5 44,b5h5 g6h5 e6f4 h5h4 c2d3 f6f5,2196,76,91,254,crushing endgame long quietMove,https://lichess.org/TYejrUgD#87,
uiqOl,8/6Bp/p1KP2p1/8/1k5b/7P/8/8 b - - 3 41,a6a5 g7f8 a5a4 f8e7 h4e7 d6e7,2116,75,95,2964,advancedPawn bishopEndgame crushing endgame long quietMove,https://lichess.org/ZAgUWYxX/black#82,
uj1gL,r1bb1rk1/pp4pp/3B4/1N6/8/P4p2/1P3PPP/R4RK1 b - - 1 20,f3g2 f1e1 c8d7 d6f8,2189,76,86,60,advantage middlegame quietMove short,https://lichess.org/W1b68EBa/black#40,
ujB8w,r1b1kb1r/ppppq2p/8/4Ppp1/1n2Q1n1/P1N3B1/1PP1PPPP/R3KBNR w KQkq f6 0 9,e4f5 d7d5 e5d6 c8f5 d6e7 b4c2,2148,80,75,103,advantage capturingDefender discoveredAttack long opening quietMove,https://lichess.org/nM0ZmAnu#17,Indian_Defense Indian_Defense_Maddigan_Gambit
ujLPM,8/2Q4p/q3pppk/p2p4/2nP1P1P/2P3P1/N4P2/6K1 w - - 3 44,c7d8 c4d2 c3c4 a6c4 g3g4 c4f1 g1h2 f1f2,2145,76,91,130,crushing deflection endgame master quietMove veryLong,https://lichess.org/NS3l6zBp#87,
ujSnS,1r2kb1r/1bq2ppp/p1p1pn2/8/2Np4/1Q1P2P1/PPP2P1P/RNB2RK1 b k - 0 14,c6c5 c1f4 c7c6 f2f3 b8d8 c4a5,2144,74,93,6255,advantage long opening quietMove,https://lichess.org/fUeLmQAn/black#28,Caro-Kann_Defense Caro-Kann_Defense_Other_variations
ujcjT,8/7p/5p2/8/5P2/1pkp2P1/3R3P/3K4 w - - 0 47,d2d3 c3d3 d1c1 f6f5 g3g4 d3e4,2136,143,100,13,crushing endgame hangingPiece long quietMove,https://lichess.org/YrBDPu9P#93,
ujcsX,4r2k/8/1q3np1/8/6p1/nPPp1P1B/3R2PP/3Q1N1K w - - 0 31,h3g4 a3c2 d2d3 e8e1 d1e1 c2e1,2184,102,83,28,advantage long middlegame quietMove,https://lichess.org/zRXwWb0X#61,
ujsWr,3r2k1/4bp1p/2p3P1/p3B3/2B1P3/q7/5PK1/6R1 b - - 0 30,h7g6 g1h1 e7h4 h1h4 g8f8 e5f6,2109,75,83,120,advantage endgame long quietMove,https://lichess.org/u5Gz5IAR/black#60,
ukVfS,8/6p1/8/p1K4P/P1P2k2/1P3P2/8/4b3 b - - 0 44,f4f3 c5b5 f3g4 c4c5 g4h5 c5c6,2100,76,86,332,bishopEndgame crushing endgame long quietMove,https://lichess.org/EVqnCWXW/black#88,
ukmZg,1r1qnrk1/1Bpbbppp/p7/4P3/8/2N5/PPP3PP/R1BQ1RK1 w - - 1 14,d1f3 c7c6 b7c6 d8b6,2124,74,94,11180,advantage clearance opening quietMove short,https://lichess.org/IFWuOuZp#27,Kings_Pawn_Game Kings_Pawn_Game_Leonardis_Variation
ukpCp,8/4pp1p/5np1/3p4/kP5P/2K1PBP1/5P2/8 b - - 3 36,e7e5 g3g4 a4b5 g4g5 f6e8 f3d5,2180,98,90,1045,crushing endgame long quietMove,https://lichess.org/HOyNzzwS/black#72,
ulKRk,1r3rk1/ppp2pp1/6R1/3Q4/3P4/4P3/5q1P/1R5K b - - 0 25,f2e3 b1g1 e3d4 d5d4,2134,75,96,2531,advantage endgame master pin quietMove short,https://lichess.org/9IQfPhFY/black#50,
ulML5,r4rk1/pp2Qp1p/3p4/5bN1/3B4/2P5/q1PK3P/2R5 b - - 0 21,a2d5 c1g1 f5g6 e7f6,2150,76,92,4262,crushing master middlegame quietMove short,https://lichess.org/PX2e1TcK/black#42,
ulfg9,2r5/8/p7/3p1k2/3Pp3/1Pp1Pp2/P1K2P2/2R5 w - - 2 36,c1g1 c8h8 c2c3 h8h2,2159,75,77,246,crushing endgame master quietMove rookEndgame short,https://lichess.org/wLLM8lZX#71,
um3mW,8/r7/4k3/7R/4P3/8/3K3p/8 w - - 2 62,d2c2 a7a1 h5h2 a1a2 c2d3 a2h2,2131,75,86,228,crushing endgame exposedKing long quietMove rookEndgame skewer,https://lichess.org/3094KEaB#123,
umMV6,r7/P4k2/R7/2KP2p1/2P5/1P4p1/7P/8 w - - 0 53,d5d6 g3h2 a6a1 g5g4 c5c6 g4g3,2167,75,86,127,advancedPawn crushing endgame long quietMove rookEndgame,https://lichess.org/TPQuU5i8#105,
umWbc,6k1/1p2q1p1/p6p/2p1Np2/2P5/1P5P/nQ3PP1/6K1 b - - 3 29,a2c1 f2f4 c1d3 e5d3 e7e3 d3f2,2186,74,92,3645,advantage defensiveMove endgame long quietMove trappedPiece,https://lichess.org/mmesSiMR/black#58,
un5ox,8/8/5r1k/5ppP/4p1P1/3qP3/7R/4Q1K1 w - - 1 59,g4f5 f6b6 h2f2 b6b1 e1b1 d3b1,2199,90,82,50,crushing endgame long pin quietMove,https://lichess.org/SL3wGOLw#117,
uoJWC,8/2p5/1pk5/4K3/1PP5/8/8/8 b - - 2 39,b6b5 c4c5 c6d7 e5f6 d7e8 f6e6,2107,74,94,3023,crushing defensiveMove endgame long pawnEndgame quietMove,https://lichess.org/Hubu1tk9/black#78,
up4n2,r4rk1/ppp5/4bp2/4qp1Q/8/2N2R2/PP4PP/R6K b - - 1 23,f8f7 f3h3 f7g7 h5h8 g8f7 h8a8,2185,76,86,61,advantage exposedKing long middlegame quietMove skewer,https://lichess.org/Y1wWKpYd/black#46,
updlD,k1r5/1pp5/1P1p4/3Pp3/2Q1P3/q7/8/1KR5 b - - 0 40,c7c6 d5c6 b7c6 c1c2 a8b7 c2a2,2122,153,83,17,crushing endgame long quietMove,https://lichess.org/jj5QkfMk/black#80,
upubj,8/3k3p/4b1p1/4Pp2/2BK4/6PP/8/8 w - - 4 44,c4e6 d7e6 h3h4 h7h6 d4c5 e6e5,2103,77,91,471,crushing endgame long quietMove zugzwang,https://lichess.org/xpdKnBFq#87,
uq4Aa,7k/pp4np/2p2r2/5p2/1q1PB3/5Q1P/PPP3P1/5R1K w - - 1 27,f3c3 b4c3 b2c3 g7h5 e4d3 h5g3 h1g1 g3f1,2116,75,96,449,advantage endgame fork quietMove veryLong,https://lichess.org/K4RExahQ#53,
uqQ3U,4R3/5npk/p7/1p3P2/6PP/2P5/Pr3PK1/8 b - - 0 37,b2a2 g4g5 g7g6 e8e7,2126,124,77,27,crushing endgame master pin quietMove short,https://lichess.org/xTUMpEVs/black#74,
uqTZC,6k1/1p1r2pp/1Q3p2/1P6/P3q2P/3pP1P1/5P2/3R2K1 b - - 8 36,e4a4 b6e6 g8f8 d1c1 a4c2 c1c2,2167,74,84,104,crushing endgame fork long quietMove,https://lichess.org/DBBmP8pD/black#72,
uqs1A,3b4/1K1k4/3p4/p2Pp1p1/2B1P2p/7P/6P1/8 b - - 7 47,d8c7 c4b5 d7d8 b5a4 c7b6 b7b6,2199,78,75,45,bishopEndgame crushing endgame long quietMove zugzwang,https://lichess.org/FXREPjhT/black#94,
uquOE,r1bq1rk1/pp1nn1p1/4p3/3pP1N1/1b1P2Q1/2N5/PP3P1P/R1B2RK1 b - - 0 13,e7f5 g4h5 d7f6 e5f6,2119,78,78,60,advantage middlegame quietMove short,https://lichess.org/TZIDj6QB/black#26,French_Defense French_Defense_Advance_Variation
urIj5,r4qk1/7p/pQN1prp1/2b5/2P5/P7/1P3PPP/3R1RK1 w - - 1 23,b6b7 f6f2 f1f2 f8f2 g1h1 a8f8 h2h3 f2e2,2102,110,64,16,crushing kingsideAttack middlegame quietMove veryLong,https://lichess.org/KmndENRf#45,
urJDO,8/2p5/1pK5/p4k2/8/1PP2P2/8/8 w - - 3 43,c6c7 b6b5 c3c4 b5c4 b3c4 a5a4 c4c5 a4a3 c7b7 a3a2 c5c6 a2a1q,2105,75,91,957,advancedPawn crushing endgame pawnEndgame promotion quietMove veryLong,https://lichess.org/xmfMO4qh#85,
uriG4,8/p6p/4k3/1p1p2p1/3P2P1/P1P3K1/7P/8 w - - 2 31,h2h4 h7h6 h4g5 h6g5,2124,78,91,1462,crushing endgame pawnEndgame quietMove short,https://lichess.org/X6Gun8PY#61,
usXWV,8/7p/5p2/1p3N2/2k2KP1/2n1P2P/5P2/8 w - - 0 41,h3h4 b5b4 f5d4 c3e2 d4e2 b4b3,2119,80,91,970,advantage endgame knightEndgame long quietMove sacrifice,https://lichess.org/s7tFfyJl#81,
usZZQ,rnb1r1k1/2q2p1p/3p1Qp1/p1pP4/2N5/1P1B2N1/P4PPP/5RK1 b - - 1 17,a8a6 g3h5 g6h5 f6g5,2163,114,63,16,crushing middlegame quietMove sacrifice short,https://lichess.org/G0aCyTls/black#34,Benko_Gambit Benko_Gambit_Other_variations
usjwi,rn2Qbkr/ppp2Npp/3qbn2/8/3P4/8/PPP3PP/RNB2R1K w - - 3 14,f7d6 f6e8 d6e8 b8a6 e8c7 a6c7,2158,78,93,8531,advantage long opening quietMove trappedPiece,https://lichess.org/0kNBDagY#27,Kings_Gambit_Declined Kings_Gambit_Declined_Petrovs_Defense
uteUA,5r2/6k1/p2p3p/2q5/3R2P1/1P1Q3P/6K1/8 w - - 3 58,g2g3 c5e5 g3g2 e5e1 d4e4 f8f2 g2g3 f2e2,2180,75,83,168,crushing discoveredAttack endgame quietMove veryLong,https://lichess.org/cOzIEuox#115,
utmqc,8/Nb1k4/1P6/1K3p1p/3N1n1P/8/8/8 b - - 2 45,b7e4 d4c6 e4c6 a7c6,2181,76,93,1124,crushing endgame master quietMove short,https://lichess.org/3Yrqmhfo/black#90,
uuTOn,7k/1pp4p/1nn2Qpb/p3p3/P7/2P1q3/1P1N4/2K4R b - - 1 28,h6g7 f6g6 h7h6 h1g1 e3g1 g6g1,2153,82,91,190,advantage long middlegame pin quietMove,https://lichess.org/aRGL9LAF/black#56,
uuXSa,8/8/8/4k3/P5p1/3K4/8/8 b - - 1 52,e5f4 a4a5 g4g3 d3e2 g3g2 e2f2 g2g1r f2g1,2192,83,89,276,crushing endgame pawnEndgame quietMove veryLong,https://lichess.org/4IWMjjO5/black#104,
uuaTX,2R2bk1/R6p/p3r1p1/1p3b2/8/8/PP2NKPP/8 w - - 4 28,a7a8 e6f6 c8f8 f6f8 a8f8 g8f8,2176,117,100,47,endgame equality long quietMove,https://lichess.org/ez33IxEL#55,
uuaeM,8/p1p5/8/1k1K1p2/1P6/5PNp/8/8 w - - 4 44,d5e5 b5b4 e5f5 a7a5 f5g4 a5a4,2152,243,-67,7,crushing defensiveMove endgame knightEndgame long quietMove,https://lichess.org/U4Bnevaf#87,
uuyuT,8/2P5/4b2p/3pB1p1/3P1p1k/8/q4P1P/3QK3 w - - 9 38,d1c1 e6g4 f2f3 g4f3,2104,105,85,15,crushing endgame quietMove short,https://lichess.org/E8Of3UnM#75,
uv3ja,6k1/2p3p1/3p3p/2pqp3/8/P1Q5/6PP/5B1K b - - 1 39,d5d4 c3d4 c5d4 a3a4 g8f7 a4a5,2154,79,90,2372,crushing defensiveMove endgame long quietMove,https://lichess.org/1iayeLG9/black#78,
uvcfc,5rk1/1p3pp1/p2qp2p/3nN3/3PR1N1/3Q3P/PP3PPK/2r5 b - - 8 23,f7f6 g4h6 g8h8 e4h4 d6e5 d4e5,2173,77,93,4116,clearance crushing kingsideAttack long middlegame quietMove,https://lichess.org/d4PimeZq/black#46,
uwGzt,8/2R5/4r1pp/5p2/6kP/6R1/3r1PK1/8 b - - 1 42,g4h4 c7c1 d2f2 g2f2,2141,75,91,6656,crushing endgame master quietMove rookEndgame short,https://lichess.org/GSDQK0DN/black#84,
uwW2d,6k1/p5q1/2p3p1/1pn3N1/7Q/P1Nr4/1n3PP1/R5K1 b - - 5 41,d3c3 a1e1 g7d7 h4h6,2132,78,82,130,advantage middlegame quietMove short,https://lichess.org/TEFTZIb1/black#82,
uwXjb,3r4/p1q2bk1/1p5p/4p3/7P/4QP2/PP3B2/5BK1 b - - 0 30,d8d6 e3e5 g7h7 f2g3 c7d7 e5d6 d7d6 g3d6,2111,84,84,28,crushing endgame master quietMove veryLong,https://lichess.org/UaiIgljv/black#60,
uwr5P,4r1k1/5p1p/1R6/3B4/1PP5/4p1P1/7P/1b3K2 w - - 1 34,b6b7 b1d3 f1e1 e8a8 b7b8 a8b8,2112,76,100,162,crushing endgame long quietMove,https://lichess.org/gFBU7plX#67,
uwr9d,6k1/6p1/1r2p1rp/R2p4/2pQ1PP1/2P1P2P/1q6/R5K1 w - - 1 35,a1a2 b2c1 g1h2 b6b1 a5a8 g8h7,2175,76,92,3737,clearance crushing defensiveMove endgame long master quietMove,https://lichess.org/qHpWnMwr#69,
ux7Te,8/5B2/1p5p/p4P1K/P6P/1Pk5/8/6r1 b - - 2 51,g1h1 f7c4 h1h2 f5f6 h2f2 h5g6,2165,130,100,13,crushing endgame long quietMove,https://lichess.org/vnLfXqkX/black#102,
uxPCK,8/8/5p2/1p6/8/k6P/7P/1K6 b - - 1 43,a3b3 h3h4 f6f5 h4h5 f5f4 b1c1,2100,76,91,1347,crushing defensiveMove endgame long pawnEndgame quietMove,https://lichess.org/sXvn2mSH/black#86,
uxRZ2,8/1p6/p4k2/7p/P4K2/2P5/7P/8 b - - 0 38,b7b5 a4b5 a6b5 h2h4 f6e6 f4g5,2149,75,91,463,crushing endgame long pawnEndgame quietMove zugzwang,https://lichess.org/AXqnD1tl/black#76,
uxpQK,4k2r/1b1p1p1p/p3p3/4qp2/3NP3/5Q1P/P4PP1/1R4K1 b k - 3 25,f5e4 f3c3 e8g8 b1b7,2161,81,91,3511,advantage endgame quietMove short,https://lichess.org/GO8qflHV/black#50,
uy1aq,5r2/pp4p1/n2p2Bk/2pP3p/8/PP6/2P4r/1K2R1R1 b - - 2 26,f8f6 e1e8 f6f1 g1f1,2109,77,68,70,advantage endgame quietMove short,https://lichess.org/mmlzk05b/black#52,
uyfjD,4r1k1/ppp3pp/4P3/3p4/3P4/6P1/q1P1Q2P/4R1K1 b - - 0 22,a2c4 e2f2 e8f8 e6e7 f8e8 e1f1,2182,115,91,20,advancedPawn advantage defensiveMove endgame long quietMove,https://lichess.org/rgYzkPdn/black#44,
v00nm,8/1p6/6p1/1pP4p/1P1K3P/P5k1/8/8 b - - 1 51,g3h4 a3a4 b5a4 b4b5 g6g5 c5c6 a4a3 d4c3 a3a2 c3b2,2100,74,87,167,crushing endgame pawnEndgame quietMove veryLong,https://lichess.org/tI0hL9Yz/black#102,
v0L2I,r2q1rk1/pb2b3/1pn1Q3/2p1Pp2/5P2/PPPB4/1B1N2PP/R5K1 b - - 0 23,f8f7 d3c4 c6e5 f4e5 d8d2 e6f7,2126,76,73,118,advantage kingsideAttack long middlegame quietMove,https://lichess.org/hsfE1jLI/black#46,
v0Rn8,5r1k/6pp/5b2/Q7/Pp1pN3/1P1P1qPb/4R2P/4R1K1 w - - 1 37,a5d5 f6g5 e4f2 f3d5,2153,77,94,5402,crushing master middlegame quietMove short,https://lichess.org/kQlWsUH1#73,
v0ZvI,4k3/8/2b1p2p/p1B1p1pP/4P1P1/2P2P2/5K2/8 b - - 4 47,e8d7 c5f8 a5a4 c3c4 a4a3 f8a3,2166,111,84,17,bishopEndgame crushing endgame long quietMove,https://lichess.org/xAAxQY4M/black#94,
v11ph,2kr1b1r/ppp2Npp/2n2n2/8/7q/2N5/PPPPBPP1/R1BQ1RK1 w - - 1 11,f7h8 f8d6 f2f4 d6c5,2127,82,87,60,advantage middlegame quietMove short,https://lichess.org/Rfed41IM#21,Zukertort_Opening Zukertort_Opening_Tennison_Gambit
v17Vn,8/p7/1p2p3/1P1k1pp1/P2P2PP/4K3/8/8 b - - 0 41,f5f4 e3f3 g5h4 g4g5 d5d4 g5g6,2153,78,91,272,crushing defensiveMove endgame long pawnEndgame quietMove sacrifice,https://lichess.org/qcoyeMiU/black#82,
v1IDw,R7/5pk1/4p1pp/3pP3/3P4/6KP/3Q1PP1/4r1q1 b - - 3 40,e1e4 d2b4 e4e3 f2e3 g1e3 g3h2,2167,77,84,171,crushing defensiveMove endgame long quietMove,https://lichess.org/XT1i4ujE/black#80,
v1NST,b2r1b1k/1q4pp/5n2/p4NQP/Pp6/1B6/2P2PP1/4R1K1 b - - 0 31,f6h5 f5h6 h5f6 h6f7 b7f7 b3f7,2166,77,86,318,advantage fork long master middlegame quietMove,https://lichess.org/A4ouUXXc/black#62,
v1RZ3,8/8/4P3/7p/3N4/7r/1p1RKP2/k7 w - - 1 50,d4b3 h3b3 e6e7 b3b8 d2d8 b2b1q,2106,77,79,135,advancedPawn advantage endgame hangingPiece long promotion quietMove,https://lichess.org/min08tsz#99,
v1iif,r7/7P/4p1K1/3k4/1p4p1/6P1/6R1/8 b - - 0 61,b4b3 g2h2 b3b2 h2b2,2138,75,85,184,crushing endgame quietMove rookEndgame short,https://lichess.org/CAKk4Euc/black#122,
v1l6p,8/8/7p/pBK2pkP/P7/4p3/8/8 w - - 0 73,c5b6 f5f4 b5e2 g5h4 b6c5 h4g3 c5d4 g3f2,2130,77,89,1161,bishopEndgame crushing endgame quietMove veryLong,https://lichess.org/KseLlubc#145,
v1uly,k3r3/p1p4p/b1P5/8/2PqN3/1Q3P2/P2R2PP/7K b - - 0 33,e8e4 b3d1 d4d2 d1d2,2132,77,57,62,crushing endgame master quietMove short,https://lichess.org/FFswNJHN/black#66,
v22Za,1k6/p3r1pp/Ppp5/3q1p2/8/Q6P/5PP1/1R4K1 b - - 1 33,d5e4 a3d6 b8c8 b1d1 e4e1 d1e1,2127,76,84,146,crushing endgame long quietMove,https://lichess.org/JPFItOI9/black#66,
v246U,3r4/3r2p1/8/p4p1k/P2p1P2/5K2/1P2R1P1/3R4 b - - 1 39,d4d3 e2e6 d3d2 d1h1,2114,78,92,1476,endgame mate mateIn2 quietMove rookEndgame short,https://lichess.org/LukFpH3W/black#78,
v29fk,N2k1b1r/pp1Pp2p/6p1/1B3p2/1n6/8/1PP4P/1K1R4 b - - 3 22,e7e5 a8c7 f8d6 c7e6,2114,75,92,6802,advantage endgame quietMove short,https://lichess.org/ojysXVle/black#44,
v3ayu,8/p1p4k/2P1rp2/6P1/2p5/P4R1K/1Q5P/6q1 w - - 1 40,g5f6 e6e4 b2g2 e4h4 h3g3 h4g4 g3g4 g1g2,2148,81,79,58,attraction crushing deflection endgame exposedKing quietMove veryLong,https://lichess.org/G1JpCE6J#79,
v3plQ,8/8/1b6/4p3/1p2k3/1P2P3/4K1N1/8 w - - 2 57,g2h4 b6e3 h4g2 e3f4 g2e1 e4d4 e1d3 d4c3,2188,78,83,54,crushing endgame quietMove veryLong,https://lichess.org/xFeojUxy#113,
v3rLW,1r4k1/QP3pp1/4p3/8/5nPp/3q1B1P/5P2/2R3K1 b - - 9 45,d3f3 a7b8 g8h7 b8f4 f3f4 c1c8 f4f3 b7b8q,2125,76,85,198,advancedPawn advantage endgame hangingPiece master promotion quietMove veryLong,https://lichess.org/xpGdEFLf/black#90,
v44tB,8/6p1/7p/5KP1/7P/5k2/8/8 b - - 0 68,f3g3 g5h6 g7h6 h4h5 g3f3 f5g6 f3f4 g6h6,2111,76,94,1459,crushing endgame pawnEndgame quietMove veryLong,https://lichess.org/nGqlQbsP/black#136,
v4PPB,5q2/5r1k/1p1p2p1/pPbP4/P3Q1PN/2B4P/6K1/8 b - - 1 45,f7f2 g2g3 f8f7 h4f3 f2f3 e4f3,2144,76,88,199,crushing defensiveMove endgame long quietMove,https://lichess.org/a5QCO75t/black#90,
v4UZ3,8/p7/2p4p/2Pk1pp1/1P1p1P2/P5P1/4K1P1/8 w - - 2 34,e2d3 g5g4 d3c2 d5c4,2173,77,89,443,crushing endgame pawnEndgame quietMove short zugzwang,https://lichess.org/YDQyskb7#67,
v4n0P,q3kb1r/p2b3p/3p2p1/3npp2/8/4PNP1/P4P1P/R1BQ1RK1 w k - 0 18,c1a3 d5c3 d1b3 a8f3 b3c3 d7c6 c3c6 f3c6,2171,80,81,56,crushing discoveredAttack middlegame quietMove veryLong,https://lichess.org/1aHNETkw#35,English_Opening English_Opening_Kings_English_Variation
v4qoX,8/7N/2p5/1p2nk2/1P6/4PK2/6P1/8 w - - 2 49,f3e2 e5d7 e2d3 f5g6 h7f8 d7f8,2167,76,94,3402,crushing endgame knightEndgame long master quietMove trappedPiece,https://lichess.org/p62NOKe9#97,
v65lh,5r1k/6b1/1PP5/4p3/3p1p2/5QpP/5qP1/3R3K w - - 0 42,f3f2 g3f2 b6b7 e5e4 c6c7 e4e3 b7b8q e3e2 b8b1 d4d3,2145,77,81,239,advancedPawn crushing endgame quietMove veryLong,https://lichess.org/7SZWyoRJ#83,
v6MFV,r1b2rk1/2pq1p2/2pb4/pp6/4R3/2QB1N2/PP3PPP/6K1 b - - 3 26,d7f5 e4h4 d6e5 f3e5,2106,76,92,1176,crushing middlegame quietMove short,https://lichess.org/ocNhre2G/black#52,
v6X2Z,8/n1p5/P3p1k1/1P4p1/1KP2p2/8/5P1P/8 b - - 4 44,g6f5 c4c5 a7c8 b4a5 e6e5 b5b6,2138,75,94,775,crushing endgame knightEndgame long quietMove,https://lichess.org/YhKU6kIq/black#88,
v6fmY,2Q5/1p4kp/4pp2/1qPp1p2/5P2/P3P2P/6P1/6K1 b - - 0 32,b5a6 c5c6 a6c6 c8c6 b7c6 a3a4 g7f8 a4a5,2110,75,95,1383,crushing defensiveMove endgame queenEndgame quietMove veryLong,https://lichess.org/T6Tef4qZ/black#64,
v6jcV,5r2/2p2pkp/P1N3p1/8/8/4PBP1/5P1P/1b4K1 b - - 0 25,f8a8 c6b4 a8a7 f3b7 b1e4 b7e4,2129,78,91,3237,advantage clearance endgame long master quietMove,https://lichess.org/cSThgbtJ/black#50,
v71CJ,r5k1/5p2/1p2p1P1/p2p2N1/P2P1q1P/2r5/4QP2/1R4K1 b - - 0 30,a8f8 e2h5 f4f2 g1f2 f7g6 h5f3 f8f3 g5f3,2105,76,70,55,crushing endgame quietMove veryLong,https://lichess.org/2tP336H5/black#60,
v745j,r2q2r1/pbp2p1k/1p3p2/4pn2/P7/2PPB2P/BP1Q1RP1/3R2K1 b - - 1 24,f5h4 d2e2 b7f3 f2f3 g8g2 e2g2 h4g2 g1g2,2151,81,90,1333,advantage middlegame quietMove veryLong,https://lichess.org/xdYTWE4F/black#48,
v7Av4,8/3p4/8/1k1p3p/p2P1p2/1r3P2/1PK1R1P1/8 b - - 3 48,b3e3 e2e3 f4e3 f3f4 e3e2 c2d2 e2e1r d2e1,2137,77,86,269,crushing endgame master quietMove rookEndgame veryLong,https://lichess.org/DZ3e8uvR/black#96,
v7Enc,8/1p4p1/p1p4p/P1Pk4/1P1p1P2/3K2PP/8/8 w - - 3 43,h3h4 h6h5 f4f5 d5e5 d3c4 e5e4,2155,76,79,64,crushing endgame long pawnEndgame quietMove,https://lichess.org/bQL586Ye#85,
v7UV2,k2r1r2/p7/2p4p/2qnR3/4Q3/P2B1P2/7P/1R5K b - - 13 38,f8g8 d3a6 g8g7 e5e8,2152,91,85,27,crushing middlegame quietMove short,https://lichess.org/ytnWV3bE/black#76,
v7vwR,2r2rk1/pp3p1p/1b2pBp1/3p4/5P2/2PQP2R/q5PP/5RK1 b - - 3 22,a2c4 h3h7 g8h7 f1f3 c4f4 f3f4,2129,74,94,4337,crushing long middlegame quietMove sacrifice,https://lichess.org/Gk4PMg2j/black#44,
v8GVM,5k1r/1ppr2p1/6P1/1p6/3B4/2P1Rb2/PP3P1n/2K3R1 b - - 2 31,b7b6 g1e1 d7d8 e3e7,2114,74,91,1974,crushing middlegame quietMove short,https://lichess.org/5fsDrWJk/black#62,
v8IQu,8/2k5/ppp5/2Pp1p1p/1P1P1P1P/PK6/8/8 b - - 1 40,c7b7 c5b6 b7b6 b3a4 b6b7 a4a5 b7a7 a3a4 a7b7 b4b5 a6b5 a4b5,2104,74,91,5102,crushing endgame pawnEndgame quietMove veryLong zugzwang,https://lichess.org/s1KLF05D/black#80,
v8yxi,5rk1/5ppp/p7/1p1nr3/1P1R4/1B6/P6P/5R1K b - - 6 35,d5e7 f1f7 e7g6 d4f4 e5e1 h1g2 f8f7 b3f7 g8h8 f4d4 g6f8 d4d8 g7g6 d8f8 h8g7 f8e8,2115,107,68,39,advantage endgame pin quietMove veryLong,https://lichess.org/igwEMK9w/black#70,
v9OOv,8/8/6r1/p2p1K1k/1pp3Rp/5P2/PP6/8 b - - 5 45,h4h3 g4g6 h3h2 g6g8 h5h4 f5f4,2142,85,70,59,advantage defensiveMove endgame long quietMove rookEndgame,https://lichess.org/MJXvrwra/black#90,
v9lsW,8/8/3Rp2k/3r2pP/1P6/P2p1K2/8/8 w - - 2 46,d6d5 e6d5 f3e3 g5g4 e3d3 g4g3 d3e3 d5d4,2180,79,92,901,crushing endgame quietMove veryLong,https://lichess.org/vdpgkBBf#91,
v9y6K,8/8/5p2/p3kP2/2p1P1p1/4K3/PPP5/8 w - - 2 36,c2c3 a5a4 a2a3 g4g3 e3f3 g3g2,2162,77,93,90,advancedPawn crushing endgame long pawnEndgame quietMove,https://lichess.org/OS56VMyf#71,
vABcf,8/3k4/p4p2/3p2pp/P1pP4/2K1P1P1/5P1P/8 w - - 0 28,f2f3 g5g4 f3g4 h5g4 e3e4 d5e4 c3c4 a6a5 d4d5 d7d6 c4d4 f6f5,2167,143,85,28,crushing defensiveMove endgame pawnEndgame quietMove veryLong zugzwang,https://lichess.org/BAgiq844#55,
vAFFq,R7/6pk/p7/8/1p6/r7/1R3KPP/2n5 w - - 2 33,f2f1 a3a1 b2d2 c1b3 f1e2 b3d2,2184,80,91,4340,advantage discoveredAttack endgame long quietMove,https://lichess.org/m93Nr21G#65,
vAFnw,r1b1q1k1/3n1p1p/p1N3pB/1p1p3n/1P6/2PB1Q2/P4PPP/R5K1 w - - 5 21,a1d1 d7f6 c6e5 e8e5,2117,74,93,4724,crushing middlegame quietMove short,https://lichess.org/jGUujE3H#41,
vAWxX,8/4r2p/p5p1/1pP5/1P6/P1R1pkP1/7P/4K3 w - - 0 44,e1f1 e7d7 c3c1 d7d2,2199,81,76,59,crushing endgame quietMove rookEndgame short,https://lichess.org/ktNZlekK#87,
vArqp,r1b1k1r1/ppp1bp1p/4q1pB/8/4Q3/2P5/P1P1BPPP/R4RK1 w q - 3 16,e4d3 g6g5 d3h7 e6g6,2166,78,89,995,clearance crushing master middlegame quietMove short,https://lichess.org/j89MHVM1#31,Four_Knights_Game Four_Knights_Game_Other_variations
vBHYH,8/4k3/1p2pp1P/7K/4q1P1/8/P2Q4/8 b - - 3 60,e4e5 g4g5 e5f5 d2g2 e7f7 g2b7,2149,178,76,10,crushing defensiveMove endgame long queenEndgame quietMove,https://lichess.org/F5T6Q1w1/black#120,
vBWwh,8/8/5K1p/6p1/8/4k3/6PP/8 b - - 2 44,e3f2 g2g4 f2f3 f6f5,2143,78,91,719,crushing endgame master masterVsMaster pawnEndgame quietMove short zugzwang,https://lichess.org/LIoyoFxJ/black#88,
vC8Hv,5rr1/pp2k2Q/1qp1p3/7B/3P4/2P5/PP3P2/1K5R b - - 3 32,e7d6 c3c4 b6d4 h1d1,2133,75,84,185,advantage endgame pin quietMove short,https://lichess.org/HAWtSSgy/black#64,
vCDLl,8/5pp1/8/4p3/4P1K1/4kP1P/8/8 w - - 2 52,g4g3 g7g5 g3g4 f7f6 g4g3 e3e2,2148,77,75,60,crushing endgame long master pawnEndgame quietMove,https://lichess.org/fEkncT9F#103,
vCLOQ,8/4K3/7k/ppn5/5P2/1P5P/P7/8 b - - 1 40,a5a4 f4f5 c5d3 f5f6,2177,80,90,185,crushing endgame knightEndgame quietMove short,https://lichess.org/Y8aY0V0b/black#80,
vCSJG,6k1/6p1/P4p2/1Q6/1K5p/1P3q2/8/8 b - - 0 45,h4h3 a6a7 g8h7 b5b8 f3e4 b4a3,2199,79,91,1275,advancedPawn crushing defensiveMove endgame long queenEndgame quietMove,https://lichess.org/fvtUc4tB/black#90,
vCmQe,8/p1p5/4k2p/1p4p1/2pPKpP1/2P4P/P1P2P2/8 w - - 0 32,f2f3 c7c6 h3h4 g5h4 e4f4 e6f6,2180,101,92,34,crushing defensiveMove endgame long pawnEndgame quietMove,https://lichess.org/AnyvG8KX#63,
vD1oC,r1bq1rk1/p1p2ppp/2Q5/4p3/1b6/3PP2P/PPP2PP1/R1B1K1NR w KQ - 1 12,c2c3 d8d3 c3b4 c8a6 c6a6 d3a6,2114,79,89,756,crushing long middlegame quietMove sacrifice,https://lichess.org/IDvhNW8h#23,Vant_Kruijs_Opening Vant_Kruijs_Opening_Other_variations
vD1ts,8/pp5p/4k3/4P1p1/1P2K3/8/1P5P/8 b - - 0 36,h7h5 b4b5 h5h4 h2h3,2121,77,91,399,crushing defensiveMove endgame master pawnEndgame quietMove short,https://lichess.org/Qp8v6ORX/black#72,
vDFe6,8/8/8/6pp/8/6P1/3k1KP1/8 w - - 2 42,f2f3 d2e1 g3g4 h5h4 f3e3 e1f1,2146,76,87,460,crushing endgame long pawnEndgame quietMove,https://lichess.org/choaojn6#83,
vDn6Q,2r5/8/8/p2pkP2/Pp1R2P1/1P6/2KR4/6r1 w - - 18 63,c2d3 g1e1 d4b4 a5b4 d2e2 e1e2,2178,101,87,28,crushing endgame long quietMove rookEndgame,https://lichess.org/ToXNH0DM#125,
vDvx6,8/1B2k3/5p2/8/PK4Pp/1P2r2P/8/8 b - - 1 53,e3h3 a4a5 e7d8 a5a6 d8c7 b7g2 h3g3 a6a7,2109,77,91,1171,advancedPawn crushing endgame quietMove veryLong,https://lichess.org/CbP159tH/black#106,
vE38n,8/p3k2p/6p1/3P4/3K4/P5P1/8/8 w - - 1 39,d4c5 h7h5 c5c6 e7d8,2132,77,90,746,crushing defensiveMove endgame pawnEndgame quietMove short,https://lichess.org/PlmDtwam#77,
vE53U,5r2/2p4k/1p1p1nqp/3P1b2/2PQpR1B/2P1P3/4B2P/7K w - - 0 33,h4f6 f8g8 f6g7 g8g7,2115,77,85,104,crushing middlegame quietMove short,https://lichess.org/l055soHo#65,
vE5wm,4Q3/1b3pkp/pq4p1/1p2P2n/8/7P/PP1r1PPB/1B3RK1 w - - 2 23,g2g4 d2d8 e8e7 b6c6 e7b7 c6b7,2151,75,97,117,advantage long middlegame quietMove,https://lichess.org/nARAumGm#45,
vE791,8/6pp/8/6P1/4kP2/3p2P1/4K3/8 w - - 0 46,e2d2 g7g6 g3g4 e4f4,2116,77,91,2297,crushing endgame pawnEndgame quietMove short zugzwang,https://lichess.org/jxtAZI1p#91,
vFB6q,3r2k1/6pp/1Q3p2/3P4/1b1Nq1b1/4B1P1/P4PKP/R6R w - - 5 24,g2g1 g4h3 b6d8 g8f7 d8d7 h3d7,2178,218,100,7,defensiveMove equality long middlegame quietMove sacrifice,https://lichess.org/vmjLAYhw#47,
vFVCM,8/4k3/7R/7p/P1Nb1np1/8/7K/8 w - - 6 42,a4a5 d4f2 h6g6 f4g6,2149,76,86,53,crushing endgame quietMove short,https://lichess.org/2Hdx1pmO#83,
vFg3Z,8/2k4p/K4p2/6p1/4P3/5P2/PP6/8 w - - 0 48,b2b4 c7b8 a6b6 h7h5 b6c5 h5h4 c5d4 h4h3,2114,78,90,230,crushing endgame pawnEndgame quietMove veryLong,https://lichess.org/kxRQCK3P#95,
vFhlj,4Q3/p5bk/2r5/3bPp2/1P1BnP1p/6PK/P3P2P/8 w - - 0 32,g3h4 c6g6 e8g6 h7g6,2172,77,82,109,advantage endgame master quietMove short,https://lichess.org/vyeW5uEU#63,
vFtaw,4rk2/ppp2p2/2n2p2/7P/5P1Q/3P2R1/4q1P1/5R1K w - - 1 27,f1f3 e2d1 h1h2 e8e1 g3g8 f8g8,2136,77,86,65,advantage clearance endgame long quietMove,https://lichess.org/vK70wd9M#53,
vGrsa,8/1p3pk1/5p1p/1p2p2K/1P2P1P1/5P1P/P7/8 b - - 0 29,b7b6 h3h4 g7h7 g4g5 h6g5 h4g5 h7g7 g5f6 g7f6 h5h6,2131,91,86,26,crushing defensiveMove endgame pawnEndgame quietMove veryLong zugzwang,https://lichess.org/lZntUNVa/black#58,
vH7kd,4r3/5p1k/5qpp/8/3b4/1R4P1/2Q2P1P/1R4K1 w - - 5 31,c2d3 f6f2 g1h1 e8e2 d3e2 f2e2,2153,79,73,60,crushing endgame long quietMove,https://lichess.org/wfdZ8zzg#61,
vHOOF,6rk/1p5p/p2q4/3P4/7Q/P2R2rP/8/3R2K1 w - - 0 32,g1h1 g3g2 h4d4 g8g7 d4g7 g2g7,2138,78,91,99,crushing defensiveMove endgame long quietMove,https://lichess.org/DscoY8mH#63,
vHdYX,r2r2k1/p1Q2ppp/8/p3N3/8/8/1P3PPP/3q1RK1 b - - 2 23,d1e2 c7f7 g8h8 f7e6 e2h5 e5f7 h5f7 e6f7,2177,72,93,10210,advantage endgame fork quietMove veryLong,https://lichess.org/AYiMMCvV/black#46,
vHl9B,6r1/p3k1rp/1p1pq3/3R4/2P1P3/2Q5/PP3P1P/5R1K w - - 7 26,e4e5 e6g6 e5d6 e7d8 c3g3 g6e4,2101,129,-15,15,advantage defensiveMove endgame long quietMove,https://lichess.org/Scv4iya6#51,
vIHNA,8/1ppR4/8/8/Pp6/1P2k2P/3p4/6K1 w - - 2 53,d7d2 e3d2 h3h4 c7c5 g1f2 c5c4,2146,99,72,28,advantage endgame hangingPiece long quietMove,https://lichess.org/vqki0mdj#105,
vIZnn,3R4/1p3pkp/1p6/3n2p1/1P6/P4PP1/4NK1P/3r4 b - - 9 32,d5e3 e2d4 d1d2 f2e3,2106,73,93,9212,crushing endgame quietMove short,https://lichess.org/rcrSI8bP/black#64,
vIkSU,r1bqr1k1/ppp2ppp/8/8/3n1Q2/2PBP3/P5PP/2R1K1NR b K - 0 13,d4b3 c1d1 d8e7 a2b3 e7e3 f4e3,2140,74,96,265,advantage long middlegame quietMove,https://lichess.org/891e0kf9/black#26,French_Defense French_Defense_Exchange_Variation
vIn81,8/8/8/1p1k1P2/1b6/5NKp/8/8 w - - 0 44,g3h3 b4c3 f5f6 c3f6,2115,74,86,90,crushing endgame quietMove short,https://lichess.org/dqKudcpA#87,
vJ8FC,r1b2rk1/ppq1bppp/2n5/3pPp2/P2N4/2P1R3/1P3PPP/RNBQ2K1 w - - 3 13,d1h5 c6d4 e3h3 h7h6 c1h6 g7g6,2156,118,25,21,crushing long opening quietMove,https://lichess.org/hCH33Mij#25,French_Defense French_Defense_Advance_Variation
vKSpq,8/p4p2/3k2p1/1p6/3K3P/P4P2/6P1/8 b - - 0 38,a7a5 g2g4 d6e6 d4c5 b5b4 a3b4 a5b4 c5b4,2141,74,88,631,crushing endgame pawnEndgame quietMove veryLong,https://lichess.org/Qrx4hokR/black#76,
vKxca,r2q4/pp2Rbbk/2pB1npp/8/3P1Q2/2P5/PP3PPP/6K1 b - - 3 26,f7g8 f4f6 d8f8 d6e5 f8f6 e5f6,2155,97,77,21,advantage long middlegame pin quietMove,https://lichess.org/nh1KwxkY/black#52,
vL3iP,r6r/pb1k1p1p/5q2/1NRPpp1B/7n/P7/3Q1P2/4K1R1 b - - 0 24,h8c8 c5c6 b7c6 d5c6 d7c6 g1g3 h4g2 e1f1,2193,104,74,121,advantage doubleCheck exposedKing middlegame quietMove sacrifice veryLong,https://lichess.org/XTKIIlvJ/black#48,
vLJcC,8/4k3/8/p1n1P3/6BK/8/8/8 w - - 1 51,h4g5 a5a4 g4f3 e7e6,2182,76,91,570,crushing endgame quietMove short,https://lichess.org/VtiPQTse#101,
vLP5G,8/7p/4p1p1/pp1p1k2/3P4/1PP1KP1P/P7/8 w - - 1 38,a2a4 b5a4 b3a4 g6g5 e3d3 f5f4,2161,79,92,236,crushing endgame long pawnEndgame quietMove,https://lichess.org/axVodLDq#75,
vLS2U,1r2nr1k/1b4pB/pp2pp2/2q5/2P2P2/2N4P/PPQ3PK/R4R2 w - - 0 20,c2g6 f6f5 h7g8 h8g8,2127,76,87,127,advantage middlegame quietMove short,https://lichess.org/DSBeBm4Y#39,
vLZJX,5rk1/p4ppp/4p3/3pNP2/3q4/2r3B1/P1P1QP1P/R5K1 w - - 0 21,f5e6 c3g3 h2g3 d4a1 g1g2 f7e6 e5d7 f8e8 e2b5 e8d8,2112,174,83,13,crushing discoveredAttack middlegame pin quietMove veryLong,https://lichess.org/XUXZifBs#41,
vLar1,rn4k1/p5pp/1p2p3/1B1p4/3r4/8/P1P2P1P/4RRK1 b - - 1 19,d4e4 e1e4 d5e4 f1d1 g8f7 d1d8,2111,79,77,57,advantage clearance endgame long quietMove,https://lichess.org/qRQPuYpz/black#38,Owen_Defense Owen_Defense_Other_variations
vLngJ,8/1r6/5p2/1pRPkBb1/6P1/P3p3/1P2K3/8 w - - 1 56,f5e6 b7h7 e2d3 h7h2,2134,77,83,54,crushing endgame quietMove short,https://lichess.org/SaSEpCwi#111,
vM6du,r3k2r/1q1b1ppp/4p3/p1Q5/5B2/P7/2P3PP/1R3RK1 b kq - 2 20,b7e4 f4g5 f7f6 f1f6 g7f6 g5f6 e4e3 c5e3,2193,76,94,1462,crushing middlegame quietMove sacrifice veryLong,https://lichess.org/kKI2PvO4/black#40,
vM90f,8/3kb3/1K2p3/4Bp1p/3P4/4P2P/8/8 w - - 4 44,b6b7 e7g5 b7b6 g5e3 b6c5 f5f4 c5c4 f4f3 c4d3 f3f2,2194,95,90,928,advancedPawn bishopEndgame crushing endgame quietMove veryLong,https://lichess.org/VLscf3Ex#87,
vMDLG,8/P7/2bP4/2n4B/2P2k2/6p1/8/6K1 b - - 0 47,f4e5 h5f7 e5d6 f7d5 c6d5 c4d5,2191,115,74,27,advantage endgame long master quietMove,https://lichess.org/8df99d5n/black#94,
vMHUK,2r2rk1/p4ppp/8/2pPq1R1/3nN3/3QR3/P4PPP/6K1 b - - 1 27,d4f5 e4c3 e5d4 g5f5,2131,109,82,24,crushing middlegame quietMove short,https://lichess.org/gUBJRDtu/black#54,
vMJtp,8/4b3/1p5P/4pK2/2P1Bp2/pk6/5PP1/8 w - - 0 46,e4b1 e7f8 h6h7 f8g7 f5g6 g7h8,2186,76,90,1944,bishopEndgame crushing defensiveMove endgame long quietMove,https://lichess.org/OkiKSKVq#91,
vMRDP,r1b1k2r/pppp1ppp/8/3qP3/8/1PN5/P1P2QPP/R1B3K1 b kq - 2 12,d5e5 c1a3 d7d6 a1e1 e5e1 f2e1,2127,78,75,79,advantage clearance long middlegame pin quietMove,https://lichess.org/5GkZRQ2b/black#24,Russian_Game Russian_Game_Stafford_Gambit
vMbXb,8/r4p2/P1p5/2k1p3/1pB1P1KP/1P6/8/8 b - - 0 37,c5d4 g4f5 a7a8 h4h5 a8h8 c4f7,2184,78,91,1542,crushing endgame long master quietMove,https://lichess.org/XUO9cQB0/black#74,
vMfJ8,8/3n4/1p1N1p1p/p5p1/Pkp2PP1/4P2P/1P1K4/8 b - - 5 43,b4a4 d2c3 b6b5 d6c8 b5b4 c3c4,2197,115,81,20,advantage endgame knightEndgame long quietMove zugzwang,https://lichess.org/sxmwSVGf/black#86,
vNL3I,5rk1/1pp3pp/8/8/2PP1qb1/1P2R3/P4P1P/3QR1K1 w - - 3 25,d1d2 g4f3 e3f3 f4d2,2150,81,87,40,advantage endgame quietMove short,https://lichess.org/wBw5WVWD#49,
vNWoD,8/6B1/2P1k3/R5p1/4B2p/4P2P/p2r2PK/2r5 w - - 0 56,a5a7 d2d1 g2g3 d1d2 e4g2 c1c2,2109,75,98,304,crushing endgame long quietMove,https://lichess.org/6LVNuG29#111,
vNcDG,r5k1/5pp1/4p3/8/2p4Q/p1q4P/P3R1P1/1K2R3 w - - 0 33,h4f4 a8a4 f4b8 g8h7 e1c1 a4b4 b8b4 c3b4,2176,93,32,27,advantage endgame fork quietMove veryLong,https://lichess.org/lHRdGKO0#65,
vNw0Z,7k/8/3pB2P/3P4/5K2/6P1/r7/8 b - - 0 67,h8h7 f4g5 a2d2 g3g4 d2h2 e6f5,2121,78,89,876,crushing endgame long quietMove,https://lichess.org/JEAcp2DG/black#134,
vOcx2,r3qk1r/pp1nb1p1/2p1Q2p/8/3P1B2/6N1/PPP2PPP/R5K1 b - - 0 16,e7f6 f4d6 f6e7 a1e1 e7d6 e6d6,2124,103,43,29,advantage long middlegame quietMove,https://lichess.org/SGwUbb5F/black#32,Caro-Kann_Defense Caro-Kann_Defense_Two_Knights_Attack
vP1pZ,8/6p1/5p1p/p3pP2/Pp1k4/1Pr1R2P/3K1PP1/8 b - - 8 40,h6h5 e3c3 b4c3 d2c2 h5h4 f2f3 d4e3 c2c3,2105,79,90,1254,advantage endgame quietMove rookEndgame veryLong zugzwang,https://lichess.org/P2zS3bW1/black#80,
vP3rU,r3kb2/ppp1q2r/2n1N3/2PQ1pP1/1P1p3p/P2P2nP/1BKN4/R7 b q - 2 24,c6d8 a1e1 e7e6 e1e6,2136,75,98,209,advantage middlegame quietMove short,https://lichess.org/wzIfNf7W/black#48,
vPKht,8/8/8/5pp1/8/4k1K1/4N3/8 w - - 5 58,e2g1 g5g4 g3g2 f5f4 g2f1 f4f3 f1e1 f3f2,2111,74,93,8198,advancedPawn crushing endgame knightEndgame quietMove veryLong zugzwang,https://lichess.org/d86Pmpsm#115,
vPPe2,8/1p3k2/2p5/pP1rB2P/P4KP1/8/8/8 b - - 4 44,c6c5 g4g5 d5d1 g5g6,2113,77,90,616,crushing endgame quietMove short,https://lichess.org/Tm0eT8D0/black#88,
vPVz0,2N5/5pk1/1p2p2p/p2p2pP/P1pP2P1/K3P3/P7/8 w - - 2 39,c8b6 f7f5 g4f5 g5g4 e3e4 g4g3,2193,76,94,567,crushing endgame knightEndgame long quietMove,https://lichess.org/0AdctsA5#77,
vPZrg,8/6p1/8/1p2p1kp/1P2P3/5K2/6PP/8 w - - 1 42,g2g3 h5h4 g3g4 h4h3 f3g3 g7g6 g3h3 g5f4,2131,80,98,486,crushing endgame pawnEndgame quietMove veryLong zugzwang,https://lichess.org/GpkK8ZID#83,
vPoDP,4r1k1/b1q1rpp1/p6p/2p1Nb2/3P4/1Q2B2P/PP3PP1/2R2RK1 w - - 0 21,e5g4 f5g4 h3g4 a7b8 g2g3 e7e3,2115,76,64,82,crushing long middlegame quietMove,https://lichess.org/no9T4WSk#41,
vPwMJ,2kr2r1/1b6/p3p1p1/4qn2/2pp2Qp/P3P3/1PBN1PPP/2R2RK1 w - - 0 27,c2f5 g6f5 d2c4 e5h8 c4e5 c8b8,2190,216,82,4,crushing long middlegame quietMove,https://lichess.org/8h2Nh3RT#53,
vR4ti,8/pR6/2P5/6k1/7p/5K2/r6P/8 b - - 1 33,g5f5 b7b5 f5e6 b5c5 e6d6 c6c7,2140,74,93,6148,advancedPawn crushing endgame long master quietMove rookEndgame,https://lichess.org/37ZAdPih/black#66,
vR952,8/8/3k4/1K2pp2/P6p/5P2/7P/8 b - - 1 41,e5e4 f3e4 f5e4 b5c4 d6e5 a4a5 e5d6 c4d4 d6c6 d4e4,2179,78,80,92,crushing endgame pawnEndgame quietMove veryLong,https://lichess.org/k0wTF2Dv/black#82,
vRMlz,8/kp6/2pN4/8/p7/7P/8/6K1 w - - 0 49,d6c4 b7b5 c4e3 b5b4 h3h4 b4b3 e3c4 b3b2,2194,91,72,26,advancedPawn crushing endgame knightEndgame master masterVsMaster quietMove veryLong,https://lichess.org/oBiXPsI9#97,
vRjL3,2q4k/6pp/8/3Qp3/3pP1P1/1R1P3K/5r1P/8 w - - 0 40,d5e5 f2f3 h3h4 c8d8 g4g5 d8c8 e5f5 f3f5,2191,77,93,1231,crushing endgame quietMove veryLong,https://lichess.org/LARmDlQb#79,
vRkEb,4r1k1/3Q3p/5p2/5p2/4p3/8/1Pq2PPP/4R1K1 b - - 1 27,e8e5 e1a1 e5a5 d7d8 g8f7 d8a5,2144,75,93,6930,crushing endgame fork long quietMove,https://lichess.org/XVyoFgu8/black#54,
vS7ZE,4rrk1/n1p1bpp1/p2p3p/1bqP1Q2/8/1B5P/PP1B1PP1/R3R1K1 b - - 3 19,e7f6 b3c2 c5c2 f5c2,2145,79,70,97,advantage middlegame quietMove short,https://lichess.org/AA8BajkC/black#38,Ruy_Lopez Ruy_Lopez_Other_variations
vSOK3,8/8/8/4p2p/1KP1k1p1/5pP1/5P1P/8 w - - 0 52,c4c5 e4d5 b4b5 e5e4 c5c6 e4e3 c6c7 e3f2,2128,82,91,3791,advancedPawn crushing endgame pawnEndgame quietMove veryLong,https://lichess.org/uBQuB1KN#103,
vSpV0,3r3k/pp1P1p1p/2p2p2/5N2/5r2/8/P1B2P1P/3R3K b - - 0 31,f4f2 d1e1 f2f1 e1f1,2183,110,61,54,crushing endgame quietMove short,https://lichess.org/nIN1EfFV/black#62,
vSzsR,r2rbbk1/1pq2ppp/p1n1p3/4P3/5B2/P1PBR1Q1/2P2PPP/1R4K1 b - - 14 20,c6a5 d3h7 g8h7 g3h4 h7g8 e3h3 f7f5 e5f6,2164,79,92,2538,advantage attraction clearance enPassant kingsideAttack middlegame quietMove sacrifice veryLong,https://lichess.org/rjJFWhCv/black#40,
vT1D7,4r1k1/pb3p1p/1p3p2/3pP3/2r1n3/P3PR2/1BB3PP/2R3K1 w - - 0 23,e5f6 e8c8 c2e4 c4c1 b2c1 c8c1 g1f2 d5e4,2107,76,96,1869,advantage middlegame quietMove veryLong,https://lichess.org/kI5eXj3Z#45,
vTOZN,2b3k1/p4p1p/5Bp1/8/8/8/P1rr1PPP/3R1RK1 b - - 0 20,c2a2 f1e1 c8e6 d1b1,2159,125,87,17,crushing defensiveMove endgame quietMove short,https://lichess.org/FlpfDWNK/black#40,
vTQrw,4r3/R3Pkpp/bp6/p1p2p2/2P5/N4N2/nP3PPP/6K1 b - - 2 25,a6c8 a3b5 e8e7 b5d6,2149,75,94,1514,crushing endgame quietMove short,https://lichess.org/mvG1UwiI/black#50,
vTeF6,8/6p1/6kp/p7/3K4/P1P4P/8/8 b - - 1 50,g6f5 d4d5 h6h5 c3c4 g7g5 c4c5 f5f6 d5d6 g5g4 h3g4,2115,75,94,2233,crushing endgame pawnEndgame quietMove veryLong,https://lichess.org/GDY0ZlJv/black#100,
vTvpG,2r1qb1r/3R1ppp/2P1p1k1/1n1pBb2/3P3P/4P3/QPn1KPP1/5BNR b - - 0 23,f7f6 h4h5 g6h6 e5f4 g7g5 h5g6 h6g6 g1f3 c2d4 e3d4 b5d4 f3d4,2172,74,84,117,crushing discoveredAttack doubleCheck enPassant middlegame quietMove veryLong,https://lichess.org/gwqDwFlc/black#46,
vU7lF,8/5pk1/p4p1p/1p1p4/3Pb3/1P3N1P/PK3PP1/8 w - - 3 30,b2c3 e4f3 g2f3 a6a5 b3b4 a5a4 h3h4 g7g6,2114,74,92,6452,crushing defensiveMove endgame quietMove veryLong,https://lichess.org/6lFDUvyu#59,
vUwpN,8/5k2/p1r1p3/2PpQp1p/1P3PrP/7K/8/8 b - - 3 41,a6a5 e5b8 a5b4 b8b7,2193,105,86,47,crushing endgame queenRookEndgame quietMove short,https://lichess.org/4rDQ2iLP/black#82,
vUxr4,8/1p4kp/p1r1pnp1/P3N3/5Q2/2q3PP/4R2K/8 b - - 8 35,c6d6 e2f2 c3g3 f4g3,2158,76,88,265,crushing endgame master quietMove short,https://lichess.org/HCp2e4Rz/black#70,
vV2tc,8/8/1p1p4/1P2p3/2Pp3P/8/3KBpk1/8 b - - 0 53,f2f1q e2f1 g2f1 d2d3 f1f2 h4h5 f2f3 h5h6 e5e4 d3d4 e4e3 h6h7 e3e2 h7h8q,2115,77,88,604,advancedPawn crushing endgame promotion quietMove veryLong,https://lichess.org/oB06Laft/black#106,
vV835,6k1/5p2/1R2p2p/P3Pn2/6p1/8/KB5r/8 b - - 0 34,h2d2 a5a6 d2d5 b2c3 g8h7 a6a7,2171,77,86,146,advancedPawn crushing endgame long quietMove,https://lichess.org/6Ba8PYaH/black#68,
vV9IQ,2kr4/1pp2p2/1p3Qp1/4p3/3n4/3P3q/PPP2P1N/R4RK1 w - - 0 19,f6e5 d8h8 e5h8 h3h8,2159,84,72,89,advantage middlegame quietMove short,https://lichess.org/7nwpr8bX#37,Kings_Pawn_Game Kings_Pawn_Game_Leonardis_Variation
vVIih,r2q1rk1/pp3ppp/3b2n1/3P4/5pb1/2N2B2/PPP3PP/R1BQ1R1K b - - 0 13,d8h4 f3g4 f4f3 g4h3 f3g2 h1g2,2154,74,93,5707,advantage long middlegame quietMove,https://lichess.org/GS0PoUvx/black#26,Kings_Gambit_Accepted Kings_Gambit_Accepted_Modern_Defense
vVSRM,8/8/1k6/2p4p/2Pbp3/1K2B2P/P7/8 w - - 4 48,e3d2 d4f2 b3c2 e4e3 d2c3 e3e2,2193,77,91,4087,advancedPawn bishopEndgame crushing endgame long quietMove,https://lichess.org/PqZQwvDj#95,
vWEqM,6k1/p6p/2N1pp2/2P5/rP6/7P/5PPK/8 b - - 0 33,g8f7 b4b5 a4a2 b5b6 a7b6 c5b6,2128,76,92,1946,advantage endgame long quietMove,https://lichess.org/szMA4CsT/black#66,
vWux3,1k5r/1bp3q1/1p6/pP1pRp2/P2P1N2/1R3QPr/2P2PK1/8 w - - 0 30,b3e3 h3h1 e5e8 b8a7 e8h8 g7h8,2176,114,85,41,crushing defensiveMove long middlegame quietMove,https://lichess.org/1DwKpiKG#59,
vX4px,1r2N3/ppp2p1p/2n3pk/1Q1N1q2/8/2P3Pb/PP3P1P/4R1K1 w - - 8 26,e8c7 c6e5 f2f4 e5f3,2175,77,84,139,advantage middlegame quietMove short,https://lichess.org/uDjex2tY#51,
vXDyt,4k3/8/4p1P1/3rB3/2p1K2P/pp6/6R1/8 b - - 1 48,d5e5 e4e5 a3a2 g2g1 a2a1r g1a1,2102,75,89,438,crushing endgame hangingPiece long quietMove rookEndgame,https://lichess.org/8aTk5dMq/black#96,
vXNmF,7k/p7/p4r2/5pQP/1P3Pp1/P3q3/6P1/5RK1 w - - 0 42,f1f2 f6d6 h5h6 d6d1 g1h2 g4g3 g5g3 d1h1 h2h1 e3g3,2146,73,94,7453,advantage deflection endgame fork quietMove veryLong,https://lichess.org/ViN0VuW8#83,
vXZML,8/8/2k5/PpP2p2/5K1p/8/6P1/8 w - - 1 40,f4f5 c6c5 f5e4 b5b4 a5a6 c5b6 a6a7 b6a7,2123,80,80,44,crushing endgame pawnEndgame quietMove veryLong,https://lichess.org/zmPnH27U#79,
vYHYT,8/6p1/3k3p/3p4/5pP1/2P1P1P1/8/K7 w - - 0 37,g3f4 g7g6 a1b2 h6h5,2104,76,93,1666,crushing endgame pawnEndgame quietMove short,https://lichess.org/54ntVoSI#73,
vYsMh,r7/2k1ppb1/2p1bnp1/2B1p2p/8/2N5/PPP1BPPP/2KR4 b - - 2 16,e6a2 b2b3 a2b3 c2b3,2124,76,89,645,advantage middlegame quietMove short,https://lichess.org/pJcYWN0N/black#32,Sicilian_Defense Sicilian_Defense_Dragon_Variation
vZ5jt,8/8/p3k2p/4p3/P3KbP1/4BP2/8/8 b - - 5 41,f4g5 e3g5 h6g5 a4a5 e6f6 e4d5,2141,76,87,300,bishopEndgame crushing endgame long quietMove zugzwang,https://lichess.org/3sDgkEzZ/black#82,
vZfP9,5r2/p4pk1/4p2P/q2pP2P/2rn3N/2pR2B1/P7/2Q3K1 b - - 0 31,g7h8 c1g5 d4f5 h4f5 c4g4 g5g4,2182,85,89,1321,advantage long middlegame quietMove,https://lichess.org/MnTCibX3/black#62,
vZqos,r6r/pp3kp1/4p1p1/4Qp2/8/3q2P1/PPnN1PKP/3R3R b - - 2 19,a8d8 d2f3 c2e3 e5e3 d3e3 f2e3,2183,76,92,672,crushing long middlegame quietMove,https://lichess.org/3pvLCy2o/black#38,Queens_Pawn_Game Queens_Pawn_Game_Other_variations
va8ic,8/1p3k2/p3pP1p/3pKp2/P2P4/2P3P1/1P6/8 b - - 0 42,h6h5 a4a5 f5f4 e5f4,2105,79,91,53,crushing endgame pawnEndgame quietMove short,https://lichess.org/hJ9YRtXN/black#84,
vaXzr,5rk1/8/2p1P2p/4Qr2/3P4/P5Pq/1PR2P2/5RK1 w - - 1 34,e5e3 f5h5 f2f4 h3h1 g1f2 h1h2 f2f3 h2c2,2187,81,89,51,advantage endgame quietMove skewer veryLong,https://lichess.org/BfWsW9Ee#67,
vajkE,r1b5/ppp2Q1k/3pp3/6q1/8/4P3/PPP3P1/R5K1 b - - 1 20,h7h6 a1f1 g5e3 g1h1,2161,77,91,201,crushing defensiveMove endgame quietMove short,https://lichess.org/2GdsXdp0/black#40,
val5u,r4rk1/3p1pp1/p1nNp2p/3bP3/2P5/3B4/P4PPP/R4RK1 b - - 0 21,c6b4 d3b1 d5c4 d6c4,2171,162,83,9,crushing middlegame quietMove short,https://lichess.org/F1ZGecaK/black#42,
vaq3b,8/5pk1/8/4b1p1/5rP1/8/6K1/3Q4 w - - 6 52,g2h3 f4f2 d1d2 f2h2 d2h2 e5h2,2185,79,90,755,crushing endgame fork long master quietMove,https://lichess.org/SBeDypo9#103,
vavZ8,r5k1/1NR2p2/p3nnp1/P2p4/Nq1Pp3/4P1Pb/4BP2/3QR1K1 w - - 1 29,c7f7 g8f7 b7c5 e6g5 d1b1 b4d2,2113,215,67,4,equality hangingPiece long middlegame quietMove,https://lichess.org/yfkmD78V#57,
vb8Zf,4B2k/np4bp/6p1/3Q4/5p2/4qP1P/P2N2P1/7K w - - 3 29,e8b5 g7d4 d5d8 h8g7,2122,82,80,50,crushing endgame quietMove short,https://lichess.org/wKrK7ebP#57,
vbDf8,8/8/4KP1p/3p3b/k1pP4/1pP5/3N1P2/8 w - - 1 43,f6f7 h5f7 e6f7 h6h5 f7e6 h5h4 e6d5 h4h3,2110,76,91,177,crushing endgame quietMove sacrifice veryLong,https://lichess.org/OdWEJhjM#85,
vc5uQ,8/8/3p3p/6p1/4Pp1P/1k1P4/3K1P2/8 w - - 0 53,h4h5 g5g4 d3d4 b3c4 e4e5 d6e5 d4e5 c4d5 e5e6 d5e6,2125,76,90,2060,crushing endgame master pawnEndgame quietMove veryLong,https://lichess.org/p3G3r6T1#105,
vcSqr,8/8/8/3p3p/2n1kp2/2K5/7P/R7 w - - 2 52,a1e1 c4e3 c3d2 d5d4 e1c1 f4f3 d2e1 d4d3,2160,78,91,3465,crushing defensiveMove endgame quietMove veryLong,https://lichess.org/xMbeFVGt#103,
vcip3,rnb4r/pp1p2pk/1qp5/4PQn1/8/8/PPP3PP/RN3R1K b - - 3 15,h7h6 f1f4 b6f2 f4f2,2157,110,27,44,crushing middlegame quietMove short,https://lichess.org/dXDGyQK5/black#30,Bishops_Opening Bishops_Opening_Philidor_Counterattack
vdJyF,8/p7/2p2k2/1P3P1p/2P1K3/8/8/8 b - - 0 46,c6b5 c4c5 h5h4 c5c6 h4h3 e4f3 h3h2 f3g2,2169,73,93,8063,crushing endgame pawnEndgame quietMove veryLong,https://lichess.org/mYAGQFHS/black#92,
vdKQ5,8/p2R4/1p2BP2/6P1/5k1P/1P1b1p2/P3r3/4K3 w - - 5 42,e1d1 d3c2 d1c1 f3f2 e6h3 c2f5 f6f7 e2c2 c1d1 c2c8 f7f8r c8f8,2150,127,84,26,advancedPawn clearance crushing endgame exposedKing quietMove veryLong,https://lichess.org/sOsIDMZ1#83,
vdRQv,7k/6b1/7p/4p1p1/8/Pp1p1PBP/6P1/2K5 b - - 1 37,g7f8 g3e5 h8h7 e5b2 f8d6 c1d2 d6f4 d2d3,2132,76,89,958,bishopEndgame crushing endgame quietMove veryLong,https://lichess.org/PP6GSBYh/black#74,
vdfea,3r4/8/4K3/k1p5/8/5P2/4R3/8 w - - 2 49,e2e5 d8e8 e6d6 e8e5 d6e5 c5c4 e5d4 a5b4 f3f4 c4c3 d4d3 b4b3,2100,75,94,9085,crushing defensiveMove endgame quietMove rookEndgame veryLong,https://lichess.org/nzqusFmP#97,
veFb4,8/p7/1b5p/4k1p1/4pp2/1P6/2R1K1PP/8 w - - 0 36,c2c6 g5g4 c6h6 f4f3 g2f3 g4f3,2151,75,78,194,crushing endgame exposedKing long quietMove,https://lichess.org/A4hxoZaZ#71,
vehLG,5r1k/5p2/pb1p4/6p1/6Rp/1BPP1q1P/P1Q2P2/6K1 w - - 6 36,g4g5 f8e8 c2d2 e8e2 d2e2 f3e2,2109,76,91,215,advantage endgame long quietMove,https://lichess.org/oYZ3DRj6#71,
vfDUo,4r1k1/1R2R2p/6p1/5p2/7b/4B2P/P4P2/6K1 b - - 0 28,e8e7 b7e7 h4e7 a2a4 e7b4 e3b6,2145,75,90,269,crushing defensiveMove endgame long master quietMove,https://lichess.org/Oh5V2we0/black#56,
vfPTE,8/7p/1k1p2p1/1p1P4/1Pr5/4K2P/2R3P1/8 w - - 7 42,c2c4 b5c4 e3d4 b6b5 d4c3 g6g5 g2g3 h7h5 g3g4 h5h4,2181,77,93,3804,crushing defensiveMove endgame quietMove veryLong zugzwang,https://lichess.org/8RY7SXVI#83,
vftKm,6k1/5pp1/P2b4/Q2p2B1/5P1P/4q3/8/6K1 w - - 5 48,g1f1 d6c5 a5c5 e3c5,2107,75,92,779,crushing endgame master quietMove short,https://lichess.org/BBQnZlct#95,
vgNuQ,rr3bk1/8/3p2RP/2pPp3/1nP1N3/4B3/p2K1P2/R7 b - - 0 35,g8h7 a1g1 b4d5 c4d5 b8b2 d2c3,2121,75,91,1648,advantage long middlegame quietMove,https://lichess.org/wl4DYb1p/black#70,
vgbXY,3r2k1/Q5p1/5p1p/2R1b2q/1P6/2P1B1P1/P4PK1/8 w - - 0 30,a7e7 d8d1 e7e6 g8h7 e6h3 d1g1 g2g1 h5h3 c5e5 f6e5,2118,81,73,38,advantage defensiveMove deflection endgame quietMove veryLong,https://lichess.org/irk7njD6#59,
vggB7,5qk1/2Qp1ppp/8/p3P3/3P4/r7/7P/6RK b - - 3 31,f8e8 g1b1 e8a8 h1g1 h7h6 b1b8 a8b8 c7b8,2144,76,93,171,advantage defensiveMove endgame fork quietMove veryLong,https://lichess.org/YSNM8BOp/black#62,
vghLx,4rk2/R3b3/3BP1p1/3pP3/8/1pP5/3K4/8 b - - 6 44,e7d6 a7f7 f8g8 e5d6 e8e6 d6d7 e6d6 f7e7 b3b2 d2c2 g8f8 e7e8,2193,81,87,128,advancedPawn crushing endgame intermezzo quietMove veryLong,https://lichess.org/KSw60oQ8/black#88,
vhFPg,8/p6p/3k4/1p1P2p1/1P2Kp2/8/P5PP/8 w - - 1 32,e4d4 g5g4 d4e4 f4f3 g2f3 g4f3 e4f3 d6d5,2107,77,86,471,crushing endgame pawnEndgame quietMove veryLong,https://lichess.org/pjdHeOlZ#63,
vhGKM,8/6p1/7p/4b3/4N3/7P/1k4PK/8 w - - 3 45,e4g3 g7g5 h2g1 e5g3,2126,76,85,435,crushing endgame quietMove short,https://lichess.org/MWjcUzeZ#89,
vhWM0,8/ppR3k1/5p2/4p1pp/1P6/5PK1/B2r4/8 b - - 4 35,g7h6 a2b1 g5g4 c7h7 h6g5 h7g7,2116,76,87,96,crushing endgame long quietMove,https://lichess.org/UrYpa27m/black#70,
viDn7,2r5/3k1p1p/1pq1pP1N/p2p4/2pP3n/2P3r1/PPQ1B3/3R1R1K w - - 0 28,c2h7 g3h3 h1g1 c6d6 h7f7 d7c6,2136,75,95,1196,crushing defensiveMove long middlegame quietMove,https://lichess.org/qKWOCNSS#55,
viX9m,8/p6r/1p6/5pRk/8/P4P2/2rp4/6RK b - - 1 39,h5h6 g5g3 c2c4 g3h3 c4h4 h3h4,2150,75,93,8146,endgame exposedKing long mate mateIn3 quietMove rookEndgame,https://lichess.org/wprkwZV2/black#78,
viZ4Y,8/4pp1p/1k1p2p1/1p1P4/1K2P3/1P3P1P/6P1/8 w - - 5 42,g2g4 g6g5 b4c3 b6a5 c3c2 a5b4,2136,77,90,1060,crushing endgame long pawnEndgame quietMove zugzwang,https://lichess.org/KCEZgrT8#83,
via5v,4K3/7p/6p1/8/6P1/4k2P/8/8 b - - 0 52,h7h5 g4g5 e3f4 h3h4 f4g4 e8f7,2152,75,98,358,crushing endgame long pawnEndgame quietMove,https://lichess.org/6xlg4Cqe/black#104,
vidhv,8/p4p1p/8/2k1p3/2p5/2K1P3/P4PPP/8 w - - 0 30,f2f4 e5f4 e3f4 f7f5 g2g4 f5g4,2177,78,98,501,crushing endgame long pawnEndgame quietMove,https://lichess.org/SsdcqQKo#59,
vilQD,r4rk1/3p1p2/p1b2Pp1/1p4Qp/8/1PN4P/1P1B3q/1K1R4 b - - 1 26,h2f2 d2f4 f2f4 g5f4,2120,77,85,152,crushing middlegame quietMove short,https://lichess.org/7WOZQyFG/black#52,
vipPY,2rr2k1/5pp1/3bp2p/ppq3P1/7N/2P5/PP2QP2/K2R3R b - - 0 31,h6g5 h4g6 d6h2 d1d8 c8d8 h1h2,2195,79,100,74,crushing long middlegame quietMove,https://lichess.org/fq0fGshE/black#62,
vistp,8/8/2p4p/pp2k1p1/4P1P1/PP1K3P/8/8 w - - 0 40,d3e3 c6c5 e3d3 e5f4,2129,80,91,4598,crushing endgame pawnEndgame quietMove short zugzwang,https://lichess.org/Rnqchvf0#79,
vjIIq,r4rk1/pp3pp1/2p2bRQ/4q3/4P3/1B6/P1P1KPR1/8 b - - 0 24,e5e4 e2f1 e4e5 g2h2 e5h2 h6h2,2113,76,88,64,crushing defensiveMove long middlegame pin quietMove,https://lichess.org/f6blKrDS/black#48,
vjkSY,q5k1/3R1pr1/4p3/2QpP3/1P1P4/4Pp2/5K2/8 w - - 0 33,f2f3 a8a2 d7d8 g8h7 d8h8 h7h8 c5f8 h8h7,2130,74,95,1415,crushing endgame quietMove veryLong,https://lichess.org/fmjfE3E7#65,
vk1jL,8/7p/6p1/p4p2/5k2/2P2P1P/1P4K1/8 w - - 0 34,b2b4 a5a4 b4b5 f4e5 b5b6 e5d6,2192,85,91,2560,crushing defensiveMove endgame long pawnEndgame quietMove,https://lichess.org/oNvxBrri#67,
vk7S7,rn3k1r/pp3pp1/2pb4/3p3p/3P2Nq/2NB4/PPP2P2/R1BQR1K1 w - - 0 14,g1g2 h5g4 e1h1 d6h2 h1h2 h4h2,2106,78,91,262,advantage long opening quietMove,https://lichess.org/aTpq0iZj#27,French_Defense French_Defense_Knight_Variation
vkCOO,3rr1k1/1ppq2pn/3p3p/p3pn2/P7/1PPPN1P1/2Q2PBP/R4RK1 w - - 0 19,g2b7 f5e3 f2e3 c7c6 b7c6 d7c6,2119,77,90,990,advantage long middlegame quietMove,https://lichess.org/QD3BZ4Ed#37,Zukertort_Opening Zukertort_Opening_Black_Mustang_Defense
vkiba,8/7P/2p5/8/pR6/P1k5/2p4r/2K5 w - - 8 49,h7h8q h2h8 b4h4 h8d8 h4h3 d8d3,2102,82,82,47,crushing endgame hangingPiece long quietMove,https://lichess.org/2PfyttbA#97,
vkoIP,8/5p2/5b1p/p3kPp1/1p1pP3/1P3KPP/P7/4B3 b - - 0 36,f6e7 g3g4 d4d3 f3e3 e7c5 e3d3,2121,76,91,2019,bishopEndgame crushing endgame long quietMove,https://lichess.org/ifCM9NdU/black#72,
vl6F2,6k1/1p3qp1/p3p2p/3pr3/4b2Q/8/PP1K4/R3R1N1 w - - 2 35,e1f1 f7c7 h4g3 c7c2 d2e1 c2b2,2134,75,92,2231,crushing exposedKing long master masterVsMaster middlegame quietMove,https://lichess.org/Xs5Sxve7#69,
vlJTy,8/p7/8/2pp3k/5p2/PPP2P1K/8/8 w - - 0 48,b3b4 d5d4 c3d4 c5c4 h3g2 c4c3 g2f1 c3c2,2171,76,89,351,advancedPawn crushing endgame pawnEndgame quietMove veryLong,https://lichess.org/dWBqQ4YJ#95,
vlWMb,8/1k4p1/p3n1p1/Kp2p3/4Pp2/PPB2P1P/6P1/8 w - - 5 41,c3e5 e6d8 a5b4 d8c6 b4c5 c6e5,2167,75,95,2527,crushing endgame fork long quietMove,https://lichess.org/jO4eREx1#81,
vlcm0,8/8/ppk5/2p1K3/P2p4/1P1P4/2P5/8 b - - 22 49,b6b5 a4a5 b5b4 e5e6,2141,80,87,610,crushing defensiveMove endgame pawnEndgame quietMove short,https://lichess.org/7327TWFH/black#98,
vlj83,2r3k1/RQ3pp1/6qp/1P1BP3/8/7P/6PK/2r5 b - - 4 38,g6g5 b7f7 g8h8 a7e7 g5e7 f7e7,2190,80,69,49,crushing endgame long quietMove,https://lichess.org/cCBoOXg0/black#76,
vloYf,3rkbnr/pp1bpppp/2n5/qBQ5/4P3/2N2N2/PP3PPP/R1B1K2R w KQk - 3 10,f3e5 e7e6 e5d7 f8c5,2187,77,77,86,advantage discoveredAttack opening quietMove short,https://lichess.org/QqU5T0pM#19,Queens_Gambit_Accepted Queens_Gambit_Accepted_Gunsberg_Defense
vlu2q,1R6/5pk1/B6p/3bP3/3p4/5pp1/8/5K2 w - - 0 56,b8d8 d5e6 d8d4 e6h3 f1e1 f3f2 e1d2 g3g2,2183,75,85,89,advancedPawn crushing endgame exposedKing master quietMove veryLong,https://lichess.org/pxxERR16#111,
vmjeG,r7/2q2p1k/2n1pBp1/p1NpP2p/1R1P4/8/P4PPP/2Q3K1 b - - 0 28,c6b4 f6g7 h7g7 c5e6 f7e6 c1c7,2186,75,96,565,attraction crushing discoveredAttack endgame long quietMove sacrifice,https://lichess.org/GB76uEgc/black#56,
vn4cT,8/1p6/8/8/2kp3P/8/4K3/8 b - - 1 47,c4c3 e2d1 b7b5 h4h5 b5b4 h5h6 b4b3 d1c1 d4d3 h6h7 d3d2 c1d1 b3b2 h7h8q,2154,85,67,49,advancedPawn crushing endgame pawnEndgame promotion quietMove veryLong,https://lichess.org/WvlC3pr6/black#94,
vnAN7,7k/1P3p2/1r6/P1N5/3pPp2/3Pn3/5K2/8 b - - 2 45,b6b2 f2f3 e3c4 d3c4 d4d3 c5b3 b2b3 a5a6 d3d2 f3e2,2130,153,82,7,advantage defensiveMove endgame quietMove veryLong,https://lichess.org/9RxTAhMs/black#90,
vnF5e,1b3rk1/3n1pp1/7p/2pQP3/5P2/3B2PP/2q5/1R4K1 b - - 8 28,d7b6 d5e4 c2d3 e4d3,2176,75,97,442,advantage middlegame quietMove short,https://lichess.org/ZruE2rYc/black#56,
vnosS,r3b3/pp4pQ/n1p1pk1p/4q3/8/B1P5/P4PPP/R4RK1 w - - 0 22,a1b1 e8g6 a3e7 f6f7 b1b7 a6c7 h7g6 f7g6,2190,80,89,807,crushing defensiveMove fork middlegame quietMove trappedPiece veryLong,https://lichess.org/M7VqkRJ4#43,
vp3Cq,8/8/5p2/2K4k/8/1P6/8/8 b - - 0 53,h5g6 b3b4 g6f7 b4b5 f7e7 c5c6,2181,84,91,1409,crushing defensiveMove endgame long pawnEndgame quietMove,https://lichess.org/bvPfYJH3/black#106,
vpABL,r3rbk1/1bq2p1p/p3pBp1/1pp5/3P3Q/P1NR4/1PP2PPP/4R1K1 b - - 3 21,c5d4 d3h3 h7h5 e1e5 c7e5 f6e5,2141,92,79,33,advantage long middlegame quietMove,https://lichess.org/iGF7ebIi/black#42,
vpGJZ,1k4br/6p1/p1R2p2/1p3P2/1P2r1P1/P5R1/6K1/5N2 w - - 0 35,c6a6 g8d5 g2f2 e4f4 f2e3 f4f1,2195,78,91,649,crushing deflection endgame exposedKing long quietMove skewer,https://lichess.org/15j8RsI6#69,
vpTmu,r7/pp3k1Q/5p2/6p1/2P5/4qpP1/PP5P/1K5R b - - 0 28,f7e6 h1d1 a8d8 d1d8 e3e1 b1c2,2176,75,99,176,crushing endgame long quietMove,https://lichess.org/LUtgp1oh/black#56,
vpcvR,8/5k1p/8/6PP/p1p1pp2/2P5/2b1K3/R7 w - - 3 40,e2d2 c2d3 a1a4 e4e3 d2e1 f4f3,2191,80,91,588,crushing endgame long quietMove,https://lichess.org/alqUcM5I#79,
vq5a8,8/2p5/6K1/1p3p2/p4P2/1k4P1/1P5P/8 w - - 0 34,h2h4 b5b4 h4h5 a4a3,2102,98,82,27,crushing endgame master pawnEndgame quietMove short,https://lichess.org/xM87dbyF#67,
vqOri,8/6pk/3q3r/1Q2NP2/1n1p2P1/3PbP2/4R3/4R1K1 w - - 1 35,g1g2 b4d5 e2e3 d4e3 f3f4 d5f4,2173,86,85,31,crushing long middlegame quietMove,https://lichess.org/Mh0PIuMr#69,
vqRIq,8/8/4k2p/pp4p1/4K3/PP4PP/8/8 b - - 0 35,b5b4 a3b4 a5b4 g3g4 h6h5 g4h5,2192,80,86,332,crushing endgame long pawnEndgame quietMove,https://lichess.org/72TWeMdo/black#70,
vqdh2,8/8/8/p5pN/P3K3/1kb2P1P/8/8 w - - 2 58,h5g3 b3a4 e4d3 a4b3 g3e4 c3b4 e4g5 a5a4,2184,80,86,94,advantage defensiveMove endgame quietMove veryLong,https://lichess.org/BvEEWuKs#115,
vr0Jy,r4r1k/2q2pp1/n3p2p/p7/Pp4R1/1B2QP2/2P2P1P/4R2K b - - 4 24,a6c5 e1g1 f7f6 g4g7 c7g7 g1g7,2199,84,90,900,crushing long middlegame quietMove,https://lichess.org/C3M2MAdD/black#48,
vr596,8/8/1K5p/p5p1/1p2PkP1/1P6/7P/8 b - - 0 50,f4e4 b6a5 e4f3 a5b4 f3g4 b4c5 g4h3 b3b4 g5g4 b4b5 h3h2 b5b6 g4g3 b6b7 g3g2 b7b8q,2172,88,90,775,advancedPawn crushing endgame pawnEndgame promotion quietMove veryLong,https://lichess.org/aSBmLAgd/black#100,
vrCkA,5r1k/1p4pp/pP6/4r2q/8/1Q6/R4PPP/4R1K1 w - - 0 33,b3d1 f8e8 a2a1 e5e1 d1e1 e8e1,2131,116,86,14,crushing endgame fork long quietMove,https://lichess.org/0v4yiOcu#65,
vrE9I,8/7p/p2kp3/1p3pP1/3K1P1P/P1B5/8/3b4 b - - 5 36,d1b3 c3b4 d6d7 h4h5 d7e8 g5g6 h7g6 h5g6,2169,120,80,11,bishopEndgame crushing endgame quietMove veryLong,https://lichess.org/E9KicU3P/black#72,
vrfZ1,8/8/4pk2/6p1/R2P1pP1/3KnP2/8/8 w - - 3 43,d3e4 e3d1 e4d3 d1b2 d3c2 b2a4,2198,82,90,727,crushing endgame fork long quietMove,https://lichess.org/CC321giJ#85,
vrng5,8/5kpp/4p3/4K2P/8/6P1/5P2/8 b - - 0 41,g7g5 h5g6 h7g6 g3g4 g6g5 e5d6,2101,161,17,7,crushing enPassant endgame long pawnEndgame quietMove zugzwang,https://lichess.org/Xlj3zuvD/black#82,
vsRrC,3r4/6k1/5p2/p5p1/Pp2K1P1/1P6/3p4/3Q4 w - - 0 41,e4f5 d8e8 d1a1 e8e5 a1e5 f6e5,2151,75,93,822,crushing endgame long queenRookEndgame quietMove,https://lichess.org/mQKOASBE#81,
vtDfu,8/8/2K5/6p1/5k2/8/7p/1R6 w - - 2 49,c6d5 g5g4 b1f1 f4e3 f1h1 g4g3,2191,81,82,153,crushing defensiveMove endgame long quietMove rookEndgame,https://lichess.org/dAKxfTP1#97,
vtQd6,8/3R4/8/4p3/2pb2p1/3k1p2/8/4BK2 w - - 4 77,d7g7 e5e4 g7g4 e4e3,2108,80,91,449,crushing endgame master quietMove short,https://lichess.org/EZDNpIEn#153,
vtTHN,b4b1r/3k1P2/p3p1p1/q2pP2p/2p5/2P2Q2/P2N1PPP/1R4K1 b - - 0 29,a5a2 f3e3 a2b1 d2b1,2199,79,80,51,crushing middlegame quietMove short,https://lichess.org/jDlT7y5E/black#58,
vtjA8,r4rk1/pn6/2p3p1/1p1p4/3P1qP1/5N2/PP2Q3/1K1R3R b - - 0 27,f4f3 e2h2 f3e4 b1a1,2164,78,91,982,crushing middlegame quietMove short,https://lichess.org/f5tPeg3e/black#54,
vtpOG,7k/2p5/1n1pK2P/1P1P4/8/p7/8/1B6 b - - 1 51,b6c4 e6d7 c4d2 b1a2 d2e4 d7c7 e4c3 b5b6,2199,77,89,140,crushing endgame quietMove veryLong,https://lichess.org/1ukjoWHn/black#102,
vuHSF,2k3rr/1pp2Q2/p4p1p/4N3/3N4/q3P2b/P4PP1/RR4K1 b - - 0 27,f6e5 b1b7 a3d6 a1b1 g8g2 g1h1,2128,125,82,11,clearance crushing long middlegame quietMove,https://lichess.org/ZsCcFwCY/black#54,
vuWs1,8/3nk3/8/5p1p/3PpP2/2K1P3/5P2/1B6 w - - 0 53,f2f3 h5h4 f3e4 h4h3 e4f5 d7f6,2195,94,84,49,crushing defensiveMove endgame long quietMove sacrifice,https://lichess.org/WsQWOA0Q#105,
vuXp1,1b6/8/P7/8/2K3p1/2P5/5k2/6N1 w - - 1 58,c4d3 f2g1 c3c4 b8a7 c4c5 a7c5,2190,79,91,1108,crushing endgame hangingPiece long master quietMove,https://lichess.org/bBolI7jR#115,
vuZyM,5n2/pp1k1N2/4p2P/6P1/8/P7/5P1K/2n5 b - - 0 38,d7e7 f7e5 c1d3 e5d3,2179,77,91,187,advantage endgame knightEndgame quietMove short,https://lichess.org/qRAsJ99F/black#76,
vvE7C,5rk1/pb2nrpp/2p1q3/2b3PP/2NpPB2/Pp1P2QN/1PP5/R2K1R2 w - - 0 26,c2b3 b7c8 f1h1 e6g4 g3g4 c8g4 d1d2 g4h3,2194,77,92,3345,advantage exposedKing middlegame quietMove veryLong,https://lichess.org/qITuWtbT#51,
vvEoq,8/1kpK3P/3p2R1/p1pP4/P5P1/8/8/7r b - - 0 45,c5c4 g6g7 c4c3 d7d8 c3c2 g7c7,2179,75,94,1473,crushing discoveredAttack endgame long quietMove rookEndgame,https://lichess.org/YoPU5Qdn/black#90,
vvHSD,8/6R1/P7/5r2/1KP5/8/5kp1/8 b - - 0 52,g2g1q g7g1 f2g1 c4c5 f5f1 c5c6,2113,108,49,24,crushing endgame long quietMove,https://lichess.org/7ProyUz0/black#104,
vvNwr,6k1/2b3p1/p1P1p1qp/1p3p1n/1P3P2/4PP1P/P1Q4K/3BB3 w - - 3 34,d1e2 h5f4 e3f4 c7f4 h2h1 f4e3 e1f2 e3f2,2190,76,91,1740,crushing endgame quietMove veryLong,https://lichess.org/Vo6FEM70#67,
vvZVg,4r3/pp5p/5k2/2r5/3Np3/1BP2bP1/PP5n/1K2R1R1 w - - 0 31,d4f3 h2f3 g1f1 c5f5 f1f3 f5f3,2118,130,78,18,crushing fork long middlegame quietMove,https://lichess.org/aB3NixA0#61,
vvea0,8/p7/8/1pp1p2K/5k2/P7/1PP3PP/8 w - - 0 33,g2g4 e5e4 g4g5 e4e3 g5g6 e3e2 g6g7 e2e1q g7g8q e1e2 h5g6 e2c2,2195,94,82,22,advancedPawn advantage endgame pawnEndgame promotion quietMove veryLong,https://lichess.org/kt9U6BGi#65,
vvhMp,r1b2rk1/pppp1pp1/3b4/4p1p1/2B1P3/2N2P2/PPP2P2/2KR3R b - - 0 16,d6c5 h1h2 c5f2 h2f2,2140,78,86,71,advantage middlegame quietMove short,https://lichess.org/GbimASWz/black#32,Nimzowitsch_Defense Nimzowitsch_Defense_Kennedy_Variation
vvrQ9,8/4k3/3p1p1K/1p2p2P/1P3pP1/3p4/1R6/8 w - - 0 66,b2d2 e5e4 g4g5 e4e3 d2d3 e3e2 g5g6 e2e1q,2162,78,88,56,advancedPawn crushing endgame promotion quietMove rookEndgame veryLong,https://lichess.org/71UNIBL9#131,
vvzoJ,8/8/4p2p/1pNpPp2/3n1Pk1/1P4P1/6K1/8 b - - 3 42,h6h5 c5d7 b5b4 d7f6,2189,78,66,139,endgame knightEndgame master mate mateIn2 quietMove short,https://lichess.org/MdvFOTA2/black#84,
vwHIN,8/p7/3k4/1p1P2P1/4KP1p/7P/Pb6/8 b - - 0 35,d6e7 f4f5 e7f7 d5d6 a7a5 e4d5,2199,88,76,47,bishopEndgame crushing defensiveMove endgame long quietMove,https://lichess.org/OGdUerue/black#70,
vwJgL,2q1k1nr/p4p1p/2b1p1p1/1r6/2pP4/2P1P1Q1/5PPP/R3KBNR w KQk - 0 13,f1c4 c6d7 g1e2 c8c4,2172,77,76,81,advantage discoveredAttack middlegame quietMove short,https://lichess.org/A7qc1vns#25,Queens_Gambit_Accepted Queens_Gambit_Accepted_Other_variations
vwMlE,8/p1p5/1p2kp1p/1P6/P4KP1/7P/8/8 b - - 0 35,e6f7 f4f5 f7e7 h3h4 e7f7 h4h5 f7e7 f5g6,2143,136,100,13,crushing endgame pawnEndgame quietMove veryLong zugzwang,https://lichess.org/skLIz9Wh/black#70,
vwUXq,5r2/R7/1PBp2p1/4p3/2R1P3/1k1P4/3r2p1/6K1 w - - 0 46,a7a1 f8h8 c6a4 b3b2 c4c2 d2c2 a4c2 b2a1,2186,87,51,31,crushing endgame quietMove veryLong,https://lichess.org/dt3wclzF#91,
vx1nz,r4rk1/pb4p1/1p2p1P1/2p1P3/1q3PP1/3R4/2P2Q2/2K3R1 b - - 0 31,f8f4 f2h4 b4a4 h4h7 g8f8 h7h8 f8e7 h8g7,2142,75,92,1371,crushing deflection middlegame quietMove veryLong,https://lichess.org/McVEgX4U/black#62,
vxBFe,r3k3/4Pr1p/2p2Bp1/1p1q4/3P4/2P5/p1P3PP/K3RQ2 b - - 1 31,a8a3 f1f4 a3a8 f4c7 f7f6 c7b7,2187,81,90,898,advantage endgame long quietMove sacrifice,https://lichess.org/VWouivC9/black#62,
vxDxX,1nb5/5p1p/2p3p1/p7/1p1k2P1/P2N3P/1PPK2B1/8 b - - 4 34,b4a3 b2b3 a3a2 c2c3,2178,75,94,2460,endgame master mate mateIn2 quietMove short,https://lichess.org/iUROMcpa/black#68,
vxOLx,r1bq1r2/1pp1bpk1/p2p1n2/n3p1Q1/2B1P3/2NP1N1P/PPP2PP1/R3K2R b KQ - 1 11,g7h8 g5h6 f6h7 h3h4 f8g8 f3g5 g8g7 g5f7 g7f7 c4f7,2170,102,78,36,advantage exposedKing fork middlegame quietMove veryLong,https://lichess.org/vT3E1rg1/black#22,Italian_Game Italian_Game_Anti-Fried_Liver_Defense
vxYcX,3r3k/pp4pp/2p5/4q2n/1PN1p2Q/PB3pP1/2Pr1P1P/3R3K w - - 0 26,c4d2 h5f6 c2c4 e5c3 d2f1 d8d1,2130,132,65,15,advantage long middlegame pin quietMove,https://lichess.org/3YDGkDoZ#51,
vxaqu,4r3/6kp/8/1b6/3p4/4p3/1PP1N1PP/4KR2 w - - 0 35,f1f5 e8a8 e2c1 a8a1 f5b5 a1c1 e1e2 c1c2,2190,77,89,655,crushing endgame exposedKing pin quietMove veryLong,https://lichess.org/9vRbqUlM#69,
vxrKs,6k1/2b4r/2Np1qp1/1RpPp3/P3PpP1/2P2P2/6Q1/5K2 w - - 3 52,a4a5 f6h8 f1g1 h7h3,2107,77,87,112,advantage endgame quietMove short,https://lichess.org/kNoo35CJ#103,
vxsuL,r6r/pQ1k1ppp/4p3/3pq3/7P/6P1/5P2/1R3K1R b - - 1 22,d7d6 b1c1 h8c8 c1c8 a8c8 b7c8,2112,75,87,151,advantage endgame long quietMove,https://lichess.org/DCQJqRvG/black#44,
vyGwg,5rk1/6p1/2PpN2p/3p1p2/5P2/5PP1/b6P/5BK1 b - - 0 27,f8e8 c6c7 d5d4 e6d8 d4d3 c7c8q d3d2 c8c2 d2d1q c2d1,2100,150,12,15,advancedPawn advantage endgame promotion quietMove veryLong,https://lichess.org/vvR0Ae7H/black#54,
vya36,8/1r5p/1Pk3p1/5p2/2PB1P2/3K1P1P/8/8 b - - 0 59,c6d6 d4e5 d6c6 e5c7 b7c7 b6c7,2144,82,73,32,advancedPawn crushing endgame long quietMove,https://lichess.org/vndd4OfW/black#118,
vyw4x,8/1N6/p6p/1p3pp1/1Pk5/2P4P/6P1/7K w - - 1 50,b7c5 a6a5 c5b7 a5a4 b7d6 c4c3,2136,75,84,64,crushing endgame knightEndgame long quietMove,https://lichess.org/pHeBWbmo#99,
vz2Y3,rnbq1r1k/pp4p1/2pb3p/8/2BPQp2/2P1BN1P/PP3PP1/R4RK1 b - - 0 14,f4e3 f3h4 c8f5 h4f5,2178,76,82,167,crushing middlegame quietMove short,https://lichess.org/bsfwIEre/black#28,French_Defense French_Defense_Exchange_Variation
vzErh,2r2rk1/p2b2pp/1p2p3/2bp1p2/8/1PPBBP2/P2N1P1P/2KR3R w - - 4 17,h2h4 c5e3 f2e3 c8c3 d3c2 f8c8 d2c4 d5c4,2113,79,91,886,advantage discoveredAttack exposedKing fork middlegame quietMove veryLong,https://lichess.org/AzseczI4#33,Indian_Defense Indian_Defense_Other_variations
vzJ6I,r3kb1r/2p2p2/p1np1q1p/1p1PpN2/4P1n1/1BP4b/PP3P2/RNBQR1K1 w kq - 2 15,d5c6 h8g8 d1f3 g4e3 f3g3 g8g3,2110,78,90,416,advantage discoveredAttack kingsideAttack long middlegame quietMove,https://lichess.org/0qU8rFSK#29,Ruy_Lopez Ruy_Lopez_Steinitz_Defense
vzpoS,8/p6p/1pp1k3/2P1Pp2/1P1K2p1/6P1/P6P/8 b - - 0 36,h7h6 c5b6 a7b6 a2a4 h6h5 a4a5 b6a5 b4a5,2153,77,95,1285,crushing endgame pawnEndgame quietMove veryLong,https://lichess.org/s2G0tm8G/black#72,
w0S0R,8/8/8/4kpK1/6p1/8/6PP/8 w - - 6 53,h2h3 g4h3 g2h3 f5f4 g5g4 e5e4 h3h4 f4f3 g4g3 e4e3,2171,75,94,4825,crushing defensiveMove endgame pawnEndgame quietMove veryLong,https://lichess.org/sLCtE4vg#105,
w0ene,8/8/1p6/5Bp1/6P1/3p4/3k4/5K2 w - - 2 52,f5e4 b6b5 e4c6 b5b4 c6a4 d2c3 f1e1 b4b3 a4b3 c3b3 e1d2 b3c4,2150,77,86,374,bishopEndgame crushing defensiveMove endgame quietMove veryLong,https://lichess.org/QMv0LFF9#103,
w0irG,8/2p3pp/2k5/8/2PK2P1/8/7P/8 b - - 0 38,g7g6 g4g5 c6d6 c4c5,2165,75,88,845,crushing endgame pawnEndgame quietMove short,https://lichess.org/BpcuX672/black#76,
w0qll,7r/p1Q5/2p1k3/3bb3/8/8/PPP2PP1/6K1 w - - 1 42,c7a7 e5h2 g1f1 d5c4 f1e1 h2f4 a7e3 f4e3,2107,76,84,235,advantage endgame quietMove veryLong,https://lichess.org/S7wQhGzU#83,
w11ma,2krr3/2p2p1p/R2bb1p1/8/3P4/2PQNqP1/5P1P/2B2RK1 w - - 1 22,c1a3 e6d5 e3d5 f3d3,2115,78,86,47,crushing middlegame quietMove short,https://lichess.org/3Qy5TWyu#43,
w1nYB,8/2q5/2k1Q3/p2pP1N1/Pp4p1/1P4r1/2P5/2K5 b - - 4 36,c6c5 e6f6 g3g1 c1b2,2158,124,86,9,crushing defensiveMove endgame quietMove short,https://lichess.org/e5dEN0y9/black#72,
w2IXo,8/3k3p/3P1P2/8/1p4P1/N1bK4/6P1/8 b - - 0 54,b4a3 d3c3 d7d6 g4g5 a3a2 c3b2,2109,75,93,5453,crushing endgame long quietMove,https://lichess.org/TsJkbQSd/black#108,
w2LFQ,6k1/6r1/8/1P6/3P3p/5Q1P/P2q2BK/8 b - - 20 55,d2d4 f3d5 d4d5 g2d5 g8f8 b5b6 g7g6 b6b7 g6b6 a2a4 f8e7 a4a5,2164,84,91,3374,advancedPawn crushing endgame exposedKing quietMove veryLong,https://lichess.org/hCBNNcB3/black#110,
w2O02,8/1pp5/3p1kp1/p2P4/P3KP2/7P/1P6/8 b - - 0 39,c7c6 d5c6 b7c6 b2b4 a5b4 a4a5 b4b3 e4d3,2131,76,92,6602,crushing defensiveMove endgame pawnEndgame quietMove veryLong,https://lichess.org/DsY4eSkT/black#78,
w2wzI,8/5Qpk/b2p1n2/p3p3/3qP1p1/7P/BR3P2/K7 w - - 0 32,h3g4 a5a4 a2e6 a4a3 e6f5 h7h8,2123,84,100,39,crushing endgame long quietMove,https://lichess.org/sSOfI1mK#63,
w33AZ,6k1/p4r2/1p1p1Rpq/7r/2P5/1P3Q2/P4PP1/3R2K1 w - - 1 33,g1f1 f7e7 f6g6 h6g6,2127,80,83,56,crushing endgame master quietMove short,https://lichess.org/KDsySHIg#65,
w3HeW,6k1/4b3/4P1p1/1p3p2/p1rB4/P2R1K2/7P/8 b - - 0 37,e7a3 d4f6 g6g5 d3a3,2176,109,81,18,advantage endgame intermezzo quietMove short,https://lichess.org/DKl0mtJZ/black#74,
w3sJj,2rkr3/2qn2pQ/p4b2/1p2p3/8/P4N1P/1PPR1PP1/2K1R3 b - - 0 25,a6a5 e1d1 d8e7 d2d7 c7d7 d1d7,2121,88,86,58,advantage exposedKing fork long middlegame quietMove,https://lichess.org/EQR4GAvt/black#50,
w3uZQ,5r1k/6rq/3b4/3P4/8/1Q5P/PP3PP1/3R1RK1 w - - 3 35,d1d4 f8g8 d4g4 g7g4,2151,86,86,44,crushing kingsideAttack middlegame quietMove short,https://lichess.org/IRYQ1KZI#69,
w45z4,8/1p6/p1pk2p1/5p1p/PPPK1P1P/6P1/8/8 b - - 0 37,b7b5 c4b5 c6b5 a4a5 d6d7 d4d5,2119,75,83,91,crushing defensiveMove endgame long pawnEndgame quietMove zugzwang,https://lichess.org/F20SxLsI/black#74,
w4Jsj,6r1/8/pp2pk2/2n1N2R/5KP1/8/8/8 b - - 4 47,a6a5 h5h7 g8g4 e5g4,2199,76,85,314,advantage endgame quietMove short,https://lichess.org/b2dXro2T/black#94,
w4pkx,5rk1/8/4pPp1/p7/4NRp1/1p6/7P/6K1 w - - 0 38,f4g4 f8c8 g4g6 g8f8,2129,154,86,12,crushing defensiveMove endgame quietMove short,https://lichess.org/1fZCpA8x#75,
w53I0,5k2/1p6/p7/3Q4/7K/6P1/Pq5P/8 w - - 0 31,d5b3 b2b3 a2b3 a6a5 h4g4 b7b5 g4f4 a5a4 b3a4 b5a4,2162,76,94,2673,crushing endgame queenEndgame quietMove veryLong,https://lichess.org/655BlU1v#61,
w5LPZ,8/p7/1p6/1P1K1p1p/P2P2kP/8/8/8 w - - 2 48,d5e5 f5f4 d4d5 f4f3 d5d6 f3f2 d6d7 f2f1q d7d8q f1e1,2186,76,85,161,advancedPawn crushing endgame pawnEndgame promotion quietMove veryLong,https://lichess.org/VUErHYgY#95,
w5XDq,8/p7/1p5p/1P2k1p1/P3p3/4K1PP/5P2/8 w - - 0 39,h3h4 g5h4 g3h4 h6h5 f2f3 e4f3 e3f3 e5f5,2193,78,90,1305,crushing defensiveMove endgame pawnEndgame quietMove veryLong zugzwang,https://lichess.org/28bS2RfY#77,
w5XnL,8/7k/7p/6p1/1p3p2/1Pb1p1P1/P1P1N1KP/8 b - - 0 46,f4g3 e2c3 g3h2 c3e2 h2h1q g2h1,2162,90,77,30,crushing endgame long quietMove,https://lichess.org/t77NlQ8O/black#92,
w5qvV,8/2pB4/1p3k2/p1Pb2p1/3Pp3/P3P1K1/6P1/8 w - - 3 42,g3g4 d5e6 d7e6 f6e6 g4g5 b6b5 g5f4 b5b4 a3b4 a5a4 f4e4 a4a3,2153,97,30,20,advantage bishopEndgame endgame quietMove sacrifice veryLong,https://lichess.org/qEkzQGGo#83,
w5u1l,r3kb1r/3qnppp/b3p3/p2pP3/Q1pP1P2/2N1BN2/PP3RPP/R5K1 w kq - 4 15,a4a5 a6b7 a5a8 b7a8,2130,77,86,218,advantage middlegame quietMove short,https://lichess.org/Lc73qG8I#29,Caro-Kann_Defense Caro-Kann_Defense_Other_variations
w5xVL,3R4/3P2pk/p4p1p/8/8/1P4PK/q4P1P/8 b - - 0 41,a2b3 d8e8 b3b5 d7d8q,2152,82,80,100,advancedPawn clearance crushing endgame promotion queenRookEndgame quietMove short,https://lichess.org/AtAP6Qa7/black#82,
w6DSC,8/pp6/3P2k1/4p1p1/5r2/2P1K2p/P7/6R1 b - - 0 35,g6f6 g1d1 f6e6 d6d7,2197,79,89,858,advancedPawn crushing endgame master masterVsMaster quietMove rookEndgame short,https://lichess.org/ITqUKC0J/black#70,
w6ofb,4r1r1/1bp2p1k/p5pp/1p1p1qP1/3P2RP/PP2P2Q/2PB1P2/2K1R3 w - - 2 32,e1f1 b7c8 f2f3 h6h5 h3g2 h5g4,2113,79,92,1875,advantage long middlegame quietMove,https://lichess.org/MuOVlYVM#63,
w7Oqc,8/8/8/3b4/R1pk4/PP4r1/2P5/2K5 w - - 0 42,b3c4 d4c3 c1d1 d5c4 d1e1 g3f3 a4c4 c3c4,2162,75,97,247,crushing endgame intermezzo quietMove veryLong,https://lichess.org/pcTeCJTf#83,
w7mzA,8/3k4/3n4/p1pB1p2/P1Pp1P1p/3P1K1P/8/8 w - - 4 34,d5g8 d6c8 f3e2 c8b6,2138,75,94,1647,crushing endgame quietMove short,https://lichess.org/IQZk7ZQa#67,
w82DE,8/8/N7/P6p/2p5/5k2/2P5/1n4K1 b - - 0 43,b1a3 a6c7 c4c3 a5a6 a3c4 c7d5,2195,77,88,449,crushing endgame knightEndgame long quietMove,https://lichess.org/DEGPGT0T/black#86,
w8HS0,r1bqR3/pp1p1kbQ/2pn2p1/8/5B2/2N5/PPP2PPP/R5K1 b - - 0 16,d6e8 c3e4 d7d5 e4g5 f7f8 h7g6,2189,83,89,493,advantage deflection long master middlegame pin quietMove,https://lichess.org/DCJ0pnxS/black#32,Italian_Game Italian_Game_Scotch_Gambit
w8ISn,2b1k3/4P1pp/2q2P2/p1p4P/2Pp1Q2/P2P3B/1r1r4/4R1K1 b - - 0 36,g7f6 f4g3 d2g2 h3g2 c6g2 g3g2 b2g2 g1g2,2162,76,79,79,advantage middlegame quietMove veryLong,https://lichess.org/sTuHhbcm/black#72,
w8bHQ,8/6k1/p2b2Pp/1p1p4/2pP4/N1P1PpP1/PP1K3P/8 w - - 0 36,d2e1 d6a3 b2a3 a6a5 e1f2 b5b4 a3b4 a5b4 c3b4 c4c3 f2f3 c3c2,2199,86,91,66,advancedPawn crushing endgame quietMove sacrifice veryLong,https://lichess.org/ATJRw3rJ#71,
w8nZW,5r1k/p5pp/4Q3/8/3P4/2P5/PP1q1PPP/4R1K1 w - - 1 28,e6e8 d2f2 g1h1 h7h6 e8f8 f2f8,2139,76,100,109,advantage endgame long quietMove,https://lichess.org/ZilM6Rx7#55,
w9HwN,2r3rk/2p2p1p/1p1bpP2/p2q4/3P3P/n3BN2/4Q1P1/2R2RK1 b - - 0 26,d5h5 f3e5 g8g2 e2g2 c8g8 e3g5 d6e5 d4e5,2198,82,75,53,crushing middlegame quietMove veryLong,https://lichess.org/pGjaDha1/black#52,
w9YGg,8/1p4R1/3kbp2/p2p4/3P4/bP1BBPK1/P6r/8 b - - 10 36,h2a2 d3b5 e6c8 e3f4 d6e6 g7c7,2194,75,88,260,crushing endgame long master quietMove,https://lichess.org/q8XMwaCj/black#72,
w9ZHa,8/5k2/2p5/1p2BPKp/pP4pP/r5P1/8/8 b - - 1 41,a3g3 e5g3 a4a3 g3e5 a3a2 g5f4,2102,83,76,42,crushing endgame hangingPiece long quietMove,https://lichess.org/zoQ22YvP/black#82,
w9hlz,8/p7/6p1/2pk1p1p/1p3P2/3PK3/PP4PP/8 w - - 3 37,b2b3 h5h4 e3e2 d5d4 e2d2 a7a6,2198,76,94,725,crushing defensiveMove endgame long master pawnEndgame quietMove zugzwang,https://lichess.org/vEi9G36X#73,
w9mNz,2r2r1k/np3p2/pn2pNpB/4P3/2Pq4/5R2/P5PP/5R1K b - - 5 27,b6d7 f3h3 g6g5 h6f8,2160,76,91,2238,advantage discoveredAttack master middlegame quietMove short,https://lichess.org/2en57z6t/black#54,
w9vt4,2rq1r2/p2p1pkp/1p2p1p1/3nP2P/8/5N2/nPPQ1PP1/1K1R3R b - - 1 17,a2b4 h5g6 h7h5 h1h5 f8h8 d1h1 f7g6 h5h8 d8h8 h1h8,2128,75,90,1075,advantage middlegame quietMove veryLong,https://lichess.org/mRvsNQYH/black#34,Modern_Defense Modern_Defense_Other_variations
wAJSy,7r/4n3/1p2p1k1/1P1bPp2/1Q1Bp1p1/4P1P1/R4PBq/5K2 w - - 17 42,a2a7 h8c8 a7e7 d5c4 b4c4 c8c4,2175,116,73,30,advantage long master masterVsMaster middlegame quietMove sacrifice,https://lichess.org/eDyhQb9n#83,
wARz1,2kr3r/ppp1npp1/3b4/3Pp2q/2B1P1p1/4B1Q1/PP3PPN/R4RK1 w - - 6 18,e3a7 e7f5 e4f5 e5e4 f5f6 d6g3,2111,75,97,120,advantage discoveredAttack long middlegame quietMove sacrifice,https://lichess.org/IbxWFH5N#35,Queens_Gambit_Accepted Queens_Gambit_Accepted_Central_Variation
wAshT,8/8/6p1/p6p/1p6/1P5k/P4P1P/6K1 b - - 1 53,h5h4 f2f3 g6g5 g1h1 g5g4 f3f4,2109,75,95,6154,crushing defensiveMove endgame long pawnEndgame quietMove,https://lichess.org/ZyDCVJPR/black#106,
wBYut,2q2k1r/1R2b3/1p3p1p/p5pP/8/2P2B2/PPQ3K1/8 b - - 4 34,g5g4 f3d5 c8b7 d5b7,2100,83,86,31,crushing endgame quietMove short,https://lichess.org/e6eMVbvy/black#68,
wBdZM,8/1p3k2/5p1p/5p1P/8/4K3/2P3P1/8 b - - 5 43,f7e7 e3f4 e7e6 c2c4 b7b6 g2g3 e6f7 f4f5,2159,75,88,509,crushing endgame pawnEndgame quietMove veryLong zugzwang,https://lichess.org/F3O9bZO8/black#86,
wC7yZ,8/5K2/1kp5/p2q4/P1Q5/1P6/8/8 w - - 12 60,c4d5 c6d5 f7e6 d5d4 e6d5 d4d3 d5c4 d3d2,2153,80,92,3497,advancedPawn crushing endgame quietMove veryLong,https://lichess.org/Ojy0Vh4T#119,
wCczO,6k1/6p1/7p/3N1P2/1B5b/PbP2P1P/r5P1/3R3K w - - 1 38,d1d4 h4g3 d5f6 g8f7,2177,84,89,879,advantage defensiveMove endgame master quietMove short,https://lichess.org/uf4d4YS7#75,
wCpaB,8/pp2rpkp/5R2/2p3P1/2P4P/1P6/P2K4/8 b - - 4 33,e7e6 f6e6 f7e6 h4h5 h7h6 g5g6,2137,80,74,81,crushing endgame long quietMove rookEndgame,https://lichess.org/HudUx5Js/black#66,
wCwHX,8/8/4k3/pp6/2p1NKP1/2Pb4/P7/8 b - - 1 42,d3e4 f4e4 b5b4 e4d4 b4b3 a2b3 c4b3 d4d3 e6d6 g4g5 a5a4 c3c4 a4a3 d3c3 b3b2 c3c2,2171,91,78,31,crushing endgame quietMove veryLong,https://lichess.org/CII9vtJL/black#84,
wDuNh,8/5p2/pp2p1p1/7p/P1P2Q2/1P3P1k/4K3/6q1 b - - 1 41,g1h2 f4h2 h3h2 a4a5 b6a5 c4c5 h2g2 c5c6 h5h4 c6c7 h4h3 c7c8q,2164,78,91,1181,advancedPawn crushing endgame promotion queenEndgame quietMove veryLong,https://lichess.org/J0FFEmn0/black#82,
wE4TI,1r5k/6pp/p4p2/P2P4/2b1P1q1/1rB1Q1P1/7P/2R1K2R w K - 1 28,e1f2 b3c3 e3c3 g4e2 f2g1 b8b2 c3b2 e2b2,2136,77,71,53,crushing middlegame quietMove sacrifice veryLong,https://lichess.org/a7YTY16w#55,
wEJa7,1r1rk3/q4p2/3R1Q2/1p2p2p/4N3/8/1P4PP/5K2 b - - 2 40,d8d6 e4d6 e8f8 d6f5 a7a1 f1f2 a1b2 f2g3 b2a3 g3h4 f8e8 f6e5 e8d7 e5b8,2180,118,68,15,advantage endgame fork quietMove veryLong,https://lichess.org/NSaap2zP/black#80,
wERKf,4k3/1R2P1p1/p1p4p/P7/2bp2P1/8/5P1P/6K1 w - - 1 34,b7c7 c4b5 c7c8 e8e7,2168,77,83,110,advantage endgame quietMove short,https://lichess.org/VH5DcXCQ#67,
wEWu6,r4rk1/ppq1bp2/2p4Q/4p3/4P1P1/8/PPP4P/2KR3R b - - 0 21,c7a5 g4g5 a5a2 g5g6 a2a1 c1d2 e7g5 h6g5,2197,78,89,718,crushing middlegame quietMove veryLong,https://lichess.org/6fPDSl0B/black#42,
wEjEU,2k5/8/1PB2B2/1K2p3/5b2/7p/6n1/8 b - - 1 62,g2e3 c6e4 h3h2 f6e7 c8d7 b6b7 e3d5 b7b8q,2194,95,78,30,advancedPawn advantage endgame promotion quietMove veryLong,https://lichess.org/0gBCJ2FT/black#124,
wEnfa,2r2r1k/5p2/2Rp2p1/p2Pb2p/Pp1pP1Pq/1P1P4/4BR1P/3Q2K1 b - - 1 25,f8g8 d1c1 h5g4 c6c8,2190,79,80,68,advantage middlegame quietMove short,https://lichess.org/feRZiWnZ/black#50,
wEp0k,3q3k/6pp/4QR2/p2p4/Pb1P4/4P3/1P1r2PP/R5K1 b - - 0 23,g7f6 a1c1 h8g7 c1c8 d8c8 e6c8,2114,75,98,775,crushing endgame long quietMove,https://lichess.org/OM8xvZLL/black#46,
wErYJ,8/1p1rkb2/2p5/2P1Pp1p/1P3P1P/3p2P1/1R1R2BK/2r5 w - - 8 42,g2h3 f7d5 h3g2 d5e4,2172,78,86,168,crushing endgame quietMove short,https://lichess.org/KqM13AeK#83,
wFpIh,8/p7/4p3/5p1P/4bK2/6P1/8/2k5 b - - 0 52,e6e5 f4e5 e4c2 h5h6 f5f4 g3f4 a7a5 f4f5 a5a4 h6h7,2133,77,91,2290,advancedPawn bishopEndgame crushing endgame quietMove veryLong,https://lichess.org/sjPkUSuP/black#104,
wG41F,4r3/pp4pp/2p5/8/4pkP1/3B4/PPP1R2P/1K6 w - - 1 27,h2h3 e8e5 d3c4 b7b5 c4g8 f4f3,2178,154,67,7,advantage endgame long quietMove,https://lichess.org/HJCEQbeJ#53,
wGCnR,7k/R5p1/7p/1B5P/8/p1r2P2/P2r2PK/8 b - - 0 37,d2a2 a7a8 h8h7 b5e8 g7g6 h5g6 h7h8 e8f7,2188,79,97,889,crushing discoveredAttack endgame quietMove veryLong,https://lichess.org/nf6SFC7O/black#74,
wGUuA,r1bqr1k1/2ppbp1p/p5pB/1p6/2nP4/2PQ1N2/P1B2PPP/R3R1K1 b - - 3 17,e7f6 e1e8 d8e8 a1e1 e8d8 d3e4 c8b7 e4b7 c7c6 h6f4 c4a5 b7c7 d8c7 f4c7,2118,76,92,2688,clearance crushing middlegame quietMove veryLong,https://lichess.org/WWGgqNq5/black#34,Ruy_Lopez Ruy_Lopez_Classical_Variation
wGWjY,8/5q2/6kp/4pPp1/1P6/2K2P2/2Q5/8 b - - 0 52,f7f5 b4b5 g6f6 c2f5 f6f5 b5b6,2134,75,94,5073,crushing endgame long master pin queenEndgame quietMove,https://lichess.org/jLWFBezn/black#104,
wGsKL,1R6/R4pk1/4p1p1/1Pn1P1P1/2P1br2/7p/7K/8 b - - 1 41,e4f5 a7a8 f4f2 h2g1 h3h2 g1f2,2141,77,95,921,crushing defensiveMove endgame long quietMove,https://lichess.org/ej0COTxj/black#82,
wH0hE,3r1rk1/4bp2/p3p1pB/1p1qP3/3p4/P6R/1P1Q2PP/2R3K1 b - - 1 22,f8e8 h6g7 g6g5 d2d3 f7f5 e5f6,2198,78,91,1611,crushing enPassant long middlegame quietMove,https://lichess.org/tqXMjkdK/black#44,
wHaC5,8/8/1kn1p3/p2pPp2/K1pP1Pp1/N1P3Pp/P6P/8 w - - 4 45,a3b5 c6e7 b5d6 e7g6 d6f5 e6f5,2184,75,91,856,crushing endgame knightEndgame long quietMove,https://lichess.org/hXCCNVsf#89,
wHdfj,8/7p/2p3pK/2P2p2/2k5/8/6PP/8 b - - 1 38,c4c5 h2h4 c5b4 h6h7 c6c5 h7g6 c5c4 h4h5 c4c3 h5h6,2165,155,100,13,endgame equality pawnEndgame quietMove veryLong,https://lichess.org/QGCePmb9/black#76,
wIZnO,8/4k1pp/1K2p3/p1P1r3/1p6/8/6PP/5R2 b - - 0 34,a5a4 c5c6 e5e3 f1c1 b4b3 c6c7 b3b2 c7c8q,2175,76,86,553,advancedPawn advantage endgame promotion quietMove rookEndgame veryLong,https://lichess.org/L0MnL45x/black#68,
wIt5H,8/K7/8/1p1k4/2p5/4B3/8/8 w - - 0 47,a7a6 b5b4 e3h6 c4c3 h6g7 d5c4,2142,76,94,1761,bishopEndgame crushing defensiveMove endgame long quietMove,https://lichess.org/6Hx1EbED#93,
wJ2RZ,1b6/3q1pk1/Q4p2/1p1b2p1/1P1P3p/P3PN1P/2r1BPP1/5RK1 w - - 1 28,e2b5 d7c7 a6a5 c7d6,2145,77,89,1132,advantage master middlegame quietMove short,https://lichess.org/LYpFhTic#55,
wJFNz,8/8/p7/Ppk4p/4PK1P/8/8/8 w - - 1 44,f4g5 c5d4 g5f4 b5b4 e4e5 d4d5,2198,126,100,15,crushing endgame long pawnEndgame quietMove,https://lichess.org/fEotQIBf#87,
wJGN2,2r2r2/1b2bpk1/pq4p1/1p2PR2/4N3/7Q/PPnB3P/RB3K2 b - - 0 24,g6f5 e4f6 b6f6 e5f6,2189,79,91,611,advantage middlegame quietMove short,https://lichess.org/wRlSasto/black#48,
wJTvg,8/p3r3/1p1Rpk2/3p2rp/3P1p2/2P2P1R/PP4P1/6K1 w - - 0 42,g1f2 e7g7 h3h2 f6e7 d6c6 e7d7 c6e6 d7e6,2101,77,95,3252,advantage endgame quietMove rookEndgame trappedPiece veryLong,https://lichess.org/grwRguc5#83,
wK1dj,r7/p4kpp/2p5/q2pQp2/2P1p3/8/P1P2PPP/R5K1 b - - 1 23,g7g6 a1b1 a5a6 e5c7,2173,83,89,615,advantage endgame quietMove short,https://lichess.org/y2zV0nxh/black#46,
wKQo2,r6k/pb1nr1pB/1p1qN1Qp/3p4/6P1/2P5/PP2R1P1/4R1K1 b - - 0 27,d7f6 e6g5 d6c5 g1h1,2186,77,79,263,advantage defensiveMove middlegame quietMove short,https://lichess.org/pzEzwYVI/black#54,
wKRB8,r5kr/2p2p2/pp1q2p1/2n1R1P1/8/3B1P2/PPPQ1P2/R5K1 w - - 1 21,f3f4 d6c6 f2f3 c6f3 d2g2 f3f4 g2a8 g8g7,2181,134,84,23,crushing middlegame quietMove sacrifice veryLong,https://lichess.org/lTavAi00#41,
wKTK0,8/p3q1kp/1p4p1/1PpPP3/P2pP1NP/4b1P1/2Q3K1/8 w - - 1 40,g4f6 h7h5 d5d6 e7e5 f6d5 e5d6,2131,194,-100,6,advantage endgame long quietMove,https://lichess.org/xziAksaf#79,
wLDYz,5r2/4R3/3R4/5p2/P4k2/4p3/3p4/6K1 w - - 0 56,g1f1 f8h8 f1g2 h8g8,2169,106,51,19,crushing endgame quietMove rookEndgame short,https://lichess.org/s6BAzgw1#111,
wLcrI,5rk1/1qp2p2/1p1p2p1/1P1Pp1QP/8/7P/5P2/1R4K1 b - - 0 28,g8g7 h5h6 g7h7 g5f6 h7h6 b1b4 e5e4 b4e4,2105,82,84,57,crushing endgame quietMove veryLong,https://lichess.org/oSyFXvCE/black#56,
wLkEK,5kr1/2R3p1/6P1/1N6/7p/1PP1r3/1PK5/8 b - - 0 48,h4h3 b5d6 e3f3 c7c8 f8e7 c8g8,2150,81,91,1266,crushing deflection endgame long quietMove skewer,https://lichess.org/rAmtQ6wg/black#96,
wLvfJ,7b/8/7P/5p2/4pK2/6P1/2k2P2/8 b - - 4 47,c2d2 f4f5 d2d3 g3g4 h8d4 h6h7 d3e2 f5e4,2105,89,68,39,advancedPawn bishopEndgame crushing endgame quietMove veryLong,https://lichess.org/yqyywEwP/black#94,
wM82P,r2qk2r/4p1b1/2p1b1pp/ppP2p2/3PpP2/3nP2N/PB1Q2PP/R1N2RK1 b kq - 3 18,a5a4 c1d3 a4a3 b2c3 e4d3 d4d5,2171,77,90,665,advantage long middlegame quietMove,https://lichess.org/EHDqdAkV/black#36,Bird_Opening Bird_Opening_Dutch_Variation
wMSzD,2r3k1/5p1p/1R1p1p2/3P1b2/2B5/r4P2/3K2PP/7R w - - 5 27,b6c6 c8b8 c6a6 b8b2,2145,78,91,1538,crushing endgame quietMove short,https://lichess.org/kS3iNxVG#53,
wMdCo,5rr1/1Qpk3p/1p1pp1q1/8/3P4/P1P5/2P2PPP/R4RK1 w - - 2 23,a3a4 d6d5 g2g3 f8a8 a4a5 g8b8 b7b8 a8b8,2148,79,87,89,advantage clearance endgame quietMove trappedPiece veryLong,https://lichess.org/4bHi2KaU#45,
wN2DG,r1b2k1r/p1pp1ppp/1qp5/8/4QB2/3B1PP1/PPP5/2KR4 b - - 8 16,a8b8 d1e1 b6b2 c1d1,2198,76,92,768,advantage middlegame quietMove short,https://lichess.org/qyzhviex/black#32,Scotch_Game Scotch_Game_Schmidt_Variation
wNAT5,8/5ppk/pQ5p/3b4/P2Pq1P1/4B1KP/1P3P2/8 w - - 3 33,b6d6 g7g5 d6d5 e4d5,2162,135,0,22,crushing endgame quietMove short,https://lichess.org/M3L30eYj#65,
wNIPq,2k4r/pppr1p1p/1P6/4ppq1/8/2Q1P3/2P3PP/1R3R1K b - - 0 21,a7b6 b1a1 d7d8 a1a8,2102,83,91,1375,crushing endgame master masterVsMaster quietMove short,https://lichess.org/RtJ6ZVin/black#42,
wNmE4,8/1p6/8/p1k1pp2/2P5/P2KP3/1P6/8 w - - 0 39,d3c3 a5a4 b2b3 a4b3,2129,109,49,15,crushing endgame pawnEndgame quietMove short,https://lichess.org/gHUDIbPa#77,
wNvN7,8/8/P3R2p/8/1k1K4/r7/8/8 b - - 2 50,h6h5 e6b6 b4a5 b6b8 a5a6 b8a8 a6b7 a8a3,2174,76,91,657,crushing endgame quietMove rookEndgame skewer veryLong,https://lichess.org/BBQfmsD1/black#100,
wNvZS,8/8/1k1rp1p1/7p/pp3P1P/nP1p2P1/3R2K1/3R4 w - - 0 41,d2d3 d6d3 d1d3 a3c2 g2h2 a4a3,2174,86,87,66,crushing endgame long master quietMove,https://lichess.org/F6EgU3TJ#81,
wORXI,rn1q1r2/ppp3k1/3p3p/b3Pb1P/2BP4/2P1QP2/P4K2/2R4R b - - 0 21,g7h7 c1g1 b8c6 g1g6 d8g5 g6g5,2148,113,68,27,advantage long middlegame quietMove,https://lichess.org/mhUf6FgJ/black#42,
wOWJP,8/7k/8/1p4p1/1P1N2p1/P2K2P1/6q1/8 b - - 0 66,g2f3 d4f3 g4f3 g3g4 h7g8 d3e3,2104,76,78,58,crushing endgame long master masterVsMaster quietMove,https://lichess.org/oe5nP6QS/black#132,
wOWxL,8/7p/5p2/P1k2Pp1/1p4P1/3K3P/8/8 w - - 0 40,d3c2 c5b5 h3h4 h7h6 h4g5 h6g5 c2b3 b5a5,2114,76,94,3792,crushing endgame pawnEndgame quietMove veryLong,https://lichess.org/pmkfkZwy#79,
wOZ3d,2k5/8/1R6/1p6/1P6/2pr2P1/5PK1/8 w - - 0 36,b6b5 d3d7 b5c5 d7c7 c5h5 c3c2,2155,75,91,1095,advancedPawn crushing defensiveMove endgame long quietMove rookEndgame,https://lichess.org/2LQ7pTUG#71,
wOg5i,8/6pk/7p/5Q2/1p6/r6P/Pq4PK/6R1 b - - 3 34,h7g8 g1e1 b2f6 e1e8 g8f7 f5d7,2128,76,92,547,crushing endgame long quietMove,https://lichess.org/O6nz8Rd9/black#68,
wOw5r,1r5r/p2k1pp1/2R1p1b1/qp1pP3/B5P1/1Q2B3/PP3P2/4R1K1 b - - 0 23,d7c6 e1c1 c6d7 b3a3 d7e8 e3g5,2125,140,88,14,advantage defensiveMove long middlegame quietMove,https://lichess.org/RXSqDYlH/black#46,
wP0ar,8/8/6pp/4Bk2/3K3P/6P1/8/7n w - - 0 52,e5f4 h6h5 f4c7 f5g4 d4e5 h1g3,2150,83,74,40,crushing endgame interference long quietMove,https://lichess.org/JBufC2uw#103,
wP4tx,5r2/8/3kp3/p7/PbpPK3/1p6/1P6/1Q6 w - - 3 44,b1h1 b4d2 h1h2 f8f4 h2f4 d2f4,2117,75,91,365,crushing endgame long quietMove,https://lichess.org/0btat2Cs#87,
wP71D,7k/4p3/3p1b1p/5P2/3Pq1P1/p1P5/R5QK/8 w - - 6 51,g2g3 f6g5 a2f2 a3a2 f2a2 g5f4 a2f2 f4g3,2109,78,91,4115,advancedPawn crushing endgame master pin quietMove veryLong,https://lichess.org/Vo0krn4w#101,
wP95w,8/8/5p1p/4pKp1/3k4/6P1/5PP1/8 w - - 2 47,f5f6 e5e4 g3g4 d4d3 f6g6 d3e2,2189,77,90,986,crushing endgame long pawnEndgame quietMove,https://lichess.org/MWYvVdh5#93,
wPEJZ,8/8/4p3/1p2Pk1p/1Pp1pPp1/2P1K1P1/8/8 b - - 0 49,h5h4 g3h4 g4g3 h4h5 g3g2 e3f2 e4e3 f2g2 f5e4 g2f1 e4d3 f1e1,2193,75,84,124,crushing defensiveMove endgame pawnEndgame quietMove veryLong zugzwang,https://lichess.org/sWZRKDP0/black#98,
wPIBK,8/8/8/2R2pk1/1P1p4/P1r5/4K3/8 b - - 1 54,c3c5 b4c5 g5f6 a3a4 f6e6 a4a5,2148,79,92,2623,crushing defensiveMove endgame long master quietMove,https://lichess.org/XM8jNNnH/black#108,
wPJGE,r2q1n1k/2p1r1pp/p2p4/1p3Q1B/8/8/PPP5/2K3RR b - - 5 27,c7c6 h5f7 e7f7 f5f7,2148,85,76,37,advantage master middlegame quietMove short,https://lichess.org/w4JotFEx/black#54,
wPXze,2r3k1/5p1p/1p4p1/1PqBn3/8/5P2/3Q2PP/4R2K b - - 2 33,g8g7 e1e5 f7f6 e5e1 c8d8 e1d1,2111,76,93,2184,advantage defensiveMove endgame hangingPiece long master quietMove,https://lichess.org/CdWN12T6/black#66,
wQ9zL,8/8/2Rp4/1p1P1k1p/pP2rp2/P6P/5KP1/8 b - - 1 57,e4c4 c6c4 b5c4 b4b5 f5e4 b5b6 e4d5 b6b7,2169,76,87,185,advancedPawn crushing endgame quietMove rookEndgame veryLong,https://lichess.org/zR6JiDSG/black#114,
wQGgF,8/2p5/P1k5/7p/2P2p2/5K2/8/8 b - - 1 50,h5h4 c4c5 h4h3 f3f2 h3h2 f2g2 f4f3 g2h2 f3f2 h2g2 f2f1q g2f1 c6c5 a6a7,2139,121,100,16,advancedPawn crushing endgame pawnEndgame quietMove veryLong,https://lichess.org/glnIM6Q6/black#100,
wQGsH,r7/4kpp1/3N4/3pPp2/1p6/1P5R/2R5/1K4r1 w - - 2 34,b1b2 g1a1 c2c7 e7e6,2149,79,91,1071,advantage defensiveMove endgame quietMove short,https://lichess.org/0wYEi7Ew#67,
wQQGF,8/8/p4k2/7p/1P2p2P/2P1K3/8/8 b - - 0 53,f6e5 c3c4 e5f5 b4b5 a6b5 c4b5 f5e5 b5b6 e5d6 e3e4,2141,76,94,1309,crushing endgame pawnEndgame quietMove veryLong zugzwang,https://lichess.org/oemERaPn/black#106,
wQbYX,4r2k/1p3p1p/p2q1Pr1/4p3/P2pP2Q/1B1P1R2/1PP3P1/6K1 b - - 0 29,e8g8 f3h3 g6g2 g1f1,2140,87,84,31,advantage endgame quietMove short,https://lichess.org/Ao7VQX5L/black#58,
wQjDN,3n4/3P4/3b1k2/p1p5/B1P1KPP1/8/P7/8 b - - 2 53,f6e6 g4g5 d6c7 f4f5,2182,79,84,54,crushing endgame quietMove short,https://lichess.org/Ry7v9EZb/black#106,
wQl1a,6rk/3q1p1p/2p2R2/p7/8/1P2PQ1P/P4P2/3K4 w - - 1 32,d1e2 g8g1 e3e4 d7d1 e2e3 d1c1 e3d4 c1d2 d4e5 g1g5,2105,131,100,31,crushing endgame quietMove veryLong,https://lichess.org/yzkMgw2m#63,
wQm33,r3kbnr/pp3ppp/1qn1p3/1B1pPb2/Q2P4/8/PP1B1PPP/RN2K1NR b KQkq - 5 8,g8e7 d2a5 f5c2 b2b3 b6a5 a4a5,2115,74,94,10298,crushing long opening pin quietMove,https://lichess.org/C8qfcf43/black#16,Caro-Kann_Defense Caro-Kann_Defense_Accelerated_Panov_Attack
wQwh0,8/4PK2/8/p7/P2k1P2/8/8/4r3 b - - 4 64,e1e4 f4f5 d4e5 e7e8q,2173,75,93,5091,advancedPawn crushing endgame master promotion quietMove rookEndgame short,https://lichess.org/BlCARo6C/black#128,
wRNfp,8/4k3/4p2p/2K1p1p1/2PpP1P1/3P4/8/8 b - - 0 58,e7f6 c5d6 h6h5 c4c5 h5g4 c5c6 g4g3 c6c7 g3g2 c7c8q g2g1q c8e6 f6g7 e6e5,2132,77,87,675,advancedPawn crushing deflection endgame pawnEndgame promotion quietMove veryLong,https://lichess.org/0wnXPvKD/black#116,
wRXcb,8/5kp1/4r3/PpBK2P1/3P4/8/8/8 b - - 0 41,e6a6 c5b6 a6a8 d5c5 b5b4 c5b4 f7e7 b4b5 e7d7 a5a6,2125,96,57,28,crushing endgame quietMove veryLong,https://lichess.org/JT3IMYDj/black#82,
wRiz6,7Q/p3rkp1/4pp2/5q2/3p4/8/PPP5/1K4R1 b - - 0 32,g7g6 g1h1 e6e5 h1h7 f7e6 h8c8 e6d5 c8f5,2148,75,91,1356,crushing deflection endgame quietMove veryLong,https://lichess.org/oUKeUGUE/black#64,
wSvMJ,2r2r2/7k/bp2pp2/p7/P1pR2n1/8/1P3P1P/1K1R4 b - - 1 31,g4f2 d1g1 f2e4 d4e4 c8c5 e4h4 c5h5 h4h5,2199,80,83,115,endgame exposedKing mate mateIn4 quietMove veryLong,https://lichess.org/WTzr3Qzp/black#62,
wT5lb,8/4n3/1p1bkp1p/p1p3p1/3pK3/3P2P1/PPPB1PNP/8 w - - 4 31,f2f4 g5g4 f4f5 e7f5 g2f4 d6f4 e4f4 h6h5,2121,78,81,75,crushing defensiveMove endgame quietMove veryLong,https://lichess.org/8jtxtxzZ#61,
wTmDG,6k1/1p4p1/p7/3p1P1Q/3pp3/7P/P2q4/K3R3 w - - 3 37,h5e2 d2e2 e1e2 d4d3 e2d2 d5d4 a1b2 e4e3,2130,84,84,40,crushing endgame quietMove veryLong,https://lichess.org/HBBaomXR#73,
wTqsk,4rk2/p1p3pp/1p3p2/2b5/3N2q1/1Q1R2P1/PPP1rPKP/3R4 b - - 8 29,e2f2 g2f2 e8e4 c2c3 c5d4 c3d4 e4e2 f2f1,2182,130,-23,14,advantage hangingPiece middlegame quietMove veryLong,https://lichess.org/H6tJzEXV/black#58,
wUce0,r2r2k1/p1q1ppbp/2p1b1p1/2B5/Q7/2P2B2/PP3PPP/3R1RK1 w - - 5 19,f3c6 d8d1 f1d1 a8c8 c5a7 c7c6 a4c6 c8c6,2101,119,14,15,advantage middlegame quietMove veryLong,https://lichess.org/6IC9fuBF#37,Sicilian_Defense Sicilian_Defense_Hyperaccelerated_Fianchetto
wUptx,2b1rk2/5pbQ/2p4p/1p1pP1p1/nq1P1P2/1N4P1/2B3PN/3R2K1 b - - 0 30,c6c5 f4f5 c8f5 h7f5,2135,76,91,775,advantage middlegame quietMove short,https://lichess.org/kdEoY8bC/black#60,
wUrUC,4r1k1/pp3ppp/2nr4/2p1pP2/3pP1bq/P2P4/1PPQN1B1/R1B2RK1 w - - 4 21,g2f3 d6h6 e2g3 h4g3 d2g2 g3g2,2124,75,88,172,advantage exposedKing kingsideAttack long middlegame quietMove,https://lichess.org/FjvYMUGO#41,
wV34B,8/7p/5k2/6p1/4KPP1/8/8/8 b - - 0 47,h7h6 f4f5 h6h5 g4h5 g5g4 h5h6,2185,78,91,1595,crushing endgame long pawnEndgame quietMove zugzwang,https://lichess.org/iYOppS5J/black#94,
wVDYF,6k1/5p1p/5bp1/8/4QPb1/4B3/P1r4P/6K1 b - - 0 31,c2a2 e4e8 g8g7 e3c5 a2a1 g1g2,2145,81,89,1696,crushing defensiveMove endgame long quietMove,https://lichess.org/AWveQYde/black#62,
wVUVs,4R2k/1p1q2b1/p1p2rQp/3n4/3P2p1/1BP3P1/PP3PP1/6K1 b - - 2 27,f6f8 b3c2 d5f6 e8f8 g7f8 g6f6,2114,77,82,160,advantage exposedKing kingsideAttack long middlegame quietMove,https://lichess.org/bZu3jbmR/black#54,
wVbuI,2r1r1k1/2P2p1p/5Rp1/1N6/1P6/6N1/P5PP/3b2K1 b - - 0 28,e8e6 f6e6 f7e6 g3e4 d1e2 e4d6,2132,75,83,259,crushing endgame long quietMove,https://lichess.org/vPsmRnWu/black#56,
wVw59,3r2k1/p4pp1/2q1p2p/P7/6R1/2NbP3/3r1PP1/Q3R1K1 b - - 1 25,d3f5 c3d5 f5g4 d5e7 g8h8 e7c6,2196,77,70,150,advantage fork long master middlegame quietMove sacrifice,https://lichess.org/iHTF7Ajg/black#50,
wW876,8/p7/1p4p1/2pk1p1p/5P2/PPPK2P1/7P/8 b - - 1 35,a7a5 a3a4 h5h4 g3h4 d5d6 d3c4 d6c6 h2h3 c6d6 c4b5,2125,82,89,606,crushing endgame pawnEndgame quietMove veryLong zugzwang,https://lichess.org/nCa643j6/black#70,
wWOZU,r2qk2r/pp1bbppp/n1p5/3p2N1/3N3P/1B2QP2/PPP1R1P1/2K4R b kq - 10 18,a6c5 h1e1 e8g8 e3e7 d8e7 e2e7,2100,78,91,157,crushing long middlegame quietMove,https://lichess.org/twjZpTAl/black#36,Czech_Defense Czech_Defense_Other_variations
wXAHV,3r1k2/5P1p/p4P1N/1p2N1p1/3p1r2/6K1/1P6/6R1 b - - 1 40,d8d5 g1c1 f4f6 c1c8,2154,122,30,20,crushing endgame quietMove short,https://lichess.org/ybnDp9Ux/black#80,
wXUW8,5R2/8/8/P7/8/8/b2K2pk/8 w - - 1 72,f8h8 h2g3 h8h7 a2e6 h7g7 e6g4 a5a6 g2g1q,2106,86,100,35,advancedPawn crushing endgame promotion quietMove veryLong,https://lichess.org/Pt8RAgi5#143,
wXjde,7R/5p2/4p3/n2p1pN1/6k1/3n3N/2r3PK/8 b - - 0 38,d3f2 g5f3 f5f4 h8h4,2163,76,96,288,advantage endgame quietMove short,https://lichess.org/XU5Hs9ta/black#76,
wYtTD,3r1b2/1p6/1Rk2p1p/P3p1p1/3pP1P1/5P1P/2rNK3/3R4 b - - 3 36,c6c5 d1b1 d4d3 e2e3,2163,77,89,332,crushing defensiveMove endgame quietMove short,https://lichess.org/RedehUw9/black#72,
wYzuB,8/7p/8/ppp2KPk/8/1PP5/P7/8 b - - 1 44,b5b4 c3c4 h5h4 g5g6 h7g6 f5g6,2167,75,94,4969,crushing endgame long pawnEndgame quietMove zugzwang,https://lichess.org/Tj1L0ucs/black#88,
wZFMu,2R5/4Np1p/4pBpk/2b1P3/1p6/3r2P1/PP2n2P/7K b - - 8 31,c5d4 g3g4 d3d1 h1g2 d1g1 g2f3,2140,76,92,2590,crushing endgame long master quietMove,https://lichess.org/Vn2alct5/black#62,
wZYoL,2rr2k1/pp1b1ppp/8/4n1q1/5Nn1/1PB2P2/PK1Q2PP/3R1B1R b - - 0 20,d7f5 f4d5 g5d2 d1d2 d8d5 d2d5,2191,78,91,310,crushing long middlegame quietMove,https://lichess.org/r3sht4zs/black#40,
wZgaM,6k1/5p1p/b5p1/p3N3/qp1p4/7P/1P3PP1/2Q3K1 b - - 0 32,a6e2 c1c8 g8g7 e5d7 a4d7 c8d7,2145,95,86,30,crushing endgame long quietMove,https://lichess.org/bR9f4fLO/black#64,
wa2Je,r6k/ppp3pp/2p2p2/2Q1r3/6bq/3B4/PPPP1PP1/RNB2RK1 w - - 0 14,c5b4 e5h5 f2f3 h4h2 g1f2 g4h3,2156,75,89,799,advantage long middlegame pin quietMove,https://lichess.org/7gTPbqnv#27,Russian_Game Russian_Game_Stafford_Gambit
waXAH,8/5p2/4p3/8/2k2Pp1/2P1K1P1/8/8 w - - 4 36,e3e4 f7f6 e4e3 c4c3 f4f5 e6e5,2171,74,94,7033,crushing defensiveMove endgame long master pawnEndgame quietMove,https://lichess.org/sZTVbqds#71,
waYth,8/p1n1kp2/6p1/3BP3/3P1P2/p3K1P1/8/8 w - - 2 44,d5a2 c7a6 a2b3 a6b4,2190,77,91,599,crushing defensiveMove endgame quietMove short,https://lichess.org/wf2bZxeR#87,
wacvJ,8/5p2/6p1/1Kpk3p/5P1P/2P5/6P1/8 w - - 7 47,g2g3 f7f5 b5b6 d5c4 b6c6 c4c3,2198,83,92,262,crushing endgame long pawnEndgame quietMove zugzwang,https://lichess.org/0xDRF0nh#93,
wb80J,8/2k5/2P5/p2p1bp1/1p1P4/1P2K2p/P7/2R5 w - - 0 53,c1g1 f5e4 g1g5 h3h2,2105,78,92,104,advancedPawn crushing endgame quietMove short,https://lichess.org/x4e9bLzg#105,
wbCJL,1rr3k1/5p2/p5pB/2ppP3/q2P2PP/bP1R4/2Q5/1K5R w - - 0 31,b1a2 a4a5 h6d2 a3b4,2134,76,91,440,crushing discoveredAttack middlegame quietMove short,https://lichess.org/QQI0eBSG#61,
wbWLV,3r2k1/p4p1p/2p2nPQ/4q1N1/1p2PR2/6PK/PPr5/8 b - - 0 28,h7g6 f4h4 c2h2 h3h2 f6g4 h4g4 e5b2 h2h3 b2g7 h6g7,2160,76,90,746,advantage middlegame quietMove veryLong,https://lichess.org/YkR0d1dw/black#56,
wbqiE,2R5/8/p1P5/4p3/4k3/8/r7/3K4 b - - 2 56,e4e3 c8d8 a2a1 d1c2 a1a5 d8d3,2196,104,86,18,crushing endgame long quietMove rookEndgame,https://lichess.org/IUVaBrzu/black#112,
wbtnD,8/8/5pp1/1k5p/pP1K3P/P4P2/5P2/8 w - - 6 34,d4d5 g6g5 h4g5 f6g5 f3f4 h5h4 d5e5 h4h3 f4g5 h3h2 g5g6 h2h1q,2196,76,94,3117,advancedPawn crushing endgame pawnEndgame promotion quietMove veryLong,https://lichess.org/tvq7r6RL#67,
wc9Ot,8/8/4K1pp/3p4/1p1k1PP1/1P6/1P6/8 w - - 1 43,e6f6 d4e4 f4f5 g6f5 g4f5 d5d4 f6g6 d4d3 f5f6 d3d2,2186,76,94,219,advancedPawn crushing endgame pawnEndgame quietMove veryLong,https://lichess.org/IsM5Mst8#85,
wcBJB,rn1q1rk1/ppp2pb1/6p1/3pPb1p/3P3P/P1N1BN2/1PnQBPP1/2KR3R w - - 1 14,e3h6 c2a1 b2b4 a1b3 c1b2 b3d2,2101,75,92,1052,crushing fork long middlegame quietMove,https://lichess.org/c62QXrxx#27,Modern_Defense Modern_Defense_Averbakh_System
wcMaq,8/3p3p/p2Pk1p1/4Pr2/2p1KP1P/P1R5/8/8 b - - 1 35,f5h5 c3c4 h5h4 c4c8 g6g5 c8e8,2141,79,82,59,crushing endgame long quietMove rookEndgame,https://lichess.org/7ggF6wSq/black#70,
wcl4F,8/8/2p3p1/2p2p1p/1kP2P1P/1P3P2/2K5/8 b - - 3 45,b4a3 c2c3 a3a2 b3b4 c5b4 c3b4 a2b2 c4c5 b2c2 b4a5,2174,143,14,14,crushing defensiveMove endgame pawnEndgame quietMove veryLong zugzwang,https://lichess.org/fPjeJA4x/black#90,
wcmXA,8/8/8/3pk3/7P/5K2/8/8 b - - 4 48,e5d4 f3f4 d4c3 h4h5 d5d4 h5h6 d4d3 h6h7 d3d2 h7h8q,2112,84,85,38,advancedPawn crushing endgame pawnEndgame promotion quietMove veryLong,https://lichess.org/aXCAFamM/black#96,
wd7w4,1nr3k1/1R6/pB6/3P4/8/1P4P1/P2b4/7K b - - 0 39,d2b4 b6c7 b8d7 c7f4 d7f6 b7b4,2141,118,81,27,crushing endgame long quietMove,https://lichess.org/eJ4Kb6p9/black#78,
wdIXQ,7k/6p1/p1qpQ2p/2pN4/2Pb4/6P1/P5KP/8 b - - 5 37,c6a4 d5e7 a4e8 e7g6 e8g6 e6g6,2154,75,94,1283,crushing endgame long quietMove,https://lichess.org/N1eO4Ynp/black#74,
wdanM,2Q5/2p3pk/3pp3/4p3/pPqb1r2/P5RP/5PP1/5R1K w - - 2 31,c8e8 c4f1 h1h2 e5e4 g3g5 f4f6,2199,120,82,13,crushing endgame hangingPiece long quietMove,https://lichess.org/stE8mhUp#61,
we0Td,5Q2/p1p3pk/2p1qp1p/4N3/P1N5/1P4Pb/2P4P/R5K1 w - - 0 24,e5f7 e6e2 f8h8 h7g6 f7e5 f6e5 h8e8 g6h7 e8c6 e5e4 c6e4 e2e4,2199,76,93,3252,crushing endgame quietMove veryLong,https://lichess.org/sTVSoNEe#47,
weC1O,8/p7/1p6/8/8/2kN4/4K3/8 w - - 4 65,d3c1 a7a5 e2e3 a5a4,2133,78,83,84,crushing defensiveMove endgame knightEndgame quietMove short,https://lichess.org/ddIqu8ix#129,
weSMH,3r2nr/kp1q2pp/n4p2/2pp4/4PB2/1R1Q4/PPP2PPP/R5K1 b - - 1 24,c5c4 d3d4 a7a8 f4e3 a8b8 d4a7,2105,76,89,1017,crushing long middlegame quietMove,https://lichess.org/kN2AVOJu/black#48,
weUy7,8/5p2/r4p2/5K1P/p4P2/1k4P1/8/R7 b - - 2 47,b3b2 a1h1 a6a5 f5f6,2191,76,98,210,crushing endgame quietMove rookEndgame short,https://lichess.org/OV98x6Da/black#94,
weXGz,6k1/P1n2p2/3b3p/6p1/2K5/1P2BP2/8/8 b - - 2 35,g8f8 b3b4 d6b4 c4b4,2105,81,78,39,crushing endgame quietMove short,https://lichess.org/qtUN0smw/black#70,
wf3pC,6k1/p5p1/bp2p2p/8/3PpP2/2R1P1NK/PP3Q1P/3qn3 w - - 8 39,c3c7 h6h5 f2e1 d1e1,2131,76,92,1083,crushing endgame master masterVsMaster quietMove short,https://lichess.org/WDCA6ZPs#77,
wfWeW,6k1/1p1r1p2/p2P1Qp1/Pq6/3R2P1/8/5P2/6K1 b - - 4 40,b5a5 d4e4 a5d8 e4e7,2129,76,92,2043,crushing endgame master quietMove short,https://lichess.org/WeJuKOK6/black#80,
wfuNE,4r3/5p1k/1np1rPp1/1p4P1/pP1P1R2/P1P2K2/5P2/6R1 b - - 0 30,e6e1 f4h4 h7g8 g1g2 b6c4 g2h2 c4d2 f3g2 e1g1 g2g1,2170,74,89,198,advantage endgame quietMove veryLong,https://lichess.org/uDrFeWMl/black#60,
wg0aC,8/8/5b1p/2kpN2P/1p3P2/1P1K4/8/8 b - - 1 39,c5d6 e5f7 d6e6 f7h6 f6g7 h6g4 e6f5 h5h6 g7b2 g4e5,2137,154,84,15,crushing defensiveMove endgame quietMove veryLong,https://lichess.org/InckR94f/black#78,
wg8nt,8/6p1/7p/1p1kpp1P/1P6/2KP1PP1/8/8 b - - 0 38,e5e4 d3e4 f5e4 f3f4 e4e3 c3d3 e3e2 d3e2,2137,77,93,3545,crushing endgame pawnEndgame quietMove veryLong zugzwang,https://lichess.org/YOlUsSae/black#76,
wg9fb,8/1N5p/p2p2p1/3K1pk1/2PP4/b6P/6P1/8 b - - 1 47,g5f4 b7d6 a3d6 d5d6 a6a5 d6c5 f4g3 d4d5 g3g2 d5d6,2194,78,91,1584,crushing endgame quietMove veryLong,https://lichess.org/nEKZ9b4j/black#94,
wgebI,R2Rrbk1/8/6pp/2P1rp2/1P6/6P1/5P1P/5K2 b - - 3 36,e8d8 a8d8 g8f7 c5c6 e5e7 b4b5 e7c7 b5b6 c7c6 b6b7,2107,77,81,72,advancedPawn advantage endgame quietMove veryLong,https://lichess.org/1V0KrTeN/black#72,
whDDR,6k1/1p6/3N2p1/3P3p/2K3b1/P7/1P6/8 w - - 2 39,d6b7 h5h4 b7c5 g4f5,2100,111,25,27,crushing defensiveMove endgame quietMove short,https://lichess.org/6EvdGq3K#77,
whDzY,8/8/5p2/1R4k1/5r2/P5K1/8/8 b - - 1 55,f4f5 a3a4 g5g6 b5f5 g6f5 a4a5 f5e4 a5a6,2103,75,94,3937,crushing endgame master quietMove rookEndgame veryLong,https://lichess.org/bfx4ZvLV/black#110,
whtCH,Qn2kb1r/pbq2ppp/4pn2/2p5/P7/2N2N2/1PPP1PPP/R1B1K2R w KQk - 1 12,a8a7 b8c6 c3b5 c7c8 a7b6 f6d5,2176,82,90,1652,advantage long master opening quietMove,https://lichess.org/RErWnx0b#23,Sicilian_Defense Sicilian_Defense_Nimzowitsch_Variation
wi149,8/8/pp6/2k3pp/2P5/P1PK1P1P/8/8 w - - 0 43,a3a4 a6a5 d3e4 c5c4 e4f5 b6b5,2194,76,94,294,crushing endgame long pawnEndgame quietMove,https://lichess.org/3hnNmQYL#85,
wiX6H,8/p4ppp/1p6/8/4n1Pk/3N3P/PPr2PK1/5R2 b - - 4 34,c2d2 d3e1 h4g5 e1f3,2186,80,78,43,crushing endgame quietMove short,https://lichess.org/bauwIbxI/black#68,
wiYUy,2r5/1p2qpk1/3p2p1/p2Pp3/P5P1/1P2QR2/1r4P1/5RK1 b - - 1 28,c8c2 f3h3 c2g2 g1h1 g2h2 h3h2 b2h2 h1h2,2166,77,94,2752,crushing endgame master quietMove veryLong,https://lichess.org/ikibXk1N/black#56,
witZb,8/1p5k/7P/3p2P1/1pb5/R7/8/6K1 w - - 1 41,a3a7 c4a6 a7a8 b4b3 g5g6 h7h6 a8h8 h6g6,2138,128,54,23,crushing endgame quietMove veryLong,https://lichess.org/gV9AMzZi#81,
wiy7d,6k1/1p3pp1/p1r5/3p1q2/P6P/1Qn1PB2/P1R2PKP/8 w - - 1 30,h4h5 c6f6 b3c3 f5f3,2146,114,30,12,crushing endgame master quietMove short,https://lichess.org/DGOa0Tyd#59,
wizTi,r7/2p2p1k/p2p1q2/1p3N2/4PK2/2P1Q2r/PP6/3R2R1 b - - 0 35,h3e3 f4e3 a8e8 d1f1 f6e5 g1g4,2155,114,-4,23,advantage defensiveMove endgame long quietMove,https://lichess.org/OMZFj9FB/black#70,
wjQ3r,8/1K3b2/8/p3kp2/P2N2p1/1PP5/7P/8 w - - 1 35,b7b6 f5f4 d4e2 f7b3,2157,79,91,2110,crushing endgame quietMove short,https://lichess.org/crPve4Kg#69,
wjVHr,r5k1/pp5p/2p5/3p4/P3b1p1/4P1q1/1P2Q1P1/R1B2BK1 w - - 4 22,c1d2 g3h4 d2e1 g4g3 e1g3 h4g3,2100,88,86,56,advantage long middlegame quietMove,https://lichess.org/7PS6kbaW#43,
wjbIK,6k1/3P1R2/4K1p1/4p1p1/3r4/8/8/8 b - - 0 56,g5g4 f7e7 g4g3 e7e8 g8g7 d7d8q d4d8 e8d8,2120,80,91,952,advancedPawn crushing endgame exposedKing master promotion quietMove rookEndgame veryLong,https://lichess.org/Iv99yaDz/black#112,
wjlhw,8/5p2/4k3/ppp1P1P1/4K3/6P1/PP6/8 w - - 0 42,g3g4 a5a4 a2a3 b5b4 a3b4 c5b4,2105,76,87,64,crushing endgame long master pawnEndgame quietMove,https://lichess.org/KJYwGSPh#83,
wjmA7,8/5pp1/p6p/2K5/k5P1/2P4P/5P2/8 b - - 1 46,a4a3 c3c4 a3b3 c5d5 a6a5 c4c5,2179,75,86,127,crushing defensiveMove endgame long pawnEndgame quietMove,https://lichess.org/VjV9bnYM/black#92,
wkJZH,2b3r1/3p1pRk/2p1pP1p/p6N/8/8/r1P3PP/5RK1 b - - 3 26,g8g7 f6g7 c8a6 f1b1 a6b5 c2c4,2185,123,83,92,advancedPawn advantage endgame long quietMove,https://lichess.org/8Rgb5FDT/black#52,
wkW2r,8/8/8/5kp1/1pPP2Np/5K1P/3b4/8 w - - 0 50,c4c5 b4b3 c5c6 d2f4 g4e3 f5e6 d4d5 e6d6,2189,132,83,11,crushing defensiveMove endgame quietMove veryLong,https://lichess.org/rdHOSOZz#99,
wkYPo,3r2k1/pp5p/8/5n2/4q3/P3B2P/1PP1Q3/5RK1 w - - 0 28,f1e1 d8e8 e2g2 e4g2 g1g2 e8e3,2196,83,88,1307,advantage endgame exposedKing long quietMove,https://lichess.org/ZC8KSoyv#55,
wkYs5,4r1k1/QR3p1p/4r3/2pNp1p1/3bP2q/5P2/P2B2PP/5R1K w - - 0 25,d5c7 e6h6 h2h3 h4g3,2150,155,82,8,crushing middlegame quietMove short,https://lichess.org/0sPrHjRC#49,
wkd4K,3qr1k1/3b1p1p/6p1/8/pB1Q4/6P1/PP2PPBP/6K1 b - - 0 25,d7b5 g2d5 d8c7 b4c3 c7e5 d4e5 e8e5 c3e5,2143,75,90,1212,crushing endgame quietMove veryLong,https://lichess.org/HwXB2d6T/black#50,
wkq3q,q5k1/p4ppp/8/8/5P2/2Pp2PP/P3bK2/R2Q4 w - - 0 27,d1g1 a8f3 f2e1 d3d2 e1d2 f3d3 d2e1 e2f3 g1f2 d3c3 f2d2 c3a1 e1f2 a1d1 d2e3 f3c6,2111,87,90,44,advancedPawn advantage attraction clearance defensiveMove endgame fork quietMove veryLong,https://lichess.org/Ym7SWoBH#53,
wkqG2,8/7p/6p1/pp1k1p2/3P4/1P1K3P/P4PP1/8 w - - 0 40,f2f3 f5f4 h3h4 b5b4,2198,74,78,228,crushing defensiveMove endgame pawnEndgame quietMove short,https://lichess.org/vasKfS9Z#79,
wkwQ0,8/1p6/3k4/P4ppp/2PK4/6P1/7P/8 b - - 0 39,d6e6 c4c5 e6d7 d4e5 f5f4 g3f4 g5f4 e5f4,2110,76,92,4874,crushing endgame master pawnEndgame quietMove veryLong,https://lichess.org/9c7BIAse/black#78,
wlOxx,6rr/1p1kn2p/p1pp4/4q3/5pR1/2P2P2/2PQBPPP/5RK1 w - - 2 19,g4f4 g8g2 g1g2 e5g5 g2h1 h8g8 f4g4 g5d2,2102,84,90,1183,attraction crushing kingsideAttack middlegame quietMove sacrifice veryLong,https://lichess.org/L9xnNLl5#37,Ware_Opening Ware_Opening_Other_variations
wlSIT,6k1/6p1/7p/1p1P1Q2/p1rq4/8/2P3PP/R6K b - - 8 39,c4c5 a1e1 d4f6 e1e8 g8f7 f5d7 f7g6 e8e6,2140,88,86,28,crushing endgame pin quietMove veryLong,https://lichess.org/uzoULiJS/black#78,
wlnQP,r3r1k1/5ppp/p5n1/1pP1q3/8/3B4/PPQ2PPP/3R1RK1 w - - 2 21,f1e1 e5e1 d1e1 e8e1 d3f1 a8d8 h2h4 d8d1,2180,78,90,743,crushing defensiveMove kingsideAttack middlegame quietMove veryLong,https://lichess.org/MO3PTYUs#41,
wloKR,6k1/p4R1p/1p6/1P5B/5P2/2n1q1KP/P1Q3P1/3r4 w - - 3 40,g3h4 d1d3 h5f3 g8f7,2104,102,92,21,advantage endgame master masterVsMaster quietMove short,https://lichess.org/qKaukfDx#79,
wlpLr,5r1k/pp2q1bp/3pp1p1/7r/1Q2P3/2N3B1/PP3PPn/R4RK1 w - - 0 22,g3h2 e7h4 b4d6 e6e5 f2f3 h4h2,2105,101,79,23,crushing kingsideAttack long middlegame quietMove,https://lichess.org/ogUmY9WL#43,
wltQ2,r2q1r2/p1k4p/1p1p3Q/1B1p4/4p3/2P5/PPn2PPP/R4K1R b - - 3 21,c2a1 h6g7 c7b8 b5a6 d8c8 a6c8,2179,80,87,430,crushing long middlegame quietMove,https://lichess.org/LJMRfM29/black#42,
wm6DN,8/5pbk/1p3B2/7p/4pQ2/P3P3/5PPK/3q4 b - - 1 36,d1g4 f4g4 h5g4 f6g7 h7g7 h2g3 f7f5 g3f4 g7f6 a3a4 f6e6 f4g5 g4g3 f2g3,2124,76,92,846,crushing endgame master masterVsMaster quietMove veryLong zugzwang,https://lichess.org/KeIIFGxQ/black#72,
wm8iX,r4kr1/ppb2p1Q/2p2P2/8/3P2q1/8/PP1B1P2/2KR4 b - - 0 26,g4g6 d1e1 g6f6 d2h6 f6h6 h7h6,2107,241,76,7,crushing long middlegame quietMove,https://lichess.org/9NRmFWWy/black#52,
wm95D,2R2k2/1B3p2/1p1r1bpp/3Np3/3nP3/8/5PPP/6K1 b - - 3 35,f8g7 d5c7 d6d8 c7e8 d8e8 c8e8,2125,75,92,3149,advantage endgame long quietMove xRayAttack,https://lichess.org/C4D6FwE3/black#70,
wmGB7,8/8/PRp3r1/1pP5/5k2/8/3K4/8 b - - 0 53,g6g2 d2c3 f4e5 b6c6 e5d5 c6c8 g2a2 c3b4,2121,124,88,16,crushing defensiveMove endgame quietMove rookEndgame veryLong,https://lichess.org/d0gv6q77/black#106,
wmnPQ,8/3np3/1kp5/p5P1/3P3P/8/3K4/8 b - - 4 48,b6b5 h4h5 b5c4 g5g6,2170,75,98,186,advantage endgame knightEndgame quietMove short,https://lichess.org/q3zr8ES4/black#96,
wmsgg,4k2r/q4ppp/p7/1p6/1P2P1n1/5N2/1P3bPP/RQBB1b1K w k - 0 21,h2h3 f2g3 b1c2 g4f2,2180,80,91,585,advantage master middlegame quietMove short,https://lichess.org/Trjzcvu6#41,
wndOJ,5rk1/2r3p1/1pN4p/pP5R/P2P4/2P5/R5KP/4n3 w - - 2 37,g2g3 f8f3 g3g4 c7f7 h5f5 f3f5,2172,83,65,75,advantage endgame long quietMove,https://lichess.org/bHLGHezT#73,
wnwbI,8/3k2p1/1r6/1p1ppPK1/1P3nP1/P4P2/8/1BR5 w - - 2 49,c1c5 b6h6 f5f6 f4e6 g5f5 h6f6 f5e5 e6c5,2151,183,-50,13,advantage endgame fork quietMove veryLong,https://lichess.org/hdt2gBnF#97,
woDt6,8/p7/2k2p2/P1P1pP2/2K4p/8/7P/8 w - - 0 43,h2h3 a7a6 c4b4 c6d5 c5c6 d5c6 b4c4 c6d6,2105,84,77,33,crushing defensiveMove endgame pawnEndgame quietMove veryLong zugzwang,https://lichess.org/VjUbxmnv#85,
woH60,6rk/3R1Qp1/7p/2p5/8/3p2qP/PP4P1/7K w - - 2 37,f7d5 g8e8 d7d8 e8d8,2173,120,74,19,crushing endgame quietMove short,https://lichess.org/0wgHgzrg#73,
woKvq,6b1/8/7p/p1p2B2/P4KPP/2k5/8/8 b - - 3 48,g8b3 h4h5 c5c4 g4g5,2158,132,77,16,bishopEndgame crushing endgame quietMove short,https://lichess.org/WFpxyDWj/black#96,
woOm6,6k1/8/1p1N4/1P1pP1bp/P1pP4/8/4K3/8 w - - 0 45,d6e8 h5h4 a4a5 h4h3 e8f6 g5f6,2181,87,77,34,crushing endgame long quietMove,https://lichess.org/5sI9KRhK#89,
wodgF,8/6pp/1pk5/p3p3/2K1P2P/P4PP1/8/8 b - - 0 43,g7g6 a3a4 b6b5 a4b5 c6b6 f3f4,2158,74,85,435,crushing endgame long pawnEndgame quietMove,https://lichess.org/0FNfbog8/black#86,
wp9DF,6k1/1pB5/p3p1n1/3pPp2/P4Pp1/1P2P1Pp/5K1P/8 w - - 0 33,f2e2 g6h4 g3h4 g4g3 h2g3 h3h2,2157,76,93,6462,advancedPawn crushing endgame long quietMove sacrifice,https://lichess.org/K7oPt42k#65,
wpWcG,r1b3k1/pppp2r1/4p3/2q1PpNQ/5P2/1PP5/PP4PP/5R1K b - - 5 28,d7d5 f1f3 c5e7 f3h3,2117,141,48,16,advantage defensiveMove middlegame quietMove short,https://lichess.org/RewraOLp/black#56,
wpmYT,r4rk1/np3p1p/2p2Q2/p1q5/P1B5/1P5P/6P1/3R3K b - - 0 25,b7b5 d1d3 c5h5 d3g3 h5g6 g3g6,2104,76,87,315,crushing long middlegame pin quietMove,https://lichess.org/ofVzZIXL/black#50,
wpxkg,8/1p6/p1p4n/P2pBkp1/3P4/1PP2K2/5P2/8 b - - 0 37,h6g4 e5g7 g4f2 f3f2,2131,77,91,1447,crushing endgame master masterVsMaster quietMove short,https://lichess.org/OPwhlDy2/black#74,
wqrDM,8/6p1/3kbp1p/3p1B2/3P1KPP/8/5P2/8 b - - 2 50,d6e7 f5e6 e7e6 h4h5 e6d6 f4f5,2189,75,92,7785,bishopEndgame crushing endgame long quietMove,https://lichess.org/1QNxDUqM/black#100,
wqsuc,B7/8/8/6p1/4K3/6kp/8/8 w - - 2 57,e4e3 g5g4 a8h1 g3h2 h1e4 g4g3,2158,81,92,125,bishopEndgame crushing endgame long quietMove,https://lichess.org/GPHcxCwM#113,
wrMUk,8/6p1/1p2k1p1/pPp2p2/2Pp1PP1/P2P1K1P/8/8 b - - 0 38,f5g4 f3g4 e6f6 a3a4 g6g5 f4g5,2175,103,89,54,crushing endgame long pawnEndgame quietMove zugzwang,https://lichess.org/7Z9m502S/black#76,
wsRpU,8/3k1p2/6p1/1p1K2P1/5P2/4P3/8/8 b - - 0 40,b5b4 d5c4 d7c6 e3e4 b4b3 c4b3,2148,78,91,375,crushing endgame long pawnEndgame quietMove,https://lichess.org/k3U8W0Y4/black#80,
wsbAe,8/7p/P1k3p1/8/6P1/8/5K2/8 b - - 2 36,c6b6 g4g5 b6a6 f2e3 h7h6 g5h6,2133,158,100,14,crushing endgame long pawnEndgame quietMove,https://lichess.org/5um3dJf1/black#72,
wsckw,2r5/6p1/KP2p2p/4P3/5k2/P7/1B6/8 b - - 0 45,c8c2 b2d4 c2c4 b6b7 c4d4 b7b8q,2133,77,94,11363,advancedPawn advantage endgame long promotion quietMove,https://lichess.org/Ztl5AkQa/black#90,
wsz6q,3r3k/p1q3p1/bp3p2/4Q1PN/3B3P/PP3B2/2rP4/1K4R1 w - - 0 31,h5f6 a6d3 e5c7 c2c7 b1a1 d8d4,2186,77,94,243,advantage discoveredAttack exposedKing long middlegame quietMove,https://lichess.org/WtDCUMRU#61,
wtDqu,8/2k5/2b1p3/2P2p2/n2P3P/1K6/8/5B2 b - - 0 47,a4b6 c5b6 c7b6 h4h5 c6e8 h5h6 e8g6 f1c4 b6c6 c4e6,2103,75,90,337,crushing endgame quietMove veryLong,https://lichess.org/WTBMJrbQ/black#94,
wtDxl,2b2r2/r6B/2p4R/1p1k1p2/3PpP1Q/4P3/qP3K1P/6R1 w - - 3 32,h7g8 f8g8 g1g8 a2b2 f2g3 a7a2 h4d8 d5c4 h6c6 c4d3,2136,90,72,38,crushing middlegame pin quietMove sacrifice veryLong,https://lichess.org/LmDzH8FH#63,
wtGL9,8/4k3/p3p1p1/2P1K1p1/8/7P/P7/8 b - - 2 40,a6a5 c5c6 a5a4 a2a3 g5g4 h3g4 g6g5 c6c7,2168,77,92,3204,advancedPawn crushing endgame pawnEndgame quietMove veryLong,https://lichess.org/2LgUk3hY/black#80,
wtGyG,8/1k4p1/1P5p/P1K1N3/4P3/7r/8/8 b - - 0 52,h3c3 e5c4 b7a6 e4e5 c3c1 e5e6,2197,76,80,141,crushing defensiveMove endgame long master quietMove,https://lichess.org/nJrypInD/black#104,
wtLQo,3r1rk1/pp1n1p1p/5np1/5Nq1/8/P1N3R1/1PP3PP/R4Q1K b - - 1 20,g5h5 f1f4 g8h8 g3g5 h5g5 f4g5,2120,80,80,73,advantage long middlegame pin quietMove trappedPiece,https://lichess.org/rabZ6iyk/black#40,
wtjy1,5rk1/1RR2p2/6p1/2p5/7p/1P2PPK1/1r5P/8 w - - 0 27,g3h4 b2g2 h4h3 g2g1 c7c5 g8g7 b7b4 g6g5,2187,77,93,4168,crushing defensiveMove endgame quietMove rookEndgame veryLong,https://lichess.org/f4rmycvu#53,
wtmfS,r1b2rk1/1p2pp1p/p5p1/2Pp4/1P1B4/4P3/P1P2PPP/RNqBK2R b KQ - 0 15,c8g4 b1d2 c1a3 d1g4,2187,79,78,122,advantage master middlegame quietMove short,https://lichess.org/8oUPe1e5/black#30,Queens_Pawn_Game Queens_Pawn_Game_Barry_Attack
wu6EJ,8/8/8/4p3/2Pp3Q/8/1K1Pqk2/8 b - - 17 49,f2f1 h4h1 f1f2 h1h2 f2e1 h2e2 e1e2 c4c5 e5e4 c5c6 e4e3 d2e3 d4d3 c6c7 d3d2 c7c8q,2175,77,93,3909,advancedPawn crushing endgame promotion queenEndgame quietMove veryLong,https://lichess.org/T9dtEGHQ/black#98,
wuGzb,6r1/p1kP3N/1p6/5p1R/8/1K6/P5nP/8 b - - 2 31,g8g7 h7f6 g7f7 h5h8 f7d7 f6d7,2153,75,86,170,clearance crushing endgame long quietMove,https://lichess.org/jci3v8lO/black#62,
wurN2,2k1r1r1/p1p2p1p/6p1/8/3B4/bRP4P/5PP1/3R2K1 b - - 1 25,a3f8 d4a7 f8d6 c3c4 c8d7 c4c5 e8a8 b3a3,2124,132,83,13,advantage defensiveMove endgame quietMove veryLong,https://lichess.org/ob1DgsgS/black#50,
wutfF,r5rk/pp3Qbp/1q2BBp1/4p3/8/7P/P1P2PP1/5RK1 b - - 0 23,g7f6 f7f6 g8g7 f1d1 b6c7 d1d7 c7d7 e6d7,2103,93,68,80,advantage middlegame pin quietMove veryLong,https://lichess.org/OucBZw2t/black#46,
wv39g,8/2k5/8/Np1p4/3Pn3/4P3/2K5/8 w - - 10 58,c2b3 c7b6 b3b4 e4d2 e3e4 d5e4 d4d5 e4e3,2123,83,91,430,crushing endgame knightEndgame quietMove veryLong zugzwang,https://lichess.org/r62EJcif#115,
wvOKW,1R6/P1R2pk1/6p1/7p/4b3/7P/r5PK/8 w - - 5 63,h2g3 g6g5 g3h2 a2g2,2104,58,91,179038,crushing endgame quietMove short,https://lichess.org/3mhD9jiI#125,
wvYsB,8/ppp1Rp1k/5Ppp/8/5P1Q/7P/Pq4PK/3r4 b - - 3 27,b2a2 e7e8 d1h1 h2h1,2173,78,92,1523,crushing endgame quietMove short,https://lichess.org/7ryJUJVd/black#54,
wva0V,4Q3/6pk/1p5p/2b5/2P2PK1/8/P3pr1P/8 w - - 0 39,f4f5 f2g2 g4h3 c5b4 h3g2 e2e1q e8e1 b4e1,2196,93,64,29,advancedPawn advantage endgame promotion quietMove veryLong,https://lichess.org/mrddj64Z#77,
wvbb3,8/4Rp2/5kp1/7p/r7/5PKP/6P1/8 w - - 2 47,e7e4 a4e4 f3e4 f6e5 g3f3 h5h4 f3e3 f7f6,2166,138,87,14,crushing defensiveMove endgame quietMove rookEndgame veryLong,https://lichess.org/8uPds2nB#93,
wvjwW,8/6pk/4P3/4rK2/5P1p/8/8/8 w - - 0 51,f4e5 h7g8 e6e7 g8f7 f5g4 g7g5 e7e8q f7e8,2181,77,85,239,crushing endgame master masterVsMaster pawnEndgame quietMove veryLong,https://lichess.org/h4Rq3xzD#101,
wvrzR,k1b2R1r/pp4R1/3Qp3/3pP3/3Pq1Pr/1N2P1K1/PP6/8 w - - 13 30,f8h8 h4h8 b3d2 e4h1 d2f3 h8h3 g3f4 h1f3,2116,196,50,11,crushing middlegame quietMove veryLong,https://lichess.org/mQDE7R1Q#59,
wvtJw,r5k1/ppp1q2p/2nbrppB/8/4NP2/2P2Q2/PP4PP/R3R1K1 w - - 3 19,g1f1 a8e8 e4f6 e7f6,2119,74,91,1042,advantage middlegame quietMove short,https://lichess.org/JSCRiueA#37,
wwHti,8/1q2r2k/3pP2p/3B1p2/1prP1P2/p7/P5QP/4R2K b - - 0 37,b7c7 e1g1 e7g7 g2g7 c7g7 g1g7 h7g7 d5c4,2135,75,87,478,crushing endgame master quietMove veryLong,https://lichess.org/DjDgoVQ0/black#74,
wwWBs,8/6p1/3k3p/1P3p2/P2K4/8/7P/8 b - - 0 32,g7g5 a4a5 f5f4 a5a6 f4f3 d4e3,2135,76,91,426,crushing endgame long pawnEndgame quietMove,https://lichess.org/oPDZ8VQY/black#64,
wwqcV,3k1r2/R7/p1p5/P2p2p1/3P1r2/3R2KP/8/8 b - - 5 45,f8e8 d3b3 d8c8 a7a8 c8d7 b3b7 d7d6 a8e8,2119,75,97,376,advantage deflection endgame exposedKing quietMove rookEndgame veryLong,https://lichess.org/nY3pczTK/black#90,
wwwv8,8/p7/6p1/1p3k2/2pP1P2/2P1K3/P7/8 b - - 3 39,a7a6 d4d5 f5f6 e3d4 f6e7 d4c5,2157,78,92,7505,crushing endgame long pawnEndgame quietMove,https://lichess.org/eTfPGqxA/black#78,
wwyGL,8/2RPk2p/2P5/8/4p3/6PK/5q2/8 b - - 4 41,f2b6 c7c8 e4e3 c8e8 e7f7 d7d8q b6d8 e8d8 e3e2 c6c7 e2e1q c7c8q,2158,78,88,619,advancedPawn crushing deflection endgame exposedKing promotion queenRookEndgame quietMove veryLong,https://lichess.org/JJEwZRku/black#82,
wx1dS,2b5/4p3/2N2k2/P2P3p/4Pp2/1p3Pp1/1P6/6K1 w - - 1 43,c6d4 h5h4 d4b3 f6e5,2136,161,45,17,crushing endgame master quietMove short,https://lichess.org/iuhVaC9L#85,
wx7gb,8/1p6/1p2p1n1/pP1pP1Nk/P2P2Rp/2r4P/3K4/8 b - - 9 36,c3c4 g5f7 c4d4 g4d4,2174,75,93,1053,crushing endgame master quietMove short,https://lichess.org/sM2oGRPz/black#72,
wx8jq,8/7p/8/4K3/p5k1/4P3/P7/8 w - - 0 48,e5d4 h7h5 e3e4 h5h4 e4e5 g4f5,2147,79,88,363,crushing endgame long pawnEndgame quietMove,https://lichess.org/Ycj6mzd2#95,
wxDWJ,2rq1rk1/pp3np1/7p/3Q4/3n2PP/8/PP3P2/1K1R2NR w - - 0 19,d1d4 d8c7 g1e2 c7c2,2168,92,85,57,advantage middlegame quietMove short,https://lichess.org/sNcHjEJa#37,Queens_Gambit_Declined Queens_Gambit_Declined_Queens_Knight_Variation
wxnnA,k7/pp6/8/6Pp/4P3/5K2/6Pb/8 b - - 1 35,a8b8 g2g3 h2g1 e4e5 g1c5 g5g6 c5f8 e5e6 b8c7 e6e7 f8e7 g6g7,2109,74,95,5442,advancedPawn bishopEndgame crushing endgame quietMove veryLong,https://lichess.org/KU2kzkIR/black#70,
wxsJW,4r1k1/P4ppp/8/p2p4/2bP4/5P2/5KPP/R7 b - - 1 41,g7g6 a1b1 g8g7 b1b8,2111,81,86,46,crushing endgame master quietMove short,https://lichess.org/LaF9BZDT/black#82,
wxxbw,8/p7/Pp6/1P1k2pp/8/5KPP/8/8 w - - 2 38,g3g4 h5h4 f3e3 d5e5,2129,76,83,182,crushing defensiveMove endgame master pawnEndgame quietMove short zugzwang,https://lichess.org/BQsa4NlJ#75,
wxzXL,8/p1p5/B4k2/1PP3p1/3n1pK1/8/8/8 b - - 2 52,c7c6 b5b6 a7b6 c5b6 c6c5 a6b5 d4b5 b6b7,2114,75,96,405,advancedPawn advantage endgame quietMove sacrifice veryLong,https://lichess.org/glmdRcnN/black#104,
wyOQ3,8/8/8/2nK1P2/8/p7/2k5/B7 b - - 8 54,c5b3 a1e5 a3a2 f5f6 a2a1q e5a1,2136,79,88,75,crushing endgame long quietMove,https://lichess.org/mMezzcCQ/black#108,
wyWLG,3r1rk1/5p2/2p3p1/p7/3q1P2/P2B1R2/1PbQ2PP/5R1K w - - 6 26,f1c1 c2d3 c1d1 f8e8 h2h3 d4c4 b2b3 c4b3,2161,112,68,12,advantage middlegame quietMove veryLong,https://lichess.org/xv1PfHtF#51,
wyoGL,8/8/2k2P2/p7/1ppK3p/r1P4P/PR6/8 b - - 0 40,a3c3 b2f2 c3d3 d4c4,2132,76,86,225,advantage endgame master quietMove rookEndgame short,https://lichess.org/4m5Aabvz/black#80,
wz2hi,r3r1k1/ppp2pp1/5q1p/5b2/3p1P2/P2Q4/1PPB2PP/2KR2NR w - - 0 18,d3c4 e8e6 g1f3 e6c6,2185,79,84,77,advantage middlegame quietMove short,https://lichess.org/Tq8QPFUa#35,Center_Game Center_Game_Berger_Variation
wz6Li,r2r2k1/5p1p/2p4R/8/4P3/8/p1P3PP/Q6K w - - 4 36,h2h3 d8b8 h1h2 b8b1 a1c3 a2a1q,2143,75,93,10040,advancedPawn advantage endgame long promotion queenRookEndgame quietMove,https://lichess.org/ZKsyZRJo#71,
wz9Zf,rnbk3r/pppp2pp/8/5Q2/2B1P3/8/P1PK2PP/qN5R b - - 1 13,g7g6 f5g5 d8e8 b1c3 a1c3 d2c3,2127,76,87,739,crushing long middlegame quietMove,https://lichess.org/bHE0WoBF/black#26,Bishops_Opening Bishops_Opening_Boi_Variation
wzgVW,5k2/5p1p/5Bp1/4p3/4P1b1/2r4P/P5P1/1R5K b - - 0 29,g4c8 b1d1 c8d7 d1d7 c3c1 h1h2,2170,201,82,13,crushing endgame long quietMove,https://lichess.org/Nns3ofPd/black#58,
wzxiy,4Q3/8/4ppk1/3pq3/6P1/5P2/6K1/8 b - - 20 56,g6g5 e8h5 g5f4 h5h2 f4e3 h2e5 f6e5 g4g5 e3e2 g5g6 d5d4 g6g7 d4d3 g7g8q,2142,83,90,613,advancedPawn crushing deflection endgame promotion queenEndgame quietMove veryLong,https://lichess.org/WKsxCCtc/black#112,
x09IT,4R3/1kp2p2/1p6/3p1P2/2nP2BP/6K1/5r2/8 b - - 1 48,f2d2 h4h5 d2d3 g3h4 d3d4 h5h6,2123,75,90,970,advantage defensiveMove endgame long master quietMove,https://lichess.org/HLU0hDKd/black#96,
x0Ev0,8/6pp/3k4/1P6/p3p3/P3P3/6KP/8 w - - 3 40,b5b6 g7g5 g2g3 h7h5 h2h4 g5g4,2168,97,46,19,crushing defensiveMove endgame long pawnEndgame quietMove,https://lichess.org/w5g5pWxK#79,
x0nZj,8/8/4P1k1/3K4/1b6/8/P7/8 b - - 1 63,b4e7 a2a4 e7b4 d5c6 g6f6 c6d7 b4c5 a4a5 f6e5 a5a6,2179,78,91,105,bishopEndgame crushing endgame quietMove veryLong,https://lichess.org/k9SpHcmO/black#126,
x0zMP,8/7p/pp1k2p1/2rP4/4P3/4PK2/P6P/2R5 w - - 0 32,c1c5 b6c5 f3e2 c5c4 e2d2 g6g5 d2c3 d6c5 h2h3 h7h5,2135,138,0,28,crushing defensiveMove endgame quietMove veryLong,https://lichess.org/fhGkunJK#63,
x1Dd5,4rk2/2p2ppp/3p4/4n3/2P3B1/Q1P3qP/P5P1/3KR2R w - - 10 22,h1f1 g3d3 d1c1 e8b8 a3b4 b8b4,2132,75,92,1790,advantage long middlegame quietMove,https://lichess.org/RIyjx23B#43,
x1G43,8/p4pkp/5bp1/2n5/8/P1pB3P/5PP1/1R4K1 w - - 11 40,d3c4 f6g5 f2f4 g5f4,2177,75,83,151,crushing endgame quietMove short,https://lichess.org/8ZLUwinR#79,
x1Ueo,r1b1R3/p1b5/6k1/2pp2q1/8/3P1Q2/PP3P2/R4K2 b - - 3 25,c8b7 e8e6 g6g7 a1e1 c7d6 e6d6,2144,82,91,2932,crushing long middlegame quietMove,https://lichess.org/ldikaCwz/black#50,
x1mEQ,8/5k2/1npBp3/1p2P3/1P1K4/8/8/8 b - - 13 69,b6d5 d4c5 d5c3 c5c6 f7g6 d6c5 g6f5 c5d4,2197,81,88,524,crushing endgame quietMove veryLong,https://lichess.org/itnPHck3/black#138,
x1oeP,8/p7/2p3pp/2k5/P5P1/2P1K2P/8/8 w - - 0 46,e3d3 g6g5 d3e4 c5c4,2178,79,91,1091,crushing endgame pawnEndgame quietMove short,https://lichess.org/300sudUB#91,
x1yAp,8/1pp5/3p3p/p2P1k2/2P1pP2/1P2K2P/P7/8 b - - 3 36,h6h5 a2a3 h5h4 b3b4 a5b4 a3b4,2130,79,91,1618,crushing endgame long master pawnEndgame quietMove zugzwang,https://lichess.org/xoDtQ8Ew/black#72,
x26Rv,2rq2k1/pp2rppp/4bn2/1B1p4/1Q6/P3B2P/1PP2PP1/2KR3R w - - 6 17,e3a7 b7b6 a7b6 d8b6 b4e7 b6b5,2123,78,90,959,advantage long middlegame quietMove trappedPiece,https://lichess.org/GnWeF7UX#33,Scotch_Game Scotch_Game_Other_variations
x2APM,2k4r/pp2Q2p/2p3r1/4Pp2/P1Pq4/7P/1Pn2PP1/1RB2RK1 w - - 0 25,b2b3 h8g8 c1g5 g6g5,2115,90,77,40,advantage middlegame quietMove short,https://lichess.org/TXnlHyE5#49,
x2ERt,8/5ppk/Q1p4p/P2b4/6P1/1r4KP/5P2/8 w - - 1 38,g3f4 f7f6 a6e2 g7g5 f4f5 b3f3 e2f3 d5f3,2170,77,91,458,crushing endgame master quietMove veryLong,https://lichess.org/KrxXtuBI#75,
x2Ed0,8/5k2/4r3/2P5/8/6p1/4KpQ1/8 w - - 3 64,e2f3 e6e1 f3g3 f2f1q,2154,79,91,1174,advancedPawn crushing endgame master promotion queenRookEndgame quietMove short,https://lichess.org/Jxuo9YMQ#127,
x2OrN,3r2rk/1p3p1p/p1np3b/4p3/P1B1P2q/2BQ4/1PP1RPP1/3R2K1 w - - 5 27,c4f7 h6f4 g2g3 f4g3 f2g3 g8g3,2106,76,94,4925,advantage kingsideAttack long middlegame quietMove,https://lichess.org/TpOk7BKW#53,
x2ahJ,r5k1/pp2r2p/2p1pNpq/3p2R1/3P4/6QP/PPP2PP1/6K1 b - - 1 23,g8f7 g3f4 e6e5 d4e5,2136,76,82,219,crushing endgame quietMove short,https://lichess.org/N9YCe2ds/black#46,
x2ihC,Nq4k1/p1B4p/2p5/2p5/2P5/6P1/P4R1K/8 b - - 6 39,b8a8 f2b2 a7a5 b2b8 a8b8 c7b8,2107,92,86,35,crushing endgame fork long quietMove,https://lichess.org/ACh5Np1n/black#78,
x2sp6,6k1/6pp/N4p2/1p2p3/4n3/2P3P1/2r1B2P/3R3K w - - 0 32,e2d3 e4f2 h1g1 c2b2 d3h7 g8h7,2131,108,83,22,advantage endgame fork long quietMove,https://lichess.org/pVD7YYNC#63,
x3Zlf,2r2k2/p4p2/8/1p6/3P3P/8/PP2r3/1K4Q1 w - - 5 33,g1d1 c8e8 d1d3 e2e1 b1c2 e8e2 c2c3 e2e3,2198,96,83,45,crushing endgame pin queenRookEndgame quietMove veryLong,https://lichess.org/cB3fvH7O#65,
x3itn,4r2k/3bqppp/p2p1b2/2pP1P1Q/4P1R1/1r5P/1P2B2K/2B2R2 b - - 7 28,f6b2 g4h4 e7h4 h5h4,2156,78,91,1225,advantage middlegame quietMove short,https://lichess.org/61v3c5HR/black#56,
x4GCS,8/1p5p/1p1kP3/3P4/2P5/1K1N4/1P5r/8 b - - 0 39,b6b5 c4c5 d6e7 d3f4 e7d8 d5d6,2142,76,86,188,advantage endgame long master quietMove,https://lichess.org/49gltM9f/black#78,
x4mSg,r3k2r/pp1b1ppp/3b4/3Qq3/8/2N5/PP2BPPP/R3K2R b KQkq - 1 14,e8g8 a1d1 e5d5 d1d5 d7c6 d5d6,2165,76,90,402,advantage long middlegame quietMove,https://lichess.org/icS0n0Zt/black#28,Sicilian_Defense Sicilian_Defense_Delayed_Alapin_Variation
x4ovu,8/6pp/2pkp3/p1p1p2P/P1P1K1P1/5P2/8/8 b - - 0 29,g7g6 h5g6 h7g6 g4g5 d6e7 e4e5 e7d7 e5f6,2100,75,93,2354,crushing endgame pawnEndgame quietMove veryLong zugzwang,https://lichess.org/NXaHxS9O/black#58,
x4qqN,5R2/8/8/8/4p3/3pk1n1/8/4K3 w - - 8 60,f8g8 d3d2 e1d1 g3h1 g8g1 h1f2,2181,102,83,50,advancedPawn crushing endgame long quietMove,https://lichess.org/6vTiJLyk#119,
x66QH,5k2/8/5P2/3BK3/8/p1P5/8/1b6 w - - 1 54,e5e6 b1g6 e6d6 g6f7 d6c5 f7d5,2134,75,72,74,bishopEndgame crushing endgame long quietMove,https://lichess.org/beP4igNP#107,
x6BH1,b2r3k/p3bp1p/8/2p1q3/4p3/1P6/P3PPQP/2R3RK b - - 1 26,e7d6 c1d1 e4e3 f2f3 d8f8 d1d6,2191,77,91,1029,crushing long middlegame quietMove,https://lichess.org/sFI4le5M/black#52,
x73Tu,6k1/4B1p1/2p3rp/1p2p3/3bP1P1/3P1Q1P/2q5/5R1K b - - 0 27,g8h7 h3h4 c2d2 h4h5 g6g5 e7g5 d2g5 f3f5 g5f5 g4f5,2149,81,74,74,advantage endgame quietMove veryLong,https://lichess.org/UHwXpBZ7/black#54,
x7DjX,7r/3qkpp1/ppb1p2r/3pP3/PP1P4/2R3Q1/1N3P1P/4R2K b - - 4 29,c6a4 e1c1 a4b5 c3c7,2180,146,74,18,crushing middlegame pin quietMove short,https://lichess.org/mApQRrPJ/black#58,
x7FSl,8/4k2p/8/p2K1pp1/2P5/P7/1P3P2/8 w - - 2 41,c4c5 h7h5 d5c6 h5h4,2175,77,92,3447,crushing defensiveMove endgame pawnEndgame quietMove short,https://lichess.org/feBEc7WV#81,
x7aFg,1k5r/1b1n2q1/2n5/1p1pP3/1PpP4/R1P2Np1/Q1B3P1/5RK1 w - - 0 35,f1a1 g7h6 a3a8 b7a8 a2a8 b8c7 a8h8 h6h8,2122,75,91,2016,crushing middlegame quietMove veryLong,https://lichess.org/GDywxk1u#69,
x86NU,8/6pp/5p2/3k4/1K2p3/1P6/5PPP/8 w - - 1 42,b4a5 f6f5 a5b4 d5d4,2119,82,79,52,crushing defensiveMove endgame master pawnEndgame quietMove short,https://lichess.org/K0zFE6uE#83,
x87er,6k1/1p6/1P2p2p/3p2b1/8/6P1/6K1/5R2 b - - 0 48,g8g7 f1a1 g7f6 a1a7 f6e7 a7b7,2107,75,86,136,crushing endgame long quietMove,https://lichess.org/VYtPZLsF/black#96,
x8yV6,1r3rk1/2q2pp1/R1n1pnp1/3p4/1pPP4/1Q3N2/1P2BPPP/4R1K1 b - - 0 19,d5c4 b3c4 f8c8 e1c1 c6d4 f3d4,2138,80,89,506,crushing long middlegame quietMove,https://lichess.org/2dGror9e/black#38,Queens_Pawn_Game Queens_Pawn_Game_London_System
x9BjR,8/8/p4k1P/1pK1R3/2p2Pp1/8/PP1r1P2/8 b - - 0 34,d2f2 e5h5 f6g6 h6h7 g6h5 h7h8q,2142,74,93,9202,advancedPawn crushing endgame long promotion quietMove rookEndgame,https://lichess.org/huEcoPWs/black#68,
x9bAZ,r7/p1p3pk/b1Qp1pn1/7p/3P4/qPP3P1/P2B1KBP/R7 b - - 0 24,a3b2 a1d1 b2c2 g2f3 a8f8 c6a6,2108,90,66,34,crushing long middlegame quietMove,https://lichess.org/1c2Lo2PS/black#48,
x9onf,7k/6rp/4P3/2bp1p2/2b5/7P/1B4PK/4R3 b - - 2 44,c5e7 e1a1 h7h5 a1a7 d5d4 b2d4,2104,75,87,264,advantage endgame long pin quietMove,https://lichess.org/6Fp8U9Ev/black#88,
xA28Z,r2qk2r/1pp1n1Qp/p1nbp1p1/1B1pNb2/3P1B2/8/PPP2PPP/RN2K2R b KQkq - 1 10,h8f8 f4h6 e7g8 e5c6 a6b5 c6d8,2177,75,84,204,crushing long middlegame pin quietMove,https://lichess.org/0smSaHCN/black#20,Nimzowitsch_Defense Nimzowitsch_Defense_Colorado_Countergambit_Accepted
xA6lP,r1b5/pp2Bp1p/2p3k1/3pR3/8/3P4/PP3P1P/5K2 b - - 1 21,c8e6 e5g5 g6h6 e7f6 e6h3 f1g1,2154,84,100,46,advantage defensiveMove endgame long quietMove,https://lichess.org/3GmaOlIh/black#42,
xALLZ,8/8/8/3k3p/4pp2/7P/5PP1/5K2 w - - 2 35,f1e2 h5h4 f2f3 e4e3,2170,78,91,2361,crushing endgame pawnEndgame quietMove short,https://lichess.org/nfm7lIxt#69,
xAgTd,8/8/p3k1p1/P1K1pp1p/4P3/5PP1/7P/8 w - - 0 46,h2h4 f5f4 g3f4 e5f4 c5c6 g6g5 h4g5 h5h4 g5g6 h4h3 g6g7 e6f7,2132,79,91,508,advantage endgame pawnEndgame quietMove veryLong,https://lichess.org/a0dtjavT#91,
xB1Vp,6R1/p2r4/1pn1p1kp/2p5/2P1b3/PPB3P1/2P2P1P/2K5 b - - 8 28,g6h5 c3f6 e4f3 h2h3,2109,75,86,162,advantage defensiveMove endgame master quietMove short,https://lichess.org/eA9E7nXA/black#56,
xBSB5,8/8/8/2p5/8/p2PK3/P7/3k4 w - - 0 47,d3d4 c5c4 d4d5 c4c3 e3d4 c3c2,2120,75,87,289,advancedPawn crushing endgame long pawnEndgame quietMove,https://lichess.org/SRrprCmy#93,
xBXIP,8/8/8/3p2p1/5pPp/2k1pK1P/4R3/8 w - - 0 55,f3g2 d5d4 g2f3 d4d3 e2e1 d3d2,2145,82,92,2692,advancedPawn crushing endgame long quietMove rookEndgame,https://lichess.org/uWgpd8Rh#109,
xBpk0,r1b2rk1/1p2n3/3p2pB/p2P1p2/2B5/P2Q1N1P/R1P3PK/1q2b3 b - - 0 21,f8e8 d3d4 e1g3 h2g3 f5f4 g3h2 e7f5 d4f6,2155,77,84,43,crushing middlegame quietMove veryLong,https://lichess.org/EuhwGqel/black#42,
xBrIe,6k1/1p1N2b1/p3p1q1/PpP1PbB1/1P3P1Q/3p4/8/6K1 w - - 0 40,g1f2 d3d2 f2e2 f5c2 e2d2 g6d3,2110,80,78,44,advancedPawn advantage clearance endgame long quietMove,https://lichess.org/EiOVBQzX#79,
xBrak,8/6Kp/5p2/8/1k2p3/7P/5PP1/8 b - - 0 46,f6f5 g2g3 b4c3 g7f6 f5f4 g3f4,2148,159,67,15,crushing endgame long pawnEndgame quietMove,https://lichess.org/82MecDJ3/black#92,
xCImz,2k1r1nQ/p1p4p/1pn3q1/3pPp2/3P4/P1P5/2P2PPP/R1B2RK1 w - - 3 16,f2f4 c6d8 f1f3 d8f7 h8g8 g6g8,2166,79,89,1169,advantage long middlegame quietMove trappedPiece,https://lichess.org/lfzTb0lD#31,French_Defense French_Defense_Winawer_Variation
xCa2i,r3k2r/p3nppp/2p1p3/2bpPbB1/N7/5N2/PqP2PPP/R2Q1RK1 b kq - 1 13,b2a3 c2c3 f5d3 g5c1 a3a4 d1a4,2157,76,90,375,advantage long middlegame quietMove trappedPiece,https://lichess.org/c1XNfWej/black#26,Caro-Kann_Defense Caro-Kann_Defense_Advance_Variation
xCcUa,r3R2k/5Bpb/p6p/5P1P/3q2n1/4R1N1/PP3PP1/6K1 b - - 1 33,a8e8 e3e8 h7g8 e8g8 h8h7 g8e8 d4d1 g3f1,2179,81,47,50,crushing middlegame quietMove veryLong,https://lichess.org/Jdc8Gpoy/black#66,
xCeJe,8/4k3/1p4p1/p4pPp/3K1P1P/P2P4/8/8 b - - 0 39,e7d6 a3a4 b6b5 a4b5 a5a4 d4c4 a4a3 c4b3 d6c5 b3a3,2161,78,90,1778,crushing endgame pawnEndgame quietMove veryLong,https://lichess.org/uQI1R2sd/black#78,
xCjWG,rn1q2R1/1pp1k3/p2ppr2/4p3/bPPP4/P3P3/1Q3P1P/2K3R1 b - - 2 21,f6f8 g1g7 e7e8 b2e2 d8f6 e2h5,2191,78,86,175,advantage long middlegame quietMove,https://lichess.org/pwEHSImn/black#42,
xCq5B,8/p1N3n1/4p1p1/4P3/3K1P2/kP6/P7/8 b - - 0 51,a3a2 b3b4 a2b3 d4c5,2178,92,91,1081,crushing defensiveMove endgame knightEndgame master quietMove short,https://lichess.org/iAwGgbgP/black#102,
xCyRz,4k3/8/2pPK3/pp5p/2p4P/P7/1P4P1/8 b - - 2 41,e8d8 g2g4 c4c3 b2c3 h5g4 h4h5 g4g3 h5h6 g3g2 h6h7,2180,76,93,664,advancedPawn crushing endgame pawnEndgame quietMove veryLong,https://lichess.org/CIbYV3zl/black#82,
xD440,5rk1/p1p1r1p1/7p/2p4b/R3p3/PPP2PP1/6BP/4K2R w K - 0 23,f3e4 e7d7 a4d4 c5d4,2177,74,92,404,advantage endgame quietMove short,https://lichess.org/fp19uoCK#45,
xD8QK,2k5/R7/4p1p1/p1rpP3/5P2/6P1/7P/6K1 w - - 2 35,a7a6 c8b7 a6e6 a5a4 e6d6 a4a3,2170,77,86,63,crushing endgame long quietMove rookEndgame,https://lichess.org/sabFGgHx#69,
xDu5m,5rk1/p3rppp/8/1pb5/N1P1n3/1P1p1P1P/PB1P3P/R2K1R2 w - - 0 20,c4b5 e4f2 d1c1 f8e8 c1b1 e7e1 f1e1 e8e1,2189,74,90,250,crushing middlegame quietMove veryLong,https://lichess.org/ajQri1rU#39,
xEAR7,6k1/r6p/8/6p1/8/8/P2p1PPP/R5K1 w - - 0 31,g2g3 a7c7 a1d1 c7c1 g1f1 c1d1,2193,101,75,56,crushing endgame long pin quietMove rookEndgame,https://lichess.org/3AS9il9y#61,
xEKrZ,8/p6p/6p1/2p1K1P1/2P3k1/1P6/P7/8 w - - 1 35,e5f6 a7a5 f6e5 g4g5 e5d5 h7h5,2168,81,89,1511,crushing defensiveMove endgame long master pawnEndgame quietMove,https://lichess.org/vmKvMpKJ#69,
xELSE,1r3r1k/4qpR1/4pp1p/p2pP2P/1pp5/P1P2P2/1PQ5/2K4R b - - 3 30,f6f5 h1g1 f8g8 c2g2 e7g5 g7g5,2163,79,90,519,advantage endgame long quietMove,https://lichess.org/VmsC7PL6/black#60,
xEZlw,3r3k/ppq3pp/2n2r2/2B1p3/2B5/1N3p2/PPP2PPP/R3QRK1 w - - 0 20,g2g3 c7c8 e1e4 c8h3 e4f3 f6f3,2178,102,92,37,advantage long middlegame quietMove,https://lichess.org/jmTnWJu5#39,
xEsQj,r4r2/1p3ppk/2p4p/4p3/2P1q3/P5RP/1P1Q1P2/K2R4 b - - 3 23,f7f6 d2d7 f8g8 d1g1 h7h8 g3g7,2110,79,81,51,advantage endgame long quietMove,https://lichess.org/zgBdgRYd/black#46,
xEspV,5rk1/2R2pp1/5R1p/qr2p3/3p4/1PbP2P1/5PBP/3Q2K1 b - - 0 27,g7f6 d1g4 g8h8 g2e4 a5a1 g1g2,2178,74,87,309,crushing long middlegame quietMove,https://lichess.org/aG4jM7pw/black#54,
xF3Ri,2k3r1/pp5r/2pbpn2/4Nqp1/P2P4/2N3B1/1PPQRPPn/R5K1 w - - 0 22,g3h2 g8h8 g2g4 f6g4 c3e4 d6e5,2125,90,84,42,crushing long middlegame quietMove,https://lichess.org/bj3bK3AG#43,
xFP6M,8/6p1/6Pk/2R2p1P/6P1/8/P1p3K1/2r5 w - - 0 46,a2a4 f5f4 a4a5 f4f3 g2f3 c1f1,2112,78,90,612,attraction crushing endgame exposedKing long master quietMove rookEndgame,https://lichess.org/Jrhcu7U1#91,
xFVKB,8/5kp1/1p2p3/pP1pP3/P2P4/3Kn3/5P2/8 w - - 0 41,d3e3 f7g6 f2f4 g6f5 e3f3 g7g6 f3g3 f5e4 g3g4 e4d4,2140,81,43,166,crushing endgame pawnEndgame quietMove veryLong zugzwang,https://lichess.org/mVkEShJo#81,
xFgGq,5r2/Q4ppk/1p2r3/3p4/3PP3/2P3qP/PP4P1/R1B2RK1 w - - 1 30,f1f7 e6g6 f7g7 g6g7,2100,77,82,84,crushing middlegame quietMove short,https://lichess.org/jemkh96G#59,
xGEtY,8/6p1/3b2P1/1kpPp3/1p1pB1b1/1P1P2B1/2PK4/8 b - - 8 49,d6c7 g3h4 c7d6 h4f6 d6f8 f6e5,2150,74,95,8094,advantage bishopEndgame endgame long quietMove,https://lichess.org/ubu2vhV1/black#98,
xGHc8,r3r3/pp3pk1/2p1b2p/8/5PP1/2P1R3/1P2Q1P1/qBK4R b - - 0 23,a8d8 e2c2 e6f5 c2f5 e8e3 f5h7 g7f8 h7h6,2183,84,91,648,crushing deflection middlegame quietMove sacrifice veryLong,https://lichess.org/sYsrYGym/black#46,
xGOVP,3r3k/6p1/7p/P4p2/1R2p3/4P1PP/Q3BP2/2qb2K1 w - - 1 44,g1g2 d1e2 a2e2 d8d1 e2d1 c1d1,2157,75,92,5602,advantage clearance endgame long quietMove,https://lichess.org/ZA8uTUVq#87,
xGYCN,8/4r1k1/pB1P2pp/P4p2/5P2/1P5P/6PK/8 b - - 0 47,e7d7 b6c7 g7f6 b3b4 f6e6 b4b5 e6d5 b5a6,2154,77,91,230,advantage endgame quietMove veryLong,https://lichess.org/n868GIg3/black#94,
xHGoV,3r1rk1/pp5p/1q2pbp1/5p2/Q4P2/8/PPP3PP/R2N1R1K b - - 5 20,f6b2 a1b1 d8d4 c2c4 d4d2 c4c5,2139,201,28,11,advantage long middlegame quietMove,https://lichess.org/bED6gOdE/black#40,
xHW13,k6r/1p3p2/3Q4/pP2p1q1/4P2p/8/P1P2PP1/R5K1 w - - 0 26,b5b6 h8g8 g1f1 g5g2 f1e2 g2e4,2192,81,90,1243,crushing endgame long quietMove,https://lichess.org/PLyZdavE#51,
xHdoC,2r2r2/p4pkp/1p1qp3/3p2PQ/7P/1P1PP3/P1n2P1N/R4K1R b - - 2 23,c2a1 h5h6 g7g8 h2g4 f7f5 g4f6 f8f6 g5f6,2191,91,91,344,crushing middlegame quietMove veryLong,https://lichess.org/VkuWJB3t/black#46,
xHfZK,8/p2N1b2/1P6/8/Pk6/8/6Kp/8 b - - 0 47,a7a6 d7f6 h2h1r g2h1,2143,78,91,672,crushing endgame master quietMove short,https://lichess.org/qxeRzFpV/black#94,
xI8iK,2r3k1/p3r1p1/1qn2pp1/2NQ4/3P4/P1P5/P5pP/2RR2K1 b - - 0 28,g8h7 d1d3 g6g5 d5f5 h7g8 f5c8,2157,74,94,4508,crushing fork long middlegame quietMove,https://lichess.org/k7i3Biom/black#56,
xIMLc,3r4/pb2qpk1/1pn1p2N/7P/3rP3/P3QP1R/2R2KP1/8 b - - 1 25,g7h7 h6g4 e7f8 g4f6 h7h8 h3g3,2179,75,87,265,crushing defensiveMove exposedKing long middlegame quietMove,https://lichess.org/rX0oFYSF/black#50,
xIN5a,8/8/1p4p1/p6p/P6P/2p1K1P1/2P2P2/5k2 b - - 12 52,f1e1 f2f3 e1d1 e3d3 b6b5 a4b5,2113,76,88,127,crushing endgame long pawnEndgame quietMove,https://lichess.org/xyJt34YS/black#104,
xIRai,2k4r/bpqr1ppp/p3p3/8/5P2/BQP5/P5BP/1R3K1R w - - 5 23,g2f3 c7f4 c3c4 a7e3 b3e3 f4e3,2142,98,68,23,crushing long master middlegame pin quietMove,https://lichess.org/ey9STIuC#45,
xIUrV,8/p4p2/4k1p1/1pp3P1/4KP1p/1PP5/P5P1/8 w - - 0 33,c3c4 b5b4 g2g4 h4g3 e4f3 e6f5 f3g3 f5e4,2100,78,91,692,crushing enPassant endgame pawnEndgame quietMove veryLong zugzwang,https://lichess.org/GT5JLEYp#65,
xJVZd,r4rk1/1b3qpp/4N3/pp3p2/3P4/3QP3/PP3PPb/R1B2R1K w - - 1 20,e6f8 f7h5 d3d1 h5h4,2163,77,84,52,crushing middlegame quietMove short,https://lichess.org/wJCo4rKB#39,
xJbPt,8/8/3k4/2p1qQK1/8/7P/8/8 w - - 9 50,h3h4 c5c4 g5g4 e5f5 g4f5 c4c3,2150,75,93,2079,crushing endgame long master queenEndgame quietMove,https://lichess.org/18JrctVn#99,
xJces,r5k1/pb1np1bp/8/2pqPrP1/P1Np1p1Q/1P1P1N2/2P3PP/R1B2R1K w - - 2 21,c1f4 a8f8 h4g3 f5f4,2127,76,90,4054,advantage middlegame quietMove short,https://lichess.org/PWc1mPLO#41,
xJdqv,8/8/4p3/K2k1p1p/5P1P/1P6/8/8 b - - 2 52,d5e4 b3b4 e6e5 f4e5 e4d5 b4b5 f5f4 b5b6 f4f3 b6b7 f3f2 b7b8q f2f1q b8d6 d5e4 e5e6,2131,118,86,19,advancedPawn crushing endgame pawnEndgame promotion quietMove veryLong,https://lichess.org/VkpEpqrQ/black#104,
xJqMH,r1bqkbnr/pp1pnppp/2p5/4P1B1/3P3P/2N5/PPP1BPP1/R2QK2R b KQkq - 1 11,h7h6 c3e4 d7d5 e4d6 d8d6 e5d6,2157,78,92,321,advantage long opening quietMove,https://lichess.org/BxOvxZlg/black#22,Four_Knights_Game Four_Knights_Game_Halloween_Gambit
xK5hH,1b4r1/5p1k/p1R4p/3PpP2/1p6/1B6/PP3Pr1/5R1K w - - 2 30,d5d6 g2g4 c6c4 e5e4 c4e4 g4e4,2165,75,92,7525,crushing endgame long quietMove,https://lichess.org/xrbknMFJ#59,
xKT6B,6k1/5p1p/3r2p1/4R3/r3P3/5P2/3p2PP/1R4K1 w - - 0 35,e5d5 d6d5 e4d5 a4c4 b1d1 c4c1 g1f1 c1d1,2139,75,88,271,crushing endgame pin quietMove rookEndgame veryLong,https://lichess.org/jhw5irYr#69,
xKXwo,2R5/8/8/3r2P1/2pk2K1/8/8/8 b - - 1 42,d5c5 c8c5 d4c5 g5g6 c4c3 g6g7 c5b4 g7g8q c3c2 g8g5 b4b3 g5c1,2182,80,84,49,advancedPawn crushing endgame promotion quietMove rookEndgame veryLong,https://lichess.org/7SAlJFrJ/black#84,
xKewX,r4bnr/pp3k1p/2q1ppp1/2Pp4/8/4BQ2/P2N1PPP/1RR3K1 b - - 1 18,f8g7 d2c4 d5c4 b1b7 c6b7 f3b7,2144,94,80,33,crushing long middlegame quietMove sacrifice xRayAttack,https://lichess.org/Pwb0x4LE/black#36,French_Defense French_Defense_Advance_Variation
xKiz4,8/5K2/1k3P2/7p/2Q5/8/5q2/8 w - - 5 58,f7f8 f2f6 f8g8 f6d8 g8f7 d8c7 c4c7 b6c7 f7e6 h5h4 e6d5 h4h3,2150,78,92,2874,crushing endgame queenEndgame quietMove veryLong,https://lichess.org/vEP9n7E3#115,
xKuGl,8/3b4/3P3p/3kB3/5P2/1p2K3/8/8 w - - 0 74,e3d2 h6h5 e5f6 d5d6,2175,75,78,83,bishopEndgame crushing endgame master quietMove short,https://lichess.org/jiSK6JAM#147,
xLHJi,r2n1rk1/5p2/p3p1p1/3qP3/5P1Q/1P1B4/PP6/1K1R4 b - - 0 27,d5f3 d1h1 f3h5 h4e1,2146,104,76,22,advantage defensiveMove middlegame quietMove short,https://lichess.org/uLcOl7wk/black#54,
xLNbe,7k/2pq1rb1/1p4b1/1P2p1p1/2N2nPp/1QP1RN1P/7K/6R1 w - - 0 35,f3e5 g7e5 g1d1 e5d6 c4d6 c7d6,2163,94,85,20,advantage long middlegame quietMove,https://lichess.org/Raf9w60B#69,
xLvxZ,3r4/pp5R/k1p5/8/8/PR6/1P4r1/1K6 w - - 2 33,h7b7 d8d1 b1a2 g2g1 b3b4 c6c5,2182,78,91,881,advantage endgame long quietMove rookEndgame,https://lichess.org/YGsIn1iq#65,
xLzMc,8/pp6/2k5/P1P3p1/2K5/8/6P1/8 w - - 0 43,g2g4 a7a6 c4d4 c6b5 d4e4 b5a5,2102,77,89,1235,crushing endgame long pawnEndgame quietMove zugzwang,https://lichess.org/1ECHQoqS#85,
xLzgQ,8/7p/5pp1/3k4/5KPP/5P2/8/8 w - - 0 55,g4g5 f6f5 f4e3 d5c4,2133,76,89,620,crushing defensiveMove endgame pawnEndgame quietMove short zugzwang,https://lichess.org/Pghad4Wq#109,
xMNoK,r5k1/5pp1/7p/3pn3/1Q1Nb3/4P2P/1R2BPPK/2q5 w - - 0 27,b4b7 a8a1 h2g3 c1h1 e2f3 e5f3,2164,126,-50,31,crushing long middlegame quietMove,https://lichess.org/wFDNcWUw#53,
xMOcS,8/8/4k1p1/2K1p1Bp/4Pb1P/5P2/8/8 w - - 11 53,g5f4 e5f4 c5c6 g6g5 h4g5 h5h4 g5g6 h4h3 e4e5 h3h2 g6g7 e6f7 e5e6 f7g7 e6e7 h2h1q e7e8q h1f3,2164,136,30,18,advancedPawn crushing endgame promotion quietMove veryLong,https://lichess.org/ypZBNjnv#105,
xMhcD,8/1p6/1Pk2K2/6P1/2pP4/2P5/2b5/8 b - - 0 66,c6b6 d4d5 b6c5 f6e6 c2d3 d5d6,2168,82,92,4958,bishopEndgame crushing endgame long quietMove,https://lichess.org/v4LIxtcD/black#132,
xMrwr,8/B1b5/P1K5/8/6kp/8/8/8 b - - 1 53,c7f4 a7g1 h4h3 a6a7,2171,133,100,14,advancedPawn bishopEndgame crushing endgame master quietMove short,https://lichess.org/FQAs7I9j/black#106,
xNPwz,8/5pp1/1p6/7P/p1P2P1P/2K5/k7/8 w - - 1 42,c3c2 f7f5 h5h6 g7h6,2120,79,90,2663,crushing endgame pawnEndgame quietMove short zugzwang,https://lichess.org/mud5uw0j#83,
xNXQa,8/p5p1/5p2/1p1k3p/3P3P/1PP1K1P1/P7/8 w - - 0 33,c3c4 b5c4 b3c4 d5c4 e3e4 g7g6 d4d5 c4c5,2175,84,82,38,crushing endgame pawnEndgame quietMove veryLong zugzwang,https://lichess.org/0lxSKuYx#65,
xOE6h,8/8/2p5/3k1pKp/p2P3P/P7/1P6/8 w - - 12 46,g5h5 f5f4 h5g4 d5e4 h4h5 f4f3,2131,76,85,277,crushing endgame long pawnEndgame quietMove,https://lichess.org/pDzxrBsM#91,
xPaWB,5qk1/5p1p/1P2p1p1/p2p4/Pr6/8/Q4PPP/1R4K1 b - - 0 27,f8b8 b1b4 a5b4 a4a5 b8e5 a2b1 b4b3 a5a6,2194,105,73,21,crushing endgame quietMove veryLong,https://lichess.org/77OO3Gpi/black#54,
xQBAy,2brr1k1/1pq1bppp/p1np4/3P4/4n3/1P2QNP1/PB2PPBP/2RR2K1 b - - 2 17,e4g3 h2g3 e7f6 e3d2 f6b2 d2b2,2147,76,83,209,advantage hangingPiece long middlegame quietMove,https://lichess.org/2dIWXdel/black#34,English_Opening English_Opening_Anglo-Indian_Defense
xQJw2,8/6pk/3p1q2/2p5/2P1K1Qp/1P6/P7/8 b - - 1 44,f6g6 g4g6 h7g6 a2a4 d6d5 c4d5,2138,76,94,2566,crushing endgame long queenEndgame quietMove,https://lichess.org/WL9oN8ul/black#88,
xR2LX,8/3kp3/4R3/3P1p1p/P2K1P2/1P6/2r1p3/8 w - - 0 51,e6e3 h5h4 d4d3 h4h3 d3c2 h3h2 c2d2 h2h1q,2188,78,87,116,advancedPawn crushing endgame promotion quietMove rookEndgame sacrifice veryLong,https://lichess.org/EDeF2A06#101,
xR6vS,8/6p1/1p4p1/7k/2R4P/PK6/1P6/7r w - - 5 62,b3a4 h1h4 a4b5 h4c4 b5c4 g6g5 c4d3 h5h4 d3e3 h4g3,2142,198,52,10,crushing defensiveMove endgame quietMove rookEndgame veryLong,https://lichess.org/mlr0IWAx#123,
xRKyy,8/4k3/2KP1pp1/1N2b1p1/8/8/6P1/8 b - - 0 44,e7d8 b5c7 e5d6 c6d6,2134,80,86,155,crushing endgame quietMove short,https://lichess.org/D7KAcFFB/black#88,
xReid,8/5p2/p4pk1/8/R4P1p/1P6/P3KP2/7r w - - 0 31,e2f3 h1g1 f4f5 g6g5 a4a6 h4h3 a6a8 h3h2,2163,82,85,37,advancedPawn crushing defensiveMove endgame quietMove rookEndgame veryLong,https://lichess.org/hbFYiTeE#61,
xRlrE,1r4k1/6p1/7p/Q3Np2/2Pqn3/P1n5/5PPP/R3R1K1 w - - 1 36,e5f3 d4f2 g1h1 b8b2 a5d8 g8h7,2105,76,90,463,crushing long middlegame quietMove,https://lichess.org/esjf5Kil#71,
xRtg6,4r1k1/5R2/p2p2pp/Pp1P4/6b1/1B6/1PP4P/7K w - - 1 33,f7a7 g4h3 h1g1 e8f8 a7a8 f8a8,2184,74,90,414,advantage endgame long quietMove,https://lichess.org/HvekJqf2#65,
xSEHS,8/2k5/2p5/5ppp/2PP4/K5P1/P6P/8 w - - 0 39,a3b3 f5f4 g3f4 g5g4 a2a4 h5h4 f4f5 g4g3,2189,87,76,27,crushing endgame pawnEndgame quietMove veryLong,https://lichess.org/nblbO6o2#77,
xSEu8,1n2k2r/p1p2pp1/3p1n2/4q3/2P1B3/4PP2/P2NQ2p/2B2R1K w k - 2 21,c4c5 f6h5 f3f4 h5g3,2167,79,77,46,advantage middlegame quietMove short,https://lichess.org/Jg76Qxaj#41,
xSSRg,r1b5/ppq3p1/n3p1k1/3pP1N1/3p1Q2/2b5/1PP3PP/R4K1R b - - 0 20,c3b2 h2h4 c7c2 h4h5,2162,78,62,49,crushing master middlegame quietMove short,https://lichess.org/45EnXFNS/black#40,
xSYhN,8/8/5kp1/5p1p/4P3/5K1P/6P1/8 b - - 0 32,f6g5 e4e5 h5h4 f3e3,2191,74,94,8751,crushing defensiveMove endgame pawnEndgame quietMove short,https://lichess.org/DyuSWFQi/black#64,
xT35F,3r2k1/p1p5/1pp1rp2/7p/3PB1bR/2P3P1/P1P2K2/2B1R3 w - - 0 24,c1f4 d8e8 h4h1 e6e4 e1e4 e8e4,2119,120,100,39,equality long middlegame quietMove,https://lichess.org/N6dpHOnS#47,
xTWLq,6k1/p1p4p/bp1p2pP/3Pp3/2P1Q3/1P2N1q1/P2K1rN1/7R w - - 1 31,d2d3 a6c8 d3c3 c8f5 e4h4 f2g2 h4g3 g2g3,2130,124,81,20,crushing middlegame pin quietMove veryLong,https://lichess.org/if8ehYVK#61,
xTytw,8/3k1pp1/1p1P1pp1/2pK4/1pP2P2/1P4PP/P7/8 b - - 0 39,g6g5 f4f5 g5g4 h3g4 g7g5 f5g6 f7g6 g4g5 f6f5 d5e5 f5f4 g3f4,2112,79,92,3212,crushing enPassant endgame pawnEndgame quietMove veryLong zugzwang,https://lichess.org/uP5DFjPv/black#78,
xU5to,r1b2b1r/pp2kppp/4p3/1B2q3/4N3/3Q4/PPP3PP/R6K b - - 5 15,b7b6 a1d1 e5d5 d3a3,2170,84,79,35,advantage middlegame quietMove short,https://lichess.org/IJStAwgZ/black#30,Blackmar-Diemer_Gambit Blackmar-Diemer_Gambit_Euwe_Defense
xUbVo,8/2R3kp/1n1p1p2/5Pp1/2BPr3/5N2/1r5P/7K b - - 0 34,g7h6 c4g8 h6h5 h2h3 e4e1 f3e1,2112,76,92,2282,advantage endgame long quietMove,https://lichess.org/IrHp5FWe/black#68,
xUl0E,r2k3r/p2p3p/b1p2p1B/2p4Q/8/2P2N2/P4qPP/R1K1R3 w - - 0 19,h6g7 a6d3 g7f6 d8c8,2117,77,87,95,crushing middlegame quietMove short,https://lichess.org/Yukbgr73#37,
xUo7s,8/1K2kp2/1p3rp1/1B6/P1P5/6P1/8/8 b - - 2 46,e7d8 b5c6 f6f2 b7b6 f2b2 c6b5,2166,76,91,1107,crushing defensiveMove endgame interference long quietMove,https://lichess.org/uLLYYr64/black#92,
xUrkT,r2q1rk1/p1p5/4p2p/2pp2p1/5n2/2NP3Q/PPP2PPP/R4RK1 w - - 3 17,h3h6 f8f7 g2g3 f7h7 h6h7 g8h7,2143,76,93,5447,advantage long middlegame quietMove trappedPiece,https://lichess.org/8a0kql6T#33,Nimzowitsch_Defense Nimzowitsch_Defense_French_Connection
xUtPj,6k1/5p1p/6p1/6P1/3nq3/2Q3BP/6PK/8 b - - 7 45,d4e2 c3c8 g8g7 g3d6 e4f4 d6f4,2135,76,89,139,crushing endgame long quietMove,https://lichess.org/dK038Y87/black#90,
xV05m,r1b5/pp1kb1Q1/4p1p1/3p4/1P6/4BKP1/q4PP1/7R b - - 2 25,b7b6 h1h7 d7c6 g7e7 c6b5 e7e8 b5b4 h7h4,2154,75,29,180,advantage middlegame pin quietMove veryLong,https://lichess.org/K4B8i8Wt/black#50,
xV3XV,8/8/8/ppp1kp1p/6p1/1PP1K1P1/P5PP/8 b - - 1 36,c5c4 b3c4 b5c4 a2a4 e5e6 e3d4,2120,91,51,29,crushing endgame long pawnEndgame quietMove zugzwang,https://lichess.org/l42iuw9l/black#72,
xVSAT,8/1P1n4/3Bp2p/5p2/3P4/5p1k/5P1P/K7 w - - 3 35,b7b8q d7b8 d6b8 h6h5 a1b2 h5h4,2107,127,68,22,crushing defensiveMove endgame long quietMove,https://lichess.org/5frWkUzy#69,
xVSpU,8/p5n1/P5P1/5p1p/5P2/4k1K1/4B3/8 w - - 5 53,e2h5 g7h5 g3h4 h5g7 h4g5 e3e4 g5f6 g7h5,2136,80,77,44,crushing endgame hangingPiece quietMove veryLong,https://lichess.org/z7qopfvJ#105,
xVZhP,8/7p/4K3/6kP/8/8/8/8 w - - 3 68,e6f7 g5h5 f7g7 h7h6 g7f6 h5g4,2109,75,89,172,crushing endgame long pawnEndgame quietMove,https://lichess.org/hkS4llWY#135,
xVd9Z,r1b4B/pp1nk3/4pp1p/3p2pB/1P2q3/8/3Q1PPP/2R3K1 b - - 1 22,e4h4 g2g4 h4h3 c1c3 h3c3 d2c3,2141,80,91,3588,crushing long middlegame quietMove,https://lichess.org/KrDd2NGe/black#44,
xVrik,8/5p2/5kp1/3K4/5PP1/8/8/8 b - - 2 40,g6g5 f4f5 f6e7 d5c6 e7d8 c6d6,2167,77,84,62,crushing defensiveMove endgame long pawnEndgame quietMove,https://lichess.org/CbUTO3V8/black#80,
xVyfI,5rk1/4nppp/1p2p3/p2qB1N1/Pb1P4/3Q3P/5PP1/2R3K1 b - - 5 26,g7g6 g5e4 f7f5 e4f6 f8f6 e5f6,2107,78,86,141,advantage fork long middlegame quietMove,https://lichess.org/aU7qyHY3/black#52,
xW2dC,3r4/6pk/4R3/1p2p1p1/2p1Pq2/2P2P1P/1Q4P1/1N5K w - - 1 34,b2e2 f4c1 h1h2 d8d1 e2d1 c1d1,2132,76,94,1118,advantage endgame fork long quietMove,https://lichess.org/jOy9gjc9#67,
xWOtm,8/5p2/1Pp4p/2Pkp3/R7/7r/4KP2/8 b - - 0 43,d5c5 a4b4 c5b4 b6b7 b4c4 b7b8q,2151,75,94,3380,advancedPawn advantage endgame long promotion quietMove rookEndgame sacrifice,https://lichess.org/l2btPXv9/black#86,
xWbgl,8/6pp/1p1k4/4pp2/pPP2P2/P3K2P/6P1/8 b - - 0 33,h7h5 f4e5 d6e5 h3h4 f5f4 e3d3,2170,175,88,15,crushing defensiveMove endgame long pawnEndgame quietMove,https://lichess.org/1CCY0WbI/black#66,
xWoVY,2k5/ppp4p/4P3/5P2/2Pp4/2r4r/P4R1P/1K6 b - - 2 35,c3c4 f5f6 c4b4 b1a1 h3e3 f2f1 b4b6 f6f7 b6e6 f7f8q,2149,76,81,74,advancedPawn advantage defensiveMove endgame promotion quietMove rookEndgame veryLong,https://lichess.org/bNnsSDu1/black#70,
xWwiS,3k4/8/6R1/1pPr1P2/8/8/8/6K1 w - - 1 43,g6d6 d5d6 c5d6 b5b4 f5f6 d8e8 d6d7 e8d7 f6f7 d7e7 f7f8q e7f8 g1f1 b4b3 f1e1 b3b2,2187,76,94,4252,advancedPawn crushing endgame quietMove rookEndgame veryLong,https://lichess.org/1GE5iOyB#85,
xXaBN,8/7p/8/2p2k2/4pP2/7P/3P1PK1/8 w - - 0 44,g2g3 c5c4 f2f3 e4e3 d2e3 c4c3,2159,75,85,86,crushing endgame long pawnEndgame quietMove,https://lichess.org/VsQKnQrE#87,
xY4uQ,8/8/1B1k2p1/P1pBn2p/4P2b/1P3p2/2P5/5K2 w - - 1 39,a5a6 e5g4 e4e5 d6d5 a6a7 g4e3,2106,74,93,3414,crushing endgame long quietMove,https://lichess.org/84guiumc#77,
xZ51j,3r1r1k/ppp2ppB/2q5/n4Q2/3P4/P1P1BP2/7P/R5K1 b - - 0 20,g7g6 f5h3 c6e6 h3h6 e6e3 h6e3,2110,76,91,3340,advantage long middlegame quietMove,https://lichess.org/wofKKahf/black#40,
xZW2Q,8/8/2N2k2/3p1p2/P4Pp1/2PP3r/1P1n3p/5R1K w - - 6 45,f1e1 d2f3 e1e2 h3g3 e2g2 g3g2 h1g2 g4g3,2151,84,74,36,crushing endgame quietMove veryLong,https://lichess.org/r9jVWLzp#89,
xZeBJ,8/Qp2rbpk/p6p/3p3P/1P1Ppp2/P3P1P1/3qBP2/4RK2 w - - 0 31,g3f4 f7e6 f4f5 e6f5,2154,75,86,158,crushing endgame master quietMove short,https://lichess.org/hT4naQah#61,
xaSn7,2q3k1/3b1r1p/3R2p1/3Q4/r3P3/Pp3P2/1P4PP/5RK1 b - - 1 25,g8g7 f1d1 a4c4 d6d7 f7d7 d5d7 c8d7 d1d7,2162,80,86,39,crushing middlegame quietMove veryLong,https://lichess.org/exxQRRyA/black#50,
xatAG,6R1/Bp6/8/pk1p4/3P4/1KP5/6p1/6r1 w - - 0 47,b3c2 g1a1 g8g2 a1a2 c2d3 a2g2,2110,74,95,2454,crushing endgame long quietMove skewer,https://lichess.org/ONq8hfaO#93,
xbOEq,r2q1rk1/1Qp2ppp/1n2p3/3n4/3P4/2B1P2P/PP2BPP1/R3K2R w KQ - 3 14,e1g1 d8d7 a2a4 f8b8 b7b8 a8b8,2192,77,91,934,advantage clearance long middlegame quietMove trappedPiece,https://lichess.org/cJ8zuBZb#27,Queens_Gambit_Accepted Queens_Gambit_Accepted_Alekhine_Defense
xbVXY,3q1rk1/pp3p1p/2r2pnQ/2n1pB2/1R1p4/8/P3NPPP/5RK1 b - - 1 23,d8a5 e2g3 c5e6 g3h5,2147,76,83,125,crushing master middlegame quietMove short,https://lichess.org/13bxQfnE/black#46,
xbfAS,7k/8/6QK/p2p4/P7/4q1P1/1P6/8 w - - 1 48,g6g5 d5d4 b2b3 e3g5 h6g5 d4d3,2149,79,91,123,crushing endgame long pin queenEndgame quietMove,https://lichess.org/MJNxskZp#95,
xbhib,8/8/8/5pp1/R3nk1p/4p2P/4K1P1/8 w - - 0 45,a4a8 f4g3 e2e3 g3g2 a8a5 e4g3 a5a2 g2h3,2102,162,81,13,crushing endgame quietMove veryLong,https://lichess.org/hlNLlZbS#89,
xbsGO,8/8/8/6pp/1Pk5/5P2/5K2/8 w - - 2 47,f2g3 c4b4 f3f4 g5g4 f4f5 b4c5 f5f6 c5d6 f6f7 d6e7 f7f8q e7f8,2122,75,90,373,crushing endgame pawnEndgame quietMove veryLong,https://lichess.org/wr0isVZy#93,
xcHHf,8/7R/6p1/3r2k1/8/4R1KP/r2p1P2/8 w - - 0 45,e3f3 a2a4 h3h4 a4h4 h7h4 d2d1q,2147,131,9,16,advancedPawn crushing endgame long promotion quietMove rookEndgame,https://lichess.org/JgGWI6CD#89,
xcpDh,3k4/6N1/4PP1p/p3r3/8/6P1/7P/5K2 w - - 3 41,f1f2 a5a4 e6e7 d8d7 f2f3 a4a3,2130,75,86,173,crushing defensiveMove endgame long quietMove,https://lichess.org/A6aFxmVC#81,
xctc1,2r4r/qp2kpp1/p3p3/2PpPbP1/4N2p/5B1P/PP4K1/2RQB3 b - - 0 27,d5e4 d1d6 e7e8 f3d1 c8c6 d1a4,2184,79,53,49,clearance crushing long middlegame pin quietMove,https://lichess.org/u59MbzS8/black#54,
xdbjZ,8/7p/3k4/1p3p1P/2p1bK2/P7/8/6R1 w - - 0 50,g1g7 c4c3 f4e3 c3c2 e3d2 f5f4 g7g4 d6e5,2154,77,91,716,advancedPawn crushing defensiveMove endgame quietMove veryLong,https://lichess.org/QYa3gY6a#99,
xdbsC,8/8/3N2n1/3PpK2/2p5/1k6/8/8 w - - 0 66,d6c4 b3c4 d5d6 c4d5 d6d7 g6e7 f5g4 e7c6 d7d8r c6d8,2126,76,95,5410,crushing endgame hangingPiece knightEndgame master quietMove veryLong,https://lichess.org/YFPX5GkZ#131,
xdfZq,1r1q4/p1k5/1ppp4/4p3/1PP3nr/P2P2P1/4PPB1/1R1Q1RK1 w - - 0 23,e2e4 d8h8 g3h4 h8h4 d1g4 h4g4,2153,79,90,1366,advantage long middlegame quietMove sacrifice,https://lichess.org/YnvAQEyO#45,
xdzLZ,r6r/pbq2p1k/1p2pQp1/4P2p/5B2/8/PPPR1PPP/2K4R b - - 3 23,b7g2 h1d1 h8c8 c2c3,2148,108,54,35,crushing defensiveMove middlegame quietMove short,https://lichess.org/Udyqg57F/black#46,
xeDRT,6k1/7r/pq2b3/1p2PpP1/1P1p1P2/P5Q1/4N1K1/2R5 w - - 0 38,c1c5 b6b7 g2f2 b7h1 e2d4 h7h2 g3h2 h1h2,2186,78,91,112,crushing endgame exposedKing quietMove veryLong,https://lichess.org/J8qi7Q96#75,
xeHBZ,6k1/3N1p2/4p1p1/2r4p/R3P2P/P5n1/3K4/8 b - - 3 38,c5c7 d7f6 g8f8 a4a8 f8e7 e4e5 g3e4 f6e4,2126,75,86,258,crushing endgame quietMove veryLong,https://lichess.org/mvMEsuZh/black#76,
xepTr,8/5r2/5P1R/p3p1P1/2p4P/2PpPbk1/P4R2/4K3 w - - 9 45,h4h5 f7b7 f2f3 g3f3 f6f7 f3e3,2161,77,91,781,crushing endgame long quietMove,https://lichess.org/4dCU60w1#89,
xf72d,1nkr3r/pp1bnp2/5b2/3P2p1/2B1N2q/8/PPP3PP/R2QR1BK w - - 0 24,e4f6 e7f5 g2g4 f5g3 h1g2 h4h3 g2f2 g3h1,2181,77,94,378,advantage kingsideAttack master opening pin quietMove veryLong,https://lichess.org/GAgHKdpe#47,
xfaWw,8/8/8/7p/pK2pkp1/P7/1P5P/4N3 w - - 0 53,b4a4 h5h4 e1g2 f4g5,2176,87,81,37,crushing defensiveMove endgame knightEndgame quietMove short,https://lichess.org/6FzTYi6f#105,
xflih,8/1k3r1p/7K/P5P1/8/2B5/1P6/8 b - - 0 44,b7a6 c3g7 f7f5 g7f6 a6a5 h6h7,2129,75,96,1036,advantage endgame long quietMove,https://lichess.org/cxZYI8E8/black#88,
xfqTl,7R/5kp1/2b2p1p/2B4P/p2K1P2/Pr4P1/1P6/8 b - - 6 47,b3g3 f4f5 g3g4 d4c3,2116,88,71,57,advantage defensiveMove endgame quietMove short,https://lichess.org/YW8SMNr9/black#94,
xg0wy,5rk1/ppB2pp1/4b2p/5n1Q/2q5/P1Nr3P/1P3PP1/1R3RK1 w - - 1 23,c7h2 g7g6 h5g4 f5d4 g4f4 d3c3,2180,82,90,294,crushing long middlegame quietMove,https://lichess.org/D1VEE4ef#45,
xgHrH,r7/4k3/1R1p4/3Pp1N1/4PpB1/5P2/6PK/2r5 w - - 9 40,g5e6 a8a1 b6b7 e7f6 b7f7 f6f7,2102,78,89,314,crushing defensiveMove endgame long quietMove,https://lichess.org/jVJRv2Yq#79,
xggau,8/8/p1k3p1/2p4p/2K2P2/1PP4P/8/8 w - - 2 35,h3h4 a6a5 c4d3 c6b5 c3c4 b5b4,2184,76,92,3597,crushing defensiveMove endgame long pawnEndgame quietMove,https://lichess.org/mBfTEyVt#69,
xgoUv,6k1/7p/4p1pB/5p2/p2p4/7P/q5P1/1RR1K3 b - - 1 33,g8f7 h6g5 a2b1 c1b1,2139,87,77,33,crushing endgame quietMove short,https://lichess.org/8LSidsiO/black#66,
xgsgJ,8/8/5P2/p2K4/2P5/1k6/3b4/8 b - - 0 48,d2h6 c4c5 a5a4 c5c6 a4a3 c6c7 a3a2 c7c8q a2a1q c8h3,2172,75,84,118,advancedPawn bishopEndgame crushing endgame promotion quietMove veryLong,https://lichess.org/FDqOErLV/black#96,
xhMXj,8/7p/2k1p1p1/pp2PpP1/2pK4/P1P3P1/1P5P/8 b - - 1 32,c6b6 a3a4 b6c6 a4b5 c6b5 h2h3 a5a4 h3h4 b5b6 d4c4,2127,75,95,1663,crushing endgame pawnEndgame quietMove veryLong zugzwang,https://lichess.org/Iv535J6I/black#64,
xhSPd,8/8/5p1p/kp2p1p1/4P1P1/PK6/5PP1/8 b - - 1 31,a5b6 b3b4 b6c6 b4a5 c6c5 f2f3 c5c6 a5a6,2198,141,88,20,crushing endgame pawnEndgame quietMove veryLong zugzwang,https://lichess.org/MeOFMCw4/black#62,
xhhRs,8/8/5p2/6p1/2P1P3/p2K1k2/PbB5/8 w - - 0 52,c4c5 g5g4 c2d1 f3g3,2158,98,85,19,bishopEndgame crushing defensiveMove endgame quietMove short,https://lichess.org/2iPw5cWG#103,
xhztk,8/3R2bk/P2p2p1/3Pp1q1/4P1P1/5r1p/8/R3Q1K1 w - - 1 51,g1h2 g5f4 h2h1 f3f2 e1f2 f4f2,2171,75,91,763,crushing endgame long quietMove,https://lichess.org/yCchHLcJ#101,
xiGch,8/8/7k/4KPp1/8/4B2p/5P2/5B1r w - - 2 59,f5f6 h1f1 f6f7 h6g7 e5e6 f1d1 e6e7 d1d7,2192,130,68,12,crushing endgame hangingPiece quietMove veryLong,https://lichess.org/9okBrlrm#117,
xiSIZ,4r1k1/1p3pb1/2b3pq/1P1pr3/8/2NBPNp1/3Q2P1/1R2R1K1 w - - 2 26,b5c6 e5h5 g1f1 g7c3 d2c1 c3e1,2196,154,83,15,crushing discoveredAttack long master middlegame quietMove skewer,https://lichess.org/f4bAKgAV#51,
xiai4,2r5/1p4r1/pP3kp1/P1KP1pRp/4pP1P/4P3/8/6R1 w - - 1 50,c5d6 g7g8 g5g6 g8g6 g1g6 f6g6 d6e7 c8c3 d5d6 c3e3 d6d7 e3d3 d7d8q d3d8,2131,77,87,55,crushing endgame quietMove rookEndgame veryLong,https://lichess.org/YQWSXQfy#99,
xidda,1n6/5k2/b2p2N1/2p1n1P1/2P1PN2/1q1PB3/pb2Q1BK/8 b - - 0 31,a2a1q e2h5 e5g6 h5g6,2115,108,72,37,crushing master masterVsMaster middlegame quietMove short,https://lichess.org/38DODuln/black#62,
xilme,8/3K4/5k2/8/2P4p/4n3/8/5B2 w - - 2 55,c4c5 e3f1 c5c6 f1e3 c6c7 e3d5,2142,79,85,79,crushing endgame hangingPiece long quietMove,https://lichess.org/jE5CfBpw#109,
xiywN,8/p4p2/Pb2p1k1/1P2K3/6p1/8/8/2R5 w - - 0 43,c1c6 g4g3 c6c8 g6g7 c8c4 f7f5 c4c2 b6f2 b5b6 f2b6 e5f4 b6f2,2196,111,74,24,crushing defensiveMove endgame quietMove veryLong,https://lichess.org/X2aEA6jJ#85,
xjISR,2BR4/p4rk1/1p1p1p1p/2pP1P2/8/6PK/2q4P/4R3 b - - 3 34,f7c7 e1e8 h6h5 e8g8,2199,82,87,169,crushing endgame quietMove short,https://lichess.org/FfJF184s/black#68,
xjK6K,8/7p/1K2p3/p1p2p2/2Pk4/5P2/P1P3PP/8 w - - 0 30,b6a5 e6e5 a5b5 e5e4,2159,85,90,734,crushing endgame pawnEndgame quietMove short,https://lichess.org/ZkjmlXSF#59,
xjYWB,r1bq1r2/pp1npk2/3pp3/7Q/2P4P/1P6/P4PP1/R3K2R b KQ - 0 17,f7g7 h1h3 d8a5 h5a5,2190,76,94,933,advantage middlegame quietMove short,https://lichess.org/OHewIVgo/black#34,Indian_Defense Indian_Defense_Wade-Tartakower_Defense
xk1mL,8/4K3/1pBp4/pPk5/8/8/8/8 w - - 2 56,e7d7 d6d5 d7e6 d5d4,2181,81,91,1455,bishopEndgame crushing defensiveMove endgame quietMove short,https://lichess.org/JMH74wBU#111,
xkbN7,6k1/R3P3/1B3bp1/4r2p/6p1/8/PP5P/6K1 b - - 0 36,e5e7 a7e7 f6e7 a2a4 g8f7 a4a5,2140,75,86,281,crushing defensiveMove endgame long quietMove,https://lichess.org/CsRn43LR/black#72,
xkiiP,8/8/p6p/6p1/P3k1P1/5p1P/1P3K2/8 b - - 0 42,e4d3 b2b4 d3c4 b4b5 a6b5 a4b5 c4b5 f2f3 b5c6 f3e4 c6d7 e4f5,2113,75,93,3008,crushing endgame pawnEndgame quietMove veryLong,https://lichess.org/x6TTL0FO/black#84,
xkmhz,8/8/R2B4/PP3kpp/4p3/2b1K1P1/5P1r/8 w - - 2 42,b5b6 h2h1 f2f3 h1e1 e3f2 e4e3,2102,103,69,22,crushing endgame exposedKing long quietMove,https://lichess.org/ML72ku0K#83,
xlZtC,8/5p2/3k1P2/2pP1bK1/2P4P/8/8/8 b - - 4 52,d6e5 d5d6 f5e6 h4h5 e5d6 h5h6 d6e5 h6h7,2140,80,88,1085,advancedPawn bishopEndgame crushing endgame quietMove veryLong,https://lichess.org/9d036EYr/black#104,
xm8qs,4R3/pbkp1p2/1pp4q/4PB2/3P4/P7/KPP4r/3Q4 b - - 2 36,c6c5 d4d5 h2d2 d5d6,2178,92,78,25,crushing endgame quietMove short,https://lichess.org/5ZN5YCbS/black#72,
xmMme,5R2/8/8/3p4/3k1p2/1p1n4/1P1K4/8 w - - 0 55,f8f5 d4e4 f5f7 d3b2 d2c3 b2d3 f7e7 d3e5,2191,99,82,21,crushing defensiveMove endgame quietMove veryLong,https://lichess.org/jNnv9EzT#109,
xmZAc,5rk1/4q1p1/pp2Np2/1b1pnQ1p/1P5P/6P1/3N1P2/4R1K1 b - - 1 32,f8c8 e6g5 f6g5 f5c8,2159,79,89,157899,crushing discoveredAttack middlegame quietMove short,https://lichess.org/kCiYvnAW/black#64,
xmtdh,8/2pk2b1/p1pq2p1/3p1r2/Pr1P4/8/3NQP1P/R3R1K1 b - - 1 25,b4b8 d2b3 g7d4 b3d4,2195,85,76,58,advantage middlegame quietMove short,https://lichess.org/K68kxkG3/black#50,
xnjYh,1r4k1/5p1p/p1R1b1p1/8/4q3/2Q3P1/P4P1P/2R3K1 w - - 0 28,c6a6 e6h3 c3c6 b8b1 a6a8 g8g7,2112,157,86,10,crushing defensiveMove endgame long quietMove,https://lichess.org/04njTue6#55,
xnrj9,8/1p2R1pk/2p5/p1Pq4/1P4R1/4P1KP/8/8 b - - 1 36,a5b4 e7g7 h7h6 g7g6 h6h5 h3h4 d5e5 g3h3,2139,112,87,20,crushing defensiveMove endgame queenRookEndgame quietMove veryLong,https://lichess.org/v74SuEvB/black#72,
xoBql,r7/B4p2/1P4kp/6p1/5b2/4KP1P/5P2/1R6 w - - 6 34,e3e4 a8d8 b1b5 f7f5 b5f5 d8e8,2111,82,86,45,advantage endgame long quietMove,https://lichess.org/ZUfKfWGD#67,
xoEDY,8/8/3kPn1R/p2Pb2p/P6P/1P3KP1/8/8 w - - 1 66,f3e3 f6g4 e3e4 g4h6 e6e7 h6g4 e7e8q g4f6 e4d3 f6e8,2183,112,94,26,crushing endgame exposedKing fork quietMove veryLong,https://lichess.org/hzuFgKcA#131,
xoS5V,rn2k2r/pp2bppp/3p1n2/8/2BBP1b1/5N2/PqP1Q1PP/RN3RK1 b kq - 1 12,g4f3 e2d2 b2d4 d2d4,2189,128,42,20,advantage opening quietMove short trappedPiece,https://lichess.org/CZibyeu5/black#24,Kings_Gambit_Accepted Kings_Gambit_Accepted_Fischer_Defense
xogow,8/8/1p1kp1b1/1p1p2p1/1P1P2P1/P3K2P/6N1/8 w - - 0 43,g2e1 g6e4 h3h4 g5h4,2136,75,93,1921,crushing endgame master quietMove short,https://lichess.org/xuP15bxp#85,
xokcQ,1Q6/p2kr3/bnp1q3/4B3/3P4/1P2P3/1P1N4/2K5 b - - 2 43,b6d5 d2e4 a6c8 e4c5 d7d8 c5e6,2189,80,72,48,crushing fork long master masterVsMaster middlegame pin quietMove,https://lichess.org/a0NckDQ8/black#86,
xp2pJ,r4rk1/4qpp1/pn2p2p/1p1p4/3P4/PPN3QP/2P2PP1/1R2R1K1 b - - 0 17,e7a3 b3b4 a6a5 b1b3 a5b4 b3a3,2153,80,91,1069,advantage clearance long middlegame quietMove trappedPiece,https://lichess.org/qtB37XwW/black#34,Caro-Kann_Defense Caro-Kann_Defense_Other_variations
xpKEa,8/5p2/p5p1/1p1p1k1p/3P1P2/4PK1P/PP6/8 w - - 0 38,b2b4 f7f6 e3e4 d5e4,2134,86,77,56,crushing endgame pawnEndgame quietMove short,https://lichess.org/NvOesDkD#75,
xpiqo,8/8/2p4P/1p2Pb2/1k3P2/3p1K2/8/6B1 b - - 0 53,b4c3 g1e3 d3d2 e3d2 c3d2 e5e6 f5e6 h6h7,2126,83,85,67,advancedPawn bishopEndgame crushing endgame quietMove sacrifice veryLong,https://lichess.org/ummz12B0/black#106,
xq0A8,8/7p/6p1/8/2k3PP/p2p1P2/P2K4/8 b - - 0 55,c4d4 g4g5 d4c4 f3f4,2180,80,91,1471,crushing defensiveMove endgame master pawnEndgame quietMove short zugzwang,https://lichess.org/SsSDebcQ/black#110,
xq0aZ,4b3/p7/2p5/2PpNp2/1k1P3P/6K1/5P2/8 b - - 2 44,b4c3 e5c6 e8c6 h4h5 a7a5 h5h6 a5a4 h6h7 a4a3 h7h8q a3a2 h8h1,2146,82,90,1302,advancedPawn advantage endgame promotion quietMove sacrifice veryLong,https://lichess.org/c55lgBOU/black#88,
xq7Lm,8/1k5p/p4B2/1pp3PP/8/r1P2PK1/8/8 b - - 0 35,b5b4 g5g6 h7g6 h5h6 a3a1 h6h7 a1h1 f6h4 g6g5 h7h8q,2114,108,79,16,advancedPawn advantage endgame promotion quietMove veryLong,https://lichess.org/76OCsvav/black#70,
xqhxF,8/5p2/1p3K2/1P2p1p1/P2k1bP1/5P2/2B5/8 b - - 3 45,d4e3 c2e4 e3d2 a4a5 b6a5 b5b6 f4e3 b6b7,2115,145,42,10,advancedPawn bishopEndgame crushing endgame quietMove veryLong,https://lichess.org/V5U3919l/black#90,
xqqpu,8/4K3/8/6p1/7p/7k/4Rpr1/5R2 w - - 0 58,e2f2 g2f2 f1f2 g5g4 e7f6 g4g3 f2a2 g3g2,2132,77,91,5239,advancedPawn crushing endgame quietMove rookEndgame veryLong,https://lichess.org/YxXyWy9l#115,
xr10K,8/8/8/3K1p1p/3P1Pk1/8/8/8 w - - 0 43,d5e5 h5h4 d4d5 h4h3 d5d6 h3h2 d6d7 h2h1q d7d8q h1e1,2136,82,91,3260,advancedPawn crushing endgame pawnEndgame promotion quietMove veryLong,https://lichess.org/GVWn3nwU#85,
xrD2C,4R1k1/1r4b1/p2p3p/1p6/3P1q2/2P5/PP4PP/3Q2K1 b - - 1 27,g8f7 d1h5 f7f6 e8e1 b7e7 e1f1,2155,76,88,113,advantage endgame long pin quietMove,https://lichess.org/CZtUAqp0/black#54,
xrI4k,5rk1/p2R1p1p/4p1p1/4N2n/4Pn2/P3QN1P/5PPK/1q6 w - - 4 27,g2g4 b1f1 f3h4 f4e2 e3e2 f1e2,2112,77,90,494,crushing long middlegame pin quietMove,https://lichess.org/Zv0PnxC4#53,
xrLzv,2R5/8/p1pK4/3b4/P2b4/1P2k3/8/8 w - - 9 57,c8c6 d5c6 d6c6 a6a5 c6b5 d4c3 b3b4 c3b4,2123,112,67,25,crushing endgame quietMove veryLong,https://lichess.org/2IcJXdu3#113,
xrRuC,2r3k1/ppp1rpp1/5q1p/3P1b2/4nQ2/1BP5/P4PPP/B1R1R1K1 b - - 14 21,e4c5 e1e7 c5d3 c3c4 d3f4 a1f6,2119,180,66,9,crushing discoveredAttack long middlegame quietMove,https://lichess.org/fV9b5gjf/black#42,
xrVfk,8/8/1p3p2/5k2/P6K/7P/8/8 w - - 0 53,h4h5 f5e4 h5g6 f6f5 h3h4 f5f4,2168,74,98,145,crushing defensiveMove endgame long pawnEndgame quietMove,https://lichess.org/guuBIy80#105,
xroTb,r1r3k1/1bq1Bp1p/p5pQ/1p6/8/2NP4/PP4PP/2K1R3 b - - 0 21,c7c6 e1e4 f7f6 e4h4,2145,123,83,15,advantage defensiveMove middlegame quietMove short,https://lichess.org/qKX4wWY5/black#42,
xsDTb,8/8/8/6p1/2KN1k1p/4b2P/6P1/8 w - - 8 55,d4e6 f4g3 c4d3 e3c1 d3e2 g3g2,2129,77,85,374,crushing defensiveMove endgame long quietMove,https://lichess.org/FQYpIKaj#109,
xsHXW,8/5p1p/4b3/7k/3pBP1P/3P4/3K1P2/8 w - - 3 51,e4h7 f7f5 d2c2 h5h6 h7f5 e6f5,2100,76,100,115,bishopEndgame crushing endgame long quietMove trappedPiece,https://lichess.org/1GJJb7UU#101,
xsRnz,8/8/3k4/p2P2pp/P2K1p1P/6P1/8/8 w - - 0 45,h4g5 f4g3 d4e3 d6d5 e3f3 h5h4 g5g6 d5e6 g6g7 e6f7 g7g8q f7g8,2111,75,91,1186,crushing endgame pawnEndgame quietMove veryLong,https://lichess.org/0TPn6zBa#89,
xsl2o,8/5p1p/1p4p1/8/1P3P2/P5k1/4K3/8 b - - 0 30,h7h5 a3a4 h5h4 e2f1 h4h3 f1g1 g3f4 a4a5 f4e5 a5a6,2177,81,82,43,crushing endgame pawnEndgame quietMove veryLong,https://lichess.org/74McUN3D/black#60,
xtEmG,8/1q3p1k/6p1/3R3p/8/3Q2PP/5P1K/1r6 b - - 10 36,b1b2 d5h5 h7g7 d3d4 f7f6 h5d5 b2f2 h2g1 f2e2 d5d7 e2e7 d7b7,2130,80,91,871,crushing endgame fork pin quietMove veryLong,https://lichess.org/M5Qbrx0v/black#72,
xtOAw,8/2p5/1p6/3k1pp1/pP1P4/P2K1PP1/8/8 w - - 0 31,g3g4 f5g4 f3g4 b6b5 d3e3 d5c4,2163,76,92,4970,crushing endgame long pawnEndgame quietMove,https://lichess.org/fhOPvu3T#61,
xtTCI,8/1b3p1k/7p/p1p1BP2/Pp6/1P5P/1P1K1P2/4R2r b - - 0 32,h1h3 e1g1 h6h5 g1g7 h7h6 g7f7,2101,81,89,186,advantage endgame long quietMove,https://lichess.org/vO9m5R5W/black#64,
xtmaq,5k2/pp2R2p/3P2p1/2pP4/5p2/1P5r/P6P/7K b - - 0 36,h3d3 e7e5 d3e3 d6d7 e3e5 d7d8q,2169,77,97,163,advancedPawn crushing endgame long promotion quietMove rookEndgame,https://lichess.org/RVR7gdhN/black#72,
xtooX,3bB3/8/2Pp1P2/1p6/1P1pPkpp/3P3K/8/8 w - - 0 45,h3h4 d8f6 h4h5 f6d8 e8d7 g4g3,2143,75,99,268,bishopEndgame crushing endgame long quietMove,https://lichess.org/YG6CKgt4#89,
xtpQw,8/p7/6p1/1PK2p1p/k4P2/6PP/8/8 b - - 1 39,a4a5 h3h4 a5a4 b5b6 a7b6 c5b6,2146,75,82,311,crushing endgame long pawnEndgame quietMove zugzwang,https://lichess.org/QtgP5ZGx/black#78,
xuHQG,8/4kpp1/4p2p/2K1P3/8/5P2/6PP/8 b - - 2 43,f7f6 f3f4 g7g5 g2g3 g5f4 g3f4,2149,99,65,43,crushing endgame long pawnEndgame quietMove,https://lichess.org/fXdlmCIc/black#86,
xuKA3,r3kr2/5p1p/8/1p1pPQB1/1b6/P7/7q/R2K1R2 b q - 0 29,h2b2 a1c1 b2d4 d1e2 d4e4 f5e4 d5e4 a3b4,2158,97,83,20,advantage defensiveMove middlegame quietMove veryLong,https://lichess.org/4sm8EF4H/black#58,
xuNtR,r7/p1p2k1p/bp4p1/3p2B1/1n5q/1PN1Q3/P1r3PP/RK5R b - - 1 21,h4g4 e3e7 f7g8 g5f6 c2b2 b1b2 g4g2 b2a3,2169,109,74,25,crushing middlegame quietMove veryLong,https://lichess.org/WXj8bGxC/black#42,
xuQLN,1R6/5kpp/1P3p2/4p3/4P3/5P2/r3NnPP/2K5 b - - 4 39,a2e2 b8d8 e2e1 c1c2,2127,119,70,13,advantage defensiveMove endgame master quietMove short,https://lichess.org/qP2ZNN8h/black#78,
xuTGI,rn5k/pp2q3/2p1P1pp/3pP3/6Pb/P6P/1PQ3K1/3R1R2 b - - 0 26,e7e6 f1f8 h8g7 d1f1 b8d7 f8a8,2145,78,88,133,advantage clearance long middlegame quietMove,https://lichess.org/HQlc6733/black#52,
xuW9z,8/Rbp3pk/1p1p2rp/2nP4/2P1p1q1/2P1P1B1/2Q2PP1/5RK1 w - - 4 22,f1d1 h6h5 a7b7 c5b7 d1d4 b7c5,2139,78,89,618,advantage defensiveMove long middlegame quietMove,https://lichess.org/ju5MJTUv#43,
xvLza,8/6p1/6pp/1R6/1P3k2/2p2P2/3n3P/6K1 w - - 1 36,g1f2 d2b3 b5b7 c3c2,2135,74,90,2666,advancedPawn advantage endgame quietMove short,https://lichess.org/naducCU2#71,
xvfCw,5r1k/1p2b1pp/p2p2n1/2pQ4/2P5/PPN3Nq/2P4B/R5K1 w - - 2 22,c3e2 g6h4 a1f1 f8f1 g3f1 h4f3 g1h1 h3f1,2157,92,30,41,advantage deflection exposedKing kingsideAttack middlegame quietMove veryLong,https://lichess.org/YMeZNnZe#43,
xvu4o,2kr4/p2b2p1/2pQ3p/3Bp3/P3P3/N1P1q2P/5bP1/5R1K b - - 0 24,c6d5 f1b1 e3b6 b1b6,2134,75,92,5057,advantage middlegame quietMove short,https://lichess.org/c2gp4THU/black#48,
xw1aH,8/7p/2p3pK/8/1k4P1/8/5P2/8 w - - 0 52,h6h7 g6g5 h7h6 c6c5 h6g5 c5c4,2164,77,97,277,crushing defensiveMove endgame long pawnEndgame quietMove,https://lichess.org/csbnPCWO#103,
xw2zW,r5k1/1pp2pp1/1p1p3p/1r1P4/8/P6P/1PP2PP1/1R1R2K1 b - - 0 20,f7f6 b2b4 a8a3 c2c4 b5b4 b1b4,2166,76,92,742,crushing endgame long quietMove rookEndgame trappedPiece,https://lichess.org/87sIawoa/black#40,
xw37y,r2q1rk1/1pp4p/p3P3/3P1ppn/P2Qp3/4P1bP/1P1BN3/5RKB b - - 5 23,d8d6 d2c3 g3h2 g1g2 h2e5 d4e5 d6e5 c3e5,2155,77,88,1137,crushing middlegame quietMove veryLong,https://lichess.org/3hbYnoil/black#46,
xwNZJ,1k3r2/pp6/2pb2p1/3p2B1/3P2Q1/P1Nq4/1P6/R5K1 w - - 1 24,g5h6 f8f3 a1d1 f3g3,2103,78,91,203,advantage middlegame quietMove short,https://lichess.org/sCraO8R7#47,
xwSKE,8/7p/8/2p3k1/3p4/3P1p2/1PP4P/6K1 w - - 2 40,g1f2 g5f4 h2h3 h7h6 c2c4 h6h5 h3h4 f4g4 b2b4 c5b4 c4c5 g4f5 c5c6 f5e6 c6c7 e6d7 c7c8q d7c8,2197,140,87,9,crushing endgame pawnEndgame quietMove veryLong zugzwang,https://lichess.org/qbgXWx3X#79,
xwks5,8/1p6/1R6/p1kpp3/2b2p1P/4PP2/8/6K1 w - - 2 41,b6b7 f4e3 h4h5 d5d4 h5h6 d4d3,2128,148,80,19,crushing endgame long quietMove,https://lichess.org/DRmAsZ4w#81,
xwlra,8/8/2p2R2/p1p5/k1K1P3/6p1/5b2/8 b - - 0 53,a4a3 e4e5 f2d4 f6f3,2136,78,82,70,crushing endgame quietMove short,https://lichess.org/YLMHTBrK/black#106,
xwyOC,8/4p1k1/3p1b2/7p/4Q3/3B4/KPP4P/6q1 b - - 1 34,g1h2 e4g6 g7f8 d3c4 d6d5 c4d5,2158,75,91,426,crushing endgame long quietMove,https://lichess.org/juOFYdeg/black#68,
xx1lP,2r3k1/1b1r1p2/1pq1pQpp/p3P3/P1P5/BP2pR2/6PP/4R2K b - - 3 33,c6e4 a3e7 d7e7 f6e7,2167,83,91,6804,advantage middlegame quietMove short,https://lichess.org/2yOGsflF/black#66,
xx2oK,8/5k2/4p2p/2N1P1p1/4K1P1/6P1/8/3n4 b - - 16 74,d1f2 e4f3 f2d1 c5a4 f7e7 f3e2 e7d7 e2d1,2151,124,82,23,crushing defensiveMove endgame knightEndgame quietMove trappedPiece veryLong,https://lichess.org/7qzKZVsw/black#148,
xx62g,6k1/5p2/4q1pQ/3p2B1/2rP4/2P2R2/6PK/4r3 b - - 5 36,c4c6 f3h3 e6h3 h6h3,2146,273,-62,4,advantage endgame master quietMove short,https://lichess.org/tZfmAMqH/black#72,
xxLWq,8/8/1p3kpK/pP6/P6P/8/8/8 w - - 7 49,h4h5 g6g5 h6h7 g5g4,2178,79,90,486,crushing defensiveMove endgame master pawnEndgame quietMove short,https://lichess.org/XBev0UPf#97,
xxMHP,8/8/8/1p6/3k4/1P3Kp1/P7/8 w - - 2 54,f3g3 b5b4 g3f4 d4c3 f4e3 c3b2 e3d3 b2a2,2102,81,83,52,crushing endgame pawnEndgame quietMove veryLong,https://lichess.org/S2KOjpNc#107,
xxoXa,8/8/R2kn3/5K2/3r4/6P1/8/8 b - - 3 61,d6d5 a6e6 d4d3 e6g6 d3f3 f5g4,2196,78,85,61,crushing endgame long quietMove,https://lichess.org/7fXxxIo1/black#122,
xxsAO,4r1k1/pp3p1p/1p4pB/4p3/8/1P1PQ3/q5PP/3K3R w - - 0 24,h1e1 e8c8 e3d2 a2b3 d1e2 c8c2,2116,76,100,162,crushing endgame exposedKing long pin quietMove,https://lichess.org/KntxjXCp#47,
xxwea,6R1/8/8/1P6/8/5p1B/2P2kpb/1K6 w - - 0 46,b5b6 h2g3 h3g2 f3g2 b1a2 g2g1q b6b7 g1h2,2187,77,92,117,advancedPawn crushing defensiveMove endgame promotion quietMove veryLong,https://lichess.org/qKINEzSF#91,
xyQqt,8/p7/7p/3pk3/1P1p2p1/3K4/P4P1P/8 b - - 1 36,h6h5 b4b5 e5d6 d3d4,2198,78,90,1943,crushing endgame master pawnEndgame quietMove short,https://lichess.org/YAEcZO1Y/black#72,
xyaYx,8/6k1/2p3p1/1n1p2p1/1p1Pp1P1/1P2P2P/P2KB3/8 b - - 6 39,b5c3 a2a4 g7f6 a4a5,2175,77,91,2955,crushing defensiveMove endgame quietMove short,https://lichess.org/EMephzvM/black#78,
xyjlc,8/8/8/p1p4P/1PP5/P2K1k2/8/2b5 b - - 0 52,a5b4 a3a4 b4b3 a4a5 b3b2 d3c2,2189,79,91,1895,bishopEndgame crushing endgame long master quietMove,https://lichess.org/PpEiuhOt/black#104,
y0E25,8/8/8/7p/8/pP3pkP/P7/5K2 b - - 5 59,g3h3 b3b4 h3g4 b4b5 h5h4 b5b6 h4h3 f1g1 f3f2 g1f2 h3h2 f2g2 h2h1r g2h1,2108,77,78,67,crushing endgame master pawnEndgame quietMove veryLong,https://lichess.org/L5G5uI8X/black#118,
y0PAg,8/p1p3kp/2p1p1p1/1b4n1/1PNK2P1/P6P/8/2R5 w - - 8 38,d4c5 e6e5 a3a4 g5e6,2115,75,92,1435,endgame mate mateIn2 quietMove short,https://lichess.org/pYdM4fpG#75,
y0RAk,7R/8/4pp2/3p2b1/1PpK2k1/8/8/8 b - - 2 63,g5h4 h8h4 g4h4 b4b5 e6e5 d4c3 f6f5 b5b6 f5f4 b6b7 f4f3 b7b8q,2182,74,97,361,advancedPawn crushing endgame promotion quietMove sacrifice veryLong,https://lichess.org/uDY88j8F/black#126,
y0UE6,8/3k1p2/1P6/3KP1p1/2P5/4B3/6r1/8 b - - 3 55,g5g4 c4c5 g2b2 c5c6 d7c8 d5d6,2102,119,86,25,crushing defensiveMove endgame exposedKing long quietMove,https://lichess.org/Rtfh2bMl/black#110,
y0V6N,r6k/pp1r1pq1/4b2p/2p1PB2/5P2/2P1P1P1/P1Q5/R3K2R w Q - 5 31,e1f2 a8d8 f2f3 d7d2,2193,76,87,931,advantage master middlegame quietMove short,https://lichess.org/Q4lOSh8k#61,
y0adP,8/8/p1pk4/3p2p1/P2P2P1/1P2K3/8/8 w - - 3 45,e3d3 a6a5 d3d2 c6c5,2187,76,83,211,crushing endgame pawnEndgame quietMove short,https://lichess.org/t6zhCH8n#89,
y0aiR,1nr3r1/4kpR1/p1b2p1p/1p2pP2/4P2Q/PN1Bq3/1PP3PP/2R4K w - - 3 27,g7h7 g8g2 h4h5 c8f8 h1g2 f8g8,2104,107,80,33,advantage long middlegame quietMove sacrifice,https://lichess.org/l9NOYh6B#53,
y0cyo,8/k5r1/8/7K/6PP/8/8/8 b - - 0 61,a7b7 g4g5 g7h7 h5g4 b7c6 g5g6,2113,76,89,848,crushing endgame long quietMove rookEndgame,https://lichess.org/FFVjo3R5/black#122,
y0kY7,8/6p1/1p2p3/4P2p/2P2K1k/8/2P3P1/8 b - - 1 37,g7g5 f4f3 g5g4 f3f4 g4g3 c2c3 b6b5 c4c5,2186,105,100,40,crushing defensiveMove endgame pawnEndgame quietMove veryLong zugzwang,https://lichess.org/wFhk7MXR/black#74,
y0nVF,r7/8/4k3/3p3P/2p1p1P1/2B1P1K1/5P2/8 b - - 0 68,e6f7 g4g5 f7g8 g5g6 d5d4 c3d4,2146,74,84,170,crushing endgame long quietMove,https://lichess.org/78h0Ci3c/black#136,
y0yEg,6k1/7p/3N4/5r2/2pR1B2/3p2P1/2r5/5K2 b - - 3 42,f5c5 f4h6 c5f5 d6f5,2168,76,86,212,crushing endgame master quietMove short,https://lichess.org/0ruinVUq/black#84,
y13p5,8/p7/1p6/1P1k4/3Pr3/5K2/5P2/3R4 b - - 4 41,e4d4 d1d4 d5d4 f3g4 d4c4 f2f4 c4b5 f4f5,2135,76,92,9055,crushing defensiveMove endgame quietMove rookEndgame veryLong,https://lichess.org/heUNsABb/black#82,
y1ywu,8/8/p2pkpp1/Pp1p3p/3K2PP/2P2P2/P7/8 b - - 0 40,f6f5 g4h5 g6h5 f3f4 e6e7 d4d5 e7d7 a2a3 d7e7 d5c6,2116,76,94,2551,crushing endgame pawnEndgame quietMove veryLong zugzwang,https://lichess.org/YRSl1Vjl/black#80,
y28X7,8/5k2/4p3/p1p1Pp1P/P2p1r2/1PpP3K/2P5/7R w - - 0 46,h5h6 f4g4 h6h7 f7g7 h7h8q g7h8,2167,76,94,2547,crushing endgame long quietMove rookEndgame,https://lichess.org/ug2E2uZa#91,
y2A2F,2r1q1rk/p2bpp1p/3p1P1B/2p4Q/Pp1nPR2/1P1P3P/2P3P1/1R4K1 b - - 0 27,e7e5 f4h4 d4f3 h5f3,2183,75,95,83,crushing middlegame quietMove short,https://lichess.org/swIHW2rT/black#54,
y2I0G,6k1/pp4p1/1qp2r2/3p2N1/6Pp/1P5P/P5B1/R4R1K b - - 0 25,b6d4 a1e1 g7g6 e1e8,2113,85,72,47,advantage endgame quietMove short,https://lichess.org/g7T4zazv/black#50,
y2NWA,8/pp1r3p/8/5k1p/1PN3nK/P5P1/8/4R3 b - - 1 46,g4f6 e1e5 f5g6 e5g5 g6h6 c4e3 d7d4 g3g4 d4g4 e3g4,2126,82,82,32,advantage endgame quietMove veryLong,https://lichess.org/roVVLV8U/black#92,
y2ntY,8/p7/2p2p2/3p3p/1PPPb1kP/4K3/1P6/4N3 w - - 1 35,c4c5 a7a6 b4b5 a6b5,2139,75,94,1100,crushing endgame master quietMove short,https://lichess.org/2WQETjOD#69,
y2nur,4r1k1/5pp1/1B1Q2np/1P1Pr3/P3q3/R5P1/5P1P/3R2K1 w - - 9 31,b6e3 g6h4 g3h4 e4g4 g1f1 g4d1,2157,76,92,911,advantage fork long middlegame quietMove sacrifice,https://lichess.org/qwhK4KDH#61,
y2nus,5n2/5P2/5K2/6N1/1k2P3/p7/8/8 w - - 9 67,f6g7 f8d7 e4e5 a3a2,2127,80,91,880,advancedPawn crushing endgame knightEndgame quietMove short,https://lichess.org/iRIFCGjU#133,
y2zjf,3q2k1/5p2/2b2P1R/p1p2rp1/8/1Q4R1/PP4PP/5K2 w - - 2 35,f1g1 c5c4 g3d3 d8e8 d3e3 c4b3,2139,163,79,6,crushing endgame long quietMove,https://lichess.org/UeLYqNnt#69,
y3Cu5,8/8/3kP3/7p/Pp4p1/1K1P4/7P/8 w - - 1 38,b3b4 h5h4 a4a5 g4g3 h2g3 h4h3,2119,75,87,566,crushing endgame long pawnEndgame quietMove,https://lichess.org/kQ04ATgG#75,
y3Gps,r5k1/pppqn3/1b4np/3p3N/3P4/P1P3B1/1P4PP/R4Q1K b - - 0 20,a8f8 f1f6 f8f7 a1f1 d7e8 f6e6 g6f8 h5f6,2189,131,60,16,clearance crushing middlegame pin quietMove veryLong,https://lichess.org/2t03w6ro/black#40,
y3TAW,8/pp6/3p4/1P2pN2/P1P1P2p/3P1Pbk/4K3/8 w - - 2 39,f5d6 h3g2 d6f5 g3f2 f5h4 f2h4,2170,236,100,8,endgame equality long quietMove,https://lichess.org/k3MFFSxd#77,
y3bnJ,8/8/7K/6p1/3n4/1k5P/6P1/8 b - - 0 50,d4f5 h6g5 f5e3 h3h4 e3g2 h4h5,2164,78,91,911,crushing defensiveMove endgame knightEndgame long quietMove,https://lichess.org/25HObI9j/black#100,
y3cy1,8/4k3/8/1p4PP/5K2/n4P2/1p6/1B6 w - - 1 55,b1a2 b5b4 h5h6 b4b3 h6h7 b3a2 h7h8q b2b1q,2115,76,83,77,advancedPawn crushing endgame promotion quietMove veryLong,https://lichess.org/6KXSYKVr#109,
y3czs,r5k1/1b3ppp/1Q6/p7/2P1r3/3q4/P4PPP/3RR1K1 w - - 0 22,b6b7 a8e8 b7e4 e8e4 e1f1 d3e2,2185,72,93,10373,advantage endgame long quietMove,https://lichess.org/KbtUR427#43,
y3tan,2k5/5p2/1KbBp1p1/4P1P1/p1P5/2P5/8/8 b - - 12 55,c6e8 d6a3 f7f6 e5f6,2191,75,86,615,bishopEndgame crushing endgame quietMove short,https://lichess.org/8R0cisEy/black#110,
y4owm,8/7K/p2p2P1/4p3/2k1n2P/8/8/8 b - - 0 52,e4f6 h7g7 f6g4 h4h5 e5e4 h5h6 e4e3 h6h7 e3e2 h7h8q e2e1q h8c8 c4b3 c8g4,2111,76,88,631,advancedPawn crushing defensiveMove endgame fork knightEndgame promotion quietMove veryLong,https://lichess.org/GHOImZyT/black#104,
y4qjM,8/p7/8/1PN5/P2n4/3Pkp2/8/3K4 w - - 0 35,d1e1 f3f2 e1f1 d4f3 c5e4 f3h2,2115,75,80,65,advancedPawn crushing endgame knightEndgame long quietMove,https://lichess.org/EE8Rb4hm#69,
y5Elt,3q3k/6pp/5p2/5N2/4QP2/5KPP/Bp6/3r4 b - - 5 51,d1a1 f5d6 a1a2 d6f7 h8g8 f7d8,2156,126,86,26,crushing endgame fork long master quietMove sacrifice,https://lichess.org/R9a4EGyg/black#102,
y5dE8,8/8/1p6/1P4p1/2N2bK1/5P2/5k2/8 b - - 1 48,f2e2 c4b6 e2d3 b6d7 d3d4 b5b6,2182,82,84,112,crushing endgame long quietMove,https://lichess.org/dvs8qYQZ/black#96,
y5yav,r4r2/1p1b2k1/pn2p1pp/2qpQ3/3N3P/2N5/PPP1B1P1/3R3K b - - 1 21,f8f6 g2g4 c5e7 g4g5,2113,96,80,55,advantage middlegame quietMove short,https://lichess.org/eibwcO7A/black#42,
y6BX3,4r2k/1p3Bpp/2p3n1/p7/P3q3/4P2P/1P2Q1P1/5RK1 b - - 4 25,e4e3 e2e3 e8e3 f1d1 g6f8 d1d8,2133,76,93,2716,advantage endgame long pin quietMove,https://lichess.org/YbG14mHx/black#50,
y6H1V,r1b3k1/1p3p1p/nbpP1Bp1/p7/6q1/PBQ5/5rPP/R5RK b - - 3 26,c8f5 f6h8 b6d4 h8d4 f2g2 g1g2,2109,75,91,992,advantage long middlegame quietMove,https://lichess.org/qMSlXK0L/black#52,
y6XGg,r2q2rk/ppp2p1p/3p2nQ/4pb2/4P3/P1NP1N2/1PP1B1PP/R5K1 b - - 0 17,f5g4 f3g5 g8g7 e2g4 g6f4 h2h4 f7f6 g5e6 f4e6 g4e6,2116,75,79,248,crushing discoveredAttack fork middlegame quietMove veryLong,https://lichess.org/9kf43YCQ/black#34,Kings_Knight_Opening Kings_Knight_Opening_Normal_Variation
y6dez,8/7p/6p1/2pkp3/P7/1P2K3/7P/8 b - - 0 45,h7h5 h2h4 e5e4 a4a5 d5c6 e3e4,2130,75,67,116,crushing endgame long pawnEndgame quietMove zugzwang,https://lichess.org/SMcGWHZl/black#90,
y6qGT,8/8/8/5k1p/5Pp1/4K1P1/8/8 b - - 0 46,h5h4 g3h4 g4g3 h4h5 g3g2 e3f2 g2g1q f2g1,2176,78,96,655,crushing endgame pawnEndgame quietMove veryLong,https://lichess.org/rdtnIKh6/black#92,
y7Mmz,r1r3k1/1p2qp2/4b2Q/p2pP1N1/3Ppp2/8/2P2PPP/2R3K1 b - - 1 28,e7d7 g5h7 f7f5 h7f6,2177,75,90,689,crushing middlegame quietMove short,https://lichess.org/6xuyxFSU/black#56,
y7POZ,8/5p2/1p1p1kp1/3Pp2p/1K2PP2/6PP/8/8 b - - 1 39,g6g5 f4f5 f6e7 b4b5 e7d7 b5b6,2153,77,83,69,crushing endgame long pawnEndgame quietMove,https://lichess.org/scxFyuXS/black#78,
y7Uds,7k/p3pp2/b1np2p1/2p1n1P1/q3PQN1/2PP3P/Pr4B1/4NRK1 b - - 1 28,a4a2 g4f6 b2g2 e1g2,2187,77,91,991,crushing master middlegame quietMove short,https://lichess.org/H9eCJ4Uw/black#56,
y7VYN,8/2p4p/8/p7/2P1k3/5pP1/P4K1P/8 w - - 3 45,h2h4 h7h5 c4c5 a5a4 g3g4 h5g4,2123,75,93,2383,crushing endgame long pawnEndgame quietMove zugzwang,https://lichess.org/IyucKkIk#89,
y7nGB,8/8/6pR/2K1Pb2/2p2P2/2B5/P5kp/8 w - - 2 62,a2a4 f5h3 h6g6 g2f3 f4f5 h2h1q,2162,191,100,12,advancedPawn defensiveMove endgame equality long promotion quietMove,https://lichess.org/RxYFsPE4#123,
y81Xy,5rk1/5ppp/4p3/3qP3/1P1N4/2PRQ2P/4KPP1/r7 b - - 2 36,f8a8 d4c2 d5a2 e3d2 g7g6 c2a1,2199,76,85,215,advantage endgame long master masterVsMaster quietMove,https://lichess.org/EEZYJfui/black#72,
y8DQR,8/1Q6/5pk1/4p3/4P3/1P6/KP6/3q4 w - - 3 44,b7d5 d1d5 e4d5 e5e4 d5d6 g6f7 d6d7 f7e7,2153,76,94,3884,crushing endgame queenEndgame quietMove veryLong,https://lichess.org/kUGI20HW#87,
y8OPS,8/1b6/1P6/2K5/4k3/8/4p3/4N3 w - - 0 51,c5c4 e4e3 c4c3 b7e4 b6b7 e4b7 e1c2 e3f2,2135,77,90,370,clearance crushing defensiveMove endgame quietMove veryLong,https://lichess.org/i2h0rbK1#101,
y8OZy,4b3/2k3p1/5p2/1pPBpPpP/1K1pP1P1/3P4/8/8 w - - 7 63,c5c6 e8h5 g4h5 g5g4 b4b5 g4g3 d5c4 g3g2,2164,77,79,48,advancedPawn bishopEndgame crushing endgame master quietMove sacrifice veryLong,https://lichess.org/ItU0f2yl#125,
y8jzJ,8/2p5/5k2/8/pp6/8/PP4KP/8 w - - 0 46,h2h4 c7c5 g2f1 c5c4 f1e2 c4c3 e2d3 c3b2 d3c2 a4a3,2109,79,79,59,advancedPawn crushing endgame pawnEndgame quietMove veryLong,https://lichess.org/84R4vqzc#91,
y95K0,3r1r2/1p3p1k/p5p1/4Q1Rp/3P3P/3q1R2/PP4P1/7K b - - 5 27,d3b5 d4d5 d8d5 e5d5 b5d5 g5d5,2169,144,74,14,crushing endgame long quietMove,https://lichess.org/rc0SRZzq/black#54,
yAAyG,8/8/6R1/6Pp/6r1/2K3k1/8/8 w - - 1 65,c3d3 h5h4 g6e6 h4h3,2198,79,88,775,crushing endgame quietMove rookEndgame short,https://lichess.org/hfyMGNEB#129,
yAa6d,5r1k/7p/6pP/8/3r4/1BK2b2/1P3R2/1R6 b - - 1 42,d4d8 b1f1 d8c8 b3c4 f8f4 b2b3,2118,76,91,1416,crushing defensiveMove endgame long quietMove,https://lichess.org/v2XKooLj/black#84,
yBBF3,k4r2/1pQ5/pbn5/4p3/4P1q1/R2P4/2P2PB1/5RK1 w - - 0 40,c7b6 f8g8 a3a6 a8b8 a6a8 b8a8 f1a1 a8b8,2100,75,93,2450,crushing defensiveMove middlegame quietMove veryLong,https://lichess.org/ompiCSXj#79,
yBJzo,6k1/5pp1/7p/1K6/1P6/P7/8/8 b - - 0 41,f7f5 a3a4 g8f7 a4a5 f5f4 b5c4,2175,76,93,971,crushing defensiveMove endgame long pawnEndgame quietMove,https://lichess.org/2hIV13m8/black#82,
yBOwe,3rq2k/1p4p1/5p1p/2Qp1P2/2PR1PPP/PP6/8/6K1 w - - 1 28,d4d5 e8e1 g1g2 d8e8 c5f2 e8e2 f2e2 e1e2,2114,88,82,41,clearance crushing endgame pin quietMove veryLong,https://lichess.org/2S07yAOn#55,
yBPvH,8/1pp5/p3k3/8/P6P/8/5P2/6K1 b - - 0 36,c7c5 a4a5 c5c4 g1f1,2152,121,21,18,crushing defensiveMove endgame pawnEndgame quietMove short,https://lichess.org/NyknXX14/black#72,
yBlQy,6k1/5p2/5Bp1/4p1Pp/3r4/7P/3n1PK1/3R4 b - - 9 41,d2c4 d1b1 d4d8 f6d8,2150,76,80,57,crushing endgame quietMove short,https://lichess.org/9xBASYvw/black#82,
yC0u3,r4rk1/1R4pp/4N3/4p3/3b4/p4P1P/2P1K1P1/1R6 b - - 5 31,a3a2 b7g7 g8h8 b1b7 e5e4 g7h7 h8g8 e6d4 e4f3 e2f2 f3g2 f2g2,2194,110,83,24,crushing endgame quietMove veryLong,https://lichess.org/PB3VuCr4/black#62,
yCGYm,8/2p3k1/2p2pPp/P2p3P/1P1P4/r3r1P1/5K2/3Q4 b - - 2 37,e3g3 d1e2 g3f3 e2f3 a3f3 f2f3,2111,83,78,60,crushing endgame long queenRookEndgame quietMove,https://lichess.org/1zLkaojC/black#74,
yCMNp,8/7p/6pk/5p2/5P1P/4K1P1/8/8 w - - 1 54,e3f3 h6h5 f3f2 h5g4 f2g2 h7h6 g2f2 g4h3,2152,77,82,131,crushing endgame pawnEndgame quietMove veryLong zugzwang,https://lichess.org/PU9hTrAl#107,
yCWlg,8/5ppk/7r/2P5/8/1P5p/P6R/1K6 w - - 1 36,b3b4 g7g5 c5c6 g5g4 c6c7 h6c6 h2c2 c6c7 c2c7 h3h2 c7c1 g4g3,2171,76,86,115,advancedPawn crushing endgame quietMove rookEndgame sacrifice veryLong,https://lichess.org/G4SaxKMi#71,
yCYPh,r2q4/8/1k1p3p/3p1p2/1R4p1/6P1/1P3PP1/2R3K1 b - - 3 43,b6a5 b4b3 d8e8 c1a1 e8a4 a1a4 a5a4 b3a3 a4b4 a3a8,2138,77,90,1457,attraction crushing endgame queenRookEndgame quietMove skewer veryLong,https://lichess.org/ux0C3w0l/black#86,
yCpWA,8/k1p5/PpB2p1p/1P2p1pP/2n1P3/5P2/5P2/3K4 b - - 0 30,c4a5 c6d5 c7c6 b5c6 a5c6 d5c6,2105,75,91,622,crushing endgame long quietMove,https://lichess.org/27ukUbac/black#60,
yCsUj,Q7/5pk1/pr1p1q1p/1pp1pB1R/2PbP2P/1P4P1/P5K1/8 b - - 3 34,b5c4 g3g4 d6d5 g4g5,2107,77,87,107,crushing endgame quietMove short,https://lichess.org/gO3Rel2T/black#68,
yDIPg,8/6pk/q3p1r1/1N1p1p1p/1P1PnP1P/4Q1PK/8/2R1B3 w - - 1 38,b5c3 a6f1 h3h2 e4f6 e3e2 f6g4,2190,76,93,5158,crushing long middlegame quietMove,https://lichess.org/ogvG2XoS#75,
yDJ8T,2r5/pk1R4/1p1P4/2pPrp2/4p3/1P4K1/P3R3/8 b - - 0 35,b7b8 e2h2 e5d5 h2h7,2104,79,86,203,crushing defensiveMove endgame quietMove rookEndgame short,https://lichess.org/eGQcHp6W/black#70,
yDZRn,3r3k/1B4p1/4P3/p5p1/8/1P4KP/P5P1/8 b - - 1 40,h8h7 b7c6 d8d3 g3f2,2161,80,87,64,crushing defensiveMove endgame quietMove short,https://lichess.org/cEj4mS9A/black#80,
yEE99,r3r1k1/p5bp/1np2pp1/2pp4/2P2Pq1/3P2N1/PPQN4/1RB2RK1 w - - 0 20,g1g2 e8e2 f1f2 a8e8 d2f1 e2c2,2111,79,90,1975,clearance crushing long middlegame pin quietMove,https://lichess.org/PBbZAiue#39,
yELJK,3r3k/3B1Rp1/1pp3Pp/2b5/P1K5/8/8/8 b - - 1 44,d8f8 a4a5 h8g8 a5a6 f8a8 d7e6 a8a6 f7a7 g8f8 a7a6,2119,89,84,45,advantage clearance discoveredAttack endgame quietMove veryLong,https://lichess.org/CMzmyw9s/black#88,
yFAQo,6k1/1R4p1/2r2p1p/p6P/P4pP1/1PPr4/1K6/4R3 b - - 0 42,d3c3 e1e8 g8h7 b7b8 c3c2 b2a3,2168,78,91,2783,crushing defensiveMove endgame long quietMove rookEndgame,https://lichess.org/Ymx0OMtH/black#84,
yFK4H,1k1r2r1/2p1qp2/8/pBpPb3/4P2P/Q5p1/PP6/1K3R2 b - - 0 34,e7d6 b5c6 d6c6 d5c6 d8d4 a3c5 d4b4 c5e5 g3g2 f1g1,2139,81,65,42,capturingDefender crushing middlegame quietMove veryLong,https://lichess.org/LYNTMU0Y/black#68,
yFZWk,2r5/7p/1p1pR3/3B2k1/2P2p1P/2q2P2/P2R4/3K4 b - - 0 40,g5f5 d2g2 c3a1 d1e2 a1a2 e2f1,2189,126,70,13,advantage defensiveMove endgame long quietMove,https://lichess.org/asYGLAYF/black#80,
yFiSE,8/p3k3/1p2p2p/3bP1p1/3P2P1/P2BK3/7P/8 w - - 5 38,d3e4 d5e4 e3e4 b6b5 d4d5 e6d5 e4d5 a7a5,2139,105,80,19,bishopEndgame crushing defensiveMove endgame quietMove veryLong,https://lichess.org/P5GKMUhE#75,
yFmkv,r1bqkb1r/p4ppp/2p5/n2n4/4p3/3B1N2/PPPP1PPP/RNBQK2R w KQkq - 0 10,d1e2 f7f5 d3e4 f5e4,2157,81,75,74,advantage opening quietMove short,https://lichess.org/0UVjO8Rc#19,Italian_Game Italian_Game_Two_Knights_Defense
yG5Sr,r5k1/p1p1bppp/2Q1b3/4P3/5B2/2P2NP1/Pr1N4/R3KB1q w Q - 0 16,e1c1 e7a3 c6a8 b2b8 c1c2 b8a8,2174,79,89,817,advantage discoveredAttack exposedKing long middlegame quietMove sacrifice,https://lichess.org/dt14hbTY#31,Kings_Gambit_Declined Kings_Gambit_Declined_Petrovs_Defense
yGE6b,3r1r1k/qb1p1p1p/p1n1pP2/1p6/7N/1BPQ4/P3RPPP/6K1 b - - 0 23,f8g8 b3c2 g8g6 h4g6 f7g6 d3h3 a7c5 c2g6,2114,77,93,423,advantage middlegame pin quietMove veryLong,https://lichess.org/DVCFI3bR/black#46,
yGWjc,r1bqknnr/ppp1bppp/3pp3/8/3PP3/3B1NQ1/PPP2PPP/RNB2RK1 w kq - 4 8,g3g7 f8g6 e4e5 e7f8 g7h8 g6h8,2147,76,95,7291,advantage clearance long opening quietMove trappedPiece,https://lichess.org/sqc7kT5H#15,Nimzowitsch_Defense Nimzowitsch_Defense_Other_variations
yGmQQ,6r1/8/3P4/2N1R3/4Pp1k/5Ppp/3K2P1/8 w - - 1 42,e5e7 h3g2 c5e6 g8h8 d6d7 g2g1q e7h7 h8h7 d7d8q h4h3,2101,74,87,167,advancedPawn crushing defensiveMove endgame master promotion quietMove veryLong,https://lichess.org/DqfoP15x#83,
yGpsW,8/4b2p/2p5/1b1p1p2/p1pPpP1k/2P1P2P/2B3K1/2B5 b - - 5 47,a4a3 c2d1 b5a4 d1a4 a3a2 c1b2 e7a3 b2a1,2125,77,80,50,advantage bishopEndgame defensiveMove endgame quietMove veryLong,https://lichess.org/Psa0ZHL3/black#94,
yH75x,1r2q1k1/1bQ2ppp/1p6/p1pp4/P4P2/7P/4R1P1/2R4K b - - 5 31,e8d8 c1e1 g7g6 e2e8 d8e8 e1e8,2117,74,91,453,crushing endgame fork long quietMove,https://lichess.org/tzfodJx6/black#62,
yHNQi,8/8/p2k4/2pp1pp1/1P2r3/P1PK2P1/4R2P/8 w - - 0 36,e2e4 f5e4 d3e3 g5g4 e3f4 d6c6 f4g4 d5d4,2173,134,76,9,crushing endgame quietMove veryLong,https://lichess.org/JKfoiyfZ#71,
yHVtg,8/8/8/1p4R1/2k4r/7P/5PK1/8 w - - 6 54,g5g4 h4g4 h3g4 b5b4 g4g5 c4d5,2104,74,93,5553,crushing defensiveMove endgame long quietMove rookEndgame,https://lichess.org/xSjMqNV8#107,
yI6sc,r2q2kr/ppp2p1p/2n4Q/5p2/3pR2N/2p5/PPP2PPP/R5K1 b - - 1 17,c3b2 a1e1 f5e4 h4f5 d8g5 h6g5,2161,77,90,775,crushing long middlegame quietMove sacrifice,https://lichess.org/2156ZERI/black#34,Italian_Game Italian_Game_Two_Knights_Defense
yIOv0,6k1/2q2ppp/p1Nn4/1p1P2P1/4p1Q1/P3r3/2R4b/R6K b - - 1 34,h2e5 a1c1 h7h5 g5h6,2152,313,85,22,advantage enPassant master middlegame pin quietMove short,https://lichess.org/QI9X35J4/black#68,
yIRlc,Qn3rk1/p1pb1ppp/5n2/4p3/8/5N2/Pq1NPPPP/R3KB1R w KQ - 0 11,a1d1 b8c6 d1b1 b2b1 d2b1 f8a8,2104,77,87,103,advantage long middlegame quietMove,https://lichess.org/gUIrhhnH#21,Queens_Gambit_Declined Queens_Gambit_Declined_Albin_Countergambit
yJBYW,8/p6p/1p5p/3k4/4pPP1/4K3/PP6/8 b - - 0 31,a7a5 a2a4 d5c4 e3e4,2129,75,92,6172,crushing endgame pawnEndgame quietMove short zugzwang,https://lichess.org/4MlN07h6/black#62,
yJWin,r1b1r1k1/pp2qp1p/3p2p1/8/2P5/5B2/P2B1PPP/Q3R1K1 b - - 2 15,c8e6 d2h6 f7f6 e1e6 e7e6 f3d5,2187,77,82,96,advantage long middlegame pin quietMove sacrifice,https://lichess.org/4veONPrV/black#30,English_Opening English_Opening_Symmetrical_Variation
yJc3V,8/4pR1p/1pP1B1pk/4b3/8/2p3PP/Pr6/2K5 w - - 0 35,f7e7 e5g3 e7f7 g3h4 e6b3 h4g5 c1d1 b2d2,2122,120,35,29,crushing endgame exposedKing quietMove veryLong,https://lichess.org/N5zu1uck#69,
yJms0,8/5N2/2p3p1/k3P2p/p4P1P/K5P1/4n3/8 b - - 0 61,e2g3 f7d6 a5b6 e5e6,2159,77,86,278,crushing endgame knightEndgame master quietMove short,https://lichess.org/G95XdTTF/black#122,
yKd63,5r2/pp3pk1/2p5/4n1pq/1N2P3/1B2QP2/PPP2PKP/5R2 w - - 2 24,b4d3 f8h8 f1e1 h5h3 g2g1 e5f3 e3f3 h3f3,2149,77,91,572,crushing deflection fork middlegame quietMove veryLong,https://lichess.org/U2UXvSHJ#47,
yKno6,rnb2rk1/5p1p/p2p1B2/1p6/4qP2/1P6/PP4PP/R2Q1RK1 b - - 0 16,c8b7 f1f3 e4g6 f3g3,2131,75,96,199,advantage middlegame pin quietMove short,https://lichess.org/tXytIOIg/black#32,Philidor_Defense Philidor_Defense_Exchange_Variation
yKsZN,8/3r4/p2Bq1k1/1p2N1p1/2pRP3/P1P2P2/6K1/8 b - - 4 46,g6h5 d4d1 e6e5 d1h1 h5g6 d6e5,2101,77,88,73,crushing endgame intermezzo long quietMove sacrifice,https://lichess.org/CzYI3Kpy/black#92,
yKvvM,8/5pk1/2pQ2p1/q3p2p/8/P5P1/5P1K/8 b - - 3 45,a5d5 d6d5 c6d5 a3a4 d5d4 h2g1 g6g5 a4a5,2197,105,45,28,crushing defensiveMove endgame queenEndgame quietMove veryLong,https://lichess.org/L30jUBqo/black#90,
yL9ur,4r1k1/2p2q2/ppn3pQ/5p2/P4B2/1P1P1R2/2P3P1/6K1 b - - 1 29,c6e5 f3h3 f7g7 h6g7 g8g7 h3e3,2169,78,90,890,crushing endgame exposedKing long quietMove,https://lichess.org/m8SEuQxw/black#58,
yLW4s,8/1p1k4/pK6/PP2p1B1/2P1n3/7p/7P/8 w - - 2 45,c4c5 e4g5 c5c6 b7c6 b5a6 g5e6 a6a7 e6c7 a7a8q c7a8,2133,76,89,548,crushing endgame hangingPiece master quietMove veryLong,https://lichess.org/JHzHcWu8#89,
yLWLU,8/4k3/3p2p1/1r1P1pP1/3K1P2/2P5/1p6/1R6 w - f6 0 40,c3c4 b5b3 c4c5 b3b4 d4c3 d6c5,2119,80,91,432,crushing deflection endgame long quietMove rookEndgame,https://lichess.org/WGkhZDg6#79,
yLc1W,8/8/4kN1p/1p3p2/1P3P2/4K2P/n7/8 w - - 3 57,f6g8 h6h5 e3d4 a2b4,2167,82,87,58,crushing endgame knightEndgame master quietMove short,https://lichess.org/oqlDA0pa#113,
yLdRw,8/8/7K/5p1p/2b2P1P/4k3/5N2/8 w - - 35 58,f2h3 c4e2 h3g5 e3f4,2164,77,91,345,crushing endgame master quietMove short,https://lichess.org/dOZqS8V3#115,
yLkVb,3r4/5p1k/pq1p1Ppp/8/1pp2Q2/7P/PP4P1/4R2K b - - 3 38,d8d7 e1e8 d7d8 f4e4 h6h5 h3h4 b6f2 e8d8,2171,133,84,16,advantage endgame quietMove veryLong,https://lichess.org/J2nC7hqX/black#76,
yLuZj,2kr4/ppp1pp1p/8/3p1pr1/8/Q1P1Pq2/PP1B2PK/R7 w - - 0 21,g2f3 d8g8 d2e1 g5h5 e1h4 h5h4,2153,77,90,1146,endgame exposedKing long mate mateIn3 quietMove,https://lichess.org/j3YGMJnV#41,
yMGey,4k3/8/R4Np1/5pPp/2nP1B2/1r2P2K/2r5/8 b - - 4 46,e8d8 a6e6 b3e3 f4e3,2173,120,52,28,crushing endgame master masterVsMaster quietMove short,https://lichess.org/Brzh52rE/black#92,
yMVIT,8/1pp5/1p6/3P4/P1Pk4/1P3p2/8/4K3 b - - 1 40,d4c3 a4a5 b6a5 c4c5 a5a4 b3a4 c3b4 d5d6,2145,76,87,184,crushing endgame pawnEndgame quietMove veryLong,https://lichess.org/ud5xQD2r/black#80,
yMWfI,8/R4pBk/1N2b1p1/1q5p/4pP2/7P/5QPK/2r5 b - - 2 44,h7g7 f2d4 g7h7 a7a8 e6c8 a8c8 c1c8 b6c8,2104,76,85,188,crushing endgame quietMove veryLong,https://lichess.org/wpQUitPs/black#88,
yMa9t,r1b1k2r/1p1pqp1p/p1p2n2/4bQ2/B3P3/2N5/PPP2PPP/R1B2RK1 w kq - 0 12,c1f4 d7d6 f5g5 h8g8 c3d5 g8g5 d5e7 e5f4,2162,82,84,64,advantage capturingDefender middlegame quietMove veryLong,https://lichess.org/W78JGe0z#23,Ruy_Lopez Ruy_Lopez_Other_variations
yMise,8/1p3p1p/2p5/p4kp1/P1PP1b2/1P2BK1P/5P2/8 b - - 0 30,h7h5 e3f4 g5f4 h3h4 f7f6 c4c5,2198,77,89,708,bishopEndgame crushing defensiveMove endgame long quietMove zugzwang,https://lichess.org/yix7xG9Z/black#60,
yMoXu,8/4k1p1/4p2p/4Kp1P/5P2/4P3/5P2/8 w - - 7 46,f2f3 g7g6 h5g6 h6h5 e3e4 h5h4 e4f5 e6f5 e5f5 h4h3,2171,77,83,74,crushing endgame pawnEndgame quietMove sacrifice veryLong,https://lichess.org/tnVdo0bB#91,
yMpKg,5rk1/p4p1p/p1pb2P1/q2p2N1/3P2P1/2P1r3/P1Q5/R4RK1 b - - 0 21,f7g6 f1f8 d6f8 c2f2 e3e7 a1f1 f8g7 f2h2 g7d4 c3d4,2119,119,84,24,advantage middlegame quietMove veryLong,https://lichess.org/EqNc0tHa/black#42,
yMrRX,8/8/pp4p1/8/P1P5/1P5k/8/6K1 b - - 3 48,h3g3 a4a5 b6a5 c4c5 g6g5 c5c6,2123,80,95,11794,crushing endgame long pawnEndgame quietMove,https://lichess.org/yyEMgEFw/black#96,
yNDSP,r5k1/6pp/1q6/3Ppn2/8/2P1p3/1P2B1PP/2QR2K1 w - - 1 26,c3c4 f5d4 d1e1 b6f6 c1e3 d4c2 e3b3 c2e1,2185,114,87,29,advantage endgame fork quietMove veryLong,https://lichess.org/e5wEFRdJ#51,
yNlGi,5R2/p6p/4N1pk/8/4pp2/P6P/5PPK/1q6 b - - 1 35,e4e3 f8f4 b1b8 g2g3 b8f4 e6f4 e3f2 h2g2 f2f1b g2f1,2153,81,91,1104,crushing endgame quietMove veryLong,https://lichess.org/Esudb1Nw/black#70,
yNnwU,6k1/2r2pp1/4b3/pB1p3p/P3p1P1/1Pp4P/2N1KPR1/8 w - - 0 30,g4g5 d5d4 c2d4 c3c2 d4c2 c7c2,2156,77,87,90,advancedPawn advantage endgame long quietMove,https://lichess.org/qnRrOdPO#59,
yO481,1k1r3r/1p4p1/p3p3/1bPpP3/q2P4/R7/PQ4PP/5RK1 b - - 4 25,d8f8 f1c1 a4c4 c1c4,2189,84,86,65,advantage middlegame quietMove short trappedPiece,https://lichess.org/kTwxuA4s/black#50,
yO5pD,8/8/8/7k/1npP2pP/5pP1/8/1N3K2 w - - 0 46,f1f2 b4d5 b1a3 c4c3,2109,83,85,42,crushing endgame knightEndgame quietMove short,https://lichess.org/aDWqAvRh#91,
yOZM2,8/8/p4ppp/3k4/6P1/1P1K2P1/P7/8 b - - 0 36,h6h5 g4h5 g6h5 b3b4 f6f5 a2a4,2162,76,98,86,crushing defensiveMove endgame long pawnEndgame quietMove,https://lichess.org/Pnb7srTI/black#72,
yOmwn,rn2k2r/pp1b1ppp/4p3/q2p4/1b1PnB2/1QN1PN2/PP3PPP/2R1KB1R w Kkq - 1 10,f1d3 d7a4 f4c7 b7b6 b3b4 a5b4,2167,78,91,1700,crushing long middlegame quietMove,https://lichess.org/jZD0zhib#19,Indian_Defense Indian_Defense_London_System
yOoIX,6rk/p1Q1bq1p/3p2p1/8/N3P3/1P1P1p1P/P1P4P/R6K w - - 0 28,c7a7 f3f2 h1g2 g8f8 a7d4 e7f6 d4f2 f6a1 f2f7 f8f7,2138,76,93,7248,advancedPawn advantage defensiveMove endgame quietMove skewer veryLong,https://lichess.org/UapReOhg#55,
yPhFx,8/5Rpk/3rp2p/1p6/r2Pq3/7P/5PP1/2Q2RK1 b - - 0 37,d6d4 c1c7 e4g6 f7f8,2106,95,26,41,crushing defensiveMove endgame quietMove short,https://lichess.org/2j6YQeXL/black#74,
yPj54,5n2/p3kPK1/P6p/7B/4p3/8/8/8 w - - 6 62,g7h6 f8e6 h5g4 e7f7 h6h5 f7f6,2117,113,87,21,crushing defensiveMove endgame long quietMove,https://lichess.org/uk3QoPmA#123,
yPqo5,8/p7/5p1k/1p6/r5rP/P4Q1K/5P2/8 w - - 1 47,f3g4 a4g4 h3g4 a7a5 g4f5 a5a4 f5e4 b5b4,2123,426,-71,4,crushing endgame quietMove veryLong,https://lichess.org/VeksPCE0#93,
yPyAB,8/6R1/8/p1r3pr/k1p2p2/7P/6PK/4R3 b - - 5 43,c4c3 g7b7 c5b5 e1a1 a4b4 a1b1 b4c4 b1b5,2179,75,96,1419,advantage endgame quietMove rookEndgame veryLong,https://lichess.org/MVG2MeIl/black#86,
yQ0dH,8/8/p2k1ppp/1p6/1P1K1PPP/P7/8/8 b - - 2 47,f6f5 g4f5 g6f5 h4h5 d6e6 d4c5,2125,77,90,1883,crushing endgame long pawnEndgame quietMove zugzwang,https://lichess.org/CgfhfVh4/black#94,
yQ31f,3r2k1/pR3ppp/5n2/6Q1/6B1/P1q1n3/6PP/1R4K1 w - - 0 24,g4e6 c3d4 b7d7 d8d7 b1b8 d7d8 b8d8 d4d8,2104,127,67,38,advantage middlegame quietMove veryLong,https://lichess.org/W82YJsIn#47,
yQRzV,8/8/2Pkp3/p6p/Pp3KpP/1P4P1/8/8 b - - 2 34,d6c6 f4g5 c6d5 g5h5 e6e5 h5g4 e5e4 h4h5 e4e3 g4f3 d5d4 f3e2,2178,78,95,279,crushing endgame pawnEndgame quietMove veryLong,https://lichess.org/rDf6Nw1i/black#68,
yRQx1,5r2/3p1p1k/pp2pPp1/3qP1Qp/8/4R3/PPr3PP/6RK b - - 1 24,f8c8 e3h3 d5d2 h3h5 h7g8 g5h4 d2g2 g1g2 c2c1 g2g1,2185,75,100,137,crushing endgame pin quietMove veryLong,https://lichess.org/16pVgJTy/black#48,
yRWQk,6k1/1pr3p1/p1n1p1Pp/2Np1p1P/3P4/2qB4/2P2P2/1KR1R3 b - - 6 24,c6b4 e1e6 c7c8 c1e1 c8f8 e6e8 c3e1 e8e1,2181,82,89,619,crushing middlegame quietMove veryLong,https://lichess.org/ZVf1sHt9/black#48,
yRqWE,4r1k1/1n2P1bp/p5p1/1p2N3/1P6/1r6/P5PP/R1B2RK1 b - - 0 25,g7e5 c1h6 e5d4 g1h1 d4g7 h6g7 g8g7 a2b3,2195,75,94,415,advantage defensiveMove middlegame quietMove veryLong,https://lichess.org/ingQt16e/black#50,
yRsm7,6k1/p4p2/6p1/1P1p4/3Q1P1q/7b/P7/5RK1 w - - 2 32,f1f2 h4g3 g1h1 h3f5 f2g2 f5e4,2176,86,90,503,crushing endgame long pin quietMove,https://lichess.org/d913i1vo#63,
yS4Z3,1b2r1k1/5p2/5n2/4pqpQ/8/4P1Pp/PB1P1P1P/1R3RK1 w - - 2 29,h5h6 g5g4 f2f3 g4f3,2121,84,71,122,advantage middlegame quietMove short,https://lichess.org/yq5DYr0U#57,
ySAc5,r5rk/2q2p1p/p2b1PpQ/2p3B1/3pP3/1P3RP1/P6P/6K1 b - - 0 26,c7b8 g3g4 d6g3 f3g3 b8g3 h2g3,2149,78,90,343,advantage long middlegame quietMove,https://lichess.org/i71zlVtq/black#52,
ySOmm,8/1R3pk1/pnNp1b2/1p1Pp3/4PqP1/PP3P1p/4Q1B1/5K2 w - - 0 42,g2h1 f6h4 b7f7 g7f7,2110,80,83,56,crushing middlegame quietMove short,https://lichess.org/EWPLmpwh#83,
ySi0o,1rr3k1/p3qN1p/4P1p1/8/5Q2/7P/2p2PP1/4R1K1 b - - 5 39,b8a8 f4e5 e7f7 e6f7,2132,82,44,40,advancedPawn crushing endgame quietMove short,https://lichess.org/iWdCT61c/black#78,
ySkEW,8/7p/1p6/p1p1K1P1/P6k/2P5/1P6/8 w - - 0 53,e5f6 h4h5 f6f5 c5c4 f5f6 h5g4,2150,90,46,29,crushing endgame long pawnEndgame quietMove zugzwang,https://lichess.org/0OCS9Zo0#105,
ySmBR,7Q/p4q2/1r2p1k1/2Np1p1p/3P2p1/4P1P1/5PKP/8 b - - 7 46,a7a6 c5d3 f7f6 d3e5,2171,75,92,6782,crushing endgame quietMove short,https://lichess.org/OpqAlkHk/black#92,
ySnHh,r4r1k/pp6/3p1p1p/2bPp3/2N1P2Q/3q2B1/P4PK1/5R2 b - - 2 25,h8h7 f1h1 h7g8 h4g4,2187,84,84,47,crushing middlegame quietMove short,https://lichess.org/kQRqPVm7/black#50,
yTEwx,8/8/R1N4p/6pk/6P1/2q4P/5P2/6K1 b - - 0 40,h5h4 c6e5 h6h5 a6h6 c3g3 f2g3,2184,80,90,309,clearance crushing endgame long quietMove,https://lichess.org/K43nyoSy/black#80,
yTRr5,r4rk1/2pn1ppp/pp1bp3/5n2/P2P4/1QN1P1Pq/1P1BBP1P/R4RK1 w - - 3 15,e2f3 f5h4 b3d1 d7f6 d1e2 f6g4,2160,89,77,28,crushing long middlegame quietMove,https://lichess.org/ZGRICGDc#29,Queens_Gambit_Accepted Queens_Gambit_Accepted_Old_Variation
yTtgO,8/8/8/6p1/6rk/1K2Q3/1P6/8 w - - 7 87,b3a3 g4g3 e3g3 h4g3 b2b4 g3f4 a3b3 g5g4 b4b5 f4e5 b3c2 g4g3 b5b6 e5d6 c2d2 g3g2,2146,83,90,471,advancedPawn crushing endgame pin queenRookEndgame quietMove veryLong,https://lichess.org/7A6ttOUc#173,
yUBNO,8/8/6p1/4p1k1/5p2/2K3P1/4B3/8 w - - 0 52,g3g4 e5e4 c3d4 f4f3 e2b5 g5f4 g4g5 e4e3 d4d3 e3e2 d3d2 f4g5,2195,77,93,6697,advancedPawn bishopEndgame crushing endgame quietMove veryLong,https://lichess.org/zs8U6FYQ#103,
yUK5j,2r3k1/5ppp/p7/8/3pp3/1P6/P1P2PPP/4R1K1 w - - 0 26,e1e4 d4d3 c2c4 d3d2 e4d4 c8e8 f2f4 e8e1,2131,76,95,1020,advancedPawn crushing endgame master quietMove rookEndgame veryLong,https://lichess.org/21a8lEFM#51,
yUhS5,5qk1/pp6/5rrp/2Ppp3/6PR/1P1R1PK1/P2Q4/8 w - - 0 37,d3d5 f6f3 g3g2 g6f6 d5d8 f3f2,2180,82,91,906,crushing endgame long master quietMove,https://lichess.org/ph2ToeBx#73,
yUoXt,6k1/2n5/6PK/3pB3/7p/8/8/8 w - - 1 57,e5c7 d5d4 h6h5 d4d3 c7f4 h4h3,2166,78,64,143,bishopEndgame crushing endgame long quietMove,https://lichess.org/E9doSMYS#113,
yUvJT,6R1/8/p7/P2k2P1/3P4/3b4/4pP2/6K1 w - - 0 44,g8e8 d3e4 e8d8 d5e6,2128,128,82,20,crushing defensiveMove endgame master quietMove short,https://lichess.org/3CITfbEc#87,
yUvhh,R7/1ppk2pp/3r4/3Pnp1q/2P1r3/1P4B1/2PQ1PP1/R5K1 w - - 5 25,c4c5 d6h6 c5c6 b7c6 d5c6 d7e6,2104,133,76,26,advantage defensiveMove long middlegame quietMove,https://lichess.org/7ALqZloW#49,
yVFYc,r5k1/1pr1pp2/3b2P1/3P4/6R1/p2B4/2P1K3/1R6 b - - 0 30,a3a2 g6f7 g8f8 b1f1 e7e6 g4g8,2190,90,85,29,advancedPawn crushing doubleCheck endgame long quietMove,https://lichess.org/uDoTeGhl/black#60,
yW68b,1krR4/pp2Q1pp/5p2/4p3/q7/4P1P1/1r3P1P/5RK1 b - - 1 32,a4c6 f1d1 b2c2 d8c8 c6c8 d1d8 c8d8 e7d8,2135,87,61,33,clearance crushing endgame pin queensideAttack quietMove veryLong,https://lichess.org/tInvWwfK/black#64,
yWE6N,1n5k/r3q2p/p2p3Q/2p1p3/1p1r4/N7/PPP4R/1K4R1 b - - 1 27,b4a3 h2g2 d4d1 g1d1,2130,76,91,2925,crushing middlegame quietMove short,https://lichess.org/yu1ypvSk/black#54,
yWQmY,5k2/5p2/2p2P1N/1pP3p1/1r6/2r5/K7/3R4 b - - 1 43,f8e8 h6f5 c3c2 a2a3,2160,104,80,23,crushing endgame quietMove short,https://lichess.org/UKiJp3CE/black#86,
yXoQw,8/8/1ppk4/p2p2p1/3P2P1/1KP5/PP6/8 b - - 1 41,c6c5 b3a4 d6c6 b2b3 c5d4 c3d4,2182,126,100,35,crushing endgame long pawnEndgame quietMove,https://lichess.org/hZQ6P1lB/black#82,
yYBWo,8/6pk/7p/3p4/p3q2P/P2Q4/KPP5/8 w - - 3 34,h4h5 e4d3 c2d3 g7g5 h5g6 h7g6,2140,78,73,115,crushing endgame long queenEndgame quietMove,https://lichess.org/bAkgQ0kY#67,
yYUTI,1r3r1k/1pp3pp/p2b3q/8/Q2pN3/3P1pP1/PPP2P1P/4RR1K w - - 2 22,a4d4 h6h3 f1g1 f8f5 e4d6 f5h5 d4h4 h5h4,2152,79,90,1272,advantage middlegame quietMove sacrifice veryLong,https://lichess.org/KPelC9M4#43,
yYhay,r4rk1/pppn1ppp/1q1b4/3Pp3/4N1b1/1P3N2/P1P1B1PP/R2Q1R1K b - - 0 13,h7h6 f3h4 b6e3 e2g4,2143,142,46,16,advantage discoveredAttack middlegame quietMove short,https://lichess.org/njTwO8hs/black#26,Blackmar-Diemer_Gambit Blackmar-Diemer_Gambit_Lemberger_Countergambit
yZ0Uk,3R1r2/pbq2ppk/1p2p3/4P1Q1/2p5/4R3/PPP2PPP/2K5 b - - 0 19,f8d8 e3g3 f7f5 e5f6,2167,90,53,34,crushing enPassant endgame master quietMove short,https://lichess.org/FEPbkVdf/black#38,
yZBBK,8/8/6p1/2Kp2Pp/3Pk3/5N2/4p1P1/8 w - - 0 62,f3e1 h5h4 c5b4 e4d4 b4b3 d4e3,2132,75,94,436,crushing defensiveMove endgame knightEndgame long master quietMove,https://lichess.org/Prd3ZLdL#123,
yZBzW,8/p7/1p5p/2p1k1pP/P1P2rP1/1P3RK1/8/8 w - - 9 50,f3f4 g5f4 g3f3 a7a6 g4g5 h6g5,2184,81,82,66,crushing endgame long quietMove zugzwang,https://lichess.org/kXqWxkvX#99,
yZag6,5rk1/5pp1/1R6/1Np5/p5QP/P7/KPq3P1/8 w - - 0 29,h4h5 c2b3 a2a1 f8e8 g4h4 b3d1,2183,79,87,81,advantage endgame long quietMove,https://lichess.org/KSYbF7kr#57,
yaIhW,8/1k6/1P6/8/5Kp1/6P1/7P/3b4 b - - 3 44,d1f3 h2h4 f3d1 h4h5,2182,82,90,2974,bishopEndgame crushing defensiveMove endgame quietMove short,https://lichess.org/djCJVXy7/black#88,
yaQKg,2r2rk1/2q3pp/1n1R4/1p2pN1Q/1P6/8/2P2PPP/2bR2K1 b - - 0 28,g7g6 d6g6 h7g6 h5g6 g8h8 d1d3 c7h7 d3h3,2191,77,94,104,advantage kingsideAttack middlegame pin quietMove sacrifice veryLong,https://lichess.org/yLPCBQMD/black#56,
yaaII,8/p7/7p/4k1p1/2P1p3/1P6/P4KP1/8 b - - 3 41,e5d4 g2g4 d4d3 f2e1 h6h5 g4h5 g5g4 h5h6 g4g3 h6h7 g3g2 e1f2 e4e3 f2g2,2153,77,91,391,advancedPawn crushing endgame pawnEndgame quietMove veryLong,https://lichess.org/BVUWbJcE/black#82,
yb0Tr,8/8/7R/1p3k1p/1Pq4P/6P1/5P1K/8 b - - 4 49,f5g4 h6f6 c4e4 f2f3 e4f3 f6f3 g4f3 h2h3,2199,75,92,4281,crushing defensiveMove endgame fork master masterVsMaster queenRookEndgame quietMove veryLong zugzwang,https://lichess.org/yINIQXnC/black#98,
ybPRK,3r2k1/pppq1p2/3rn1pQ/4nR2/2ppP3/2P3NP/PP3PP1/3RN1K1 b - - 2 22,g6f5 g3h5 d7e7 h5f6 e7f6 h6f6 d4c3 d1d6 c7d6 b2c3,2128,75,80,99,advantage middlegame quietMove veryLong,https://lichess.org/koidh4db/black#44,
ybv72,3r4/5R2/5R2/1p1kp2p/1P6/2P5/P4KPP/3r4 w - - 9 37,f2e2 d5e4 e2f2 h5h4 f6f4 e5f4,2144,78,90,585,crushing endgame long quietMove rookEndgame,https://lichess.org/f14WZTB4#73,
ybzCW,5r2/p1k2r2/Q1p5/4q1p1/P7/2PR4/5p1P/3R1K2 b - - 1 35,f8a8 d1b1 e5e1 b1e1 f2e1r f1e1,2109,92,76,28,advantage endgame long quietMove,https://lichess.org/o86YUMt7/black#70,
ycEsO,8/3K4/8/4k2p/8/7P/8/8 w - - 2 53,d7e7 h5h4 e7d7 e5f4 d7d6 f4g3 d6e5 g3h3 e5f4 h3g2,2155,78,90,833,crushing endgame pawnEndgame quietMove veryLong,https://lichess.org/mGNNW8t3#105,
ycGVK,8/8/R4p1k/2p2Bp1/3b4/6PK/P4r1P/8 b - - 1 39,h6h5 g3g4 h5h6 a6a7 f2f3 h3g2 f3f5 g4f5,2134,75,90,566,crushing endgame quietMove veryLong,https://lichess.org/b8hd38jw/black#78,
ycdCK,8/8/pR5p/3K4/kP6/2P5/7r/8 b - - 0 43,a4b3 b6a6 b3c3 b4b5 h2h5 d5c6,2164,75,94,2286,advantage defensiveMove endgame long quietMove rookEndgame,https://lichess.org/sP2HgO0K/black#86,
ydYzF,8/3k2pp/4p3/4PpP1/5P1P/5K2/8/8 w - - 0 55,h4h5 d7c6 f3e3 c6c5 e3d3 c5d5 g5g6 h7h6 d3c3 d5e4,2189,75,91,2606,crushing endgame pawnEndgame quietMove veryLong zugzwang,https://lichess.org/fuzTI2o8#109,
ydb4Z,8/k2q1r2/Pp1B3p/3P2p1/1QP1r3/8/6PP/6RK b - - 0 33,h6h5 g1b1 d7d8 d6c5,2189,78,91,4233,crushing endgame quietMove short,https://lichess.org/8tyH84fU/black#66,
ydoIz,1k1r1r2/pp6/2p2n1p/8/2P3p1/3P3P/PP3qP1/R1BQ2RK w - - 0 25,g1f1 f6e4 f1f2 e4f2 h1g1 f2d1,2121,74,94,692,advantage fork long middlegame quietMove sacrifice,https://lichess.org/iw4LemZs#49,
ydwkp,r3r1k1/p2bbppp/5n2/q1ppQ1B1/8/2N2P2/PPP1N1PP/R4R1K w - - 2 15,c3d5 f6d5 e5d5 e7g5 e2c3 a5d8 a1d1 d7e6,2142,79,73,98,crushing discoveredAttack middlegame quietMove veryLong,https://lichess.org/tkj9raQg#29,French_Defense French_Defense_Classical_Variation
ye7i7,8/5k2/5P2/3p2P1/1p1K4/p4n2/B7/8 w - - 4 51,d4d5 f3d2 d5e5 b4b3,2135,74,93,2763,crushing defensiveMove endgame master quietMove short,https://lichess.org/XuwXDoDU#101,
yeNuM,4r1k1/1p1q1p1p/p2B4/2Pp2p1/3P3n/3B1bQP/PP3P1K/2R5 b - - 2 29,h7h6 c1g1 g8h8 d6e5 e8e5 g3e5,2192,79,89,442,crushing kingsideAttack long middlegame quietMove,https://lichess.org/nAJNJvom/black#58,
yeR4o,4r3/r3Pp2/5k2/4R1pp/P3R3/1K3P2/3p2PP/8 w - - 0 48,b3c2 a7d7 c2d1 e8c8 e7e8n f6g6 e5e6 f7e6,2131,74,90,494,crushing endgame quietMove rookEndgame veryLong,https://lichess.org/rlhxBGbx#95,
yebsm,r7/1k4KP/2n3R1/8/8/8/8/8 b - - 0 68,c6e7 g6f6 b7c7 f6f8 a8f8 g7f8,2165,75,81,109,crushing endgame long quietMove,https://lichess.org/c4DoV9Ze/black#136,
yegx5,6rk/1p3Rp1/p2Q3p/q2p4/3P4/2P3P1/1P4PP/6K1 w - - 0 28,f7b7 a5a1 g1f2 g8e8 d6e5 e8e5,2129,76,97,464,advantage endgame long quietMove,https://lichess.org/wlD7Ia34#55,
yeu2p,2r1r1k1/pb2qp2/1p4pp/n2Pp3/2P5/P2QP3/3N2PP/1BR2RK1 b - - 5 21,b7a6 d5d6 e7d7 d2e4 e8e6 e4f6 e6f6 f1f6,2141,78,91,2591,crushing fork master middlegame quietMove veryLong,https://lichess.org/SdsAqJ52/black#42,
yezKc,8/2p5/2p1p3/2p1Pk2/2R2P2/2P5/5K2/4r3 b - - 6 43,e1e4 c4e4 f5e4 f2g3 e4f5 c3c4 f5g6 g3g4,2171,94,77,29,crushing defensiveMove endgame quietMove rookEndgame veryLong zugzwang,https://lichess.org/uIRl14AZ/black#86,
yfPqA,8/8/5p2/7k/2P3p1/4K3/8/8 b - - 1 51,g4g3 c4c5 g3g2 e3f2 h5g4 c5c6 g2g1q f2g1,2101,74,85,160,crushing endgame pawnEndgame quietMove veryLong,https://lichess.org/xq3qtdOx/black#102,
yfXe4,8/7p/3rk3/5p2/1P2np2/7P/1R3BP1/6K1 w - - 0 37,f2h4 d6d1 g1h2 e4d2 h4e1 d2f1 h2g1 d1e1,2164,75,95,1403,advantage endgame master masterVsMaster quietMove veryLong,https://lichess.org/F4nl99xU#73,
yfhVA,r2q1rk1/pp3pp1/2p1p3/6p1/3PQ1R1/P7/1PP3P1/2K4R b - - 1 20,g7g6 e4e5 f7f6 e5h2 g8f7 h2h7,2182,82,84,43,crushing endgame long quietMove,https://lichess.org/BsV5c74n/black#40,
yftvk,4r1k1/5ppp/Q7/3Pp3/4Pn2/2N1qP2/6PP/3R3K w - - 0 30,c3b1 f4h3 a6f1 h3f2 f1f2 e3f2,2120,81,80,46,crushing endgame fork long master quietMove,https://lichess.org/UngbCn8o#59,
yg4b3,r4rk1/pp1b1ppp/2pb4/2np4/3N4/P1P1BB2/1P3PPP/2RR2K1 b - - 2 17,c5e4 f3e4 d5e4 d4c2 d6h2 g1h2,2157,80,91,589,advantage long middlegame quietMove,https://lichess.org/E8C23Xdk/black#34,Kings_Pawn_Game Kings_Pawn_Game_Macleod_Attack
ygHz5,8/4p1k1/4Qbp1/2B2p1p/5P1P/6P1/7K/3q4 w - - 10 48,c5e7 f6d4 e7f8 g7f8,2107,91,80,24,crushing endgame master quietMove short,https://lichess.org/DAJUgsoQ#95,
ygWOr,6k1/p5pp/b1p5/2ppq3/P7/1P2Pr2/2Q3RP/2R4K b - - 1 27,f3e3 c1g1 a6d3 g2g7 e5g7 g1g7,2149,80,91,459,advantage endgame long master quietMove,https://lichess.org/4WOLifJf/black#54,
yglEh,3kr3/2p1b3/3p2Q1/3Pp2P/r3P3/5RK1/2q3P1/7R b - - 0 32,a4e4 h1a1 e4a4 g6c2,2121,81,91,454,crushing middlegame quietMove short,https://lichess.org/Zu6JDi6C/black#64,
yguub,8/6p1/K4p1p/1p2pP2/3kP1PP/P7/8/8 w - - 18 63,a6b5 d4e4 a3a4 e4f4 a4a5 e5e4 a5a6 e4e3 a6a7 e3e2 a7a8q e2e1q,2175,77,90,1366,advancedPawn crushing endgame pawnEndgame promotion quietMove veryLong,https://lichess.org/b7tEV6sn#125,
ygytz,3r4/8/4Pkp1/2PP2Rp/5p1P/p4r2/2K5/3R4 w - - 1 52,d1a1 d8b8 a1a3 f3a3,2177,79,86,84,crushing endgame quietMove rookEndgame short,https://lichess.org/To7wL8BH#103,
yh4fk,8/1k2p3/p4p2/Pb2r1p1/1PR1P1P1/4KB2/6P1/8 w - - 11 44,c4c5 e5c5 b4c5 e7e5 e3d2 b7c6 d2c3 c6c5,2190,80,80,38,crushing endgame master quietMove veryLong,https://lichess.org/tYOCWKiT#87,
yhoqO,8/7k/1pn3pp/p1p2p2/P4P2/1B1P1P2/2PK3P/8 b - - 2 29,c6d4 b3d5 b6b5 c2c3 b5a4 c3d4,2130,76,96,1030,advantage endgame long quietMove trappedPiece,https://lichess.org/T980VWIT/black#58,
yiRUw,8/6k1/6Pp/p1p5/1p1b1pP1/1P1Q1P2/2P2q2/3K1N2 w - - 5 43,d3e2 f2e2 d1e2 d4c3 f1d2 c3d2 e2d2 g7g6,2133,134,87,22,crushing endgame quietMove veryLong,https://lichess.org/jbIAYnzX#85,
yiT9s,8/p5p1/8/2P1k2p/1K6/6P1/b5BP/8 b - - 1 34,a2d5 g2d5 e5d5 b4b5 g7g5 h2h3 g5g4 h3h4,2199,77,90,1169,bishopEndgame crushing defensiveMove endgame quietMove veryLong zugzwang,https://lichess.org/tqwxYzPf/black#68,
yiWpF,r4rk1/p5pp/b1p5/1p6/Pq1Bp1PP/1P2P3/3NK3/R2Q2R1 w - - 1 23,a4b5 a6b5 d2c4 a7a5 d1c2 a5a4 c2c3 b4c3 d4c3 a4b3,2179,120,72,16,advantage capturingDefender middlegame pin quietMove veryLong,https://lichess.org/nni8IFVK#45,
yiiWi,8/2p5/pp3p2/2p1p3/3k2KP/P7/1PP5/8 b - - 0 38,e5e4 h4h5 f6f5 g4f4 e4e3 f4f3,2155,75,90,508,crushing defensiveMove endgame long pawnEndgame quietMove,https://lichess.org/xGYlyDkc/black#76,
yirti,8/5kp1/5p1p/4p3/4P1K1/5P1P/6P1/8 w - - 2 66,g4f5 h6h5 g2g3 g7g6,2156,77,71,263,endgame mate mateIn2 pawnEndgame quietMove short,https://lichess.org/V19zE1aJ#131,
yj1TO,1k2r3/1pq2pp1/p3b2p/8/8/P1N4P/1PQR1PP1/6K1 w - - 3 23,b2b4 e8c8 c2e4 c7c3,2131,77,86,79,crushing endgame quietMove short,https://lichess.org/8YFbIhcy#45,
yjM93,4r1kb/1Q6/3p2pp/3Pp3/1P2N1bq/P4p2/5PP1/2R2RK1 w - - 0 27,e4d6 e8f8 c1c8 g4c8,2117,104,82,26,advantage middlegame quietMove short,https://lichess.org/hZlPFqML#53,
yjixj,8/p7/8/3k1p1p/1P1p4/3K3P/P5P1/8 w - - 0 39,a2a4 h5h4 a4a5 a7a6 b4b5 a6b5 a5a6 d5c6 a6a7 c6b7 a7a8q b7a8,2116,80,80,54,crushing endgame pawnEndgame quietMove veryLong,https://lichess.org/DGo9ogpT#77,
yjmtF,4k2r/p1b2p1p/2p1p1p1/2pr1q2/R7/3P1N2/PPP1QP2/R1B4K w k - 0 23,e2e4 f5h3 h1g1 d5h5 e4c6 e8f8,2116,79,70,43,advantage clearance defensiveMove long middlegame quietMove,https://lichess.org/Hn92zZUt#45,
yjxTO,2B5/6p1/8/7p/8/8/2K2k2/8 w - - 0 63,c8f5 g7g5 f5g6 g5g4 g6h5 g4g3 c2d3 g3g2,2196,79,81,62,advancedPawn bishopEndgame crushing endgame quietMove veryLong,https://lichess.org/wkG5uCMO#125,
ykOqC,1k3b1r/1p3ppp/4p3/1Pp1Q3/8/8/q4PPP/2R3K1 b - - 1 25,b8c8 b5b6 c8d7 e5c7 d7e8 c1d1 f8d6 c7d6,2106,152,-24,10,crushing endgame quietMove veryLong,https://lichess.org/ft4UDG9R/black#50,
ykZtN,7r/1p1k4/p3p3/2RpPn2/1q1P4/1P2BP1p/5K2/2Q5 b - - 1 31,h8d8 c5c7 d7e8 c1g1 f5e7 g1g7 d8c8 g7h8,2199,78,87,193,crushing endgame quietMove veryLong,https://lichess.org/dUO2U3T1/black#62,
ykabB,r4rk1/pp3p2/6bp/2p1q1p1/3pP1P1/3B3P/PPPQ2P1/4RRK1 b - - 1 22,e5g3 e4e5 a8e8 f1f3 g3f3 g2f3,2160,76,84,72,crushing long middlegame quietMove,https://lichess.org/2uY2WcwM/black#44,
ylOgv,8/8/pB6/P7/1P2pKp1/3k1bP1/8/8 b - - 5 53,d3e2 b6e3 e2d3 b4b5 a6b5 a5a6 b5b4 a6a7 b4b3 a7a8q,2194,77,95,282,advancedPawn bishopEndgame crushing endgame promotion quietMove veryLong,https://lichess.org/u6HvOFpQ/black#106,
ylT1o,8/4k3/p2p3p/5p2/2P2P1p/3PK3/P7/8 b - - 1 47,e7d7 d3d4 d6d5 c4c5,2131,79,91,3106,crushing defensiveMove endgame pawnEndgame quietMove short,https://lichess.org/raADWo6L/black#94,
ylVLF,4r1k1/4bp2/4p1p1/3pP3/2pP1Q2/q4NP1/5PK1/3R4 b - - 1 33,g8g7 d1h1 e8h8 h1h8 g7h8 f4f7,2147,76,82,107,crushing endgame long quietMove,https://lichess.org/BE0cVIhT/black#66,
yldqu,r5k1/5rp1/4Q2p/1p1p4/p2P3q/P1P5/1P3P2/3R1RK1 w - - 1 26,e6d5 a8a6 d1d3 a6g6 d3g3 g6g3 f2g3 h4g3,2109,112,62,19,crushing endgame quietMove veryLong,https://lichess.org/0QIejGBA#51,
ylh3H,8/8/7p/2p1N1p1/2P3P1/1P1K3k/8/2b5 w - - 0 39,d3c2 c1f4 e5f7 h6h5 g4h5 g5g4 h5h6 f4h6,2173,83,90,1196,crushing endgame quietMove veryLong,https://lichess.org/izggDVHn#77,
ylk0H,8/1p6/2p3p1/3k3p/5P2/3K2P1/1P5P/8 w - - 1 34,b2b4 b7b5 h2h3 c6c5 b4c5 d5c5,2106,78,90,1800,crushing endgame long pawnEndgame quietMove,https://lichess.org/6hjU6SCn#67,
ymAbp,8/1p2k3/p2p4/3P2pp/1P3p2/P2K1P1P/6P1/8 w - - 0 39,d3e4 e7f6 a3a4 b7b6 h3h4 f6g6,2184,79,81,60,crushing defensiveMove endgame long pawnEndgame quietMove zugzwang,https://lichess.org/H5dAmU07#77,
ymzSV,8/8/4pp2/2k4p/4PK2/8/6PP/8 b - - 0 36,c5d4 h2h4 f6f5 e4f5,2162,75,82,79,crushing endgame pawnEndgame quietMove short,https://lichess.org/bpwbaeG7/black#72,
yngOc,4Q3/6pk/p7/2p1p1q1/1p1b2P1/p6P/6PK/5R2 b - - 1 47,a3a2 f1f8 g5f4 f8f4 e5f4 e8h5,2131,82,76,37,advantage endgame long quietMove,https://lichess.org/Zxm4a36R/black#94,
ynuAg,2r5/8/8/4p1B1/3kP1P1/5PK1/8/8 b - - 2 66,c8g8 g5f6 g8f8 g4g5 d4e3 g3g4,2103,76,93,469,crushing defensiveMove endgame long quietMove,https://lichess.org/jLfUVZYP/black#132,
ynziV,6k1/3b2pp/2r1p3/5p2/1pN2NP1/1P3P2/2Q4R/2K1q3 w - - 0 34,c1b2 c6a6 c2c1 a6a2 b2a2 e1c1,2181,74,93,7002,advantage deflection long master middlegame quietMove,https://lichess.org/haNs42T0#67,
yoArw,r2q1r1k/4bppp/p3pn2/1pp1B3/4N3/3P1RQ1/PPP3PP/R6K b - - 1 18,f8g8 e4g5 g8f8 g5h7 h8h7 g3h4 h7g8 f3h3 f6h5 h4h5,2177,104,86,26,advantage attraction clearance kingsideAttack middlegame quietMove sacrifice veryLong,https://lichess.org/OiCSsa09/black#36,Sicilian_Defense Sicilian_Defense_Closed
yoBcc,8/1pqkp3/p7/6Q1/8/5PK1/6PP/8 w - - 1 40,g5f4 a6a5 g3g4 c7f4 g4f4 a5a4,2199,86,91,1005,crushing defensiveMove endgame long queenEndgame quietMove,https://lichess.org/IGA5VNLt#79,
yoL58,8/8/1K2Bp1p/p4PP1/P4k1P/8/3b4/8 b - - 0 48,h6g5 h4h5 g5g4 h5h6 g4g3 e6d5 f4e5 h6h7 e5d5 h7h8q,2112,76,97,682,advancedPawn bishopEndgame crushing endgame promotion quietMove veryLong,https://lichess.org/o5KISOBE/black#96,
yoLQp,8/7p/4p1p1/1R3p1k/4rP1P/5KP1/8/8 b - - 5 54,h7h6 g3g4 h5h4 b5b1 e4f4 f3f4 e6e5 f4e5,2144,76,94,326,crushing endgame quietMove rookEndgame veryLong,https://lichess.org/ksgHq3U7/black#108,
yoYFO,8/8/p1p3p1/6N1/6P1/1P4Kp/P4n2/5k2 w - - 4 48,g5h3 f2h3 g3h3 g6g5 h3g3 f1e2,2149,79,91,1360,crushing defensiveMove endgame knightEndgame long quietMove,https://lichess.org/zzHHsdom#95,
youeD,8/3r1p1k/2R3p1/p6p/2bB3P/r1P2R2/6PK/8 b - - 0 38,c4d5 c6c8 f7f6 f3f6,2192,80,86,45,crushing endgame quietMove short,https://lichess.org/bDhdYEl5/black#76,
yoxDT,3r2k1/5ppp/r7/2nPP3/pp6/1Pp2P2/P1K1N1PP/3R3R w - - 0 27,e2c1 a4b3 a2b3 d8a8 d1d4 a6a2 c1a2 a8a2,2187,75,90,1196,advantage endgame quietMove sacrifice veryLong,https://lichess.org/picwRVMI#53,
ypB9r,1RQ5/r4ppk/2p4p/P1p5/2PpqP2/6PK/7P/8 b - - 5 34,a7e7 f4f5 e7e8 c8e8 e4f5 h3g2,2140,77,84,54,advantage defensiveMove endgame long quietMove,https://lichess.org/vBlsEY2r/black#68,
ypEuK,8/p1p1r1pp/5pk1/4q3/8/1Q1P1P2/P1P2P1P/3R1K2 w - - 5 28,b3b4 e5e2 f1g2 e7e5 h2h4 e2d1,2148,80,90,1028,advantage clearance endgame fork long quietMove,https://lichess.org/XnCb9x7K#55,
yq8IX,8/p4p2/1p4kP/2p3Pr/3p1K2/3R4/PP6/8 b - - 4 44,h5g5 d3h3 g5f5 f4e4 f5f1 h6h7,2104,87,81,39,advancedPawn crushing defensiveMove endgame long quietMove rookEndgame,https://lichess.org/IBJhl6IC/black#88,
yqUf1,8/4R2p/6pk/8/1Q1p2q1/r5P1/5PK1/8 b - - 1 31,a3d3 b4b7 g4f3 b7f3,2191,75,87,100,crushing endgame quietMove short,https://lichess.org/dnOM1cdJ/black#62,
yqXRn,1q6/5pk1/p2b1n2/P2p2n1/1p1Pp3/1N2P1P1/1PQ1BPK1/2B5 w - - 5 32,e2a6 b8h8 c2c8 h8h5,2102,77,91,462,crushing defensiveMove master middlegame quietMove short,https://lichess.org/eXfaixON#63,
yqXkT,8/8/1p5p/p3pKp1/3kP3/1P4P1/P6P/8 b - - 5 48,b6b5 g3g4 b5b4 h2h3 d4c3 f5e5,2172,74,93,10618,crushing endgame long master masterVsMaster pawnEndgame quietMove superGM zugzwang,https://lichess.org/7zpZaP58/black#96,
yqi3A,8/8/8/2B1p3/p1P3p1/3K1k2/8/8 w - - 0 54,d3c3 e5e4 c5g1 e4e3 c4c5 e3e2 c3d2 a4a3 c5c6 a3a2,2153,80,90,1460,advancedPawn bishopEndgame crushing endgame quietMove veryLong,https://lichess.org/fQPG6nj5#107,
yrJTn,2k3r1/p1pr3p/1p4pb/8/2PB4/2K3P1/PP5P/3R1R2 w - - 5 26,d1d3 g8d8 f1f3 d7d4 d3d4 h6g7,2166,77,90,1288,crushing endgame long pin quietMove sacrifice,https://lichess.org/kISyH5hD#51,
yrZvw,2k5/ppp4r/3q4/3Nn3/4P1np/P1Q3P1/1P3PP1/R4RK1 w - - 2 24,a1d1 h4g3 c3g3 d6h6 d5e7 h7e7,2129,76,87,755,crushing long middlegame quietMove,https://lichess.org/jNEytiMQ#47,
yreM0,8/8/2p1pk2/p7/PpPPK3/1P6/8/8 b - - 1 39,f6f7 e4e5 f7e7 c4c5 e7d7 e5f6,2176,81,94,3751,crushing endgame long pawnEndgame quietMove zugzwang,https://lichess.org/eQE0DENK/black#78,
yrjLz,8/5k2/3R4/3p2pp/2r5/1p1K2PP/5P2/8 w - - 0 50,d6d5 c4b4 d3c3 b3b2 c3b4 b2b1q,2106,75,97,311,advancedPawn advantage endgame long promotion quietMove rookEndgame,https://lichess.org/mh4mEp4Z#99,
yrlt9,r2q1rk1/pp2b1p1/2n4p/3p4/3Pp3/1BP2p2/PP2QP1N/R1B2RK1 w - - 0 20,e2b5 f8f5 f1e1 e7d6 e1e4 d6h2,2177,134,82,16,crushing long middlegame quietMove,https://lichess.org/xeOwnbMn#39,
ysiDv,r3kb1r/pp3ppp/1qn1pn2/1B1p1b2/Q2P1P2/4PN2/PP1B2PP/RN2K2R b KQkq - 3 9,f8d6 d2a5 f5c2 b2b3 e8e7 a5b6,2107,77,87,143,crushing long middlegame quietMove,https://lichess.org/3GlDT964/black#18,Canard_Opening Canard_Opening_Other_variations
ysnPt,1kb2q2/1p6/PQ1b4/3N2p1/8/6Pp/1PP1B2P/4n2K b - - 1 32,e1c2 a6a7 b8a8 b6a5 f8f2 d5b6 f2b6 a5b6,2160,79,85,176,advancedPawn crushing fork middlegame quietMove veryLong,https://lichess.org/mBw6dUEM/black#64,
ysvq6,8/5p2/4p1pk/7p/P1R3PK/5P1P/r7/8 w - - 1 47,g4h5 a2g2 h5g6 f7g6 c4c5 g6g5 c5g5 g2g5,2147,75,94,2000,crushing endgame master quietMove rookEndgame veryLong,https://lichess.org/R2eqywyx#93,
ysyaU,5rk1/2R2pp1/4p3/2p1P3/1pP2P1p/1P1Q3P/P4qPK/8 w - - 2 43,d3e4 f2g3 h2g1 f8d8 e4f3 g3e1,2140,77,81,177,crushing endgame long master quietMove,https://lichess.org/CgXMs6S6#85,
ytZy3,r1b1k2r/p2q1ppp/4p3/2ppP3/2P2P2/bP4P1/3BN1QP/1R3R1K b kq - 0 22,d5d4 g2a8 e8g8 a8g2 c8b7 f1f3,2157,85,84,58,advantage defensiveMove hangingPiece long middlegame quietMove,https://lichess.org/vx6rVjzS/black#44,
ytfWy,4r3/p4pkp/5pn1/3N1K2/8/8/P4PPP/2RR4 w - - 4 31,c1c6 h7h5 d5e7 g6e7 f5f4 e7c6,2199,138,79,23,crushing endgame fork long quietMove,https://lichess.org/yMOY7Iuj#61,
ytlD3,3r4/pR3R1p/4P2b/2pPkp2/2P5/8/P1K1B1r1/8 w - - 4 41,c2d3 d8g8 f7f5 e5f5,2165,81,86,45,crushing endgame quietMove short,https://lichess.org/tLBXkL36#81,
ytzNb,8/r1k1npp1/pRp1p3/P1NpP2p/5P2/3K4/P5PP/8 w - - 7 30,c5a6 a7a6 b6a6 e7c8 a6a8 c7b7 a8c8 b7c8,2142,75,94,3017,crushing endgame master quietMove sacrifice trappedPiece veryLong,https://lichess.org/9qDMLzVm#59,
yuFN5,r5k1/pp3bpp/2p2n2/2b1pP2/2P1P1P1/1P3Q2/q3N1RP/3R3K b - - 0 25,a2c2 e2g3 c2d1 f3d1,2191,75,92,3090,advantage middlegame quietMove short trappedPiece,https://lichess.org/PKNYZ1jH/black#50,
yuI5H,8/2p5/5kpp/3K4/5PPP/8/8/8 b - - 0 43,f6f7 d5c6 h6h5 g4g5 f7e8 c6c7,2109,75,85,160,crushing endgame long pawnEndgame quietMove,https://lichess.org/tnWV9TkM/black#86,
yuo6V,r5k1/1b3pp1/p2p4/1p1P2P1/2p1QbqP/2P5/PP6/1BKR3R w - - 3 26,c1c2 b7c8 d1g1 c8f5 g1g4 f5e4 c2d1 e4f3,2196,75,95,4777,crushing fork middlegame pin quietMove veryLong,https://lichess.org/vcyk6UcR#51,
yvV2s,6k1/6p1/4q2p/8/2R5/1PQ2PPK/P3r3/8 w - - 3 39,g3g4 e6d6 c4c8 g8h7 c3c2 e2c2,2176,76,91,732,advantage defensiveMove endgame long quietMove,https://lichess.org/CNRZidwz#77,
ywC9O,6k1/pp2Q2p/6p1/3q4/4bP2/3p2K1/8/6R1 b - - 3 36,e4f5 e7e8 g8g7 g1e1 g6g5 e1e7,2168,88,21,26,advantage endgame long quietMove,https://lichess.org/ypM8VmbK/black#72,
ywCCD,6k1/3n1pp1/r1q1pn1p/P2p4/2pN4/2Q1PN2/5PPP/1R4K1 b - - 1 25,c6a4 b1a1 f6e4 c3e1 a4a1 e1a1,2154,75,92,469,advantage long middlegame quietMove trappedPiece,https://lichess.org/o6T3RWXO/black#50,
ywFR5,6k1/PN3pp1/1n5p/3P4/1P6/2n4P/3p1PP1/4R1K1 w - - 0 32,e1a1 c3e2 g1h2 e2c1 d5d6 d2d1q a7a8q b6a8,2147,79,78,136,advancedPawn advantage endgame promotion quietMove veryLong,https://lichess.org/Qh85m6lS#63,
ywja6,rr4k1/p1pq2p1/Q1n1pn1p/P2pp3/1b2P3/2PP1NP1/3N1PKP/R1B2R2 w - - 0 17,c3b4 c6b4 f3e5 d7e8 c1a3 b4a6,2191,79,99,217,advantage long master middlegame quietMove trappedPiece,https://lichess.org/eJScTwya#33,Italian_Game Italian_Game_Paris_Defense
yxGvj,6k1/p1p4p/6p1/2pqR3/3pR1P1/8/PPP3K1/8 b - - 2 34,d5a2 g4g5 a2f7 e5e8 f7e8 e4e8,2151,79,88,205,crushing endgame long queenRookEndgame quietMove,https://lichess.org/z2sGprPd/black#68,
yyHY9,Q6r/2pk1p2/3r4/3n2pp/3PP3/P6q/1P3P1N/2RR2K1 w - - 3 24,a8h8 d5f4 c1c7 d7c7 d1c1 c7b7 h8c8 h3c8,2179,75,100,178,advantage middlegame quietMove veryLong,https://lichess.org/6bagHY4w#47,
yyJ5Z,8/5kP1/4nP2/p6P/P2p4/2r5/3K4/5R2 b - - 2 62,c3h3 f1g1 e6g7 f6g7,2151,76,84,220,advancedPawn crushing endgame quietMove short,https://lichess.org/CEfCmTtw/black#124,
yyJKA,1r2kb1r/pP2p1p1/2Qp4/6p1/7q/7b/PP3PPP/RN3RK1 b - - 2 18,e8d8 f1c1 h4g4 c6c7 d8e8 c7b8 e8f7 b8e8 f7e8 b7b8q,2195,86,81,41,advancedPawn advantage attraction fork middlegame promotion quietMove veryLong,https://lichess.org/z2Ghy2zh/black#36,Sicilian_Defense Sicilian_Defense_Bowdler_Attack
yyW9K,8/2RQ1pk1/P2p4/3Nn1qr/1P2P2b/8/6PP/2R4K w - - 5 33,c1f1 e5d7 c7d7 h4f2 d7f7 g7f7,2154,87,73,31,advantage long middlegame quietMove,https://lichess.org/LOc4uYdj#65,
yyXqp,r3r1k1/pp1qnpPp/6p1/3p4/3Q4/2N5/PPP3PP/R4RK1 b - - 0 17,b7b6 c3e4 d5e4 d4d7,2179,95,82,24,crushing middlegame quietMove short,https://lichess.org/jFAJoc4c/black#34,Sicilian_Defense Sicilian_Defense_McDonnell_Attack
yz0m8,3r4/p3RQpk/1n3n1q/8/8/3B4/2P2PPP/6K1 b - - 6 35,h7h8 e7e3 b6d5 e3h3 h6h3 g2h3,2160,74,94,1351,crushing long middlegame pin quietMove,https://lichess.org/5T1bx5Fu/black#70,
yzY6x,8/p6P/4p3/3p4/3b4/6BK/2k2PP1/8 b - - 1 46,a7a5 g3d6 d4h8 f2f4 d5d4 d6e5 d4d3 e5h8,2188,88,72,32,bishopEndgame crushing endgame quietMove veryLong,https://lichess.org/7keGBv6A/black#92,
yzdTq,8/8/2p5/1p2p2p/1P2Pkp1/2PK4/5PPP/8 w - - 0 37,c3c4 h5h4 c4b5 c6b5 d3e2 f4e4,2140,75,95,798,crushing endgame long pawnEndgame quietMove zugzwang,https://lichess.org/Y7iP5aO3#73,
yzfUx,8/3k4/6p1/K4p1p/P1B2P1P/1P4r1/8/8 b - - 0 60,g3g4 a5b6 g4f4 a4a5 f4c4 b3c4,2149,80,91,2392,crushing endgame long quietMove,https://lichess.org/xiz76h06/black#120,
z0uGj,1r4k1/2pq3p/3p1rnP/3Pp3/p4p1B/3Q1P2/PP6/K2R2R1 b - - 1 31,f6f7 g1g6 h7g6 d3g6 g8h8 h4f6 f7f6 g6f6 h8h7 d1g1 b8g8 g1g8 h7g8 f6e6,2190,75,99,182,attraction crushing kingsideAttack middlegame quietMove veryLong,https://lichess.org/L2OdF3vd/black#62,
z121u,8/5p2/8/5p1k/8/5PK1/7P/8 b - - 1 50,f7f6 g3f4 h5g6 h2h3 g6h7 f4f5,2180,82,92,2160,crushing endgame long pawnEndgame quietMove zugzwang,https://lichess.org/8qaBNKBU/black#100,
z2rtv,2r4k/1Q4pp/p6q/1p2p3/8/2P5/PP3bPP/3RR1K1 w - - 0 29,g1f1 c8f8 b7f3 f2c5 e1e5 f8f3,2126,77,84,67,advantage endgame long pin quietMove,https://lichess.org/8WNKBe2i#57,
z3TNo,8/4k3/3RP3/p5P1/1n6/1r6/p7/R5K1 w - - 1 45,d6d2 b3b1 d2d1 b1d1 a1d1 b4c2 g5g6 e7e6,2107,77,77,114,crushing endgame exposedKing master quietMove veryLong,https://lichess.org/hEFuImNY#89,
z3txA,1r1q1rk1/5p2/3p1P2/2n1pb2/7Q/R7/1PP3PP/2B3K1 b - - 0 25,c5e6 a3g3 f5g6 g3h3 d8f6 h4f6,2177,84,84,40,crushing long middlegame quietMove,https://lichess.org/Fdnv3DKk/black#50,
z4HuE,8/8/2p3p1/1p1k1p1p/pP3P1P/P2PK1P1/8/8 b - - 0 41,d5d6 e3d4 d6c7 d4c5 c7d7 d3d4 d7c7 d4d5,2179,77,93,2619,crushing endgame pawnEndgame quietMove veryLong zugzwang,https://lichess.org/pfIVD9xt/black#82,
z4Kb8,r1n1k2r/2p1qp2/1p4pp/pPpP4/P1N1PR2/2bB2QP/6P1/5RK1 b kq - 1 20,e8g8 e4e5 c3e5 c4e5,2128,76,76,92,advantage middlegame quietMove short,https://lichess.org/Zynz3Yel/black#40,
z4RuB,r3r1k1/pppbq3/2nb2Q1/4p3/4B3/1P1P2P1/PBP2P2/R3R1K1 b - - 0 19,g8f8 e1e3 e7g7 e3f3 f8g8 e4d5,2154,76,76,259,crushing exposedKing long middlegame quietMove,https://lichess.org/EzBGpOnv/black#38,Nimzo-Larsen_Attack Nimzo-Larsen_Attack_Classical_Variation
z4jir,8/7R/8/4p3/4r2P/pP4k1/P2K4/8 b - - 2 57,e4h4 h7h4 g3h4 b3b4 h4g4 b4b5,2113,78,92,3039,crushing defensiveMove endgame long quietMove rookEndgame,https://lichess.org/UCpBxgj8/black#114,
z4yKB,8/8/8/1K2p3/3kN3/pP6/P7/6b1 w - - 4 54,e4d2 d4c3 d2c4 e5e4 b5a4 g1c5,2144,76,92,1607,crushing defensiveMove endgame long quietMove,https://lichess.org/uJjLM6cG#107,
z4zm0,2r1r1k1/2q2p2/p2p2p1/1p1P4/2pQB2P/P1P3P1/1n5K/R4R2 b - - 2 29,c7c5 d4f6 c5c7 a1e1 c7e7 f6f2 e7f8 f2b2,2177,128,80,41,advantage middlegame quietMove veryLong,https://lichess.org/lZjdJ0h3/black#58,
z5nmu,8/8/2pk1p1p/P1ppbPpP/6P1/P1P5/2K3B1/8 w - - 0 40,a3a4 c5c4 a5a6 d6c7,2127,77,94,1058,bishopEndgame crushing defensiveMove endgame master quietMove short,https://lichess.org/H4ntjRVA#79,
z6HL5,8/6P1/8/2r4K/kp6/8/P1p5/2R5 w - - 1 52,h5h6 c5c8 h6h7 a4a3 g7g8q c8g8,2149,79,86,111,crushing endgame long quietMove rookEndgame,https://lichess.org/0303QkTy#103,
z6kPy,8/8/5p2/pp1k1p1p/P2p1P2/1PPK2PP/8/8 b - - 0 35,b5a4 c3c4 d5c6 b3a4 c6c5 h3h4 c5b6 d3d4,2100,75,94,6748,crushing endgame intermezzo pawnEndgame quietMove veryLong zugzwang,https://lichess.org/PNcsC0P9/black#70,
z6nMA,8/7P/6K1/5p2/4kB2/3p2P1/5r2/8 b - - 0 56,f2h2 f4h6 d3d2 h6d2,2145,75,98,570,crushing endgame master quietMove short,https://lichess.org/DGia6QcM/black#112,
z6o5e,4R3/1p3R2/pkp4r/2P3b1/3P2p1/PK1B4/3r4/8 b - - 0 37,b6a7 f7f8 d2d3 b3c4,2194,83,90,623,advantage defensiveMove endgame quietMove sacrifice short,https://lichess.org/8A7jMEUS/black#74,
z6t5w,4qk1r/1pp5/pb1p1P2/5BBp/8/8/PP4PP/3Q3K b - - 1 30,h8g8 g5h6 f8f7 h6g7 g8g7 d1h5 f7f6 h5e8,2182,125,100,31,advantage deflection endgame exposedKing quietMove sacrifice skewer veryLong,https://lichess.org/BcOU6Fs4/black#60,
z6xtJ,1rb2rk1/5pp1/p1nNp3/1pqpP1PQ/5P2/P7/2P4P/R4R1K b - - 0 25,c8b7 f1f3 g7g6 h5h6 c6e5 f3h3 d5d4 d6b7 c5c6 h1g1,2124,97,85,23,advantage middlegame quietMove veryLong,https://lichess.org/GVZ3yLRz/black#50,
z7H1k,8/1Q4k1/pp1q3p/3P1pp1/P7/5rP1/7P/1R4K1 b - - 3 34,g7g8 b1c1 f3g3 g1h1,2191,112,79,16,crushing defensiveMove endgame quietMove short,https://lichess.org/bigaZ3J6/black#68,
z7brW,8/8/p3R3/5p1p/k4P2/8/1Kp4P/3b4 b - - 0 55,a6a5 e6b6 c2c1q b2c1,2167,76,92,832,crushing endgame quietMove short,https://lichess.org/dkErcyqW/black#110,
z7tuo,8/8/3p4/pp1k4/4pP2/PP2K3/8/8 b - - 1 49,a5a4 b3b4 d5c4 f4f5 c4d5 f5f6 d5e6 e3e4 d6d5 e4d4,2185,95,87,38,crushing endgame master pawnEndgame quietMove veryLong zugzwang,https://lichess.org/9dNxlpnM/black#98,
z9FGN,4r1k1/pb3ppp/1p4r1/5q2/8/P1B2P2/1P1R1QPP/R5K1 b - - 7 28,b7f3 a1f1 g6g2 f2g2 f5c5 g2f2 c5g5 f2g3 g5g3 h2g3,2152,74,92,7856,advantage middlegame quietMove veryLong,https://lichess.org/zzJWh8en/black#56,
z9OQU,8/R5kp/8/4K1p1/6rb/8/8/7R b - - 3 56,g7f8 h1c1 h4g3 e5d5 g4d4 d5d4,2119,166,86,6,crushing defensiveMove endgame long quietMove,https://lichess.org/0sJINwxc/black#112,
z9ysV,8/5k2/2p1p3/2p1N3/4K3/1PbP1P2/8/8 b - - 1 49,c3e5 e4e5 f7e7 f3f4 e7d7 e5f6,2189,75,91,228,crushing endgame long quietMove zugzwang,https://lichess.org/WwJ8J1sO/black#98,
zA3z7,rn1qk2r/ppp1bppp/5n2/3pP2P/6b1/4P3/PPP2PP1/RNBQKBNR w KQkq - 1 7,f2f3 f6e4 f3g4 e7h4 g2g3 h4g3,2153,78,91,3825,advantage clearance exposedKing long opening quietMove sacrifice,https://lichess.org/yn7Af2wu#13,Vant_Kruijs_Opening Vant_Kruijs_Opening_Other_variations
zAFwb,8/8/5ppk/p2P3p/1bQ5/1P4PK/3r4/8 w - - 4 44,g3g4 b4d6 c4c1 d6f4,2102,79,79,42,crushing defensiveMove endgame quietMove short,https://lichess.org/e2Xkk18l#87,
zAbmn,8/3k1p1p/pp3Pp1/3K2P1/7P/1PP5/8/8 b - - 0 37,d7c7 b3b4 c7d7 c3c4 a6a5 b4a5 b6a5 d5c5,2120,114,91,35,crushing defensiveMove endgame pawnEndgame quietMove veryLong zugzwang,https://lichess.org/IxztOUe0/black#74,
zArVc,8/8/5kp1/1pP2p1p/3r3P/1P3KP1/8/4R3 b - - 0 53,d4b4 e1e3 b4d4 c5c6,2125,91,87,31,crushing endgame quietMove rookEndgame short,https://lichess.org/rHihkoeW/black#106,
zC0zu,8/p7/2k5/2p5/8/3KP3/1P6/8 b - - 2 45,a7a5 d3c4 a5a4 e3e4 c6d6 c4b5,2174,77,89,1090,crushing endgame long pawnEndgame quietMove,https://lichess.org/gntdKua2/black#90,
zCQmI,r2q1rk1/pp4p1/3p1bpp/2pN4/4PQP1/8/PPP4P/R1B2R1K w - - 2 20,a1b1 f6e7 f4f8 e7f8,2102,75,84,74,advantage middlegame quietMove short,https://lichess.org/DnRgOMIm#39,
zCSWM,8/6p1/8/6K1/4k2P/8/8/8 b - - 2 58,e4e5 h4h5 e5e6 g5g6,2135,75,93,1451,crushing endgame pawnEndgame quietMove short,https://lichess.org/pKa5sQdd/black#116,
zCScr,4r1k1/5rp1/2p1p1Qp/1p1pPP1P/q2P4/p2K2N1/2P5/3R3R w - - 1 27,f5e6 f7f3 d3e2 e8f8 h1f1 a4c4 d1d3 c4c2,2172,95,90,626,advantage interference middlegame quietMove veryLong,https://lichess.org/UvTEUdao#53,
zCTFK,8/1p3K2/p1pk1P2/5P1B/8/6r1/P7/8 b - - 7 48,g3h3 h5g6 h3h8 f7g7 d6e5 f6f7,2154,78,87,120,advancedPawn crushing endgame long master quietMove,https://lichess.org/eHhK8Nrc/black#96,
zCVRN,r7/1p1kn1Q1/p3p1p1/3p4/2pP4/2P1PK2/PP1N4/R1B4q w - - 3 27,f3e2 a8h8 g7h8 h1h8,2193,135,87,12,crushing middlegame quietMove short,https://lichess.org/CZYTzfHW#53,
zCZZD,8/8/4p2p/3pP1p1/2pP3k/p1P2P1P/P6K/8 b - - 1 45,h6h5 h2g2 g5g4 h3g4 h5g4 f3f4 h4h5 g2g3,2124,76,95,8368,crushing endgame pawnEndgame quietMove veryLong zugzwang,https://lichess.org/I22hEAJL/black#90,
zChpU,8/8/6p1/4k3/5pP1/4K2P/8/8 w - - 0 44,e3f3 g6g5 h3h4 g5h4 g4g5 h4h3,2154,89,87,43,crushing endgame long pawnEndgame quietMove zugzwang,https://lichess.org/MhoZdeAe#87,
zDZ53,3r3k/pp6/1np3pp/3n1p2/7q/PQ3P2/BP3P1P/2R2RNK w - - 5 30,b3d1 d5f4 d1e1 h4g5 e1e5 h8h7 e5f4 g5f4,2136,80,84,68,advantage middlegame quietMove veryLong,https://lichess.org/TxqVdlme#59,
zDbZ7,6k1/p2r1ppp/8/2NPp3/1p2P3/1P3PKP/P5P1/8 b - - 0 33,d7c7 d5d6 c7c8 c5b7 g8f8 d6d7,2112,82,79,68,advancedPawn crushing endgame long quietMove,https://lichess.org/2dn8i3eK/black#66,
zDc1l,5r1k/p5pp/1n6/1Q1P4/8/7B/PP1q1PPP/4R1K1 w - - 1 26,b5e8 d2f2 g1h1 h7h6 h3f5 f2f5,2158,103,83,35,advantage endgame long quietMove,https://lichess.org/Kvf2ngk9#51,
zDhuT,8/p4p1k/6pp/8/4QBPq/4P2b/5P1P/6K1 w - - 0 33,f4g3 h4f6 g3e5 f6a6 e4g2 h3g2,2108,83,68,53,crushing endgame long quietMove,https://lichess.org/9z9XlKBp#65,
zDiMM,r4rk1/pp3p2/2p2Pp1/5R1p/2q5/P6P/1P4P1/R3Q2K b - - 0 24,f8e8 e1d2 e8e6 d2h6 e6f6 f5f6,2157,104,88,26,advantage endgame long quietMove,https://lichess.org/rqcRFMrH/black#48,
zDrAN,5rk1/pR5p/B1p3pq/3pQ3/3P2p1/2P5/PP4PK/8 w - - 3 31,h2g3 g6g5 b7g7 h6g7,2190,114,17,22,crushing endgame quietMove short,https://lichess.org/NKpyxf11#61,
zDtYc,8/8/p7/5p1p/1P1K1PpP/1k4P1/8/8 w - - 13 47,d4c5 b3c3 c5d6 c3b4 d6e5 a6a5 e5f5 a5a4 f5g6 a4a3,2155,75,92,138,crushing endgame pawnEndgame quietMove veryLong zugzwang,https://lichess.org/sfiZCSFc#93,
zE6ck,8/1p6/4p3/p3Pkp1/P1PPp3/4K3/7P/8 w - - 0 39,h2h3 b7b6 e3f2 f5f4 f2e2 e4e3,2116,77,86,741,crushing endgame long pawnEndgame quietMove zugzwang,https://lichess.org/vKSOy6Xf#77,
zEPQn,r4rk1/p1p3pp/2pb4/5p2/8/3PPN1q/PPPB4/R2Q1RK1 w - - 0 16,g1f2 d6g3 f2g1 f8f6 d1e2 f6g6,2123,76,92,815,crushing defensiveMove long middlegame quietMove,https://lichess.org/tsuT6ugL#31,Bird_Opening Bird_Opening_Froms_Gambit
zEnUY,6r1/4p2K/p3p1P1/1pk1P3/6R1/1P1p4/P7/8 b - - 1 40,d3d2 g4g1 g8d8 g1d1,2134,76,96,937,advantage endgame quietMove rookEndgame short,https://lichess.org/ROrYxhlR/black#80,
zF9oF,8/8/1p1k2p1/5p1p/P7/1P4P1/5PKP/8 w - - 1 36,g2f3 d6c5 f3f4 c5b4 f4g5 b4b3 g5g6 b3a4 g6f5 b6b5 f2f4 b5b4,2112,78,94,7619,crushing defensiveMove endgame pawnEndgame quietMove veryLong,https://lichess.org/MWRdmuqy#71,
zFKAs,2k1r2r/ppp2ppp/q4n2/2bp4/N5b1/1N4P1/PPPB1PBP/R1Q2K1R w - - 7 15,f1g1 c5f2 g1f2 e8e2 f2g1 e2g2 g1g2 a6e2 g2g1 g4h3 c1f1 h3f1,2191,76,91,594,advantage attraction kingsideAttack master middlegame quietMove sacrifice veryLong,https://lichess.org/rBbahgKb#29,Scandinavian_Defense Scandinavian_Defense_Main_Line
zFQxQ,3k3r/2R2p1p/p3p1p1/1p2P3/4q3/1NR5/PP4PP/3K4 b - - 6 28,e4a8 b3a5 a8d5 d1c1 d5e5 a5c6 d8c7 c6e5,2175,77,91,1571,crushing defensiveMove discoveredAttack endgame exposedKing fork quietMove veryLong,https://lichess.org/ND3tPNc6/black#56,
zFTme,2q3k1/2p1p2p/p2pP1p1/3P2p1/2pbP1Q1/R5PP/P1P1Nr2/6K1 b - - 5 26,f2f4 e2d4 f4g4 h3g4 c8b8 a3f3 b8b6 c2c3,2139,175,100,24,defensiveMove endgame equality quietMove veryLong,https://lichess.org/WBsEJPhL/black#52,
zFXqQ,8/1p4k1/1p5p/6p1/8/PK3nr1/1P6/R6R w - - 0 46,b3b4 f3d2 a1c1 g3b3,2135,94,64,19,clearance crushing endgame master masterVsMaster quietMove short,https://lichess.org/qOiim00v#91,
zFfVA,8/7R/6p1/4r3/3R3P/6k1/7r/3K4 w - - 9 53,h7h6 e5a5 h6g6 g3f3,2196,86,85,51,crushing defensiveMove endgame quietMove rookEndgame short,https://lichess.org/AownaxnY#105,
zFt95,8/4Qprk/3P3p/p3p3/4PPn1/2N3P1/P7/2KB1q2 b - - 0 42,e5f4 d6d7 f4g3 d7d8q g3g2 c3e2 f1e2 d1e2,2134,76,90,639,advancedPawn crushing endgame promotion quietMove veryLong,https://lichess.org/Kif726r8/black#84,
zGP7C,r1b2rk1/1pp2pp1/p6p/P5q1/1QBn4/7P/1B3PP1/RN3RK1 w - - 1 18,f1d1 c8h3 b4b7 c7c6 b7c6 d4c6,2156,81,90,773,crushing long opening pin quietMove,https://lichess.org/OjzEcfl3#35,Italian_Game Italian_Game_Giuoco_Pianissimo
zGwOB,6k1/4r3/R3pr1p/4qpp1/2Bb4/P2Q1P2/5P1P/3R3K b - - 6 30,d4f2 d3d8 g8f7 a6a8 f7g6 d8e7,2163,79,84,48,advantage fork long middlegame quietMove,https://lichess.org/rJJ0mlUc/black#60,
zH7VH,8/3Pk3/7R/5pp1/5P2/8/br4BP/5K2 b - - 0 39,g5f4 h6h7 e7d8 g2c6 d8c7 h7h8,2156,76,48,149,crushing defensiveMove endgame long master quietMove,https://lichess.org/m3XJWojq/black#78,
zHAr7,8/p1k5/P2pK3/1PnBp3/2P5/8/8/8 w - - 7 55,e6e7 e5e4 b5b6 c7b6 e7d6 e4e3 d5f3 c5e4,2197,78,90,147,crushing endgame quietMove veryLong,https://lichess.org/4XL7TZnr#109,
zHFDv,8/1p1R4/6k1/2P1Bp2/4r1p1/7p/8/6K1 w - - 2 48,e5d6 f5f4 d6f4 e4f4,2169,75,91,3689,crushing endgame quietMove short,https://lichess.org/HeHaufa1#95,
zHQTs,8/8/7N/2p2Ppk/1n6/1K6/2P5/8 w - - 1 48,h6g4 h5g4 f5f6 b4c6 f6f7 c6d4 b3c4 d4e6,2105,76,94,9460,crushing defensiveMove endgame exposedKing hangingPiece knightEndgame quietMove veryLong,https://lichess.org/sCYFyM0n#95,
zHRXZ,8/8/8/3p1pp1/8/4PkP1/3K3P/8 w - - 3 53,d2d3 g5g4 d3d4 f3g2 d4e5 g2h2,2179,82,91,2233,crushing endgame long pawnEndgame quietMove,https://lichess.org/Vb9rOAoz#105,
zHVZl,1k4rr/p4p2/2Q1pn2/2P3pp/3P1q2/7P/PP3PP1/2R2RK1 b - - 1 22,g5g4 c1c3 f4c7 c3b3 b8c8 c6a6,2172,77,95,415,crushing long middlegame quietMove,https://lichess.org/13SGf2wG/black#44,
zHVlb,r1bq1rk1/p3pp1p/2p2np1/3p4/2PQ1P2/3B4/P1P3PP/R1B2RK1 b - - 0 13,e7e6 c1b2 d5c4 d4d8 f8d8 b2f6 c4d3 f6d8,2114,75,93,6535,attraction capturingDefender crushing discoveredAttack middlegame quietMove veryLong,https://lichess.org/eNWRctLs/black#26,Sicilian_Defense Sicilian_Defense_Open
zHfXK,5r2/p1r3pp/1p6/8/3pkP2/1R4P1/P2KP2P/6R1 w - - 3 29,e2e3 f8c8 g1b1 c7c2,2172,125,35,16,crushing endgame quietMove rookEndgame short,https://lichess.org/C2JjqBlx#57,
zHnJ1,1r6/1P6/8/R5p1/3pk3/1P3p2/2PK4/8 w - - 3 55,a5c5 g5g4 c5g5 e4f4,2103,77,90,2408,crushing endgame quietMove rookEndgame short,https://lichess.org/bafGLMzE#109,
zHvqg,B7/3K4/1p6/p7/Pn1k4/8/5P2/8 w - - 8 46,d7c7 b6b5 a4b5 a5a4 b5b6 a4a3,2152,77,85,50,crushing endgame long quietMove,https://lichess.org/CmI5vvC6#91,
zI1t4,r2qk2r/p1pn1pRp/1p2p3/1B1b4/3P4/6Q1/PP3P1P/R1B1K3 b Qkq - 3 14,d8e7 g7g8 h8g8 g3g8 e7f8 g8f8 e8f8 b5d7 c7c6 c1g5 f7f6 g5f6,2107,82,82,56,advantage middlegame pin quietMove veryLong,https://lichess.org/dxF9WpyH/black#28,French_Defense French_Defense_Normal_Variation
zIdqr,6k1/8/6p1/5pK1/5P2/7P/8/8 b - - 0 51,g8f7 g5h6 f7f6 h3h4 f6f7 h6h7,2139,84,86,32,crushing endgame long pawnEndgame quietMove zugzwang,https://lichess.org/YlcHSJNE/black#102,
zIiqJ,8/8/6pp/1p1p1k2/pP1PpP1P/P3P2K/8/8 b - - 1 51,g6g5 f4g5 h6g5 h4h5 g5g4 h3h4,2116,76,90,297,advantage endgame long pawnEndgame quietMove,https://lichess.org/lHZCRWjD/black#102,
zIjsu,8/5p1p/4k1p1/4P3/p2K1PP1/1p3b2/1R5P/8 w - - 3 47,g4g5 f3d5 d4c3 a4a3,2155,77,91,938,crushing endgame quietMove short,https://lichess.org/8sSEAQba#93,
zImzR,8/6p1/7p/3p1p2/1k1P1P2/3K3P/6P1/8 b - - 0 39,g7g5 f4g5 h6g5 g2g3 g5g4 h3h4,2150,77,90,1721,crushing defensiveMove endgame long pawnEndgame quietMove,https://lichess.org/RukZMrc8/black#78,
zJEo6,6k1/4R1P1/5r1p/5P2/pp1P2P1/8/7K/8 w - - 1 42,d4d5 a4a3 e7a7 f6b6 d5d6 b6d6,2141,99,84,26,crushing endgame long quietMove rookEndgame,https://lichess.org/jftxIfqc#83,
zJG14,7r/3k2R1/1pp5/8/3P3r/4P2p/6P1/4R2K b - - 1 33,d7d8 e1a1 h3g2 h1g2 h4g4 g7g4,2100,75,92,981,crushing endgame long quietMove rookEndgame,https://lichess.org/CIJKoqc9/black#66,
zJgcJ,8/5pk1/1P6/6r1/P7/5Q2/5PK1/2r5 w - - 7 48,g2h3 c1c8 h3h2 c8h8,2187,81,82,78,crushing endgame queenRookEndgame quietMove short,https://lichess.org/8IPI74AL#95,
zKJC3,8/8/2K4p/5pp1/1k3P2/6P1/6P1/8 b - - 0 38,b4c4 g3g4 f5g4 f4f5 h6h5 f5f6 h5h4 f6f7,2161,77,86,68,advancedPawn crushing endgame pawnEndgame quietMove veryLong,https://lichess.org/cIHlPUVX/black#76,
zKpY8,r5k1/3nqpbR/b1p1p1p1/6P1/pp2NP2/6N1/PPP3B1/1K5Q b - - 2 26,b4b3 h7g7 g8g7 h1h6 g7g8 g3h5 g6h5 e4f6 d7f6 g5f6 b3c2 b1c1 e7f6 h6f6,2196,77,51,95,advantage attraction kingsideAttack master middlegame quietMove sacrifice veryLong,https://lichess.org/sKaMyMCa/black#52,
zKw0A,4r1k1/5ppp/p3nq2/1p6/2p4P/P1P1Q1P1/1P3P2/1B2R1K1 w - - 6 37,e3b6 e6f8 e1e8 f6b6,2111,78,83,46,advantage discoveredAttack endgame quietMove short,https://lichess.org/wD2Tj4qD#73,
zKxCa,6k1/5p2/1pp2Bbp/p7/P1P1pK2/1r6/7P/4R3 b - - 1 37,b3b4 e1d1 g6h5 d1d8 g8h7 f4f5 h5g4 f5g4,2112,81,86,49,advantage endgame quietMove veryLong,https://lichess.org/gIGHi066/black#74,
zKyF0,1q6/5pk1/p3p1p1/2Q3p1/1P2P3/6PP/5PK1/8 b - - 2 30,b8b5 c5b5 a6b5 e4e5 g5g4 h3g4,2131,79,90,390,crushing endgame long master queenEndgame quietMove,https://lichess.org/kh10qC3X/black#60,
zLEDZ,8/8/8/5ppp/NPkb4/5KPP/5P2/8 w - - 1 40,g3g4 f5g4 h3g4 h5h4 a4c5 d4c5,2187,76,84,91,crushing endgame long quietMove,https://lichess.org/eqLgsdht#79,
zLTyX,3qnr2/1p3p1k/3p2pP/4n3/r3PQ2/4NP1B/1PP5/1K1R3R w - - 0 25,f4e5 d8a8 b2b3 d6e5,2118,79,91,1289,crushing intermezzo middlegame quietMove short,https://lichess.org/ESjUgC7Z#49,
zLnID,8/2p5/3p4/1P5p/3k2p1/6K1/8/3N4 w - - 0 45,d1b2 d6d5 b2a4 d4e5,2151,91,26,40,crushing defensiveMove endgame knightEndgame quietMove short,https://lichess.org/RyVWIUhU#89,
zLuIM,4r3/r1k2B2/2p5/2P1P1pp/2Q2p2/8/Pq4PP/3R2K1 b - - 0 31,e8e5 c4d3 e5c5 d3d8 c7b7 d1d7 b7a6 d8c8 b2b7 d7b7,2190,76,91,4873,advantage endgame quietMove veryLong,https://lichess.org/AIPBTuIr/black#62,
zLwiq,r7/8/8/4p3/pRP1Pr1k/P7/6R1/6K1 b - - 0 39,f4e4 b4b7 e4g4 b7h7 h4g5 h7g7,2115,74,95,1999,crushing endgame long pin quietMove rookEndgame,https://lichess.org/gHWrBfO5/black#78,
zM7DB,4r1k1/7p/p3bpp1/2npN3/5P2/1P2P1NP/P2R1KP1/8 w - - 0 34,d2c2 e8c8 f2e2 f6e5,2186,80,91,1003,advantage endgame master quietMove short,https://lichess.org/IJaTZAxA#67,
zMF5Q,8/4b3/5k2/3p1Pp1/2pP4/1pP1BP2/1P3K2/8 w - - 1 67,f3f4 g5g4 f2g3 f6f5,2101,79,92,1051,bishopEndgame crushing endgame master quietMove short,https://lichess.org/47mRZPV3#133,
zMU3v,8/2B5/8/5p2/p1pk4/8/1K6/8 w - - 0 51,b2a3 c4c3 a3b4 c3c2 c7f4 d4e4 f4c1 f5f4 b4c3 f4f3,2110,76,99,388,advancedPawn bishopEndgame crushing endgame quietMove veryLong,https://lichess.org/IOPdFUU2#101,
zMUho,3r4/2p5/2k1p3/p1p1P1pp/P7/1PKR1P2/6PP/8 b - - 0 30,d8d3 c3d3 c6d5 h2h4 g5h4 f3f4 c5c4 b3c4,2184,90,84,29,crushing endgame quietMove veryLong,https://lichess.org/Kj6hRYde/black#60,
zMegZ,5R2/8/2pr4/R7/Pp6/1P2kn2/2P2r2/2KB4 w - - 3 44,a5f5 d6d1 c1b2 f2f1 f5f3 f1f3,2192,103,64,18,crushing endgame long quietMove,https://lichess.org/RwVsMU33#87,
zMeiK,6r1/2p1kp2/3b3p/3Q1p2/7r/8/PP5P/3R3K w - - 1 33,d1d2 h4e4 d2d1 e4e2,2155,75,96,183,crushing endgame quietMove short,https://lichess.org/sX7d0Hiv#65,
zN5Tb,4k3/5pp1/p1Q1p2p/qp2P3/8/P3b2K/1P5P/1B6 b - - 1 33,e8e7 c6d6 e7e8 b1e4 a5b6 e4c6 b6c6 d6c6,2147,77,87,72,crushing endgame quietMove veryLong,https://lichess.org/TzsWuhVN/black#66,
zN7iH,4rr1k/7p/3R2pP/2p5/p7/Pp6/1PPRbPP1/1BK5 w - - 2 28,c2c3 f8f2 b1c2 b3c2 d6e6 f2f1 c1c2 e2b5 e6e8 b5e8,2106,74,69,101,advancedPawn advantage endgame quietMove veryLong,https://lichess.org/DI6OwsN2#55,
zO6tM,8/8/4k2p/1pp1P1P1/4K2P/8/8/8 b - - 0 43,h6g5 h4h5 b5b4 h5h6 b4b3 e4d3 b3b2 d3c2 b2b1q c2b1,2114,90,82,28,crushing endgame pawnEndgame quietMove veryLong,https://lichess.org/zIxSNXBB/black#86,
zOd0Q,8/p3R3/1p3p2/3k4/7P/5PKB/PPrp4/8 w - - 0 43,e7a7 c2c6 h3f5 d2d1q,2109,75,90,1042,advancedPawn advantage endgame promotion quietMove short,https://lichess.org/TJh7dY1j#85,
zPCAn,8/ppk3pB/2n1pp2/2KpP3/3P2PP/P3P3/8/8 w - - 0 32,e5f6 a7a6 a3a4 b7b6,2113,77,83,375,endgame mate mateIn2 quietMove short,https://lichess.org/zcCDUGUe#63,
zPa0n,1k2r1r1/1p3Rp1/1bp1p1P1/3pP1Bp/1P1P4/2P4B/2K5/8 b - - 1 40,b8c8 g5e7 e8e7 f7e7,2120,74,91,325,crushing endgame master quietMove short,https://lichess.org/jtY31K6c/black#80,
zPke6,5k2/4b3/4Pp1p/ppr3pP/2BBK1P1/PP6/8/8 b - - 1 46,c5c4 b3c4 b5c4 a3a4 e7b4 d4f6,2155,75,97,255,crushing endgame long quietMove,https://lichess.org/et1BDtEy/black#92,
zPufc,8/p7/1ppk4/3p4/PP1P1p2/2PK1P2/8/8 b - - 3 48,c6c5 d4c5 b6c5 b4b5 d6c7 a4a5 c5c4 d3d4,2159,77,92,3042,crushing endgame pawnEndgame quietMove veryLong,https://lichess.org/IMsUYlNA/black#96,
zQFb0,r1bR4/p1p5/1p6/6N1/2P2P1p/P3K3/1P4k1/8 b - - 1 28,h4h3 g5h3 g2h3 f4f5 c8f5 d8a8,2135,111,80,18,crushing endgame long quietMove sacrifice,https://lichess.org/AHAWeeEZ/black#56,
zQGzT,r4r1k/ppp2pp1/1q2bN1p/8/8/1P3Q2/PB3PPP/4R1K1 b - - 0 20,b6c6 f3d3 e6f5 d3f5 c6f6 b2f6,2194,75,88,927,crushing long middlegame quietMove,https://lichess.org/2zcdkiCv/black#40,
zQRjj,5k2/5p2/4p2P/2P1P3/1pr2P2/2p1K3/8/2R5 b - - 1 43,b4b3 c1g1 c3c2 h6h7 c4c3 e3d2 c2c1q g1c1,2152,76,92,2210,advancedPawn crushing defensiveMove endgame master quietMove rookEndgame veryLong,https://lichess.org/mUB58W5y/black#86,
zQYEa,8/2R2pk1/3r2p1/1R6/5P1p/7P/6PK/4r3 w - - 0 40,b5b7 d6d1 c7f7 g7g8 f7g7 g8f8,2100,74,87,126,crushing defensiveMove endgame long quietMove rookEndgame,https://lichess.org/9BrHG5Xp#79,
zQdOv,6k1/1p1q2bp/p2P2p1/3Qp3/6P1/4B1KP/8/8 b - - 5 31,g8f8 e3g5 f8e8 d5g8 g7f8 g5e7,2109,74,97,1552,advantage endgame exposedKing long quietMove,https://lichess.org/w4RBKyZk/black#62,
zRQ0c,r7/Pk3p1p/2p1p1p1/2K5/5PPP/8/8/R7 b - - 0 46,a8a7 a1a7 b7a7 c5c6 f7f5 g4g5 a7a6 c6d6,2135,75,93,3061,crushing endgame quietMove rookEndgame veryLong,https://lichess.org/XCPH3VlB/black#92,
zRXOE,4r1k1/1p3p1p/4p3/p1P5/Pn2q3/2Q1BbP1/7P/1R3RK1 w - - 2 35,e3d2 f3h1 f1f2 e4b1,2120,92,50,29,crushing middlegame quietMove short,https://lichess.org/ojPETUoS#69,
zRY9J,r1q2Bk1/pp3p1p/3p2p1/2pPn3/7Q/3B4/PPP2PPP/4R1K1 b - - 0 19,e5d3 f8h6 d3e1 h4f6 c8f8 h6f8,2151,77,91,112,advantage endgame long quietMove sacrifice,https://lichess.org/wq3Z88PX/black#38,
zS9hF,3r2k1/1p3ppp/p3p3/2pr4/5q1P/1P1P2P1/P1P1QP2/1R3RK1 b - - 0 21,d5e5 g3f4 e5e2 f1c1 d8d4 g1f1 e2d2 f1e1 d2f2 e1f2,2120,120,85,16,advantage endgame quietMove trappedPiece veryLong,https://lichess.org/OPKWhaHA/black#42,
zSa3q,8/6p1/p3K1k1/2p2p1p/8/1P6/P5PP/8 b - - 0 33,f5f4 h2h4 g6h6 e6f5,2155,79,80,46,crushing endgame pawnEndgame quietMove short,https://lichess.org/FOXXiaoW/black#66,
zTXBx,4rbrk/5p1p/p1p2p2/3q1p1Q/2pP1P2/2P1BR2/PP3KPP/4R3 b - - 11 22,d5e4 e3d2 e4c2 e1e8 c2d2 e8e2 g8g2 f2g2,2151,76,91,6496,advantage discoveredAttack middlegame quietMove skewer veryLong,https://lichess.org/0kHV8AP3/black#44,
zTatP,8/8/8/k2p3p/1pP1p3/1P2P1pP/1K4P1/8 b - - 0 45,d5c4 b3c4 a5a4 h3h4 b4b3 c4c5 a4b5 b2b3 b5c5 b3c3,2187,77,88,554,crushing defensiveMove endgame pawnEndgame quietMove veryLong zugzwang,https://lichess.org/RY8oe8Ic/black#90,
zUWDM,6k1/5pb1/1p6/p3p1p1/4P3/5PB1/P2K2P1/8 b - - 0 34,f7f6 a2a4 g7f8 g3f2 b6b5 a4b5,2154,93,75,47,bishopEndgame crushing endgame long quietMove,https://lichess.org/0VV9pkbW/black#68,
zUYiG,1r2r1k1/p1p5/6Q1/2bnp1P1/3p4/1P1P4/qP2N2P/2KR2R1 b - - 4 28,g8h8 g1g3 a2a1 c1c2 d5e3 g3e3,2184,145,87,35,crushing long middlegame quietMove,https://lichess.org/Iklk5xHX/black#56,
zUhud,8/5k2/4bPp1/pr2P1Pp/RP1p1K1P/2P5/8/8 w - - 0 48,a4a5 b5a5 b4a5 d4c3 f4e3 e6c4 e3d4 c3c2,2112,75,96,1402,advancedPawn crushing endgame quietMove veryLong,https://lichess.org/EivV5XoF#95,
zUxll,1rbq2k1/pp2b1r1/4p3/2ppP2Q/5Pp1/2P1P1R1/PP1N3P/R6K b - - 1 25,d8f8 g3g4 g7g4 h5g4 f8g7 g4h5 c8d7 a1g1,2127,136,84,17,crushing exposedKing middlegame pin quietMove veryLong,https://lichess.org/guGRTbdw/black#50,
zW1Z3,8/6p1/4ppn1/1p6/pB1PK1P1/Pk6/1P5P/8 w - - 5 35,b4c3 g6e7 g4g5 e7d5,2191,92,78,28,crushing endgame quietMove short,https://lichess.org/BOs88Zwc#69,
zW5vt,1r5k/2p1b1pp/3p2r1/2p1p3/2N1P3/2P2NPq/P1Q2P2/R3R1K1 w - - 1 22,c4e3 g6h6 f3h4 e7h4,2103,75,94,4276,crushing middlegame quietMove short,https://lichess.org/lvE5e1TY#43,
zWLQj,rq4k1/1p3ppp/p7/P1b1P3/3R1P2/8/1P2Q1PP/5RK1 w - - 1 24,e2c4 b8a7 f1d1 a8d8 g1h1 c5d4,2174,83,59,30,advantage clearance endgame long pin quietMove,https://lichess.org/D62l6lD8#47,
zWuT5,8/1p6/p5pp/2Pk4/1P2p2P/P3K2P/8/8 b - - 0 45,g6g5 h4h5 d5e5 a3a4,2143,75,87,90,crushing defensiveMove endgame pawnEndgame quietMove short zugzwang,https://lichess.org/9ewgFILS/black#90,
zX07D,8/1p6/6k1/pp1K3p/6pP/1P4P1/P5P1/8 b - - 1 36,a5a4 b3b4 g6f6 a2a3 f6f5 d5d4 f5e6 d4c5,2108,133,36,14,crushing endgame pawnEndgame quietMove veryLong,https://lichess.org/kzkGND9s/black#72,
zX0pJ,4r1k1/4q3/p1p3p1/PpPp1bP1/1P1b3Q/5BN1/6K1/7R b - - 3 37,f5e4 g3e4 d5e4 f3d1 e7f7 d1b3 f7b3 h4h7 g8f8 h1f1 b3f3 f1f3 e4f3 g2f3,2136,122,77,12,crushing exposedKing middlegame pin quietMove sacrifice veryLong,https://lichess.org/Vbr2cKWQ/black#74,
zX2Qu,1R6/3b2p1/3k3p/2p1p3/p1K5/P1P3P1/2P4P/8 w - - 0 34,b8d8 e5e4 d8a8 d7e6,2100,74,93,5856,crushing endgame quietMove short,https://lichess.org/IZfbVp8J#67,
zXQf2,2rr4/5p1k/p3pPp1/3bP2p/p2N3R/P1P3Q1/6PP/2q1R1K1 b - - 2 36,c1c3 h4h5 h7g8 g3h4 c3d4 h4d4,2181,76,93,5061,clearance crushing long middlegame quietMove,https://lichess.org/3z2Q3Y7g/black#72,
zXnoG,2r5/6kp/p2q1Bp1/Q2pp3/4b3/4P2P/PP4P1/5RK1 b - - 1 27,g7h6 a5e1 g6g5 e1g3,2131,75,81,184,crushing endgame master quietMove short,https://lichess.org/pmMtlfoS/black#54,
zXwAe,8/2k5/2R2Rpp/2p5/p1p5/3P3P/qP4P1/7K b - - 2 35,c7b7 c6e6 a2b1 h1h2,2101,77,92,3688,crushing defensiveMove endgame queenRookEndgame quietMove short,https://lichess.org/gLPvykZ5/black#70,
zY4Xp,2k2r2/4q2p/R3p1pP/1p1pP3/3P2Q1/2P5/3K2P1/8 b - - 0 28,f8f2 d2d3 f2f5 g4d1 e7c7 d1b3 c7c4 b3c4,2149,131,85,13,crushing defensiveMove endgame quietMove veryLong,https://lichess.org/hghFgD32/black#56,
zYA7n,8/p5p1/5k1p/2p5/2P2PK1/P7/7P/8 w - - 0 40,h2h4 g7g6 g4f3 f6f5,2126,75,98,214,crushing endgame pawnEndgame quietMove short,https://lichess.org/eqB9RiL6#79,
zYK65,8/6p1/4k2p/1pp1p3/4K1PP/P4P2/1P6/8 b - - 0 34,c5c4 h4h5 e6d6 e4f5 d6d5 f5g6 d5d4 g6g7,2124,76,93,281,crushing endgame pawnEndgame quietMove veryLong zugzwang,https://lichess.org/JrLvUI0K/black#68,
zYLJI,8/8/8/p5kp/6p1/PP4P1/5K2/8 b - - 2 58,h5h4 g3h4 g5h4 b3b4 a5b4 a3b4 h4h3 f2g1 h3g3 b4b5 g3f4 b5b6,2177,75,76,71,crushing endgame pawnEndgame quietMove veryLong,https://lichess.org/dwnjFhBB/black#116,
zYT5j,6k1/p1p3pp/bp1p4/3Pr3/2P1P1R1/3B2P1/P4K1P/8 w - - 0 28,f2e3 g7g5 h2h4 h7h6,2166,90,76,42,advantage defensiveMove endgame quietMove short,https://lichess.org/RGnBTi6y#55,
zYqql,q4r2/1p2Qp1p/6k1/3p4/6N1/1P6/r4PPP/5RK1 b - - 0 26,f7f6 f2f4 a8a7 g1h1,2146,119,23,36,advantage defensiveMove endgame quietMove short,https://lichess.org/hto212gM/black#52,
zZ9Hx,6k1/p5P1/6K1/1n2N3/8/8/8/8 b - - 1 59,b5d6 e5g4 a7a6 g4f6,2139,77,90,1744,endgame knightEndgame mate mateIn2 quietMove short,https://lichess.org/dfEUGIGs/black#118,
zZAbg,8/7p/3P1p2/5N2/2k2PP1/1p1n4/6P1/1K6 b - - 3 47,d3f4 f5g7 f4d5 d6d7,2173,76,83,112,advancedPawn crushing endgame knightEndgame master quietMove short,https://lichess.org/j7ZHlDcu/black#94,
zZJZl,5k2/3q4/6p1/4rp2/1p1P1Pp1/4R1Kp/1P5Q/8 w - - 0 47,f4e5 g6g5 h2c2 f5f4,2193,144,81,14,crushing endgame master quietMove short,https://lichess.org/aaHwPvsK#93,
zZZyR,1r4k1/1p4pp/R1p3b1/P1Ppq3/8/1Q3P2/1R4PP/7K w - - 0 34,b3b4 b8e8 a6a8 e8a8,2105,77,94,4162,crushing endgame quietMove short,https://lichess.org/SXlxtlMg#67,
za4OH,1r1qr2k/pbp1bpp1/3p1n1p/2p3B1/P3P2Q/1PNB4/2P2PPP/R3R1K1 w - - 0 17,g5h6 f6h7 h6g7 h8g7 h4g4 g7h8,2188,77,86,121,advantage defensiveMove long middlegame quietMove,https://lichess.org/jA0erC3l#33,Scotch_Game Scotch_Game_Other_variations
zaKSP,8/5p1k/1p2p1bP/3pP1K1/1p1P4/1P3N2/P7/8 b - - 6 42,g6b1 g5f6 b1a2 f3d2 h7h6 f6f7 h6g5 f7e6,2192,84,79,45,advantage endgame quietMove veryLong,https://lichess.org/G7thBhBL/black#84,
zadTc,Q7/2pk3p/1p1qr1p1/p4p2/2P2P2/1P6/KP3P2/2R5 b - - 3 34,d6f4 c1d1 e6d6 d1e1 f4e4 e1e4,2116,75,92,804,crushing endgame long quietMove,https://lichess.org/H7Fpygp3/black#68,
zaeBm,8/5k2/5p2/p4K2/P7/1P6/8/8 w - - 2 56,f5g4 f7e6 g4f4 f6f5 b3b4 a5b4,2167,77,92,114,crushing endgame long pawnEndgame quietMove zugzwang,https://lichess.org/mPR2dsGb#111,
zayOm,2k5/pp3pp1/4p3/2P5/8/2K4r/PP2B1q1/3RQ3 w - - 2 29,c3c2 h3h2 c2c3 g2e2 e1e2 h2e2,2182,82,83,38,advantage endgame long quietMove,https://lichess.org/r5HU8qsd#57,
zbPfs,8/5pk1/6p1/5r1p/5R1P/5KP1/5P2/8 b - - 10 39,g7f6 f3e4 f6e6 f4f5 g6f5 e4f4 e6f6 f2f3 f6e6 f4g5,2108,79,100,187,crushing endgame quietMove rookEndgame veryLong zugzwang,https://lichess.org/OeA3AHSW/black#78,
zblb4,3r2k1/p2PRpbp/1p6/2pR1P2/8/1N3K2/r5P1/8 b - - 0 41,g7f6 e7e8 g8g7 b3d2 a2d2 d5d2,2109,110,-33,26,advantage endgame long quietMove,https://lichess.org/yNGjql28/black#82,
zcdjs,8/1p6/p3p2p/6p1/4K1P1/P1k2P1P/8/8 b - - 1 38,c3b3 f3f4 g5f4 h3h4 b3a3 g4g5,2143,76,97,114,crushing endgame long pawnEndgame quietMove sacrifice,https://lichess.org/YQK1fqN5/black#76,
zczo9,8/4k2p/1p3R2/3pP1p1/3P4/6P1/1r1r1P1P/5RK1 b - - 0 35,d2d4 f1a1 d4d1 a1d1,2199,76,91,964,crushing endgame quietMove rookEndgame short,https://lichess.org/arqViKvk/black#70,
zd2ku,r6k/pb1p1Qb1/2p3p1/4p2q/4P3/8/PPP2PP1/R3R1K1 b - - 1 20,a8d8 e1e3 d8f8 f7b3 g7h6 e3h3,2171,109,68,36,crushing long middlegame quietMove,https://lichess.org/mnLXy2Bz/black#40,
zdBAY,8/1b2q1k1/1b2p1B1/p3P3/Pp1p2Qp/1Pr5/5P1B/5RK1 b - - 0 48,g7f8 h2f4 b7f3 f4h6 f8g8 g4f4,2126,111,84,20,advantage clearance exposedKing long middlegame quietMove,https://lichess.org/A3GdnAXh/black#96,
zdGVx,6k1/5pbp/2q1pnp1/2p1B3/2P5/1P3N2/5PPP/3Q2K1 b - - 0 25,c6e4 d1d8 g7f8 h2h3 e4b1 g1h2,2175,80,84,80,crushing defensiveMove endgame long quietMove,https://lichess.org/PCwduChT/black#50,
zdJKv,8/8/8/3k1p1p/1P1p4/3K2P1/1P3P2/8 w - - 0 38,f2f3 f5f4 g3g4 h5h4 g4g5 h4h3 g5g6 d5e6 g6g7 e6f7,2122,75,93,6188,crushing endgame master pawnEndgame quietMove veryLong,https://lichess.org/Hh1iSEnG#75,
zdVN5,5n2/4bk2/6b1/R5PK/8/4B3/8/8 w - - 11 54,h5h6 f8d7 a5f5 g6f5,2179,77,90,1889,crushing endgame quietMove short,https://lichess.org/vKgHbzbX#107,
zdZAi,8/2b2pk1/4p1p1/PR5p/3p4/1P5P/6P1/7K w - - 0 63,a5a6 d4d3 b5b4 c7e5 b4b7 e5d4 b7d7 e6e5 a6a7 d3d2 d7d4 e5d4 a7a8q d2d1q,2120,95,89,27,advancedPawn crushing endgame promotion quietMove veryLong,https://lichess.org/g9iHkbe6#125,
zdhYV,8/1p6/4p1kP/p1Pb2P1/3K4/PP4R1/7r/8 b - - 2 34,h2e2 g3h3 e2e4 d4d3 e4f4 h6h7,2128,76,87,106,advancedPawn crushing endgame long master quietMove,https://lichess.org/KUvrJREb/black#68,
zdmTR,r4rk1/6b1/p2p4/np3ppQ/4p1P1/1Nq4P/P2RBP1B/1K5R w - - 2 27,d2c2 c3f6 h2e5 f6e5,2143,91,66,30,crushing middlegame quietMove short,https://lichess.org/Aqh5G2W5#53,
ze2De,6rk/R6p/2p2b2/2p1p3/8/3bBpPP/Pq3P1Q/2R3K1 w - - 4 41,h2h1 e5e4 g1h2 b2b8,2118,140,52,18,advantage middlegame quietMove short,https://lichess.org/eXfUmNu0#81,
ze3We,3rr3/p1p2ppk/b1p2n1p/2q1pN2/2P1P3/1P3N1P/P4PP1/R1Q1R1K1 w - - 9 20,f3g5 h6g5 c1g5 c5f8 g5h4 h7g8,2139,78,90,1020,advantage defensiveMove long middlegame quietMove,https://lichess.org/3hw1OSpc#39,
ze9cp,r3r1k1/pp5p/2p3p1/3pP3/3q4/5PR1/PPP3Q1/5R1K b - - 1 27,d4b2 g3g6 g8h8 g2g5 b2e5 g6g8 e8g8 g5e5,2117,120,82,19,clearance crushing deflection endgame quietMove veryLong,https://lichess.org/oCWQHyPr/black#54,
zeANc,5rk1/2p1r3/1p1p2p1/1N1Pb3/P1P1R3/6q1/P1Q1R1B1/6K1 w - - 3 31,e4e5 e7f7 c2b1 f7h7,2182,125,74,25,crushing defensiveMove master middlegame quietMove short,https://lichess.org/dyvtiZXm#61,
zeMF2,8/4pp2/8/p1kPPP1p/1pP4P/3K4/P7/8 w - - 1 38,f5f6 e7f6 e5f6 a5a4 d3c2 c5d6 c2d2 d6e5,2114,75,79,338,crushing endgame pawnEndgame quietMove veryLong zugzwang,https://lichess.org/9TicAiCQ#75,
zeNup,1n6/KPk5/P7/2P4p/6p1/8/6PP/8 w - - 1 55,c5c6 h5h4 a7a8 b8a6 a8a7 a6b8,2193,145,76,18,crushing endgame knightEndgame long quietMove zugzwang,https://lichess.org/c6h50TDc#109,
zeOq7,2r1r1k1/3R1ppp/1p2p3/8/p1P5/qP5P/P2Q1PP1/1R4K1 b - - 1 24,h7h6 b3b4 c8c4 d7d3 a3d3 d2d3,2167,75,91,3178,advantage endgame long quietMove trappedPiece,https://lichess.org/12SgYsCZ/black#48,
zeXml,8/8/1p5p/3B1p2/P5pP/1Pk2rP1/4KP2/8 b - - 11 40,c3b2 d5f3 g4f3 e2f3 b2b3 g3g4 f5g4 f3g4 b3a4 f2f4 b6b5 f4f5 b5b4 f5f6 b4b3 f6f7,2148,84,67,33,advancedPawn crushing endgame quietMove veryLong,https://lichess.org/9J88lqCa/black#80,
zeYY7,6k1/6pp/8/1pp2p2/1r6/5P2/1p1NKRPP/rR6 w - - 0 38,e2d1 b4c4 d2c4 a1b1 d1c2 b1c1 c2b2 c1c4,2176,152,84,30,crushing deflection endgame exposedKing pin quietMove skewer veryLong,https://lichess.org/IGK5E3mg#75,
zeg3v,6k1/4r2p/pp2q1p1/2p5/P1Pp4/1P1PbRP1/2Q3KP/6N1 w - - 1 32,g1h3 g6g5 h3f2 g5g4 f2g4 e6g4,2155,76,91,1735,crushing endgame long quietMove,https://lichess.org/5nvji9UQ#63,
zf3z3,4N3/1p1k2p1/2p3p1/3q1p2/8/6PP/3Q1P1K/8 w - - 3 36,d2d5 c6d5 e8g7 b7b5 h3h4 b5b4 h4h5 g6h5 g7f5 b4b3,2123,75,93,1914,crushing endgame quietMove veryLong,https://lichess.org/UEq2DFT8#71,
zf9uV,8/8/8/2p3Bp/2P1K3/5P2/6k1/4b3 w - - 2 53,f3f4 h5h4 f4f5 h4h3 f5f6 e1c3 f6f7 c3g7,2115,149,47,11,bishopEndgame crushing defensiveMove endgame master quietMove veryLong,https://lichess.org/HLqRZoiJ#105,
zfCp3,3rk2r/pp2bppp/8/4N3/5B2/8/PP2RnPP/R5K1 b k - 0 16,f2d3 e5d3 d8d3 a1e1 d3d7 f4d6 d7d6 e2e7 e8d8 e7b7,2160,81,91,1097,advantage deflection middlegame pin quietMove veryLong,https://lichess.org/SJgGnu1f/black#32,Sicilian_Defense Sicilian_Defense_Old_Sicilian
zfIdX,8/6Kp/5p2/8/5PP1/8/6k1/8 b - - 0 55,g2g3 g4g5 f6g5 f4f5 g3h2 f5f6 g5g4 f6f7 g4g3 f7f8q,2164,87,89,28,advancedPawn crushing endgame pawnEndgame promotion quietMove veryLong,https://lichess.org/Zbt9gGtr/black#110,
zfJgq,5r1k/2r4p/8/1p1R4/1P4P1/7P/4p3/R5K1 w - - 0 39,d5b5 c7d7 b5e5 d7d1,2102,92,87,31,advantage endgame quietMove rookEndgame short,https://lichess.org/EBrRnaGg#77,
zfM8l,r2qr1k1/1p1n1ppp/1pp5/3pN2Q/5P2/8/PPP3PP/R4R1K b - - 1 18,f7f6 h5f7 g8h8 e5g6 h7g6 f1f3 d7f8 f3h3 f8h7 f7g6,2146,81,88,638,crushing deflection kingsideAttack middlegame quietMove sacrifice veryLong,https://lichess.org/z85bupI3/black#36,French_Defense French_Defense_La_Bourdonnais_Variation
zfMiM,r3nk2/PR5p/6p1/2p5/8/8/1P3K1P/8 b - - 4 44,h7h5 h2h4 a8a7 b7a7,2183,77,92,1458,advantage endgame quietMove short,https://lichess.org/Vsu9boTx/black#88,
zfscc,1r5k/6p1/5p1p/2P2P2/4Q3/p2P2RP/6PK/1q6 w - - 3 41,e4e7 b8g8 c5c6 a3a2,2179,77,84,129,advancedPawn crushing endgame quietMove short,https://lichess.org/n0XxHkvK#81,
zg7Xs,5r1k/p5pp/1p2Q3/3p4/3P4/6P1/PPq3PP/4R1K1 w - - 5 27,e6e8 c2f2 g1h1 h7h6 e8f8 f2f8,2159,81,65,35,advantage endgame long quietMove,https://lichess.org/wfXDlVrX#53,
zgKRG,r7/5pk1/5N2/2p3P1/1b1r4/1P2RP2/2K5/7R w - - 6 39,c2b2 d4d2 b2b1 a8a2 e3e5 d2b2,2115,76,87,107,advantage endgame long quietMove,https://lichess.org/7OwteqqI#77,
zgrET,6kr/2qR1bpp/1p6/4p3/6Q1/8/PPP2PPP/6K1 b - - 3 22,c7c8 g4d1 h7h6 d7d8 g8h7 d8c8,2195,75,94,153,crushing endgame fork long quietMove,https://lichess.org/HbGrH15k/black#44,
zgtRH,4r1k1/2p2pp1/8/2B5/2P1N3/1P2qP1b/P2R2KP/3R4 w - - 1 29,g2h3 e3f3 e4g3 e8e6 d2d8 g8h7,2128,75,85,86,advantage endgame fork long quietMove,https://lichess.org/Wxcz3IN5#57,
zh2Hg,r1bq1rk1/4bppp/3p4/p2Ppn2/1pP1Q1PP/5N2/PP3P2/R1B1KB1R b KQ - 0 16,f5h4 f3h4 e7h4 g4g5 h4f2 e1f2,2148,77,94,6672,advantage long opening quietMove,https://lichess.org/cCYNT1wx/black#32,Sicilian_Defense Sicilian_Defense_Smith-Morra_Gambit
zhhqJ,r7/ppp3kp/3p1qp1/3P4/3pP2P/8/PPPRNrn1/2K3QR b - - 1 21,g2e3 e2g3 f2d2 g3h5 g7f7 h5f6,2147,201,81,11,equality long middlegame pin quietMove sacrifice,https://lichess.org/hLjgpJwG/black#42,
zhmXM,1R6/6p1/K3p3/8/6kp/8/8/8 w - - 1 66,b8b5 g7g5 a6b6 h4h3,2168,282,25,2,crushing endgame quietMove rookEndgame short,https://lichess.org/fkCq86GN#131,
zhtJp,8/3B4/5p2/4pK1k/6pp/8/6P1/8 w - - 0 57,f5f6 e5e4 f6f5 h4h3 g2h3 g4g3 f5e4 g3g2,2131,171,82,11,advancedPawn bishopEndgame crushing endgame quietMove sacrifice veryLong,https://lichess.org/QNmdQdQ7#113,
zhtfF,8/5p1p/6p1/4K3/8/1k4PP/8/8 b - - 1 54,b3c3 e5f6 c3d3 f6f7 d3e4 f7g7 e4f3 g3g4 g6g5 g7h7,2158,77,87,262,crushing endgame master pawnEndgame quietMove veryLong,https://lichess.org/w1Nn2Ajs/black#108,
zic8z,1r2k2r/5ppp/bqpQp3/4P3/6P1/P5P1/1PP2P2/R1B2RK1 b k - 0 17,a6f1 c1g5 b8b7 a1d1,2106,76,91,1143,clearance crushing middlegame quietMove short,https://lichess.org/HXdbfFKd/black#34,Sicilian_Defense Sicilian_Defense_Kan_Variation
zj0K6,5r2/p7/8/8/R2R3P/1k3p2/2r2P2/6K1 w - - 2 40,a4a7 f8g8 g1h2 c2f2 h2h3 f2f1 d4d2 f3f2 d2f2 f1f2,2109,120,83,13,advancedPawn crushing deflection endgame quietMove rookEndgame veryLong,https://lichess.org/7aHGVZrH#79,
zj0jb,8/p7/3p1k2/1ppP2p1/4P1K1/2PP4/P5P1/8 w - - 0 33,a2a3 a7a5 g4f3 b5b4 a3b4 a5a4 b4b5 f6e7 b5b6 e7d8 e4e5 d6e5,2199,145,10,6,crushing endgame pawnEndgame quietMove veryLong,https://lichess.org/VKrsaEgO#65,
zjmi7,6k1/p5p1/2p1N1nP/1p2P2r/8/q1P5/6PP/3R1RK1 b - - 0 31,h5h6 d1d8 g6f8 f1f8 g8h7 e6f4 a3c1 g1f2,2121,164,88,17,crushing endgame quietMove veryLong,https://lichess.org/V0ITgJtn/black#62,
zk2OQ,8/p7/6pp/4k3/1P6/5K1P/P7/8 w - - 1 44,f3e3 g6g5 e3f3 h6h5,2147,76,88,273,crushing defensiveMove endgame master masterVsMaster pawnEndgame quietMove short,https://lichess.org/X02dOWm6#87,
zk80s,8/4b3/p1p1k2p/1pp1P1pP/P1P1K1P1/1P6/3B4/8 b - - 2 45,e7f8 d2a5 f8g7 a5c7,2185,89,88,269,advantage bishopEndgame defensiveMove endgame master quietMove short,https://lichess.org/IAeIRkZS/black#90,
zkM2o,6k1/pp6/2p5/P2P1p2/4p1p1/2P3P1/1Pr2P2/1R2K3 b - - 0 32,g8f7 a5a6 b7a6 d5c6 f7e6 b1d1 c2c1 d1c1,2149,73,95,5942,crushing deflection endgame quietMove rookEndgame veryLong,https://lichess.org/CfvB90S1/black#64,
zkMSS,r1bqkb1r/1p1ppp1p/p1n2np1/3N4/4P3/5N2/PP2BPPP/R1BQ1RK1 b kq - 1 8,f6e4 c1e3 e7e6 e3b6 e6d5 b6d8,2106,125,7,22,advantage long opening quietMove trappedPiece,https://lichess.org/vWFqSBXo/black#16,Sicilian_Defense Sicilian_Defense_Smith-Morra_Gambit
zkgNt,8/5k2/7p/1p2Pp1P/2p1bK2/2P5/1P6/3B4 w - - 0 51,b2b3 b5b4 c3b4 c4c3 b4b5 c3c2 d1c2 e4c2 b5b6 c2e4 b6b7 e4b7,2180,75,95,751,advancedPawn bishopEndgame crushing endgame quietMove veryLong,https://lichess.org/SHWpAVFK#101,
zkhmq,8/5pkp/pP4p1/1p6/5pQb/PBq2P2/8/3R1K2 w - - 0 35,b3d5 h4g3 g4g3 f4g3,2101,99,83,19,crushing endgame quietMove short,https://lichess.org/CSIb4sxF#69,
zkjek,r4r2/5pk1/pp5p/2p1pRpQ/2PqP3/1P1P3P/1P4P1/R6K b - - 5 22,d4d3 a1f1 f7f6 f1d1,2171,101,76,24,advantage endgame quietMove short,https://lichess.org/SlWvpi1p/black#44,
zkk9n,r2q1r1k/5p2/1pp1p2p/6bQ/3P4/2PB4/P5R1/1K1R4 b - - 5 29,d8d5 d1g1 g5d2 h5d5 e6d5 g2d2,2199,94,86,23,advantage long middlegame quietMove,https://lichess.org/HgYZjRTd/black#58,
zkvjk,7b/5p2/4k2P/5NK1/8/8/8/8 b - - 0 67,e6e5 f5g7 f7f5 g7f5 e5e6 g5g6,2182,76,93,1623,crushing defensiveMove endgame long quietMove zugzwang,https://lichess.org/ut6m4kiT/black#134,
zl7C0,2k3r1/p1p2p2/2b5/1p1r4/2p2B1p/P3QPPq/P2PP2P/R4RK1 w - - 0 19,f1f2 h4g3 f4g3 g8g3 h2g3 d5h5 f2g2 h3h1 g1f2 h1a1,2105,75,94,4141,crushing kingsideAttack middlegame quietMove sacrifice skewer veryLong,https://lichess.org/YppXx41W#37,English_Opening English_Opening_Anglo-Indian_Defense
zlSjN,r5k1/p5p1/1bp1p1p1/3pP1q1/2pN2r1/2P5/PP5Q/1K3R1R b - - 5 27,g5h6 h2f2 g4f4 f2f4 h6f4 f1f4,2108,75,95,268,advantage long middlegame quietMove,https://lichess.org/pra3Nb4j/black#54,
zla7m,1Qn1k1r1/p7/bp2PBp1/3p1pN1/2qP4/P1P3P1/5P2/2R1K3 w - - 6 27,b8e5 c8d6 c1d1 c4f1 e1d2 d6c4 d2c1 c4e5 d1f1 e5g4 f2f3 g4f6,2162,158,53,8,advantage fork middlegame quietMove veryLong,https://lichess.org/XXsTy7tO#53,
zlm9k,r2q1r2/p1p4k/1nQb3p/7p/4R3/1BBP1pPb/PPP2P2/5RK1 b - - 1 22,h3f1 e4g4 d8e7 b3e6 f1d3 c2d3 e7e6 g4g7,2107,145,88,9,advantage middlegame quietMove veryLong,https://lichess.org/LLzF8SFg/black#44,
zlrtW,8/3RPk2/3K2p1/8/6Pr/8/8/8 b - - 2 48,h4g4 d7d8 g4d4 d6e5 d4e4 e5e4,2118,77,91,3056,crushing defensiveMove endgame long quietMove rookEndgame,https://lichess.org/MlbrqpPD/black#96,
zmgVX,3r2kr/ppq3p1/2p1RnQp/7P/3P4/8/PPPR1PP1/2K5 b - - 2 23,g8f8 e6f6 g7f6 g6f6 f8g8 d2d3 h8h7 d3g3 h7g7 g3g7 c7g7 f6d8,2143,76,91,954,crushing fork middlegame quietMove veryLong,https://lichess.org/ReIcl1JB/black#46,
zmqgD,r4rk1/p1pq2p1/1p1ppn2/6Q1/P7/2P1N2R/1P4PP/5RK1 b - - 2 20,d7a4 h3g3 a4d7 f1f6 f8f6 g5f6,2172,76,87,330,advantage long master middlegame pin quietMove,https://lichess.org/wgOOC5B3/black#40,
zn5kO,8/8/8/6p1/2P3k1/8/3K4/8 b - - 0 47,g4f3 c4c5 g5g4 d2e1 g4g3 e1f1 g3g2 f1g1 f3g4 c5c6 g4f3 c6c7,2191,76,81,80,advancedPawn crushing endgame pawnEndgame quietMove veryLong,https://lichess.org/BCAuwy1z/black#94,
znBuH,8/2p2R2/4P1p1/p2n4/2k2NP1/8/2r2PK1/8 b - - 0 36,d5f4 f7f4 c4d5 f4e4 c2c6 e6e7,2135,75,85,306,advancedPawn crushing endgame long quietMove,https://lichess.org/QfFHAFHZ/black#72,
znYjV,2kr1q2/ppp2pp1/3pn3/3np3/1PB1P2r/3P4/P1PB1RP1/R2Q2K1 w - - 0 19,c4d5 f8h8 f2f7 h4h1 g1f2 h8h4,2112,76,92,182,advantage long middlegame quietMove,https://lichess.org/FwZq7lMM#37,
znkqP,B7/8/3r2p1/1p2R3/p7/P1P2P2/1P3k1r/1K6 w - - 29 43,e5b5 d6d1 b1a2 h2h1 b2b3 d1d2,2134,80,92,2873,endgame long mate mateIn3 quietMove,https://lichess.org/gFRi7DpN#85,
znnjF,8/8/1p2p3/3p4/P1kP4/4K3/8/8 b - - 2 50,b6b5 a4a5 b5b4 a5a6 b4b3 e3d2 b3b2 d2c2,2137,81,92,4882,crushing endgame pawnEndgame quietMove veryLong,https://lichess.org/LWPqBfLb/black#100,
zny2M,8/8/2K3p1/4Pk2/P1n2P1p/5P1P/8/8 w - - 5 48,c6d5 c4b6 d5d6 b6a4 e5e6 a4b6 e6e7 b6c8 d6d7 c8e7 d7e7 f5f4,2106,75,94,6275,crushing endgame knightEndgame quietMove veryLong,https://lichess.org/dB6eH5jD#95,
zo2EX,r4rk1/1p1n1pp1/2pqp1p1/2P5/1P6/p1N5/P1Q5/K3R2R b - - 1 30,d6d4 e1e4 d4f6 e4h4 f6h4 h1h4,2109,76,91,1938,advantage long middlegame quietMove,https://lichess.org/qhbcYtEn/black#60,
zo8mo,8/6p1/B1b2k2/Pp4p1/1Pp5/2PpK2P/8/8 b - - 0 40,f6g6 a6c8 g6f7 a5a6 f7e7 a6a7 e7d8 c8a6,2131,81,69,89,advancedPawn bishopEndgame clearance crushing endgame quietMove veryLong,https://lichess.org/MS3saxpB/black#80,
zoGEz,8/8/3n4/1p1p2P1/1P1Pk2P/2K1N3/8/8 w - - 7 45,g5g6 e4e3 g6g7 d6e4 c3c2 e4f6 h4h5 f6g8 h5h6 g8h6,2102,76,92,513,crushing endgame hangingPiece knightEndgame quietMove veryLong,https://lichess.org/PbeOwjIh#89,
zoMci,6rk/3nq2r/pp2pp2/2p5/Pb1PN3/4B1Q1/1P3PPP/3R1RK1 w - - 8 24,g3c7 d7e5 d4e5 e7c7,2118,155,52,16,crushing discoveredAttack master middlegame quietMove short,https://lichess.org/CIeG1pIV#47,
zoYYm,5k2/1p6/pq1pp1p1/7p/4P3/1P2r2P/2P2QP1/3R3K b - - 1 25,f8g7 d1f1 e3h3 g2h3 b6f2 f1f2,2177,75,94,2126,crushing endgame long master quietMove,https://lichess.org/ZI0pmTgq/black#50,
zowic,8/p7/1p1P4/1P2q2k/2B5/P4p1p/5P2/3R3K b - - 0 47,e5b2 d6d7 b2f2 c4f1 h3h2 f1h3 h5h4 d7d8q,2162,76,94,1458,advancedPawn crushing endgame promotion quietMove veryLong,https://lichess.org/rrpOHz1Y/black#94,
zpVGw,8/3k4/pp1P4/4P2p/P1P3pK/8/8/8 b - - 2 55,d7e6 a4a5 b6a5 c4c5 e6d7 h4g5 g4g3 g5f6 g3g2 e5e6,2151,75,83,117,crushing endgame master pawnEndgame quietMove veryLong,https://lichess.org/CFIdtp7A/black#110,
zpeMO,k1br2r1/8/1Pp4p/P1N1p2P/3pPp2/3P1P1p/5K2/R1R5 w - - 0 36,a5a6 g8g2 f2f1 d8g8 b6b7 a8a7,2138,78,91,753,clearance crushing endgame long quietMove,https://lichess.org/u8SqV5i6#71,
zpgkV,r4rk1/4bppb/p1p1pn2/4B1P1/1q1p1N2/1PNP1PQ1/P1P5/R3K2R w KQ - 0 23,e1c1 b4c3 c1b1 e7a3 e5d4 c3d4,2104,76,77,95,crushing hangingPiece long middlegame quietMove,https://lichess.org/QuZ90yBY#45,
zqVEL,5rk1/p1qn1p1p/bpppr2B/6b1/3PP1Q1/2N4P/PP3PP1/R3R1K1 w - - 2 21,h6f8 e6g6 f8d6 c7d6,2161,188,100,20,equality middlegame quietMove short trappedPiece,https://lichess.org/fK7ikgnT#41,
zqtkg,7r/pp2R1p1/1q1r3p/1k1p4/P7/2Q4P/1PP2PP1/6K1 b - - 0 25,b5a6 b2b4 h8c8 b4b5 b6b5 a4b5,2103,144,100,7,crushing endgame exposedKing long quietMove,https://lichess.org/L2RQvxTG/black#50,
zquUx,r5k1/ppQnB1pp/2p3r1/5p2/8/1P5P/q4PP1/2R1R1K1 b - - 1 26,d7b6 e7d8 h7h5 e1e8 g8h7 c7f7,2122,80,73,49,clearance crushing long middlegame quietMove,https://lichess.org/Wxa1G1dZ/black#52,
zqyqe,8/pp3k2/3qp1p1/3p1p2/3P1Prr/4P1B1/PP4Q1/2R3K1 b - - 0 33,f7f6 g3h4 g6g5 h4g3 g5f4 e3f4,2177,79,87,77,crushing endgame long quietMove,https://lichess.org/ZFeY2dbB/black#66,
zr2KN,3r1q1k/Q7/1p3b2/2p5/2n5/PPP2N2/5PPP/4R1K1 b - - 0 29,f6c3 f3g5 f8g7 a7g7,2121,76,86,94,crushing master masterVsMaster middlegame quietMove short,https://lichess.org/Pg9WZqjD/black#58,
zrEyy,8/3k4/3P3r/1KP2pp1/p6p/8/7R/8 b - - 5 56,g5g4 h2d2 h6d6 d2d6,2191,79,86,65,crushing endgame quietMove rookEndgame short,https://lichess.org/sJY0WlSx/black#112,
zrpQi,8/p7/3p4/2p2K2/P3PR2/8/4kp2/8 w - - 5 61,f5e6 c5c4 e4e5 d6e5 e6e5 c4c3,2132,75,92,2850,crushing endgame long quietMove rookEndgame,https://lichess.org/Sxbhn1Dz#121,
zs7nQ,8/p7/3p4/n1pPk1p1/2P2p2/P2BP1P1/5K2/8 w - - 0 44,g3g4 a5b3 f2f3 b3d2 f3e2 d2e4,2162,127,80,13,crushing defensiveMove endgame long quietMove,https://lichess.org/sPnGk2MJ#87,
zsQAn,3rr1k1/pp1n1b1p/2p2ppQ/8/3PpNP1/1Pq1N2P/P4P2/2RR2K1 b - - 5 23,c3a5 f4h5 g6h5 e3f5 a5f5 g4f5,2106,75,73,133,crushing long middlegame quietMove sacrifice,https://lichess.org/rMdToY72/black#46,
zsxtA,4rrk1/p5b1/2P1q1pB/5pQ1/3pp3/1P6/P5RP/2R4K b - - 3 31,g7h6 g5h6 f8f6 c1g1 e6c6 g2g6 f6g6 g1g6 c6g6 h6g6,2136,83,91,1062,crushing exposedKing fork middlegame quietMove veryLong,https://lichess.org/Z3B8q9Xt/black#62,
ztGYR,8/8/p2p4/1p5p/1P5P/k2K2P1/8/8 b - - 0 42,a3b4 g3g4 h5g4 h4h5 g4g3 d3e2 d6d5 h5h6 d5d4 h6h7,2155,127,100,28,advancedPawn endgame equality pawnEndgame quietMove veryLong,https://lichess.org/i1cpwxVS/black#84,
ztj5H,3r1rk1/4qpp1/6P1/8/p3PR2/Pb1P1QP1/5RK1/2q5 b - - 1 34,f7f6 f3h5 e7e4 d3e4,2113,88,80,37,crushing middlegame quietMove short,https://lichess.org/Wg1vInJZ/black#68,
ztpuv,8/5pk1/2K5/2QPp1b1/1NR1P1p1/6P1/5P2/q2r4 w - - 19 63,d5d6 a1a8 c6b5 d1a1 c5e5 g5f6,2116,87,84,39,advantage clearance endgame long quietMove,https://lichess.org/xtNEHOhg#125,
zttyl,4N3/6p1/1p2pb1p/2k4P/2P2P2/3K2P1/8/8 b - - 0 40,c5c6 e8f6 g7f6 g3g4 c6d6 g4g5 d6e7 g5g6,2180,75,94,514,crushing endgame quietMove veryLong,https://lichess.org/vnyuJM7e/black#80,
ztv8C,8/8/pK2p1p1/4Pp1p/1P1P1k1P/8/8/8 w - - 0 47,b6a6 f4e4 d4d5 e4d5 b4b5 f5f4 b5b6 f4f3 b6b7 f3f2 b7b8q f2f1q,2162,75,81,358,advancedPawn crushing endgame pawnEndgame promotion quietMove veryLong,https://lichess.org/nV2AKF67#93,
zufVf,8/2p5/1p6/p1k1K3/P7/2P5/5P2/8 b - - 2 43,c5c6 c3c4 c6c5 f2f4 c5c4 f4f5 b6b5 f5f6 b5b4 f6f7,2180,113,100,29,advancedPawn crushing endgame pawnEndgame quietMove veryLong,https://lichess.org/iz3hXOxD/black#86,
zuvjH,6r1/P4R2/8/8/5K2/6p1/6k1/8 b - - 3 65,g2g1 f7b7 g8f8 f4g3,2107,79,81,61,crushing endgame quietMove rookEndgame short,https://lichess.org/0g1rtt5a/black#130,
zvCwW,r7/p3b3/1pp1p1k1/4p2r/4Pnp1/4B3/PPPN1PP1/3RR1K1 w - - 4 25,d2c4 a8h8 c4e5 g6g7 f2f3 g4g3 g1f1 h5h1,2163,80,81,47,crushing defensiveMove middlegame quietMove veryLong,https://lichess.org/nsn86cMA#49,
zvS1y,8/8/1k4pp/2p5/4K3/2P4P/1P6/8 b - - 1 51,b6b5 b2b3 c5c4 b3b4,2180,77,91,2520,crushing defensiveMove endgame master pawnEndgame quietMove short,https://lichess.org/K7wF7nwX/black#102,
zvkpq,5r1k/pp4p1/2b5/8/5q2/P2Q1p2/5P2/3RR2K w - - 0 33,d3g6 f4h4 h1g1 f8f4 e1e5 f4g4 g6g4 h4g4,2194,97,81,23,clearance crushing endgame exposedKing fork quietMove veryLong,https://lichess.org/34oG4MAi#65,
zvw26,1r4k1/3Rpp1p/4p1p1/p7/Q1P1Nq2/P4P1P/5PKb/8 w - - 4 28,d7e7 b8b1 a4e8 g8g7 e7f7 f4f7 e8f7 g7f7,2105,76,97,171,crushing endgame quietMove veryLong,https://lichess.org/AtDW1BqN#55,
zw7ID,8/4kp2/4p1p1/1p6/3P3p/1P5P/P5P1/6K1 w - - 3 43,g1f2 b5b4 a2a4 b4a3,2181,78,91,1857,crushing enPassant endgame pawnEndgame quietMove short,https://lichess.org/MErABd23#85,
zw98A,8/2N1K1pk/7p/1P6/8/2P5/5r1P/8 b - - 0 58,f2c2 c7d5 c2h2 b5b6 h2b2 d5b4,2180,83,90,2745,advantage defensiveMove endgame long quietMove,https://lichess.org/UwyGyYqz/black#116,
zweOX,1k4r1/p3R3/1pp1p3/3pPp2/N2P1Q2/1P2n1P1/1KP5/4q3 b - - 1 32,g8g6 f4h4 e3c4 b2a2,2148,79,87,131,crushing endgame quietMove short,https://lichess.org/9Yau1hDv/black#64,
zwqzV,8/8/pp1kp3/6p1/PPKP3p/5P1P/8/8 w - - 0 43,b4b5 a6a5 c4d3 d6d5 d3e3 e6e5 d4e5 d5e5,2162,75,93,1073,crushing endgame pawnEndgame quietMove veryLong,https://lichess.org/mf8AP9jI#85,
zx7zP,8/8/8/pp3k2/3K4/2P5/P7/8 b - - 1 40,f5e6 d4c5 b5b4 c3c4 b4b3 a2b3,2167,74,86,105,crushing endgame long pawnEndgame quietMove,https://lichess.org/o3IRQXws/black#80,
zxrqO,8/7p/5kp1/5p2/7P/6P1/5P1K/8 w - - 1 41,h2h3 f6e5 h4h5 g6g5 h3g2 e5e4 g2f1 e4f3,2190,79,85,53,crushing endgame pawnEndgame quietMove veryLong,https://lichess.org/yZa1jymX#81,
zyCfM,6k1/5pp1/q1r1p2p/p1P5/P2R4/2Q3P1/5P1P/6K1 b - - 3 29,a6c8 c3d3 c6c5 d4d8 c8d8 d3d8,2155,76,91,389,crushing endgame fork long quietMove,https://lichess.org/RDtC5SuG/black#58,
zyQTi,5r2/8/6pp/2PRp1k1/1P1bP3/R5P1/4B2r/4K3 w - - 3 40,a3f3 f8a8 d5d4 e5d4,2170,80,91,3001,advantage endgame quietMove short,https://lichess.org/fudVYPv3#79,
zywfc,3k4/3P4/5N2/6pp/8/1p5P/2p5/2K5 w - - 0 42,c1b2 g5g4 h3g4 h5h4 g4g5 h4h3 f6g4 d8d7,2106,76,94,2969,crushing endgame knightEndgame quietMove veryLong,https://lichess.org/wbcHmsjr#83,
zz5oW,8/5p2/4p1p1/1k1pP2p/p2P1PP1/P1KP1P2/8/8 w - - 0 37,f4f5 h5h4 c3d2 h4h3 f5g6 f7g6,2126,76,85,76,crushing endgame long pawnEndgame quietMove,https://lichess.org/xGkV5lHp#73,
zzUUy,8/p4p2/1pk1pP2/2b1P3/P1PBK3/8/8/8 w - - 1 41,e4d3 c5d4 d3d4 a7a6 d4c3 c6c5,2138,79,86,85,bishopEndgame crushing endgame long master quietMove zugzwang,https://lichess.org/tnyvYSmu#81,
zzaNi,1rb3k1/ppnpb1pN/4p1Bp/2P1n3/2P5/q3BQ2/P4PPP/1R3RK1 w - - 1 18,f3f4 e5g6 f4c7 b8a8 h7g5 h6g5,2137,76,88,423,advantage long master middlegame quietMove trappedPiece,https://lichess.org/UOykw3nh#35,Sicilian_Defense Sicilian_Defense_Smith-Morra_Gambit
zzyHD,1k4rr/p1p1b2p/1p6/3p4/1P1QnB2/N1P4q/P4PP1/3RR1K1 w - - 0 19,g2g3 e4g3 f4c7 b8c8 c7g3 g8g3 f2g3 h3g3 g1f1 h8f8 f1e2 e7g5 d1d3 f8e8 e2d1 e8e1 d1c2 g3g2 c2b3 e1a1,2169,201,69,27,crushing kingsideAttack middlegame quietMove sacrifice veryLong,https://lichess.org/j0Xjv5KH#37,
